{
"lowlevel": {
    "average_loudness": 0.915311396122,
    "barkbands_crest": {
        "dmean": 1.88147425652,
        "dmean2": 3.19087648392,
        "dvar": 4.09756135941,
        "dvar2": 11.6269979477,
        "max": 20.5430660248,
        "mean": 7.29929494858,
        "median": 6.75156974792,
        "min": 2.30131649971,
        "var": 6.91337442398
    },
    "barkbands_flatness_db": {
        "dmean": 0.0120232766494,
        "dmean2": 0.0188641492277,
        "dvar": 0.000144492820255,
        "dvar2": 0.000356762728188,
        "max": 0.450637757778,
        "mean": 0.098170503974,
        "median": 0.0917688086629,
        "min": 0.0106164431199,
        "var": 0.00142035086174
    },
    "barkbands_kurtosis": {
        "dmean": 0.664377868176,
        "dmean2": 1.10472500324,
        "dvar": 1.11328577995,
        "dvar2": 2.80911064148,
        "max": 36.3138694763,
        "mean": -0.584736347198,
        "median": -1.06155145168,
        "min": -1.8293735981,
        "var": 2.92330431938
    },
    "barkbands_skewness": {
        "dmean": 0.336952447891,
        "dmean2": 0.54701924324,
        "dvar": 0.118429712951,
        "dvar2": 0.317633330822,
        "max": 3.6411781311,
        "mean": 0.650536596775,
        "median": 0.589138805866,
        "min": -2.01949000359,
        "var": 0.312496572733
    },
    "barkbands_spread": {
        "dmean": 4.2240896225,
        "dmean2": 6.83005428314,
        "dvar": 20.689748764,
        "dvar2": 54.1754951477,
        "max": 78.9085006714,
        "mean": 38.906452179,
        "median": 40.7802047729,
        "min": 0.698598086834,
        "var": 83.9699554443
    },
    "dissonance": {
        "dmean": 0.00659681810066,
        "dmean2": 0.0111302491277,
        "dvar": 5.51605662622e-05,
        "dvar2": 0.000150594263687,
        "max": 0.5,
        "mean": 0.484073936939,
        "median": 0.486477017403,
        "min": 0.250361353159,
        "var": 0.000173264677869
    },
    "dynamic_complexity": 2.16294121742,
    "erbbands_crest": {
        "dmean": 1.77543127537,
        "dmean2": 2.94673132896,
        "dvar": 2.84724783897,
        "dvar2": 7.62844944,
        "max": 26.0988121033,
        "mean": 6.61621809006,
        "median": 5.96237659454,
        "min": 2.76956987381,
        "var": 6.43965101242
    },
    "erbbands_flatness_db": {
        "dmean": 0.00983532052487,
        "dmean2": 0.0143911940977,
        "dvar": 7.70769183873e-05,
        "dvar2": 0.000158489594469,
        "max": 0.397154062986,
        "mean": 0.15181492269,
        "median": 0.144107580185,
        "min": 0.0585981830955,
        "var": 0.00127358897589
    },
    "erbbands_kurtosis": {
        "dmean": 0.580819129944,
        "dmean2": 0.919751644135,
        "dvar": 0.416600614786,
        "dvar2": 0.956157684326,
        "max": 28.7059268951,
        "mean": 0.370826244354,
        "median": 0.258461475372,
        "min": -1.62061738968,
        "var": 1.42260563374
    },
    "erbbands_skewness": {
        "dmean": 0.196553990245,
        "dmean2": 0.315075427294,
        "dvar": 0.0373201407492,
        "dvar2": 0.0974298939109,
        "max": 4.36689662933,
        "mean": -0.622271955013,
        "median": -0.652746081352,
        "min": -2.43339014053,
        "var": 0.155525118113
    },
    "erbbands_spread": {
        "dmean": 5.63052177429,
        "dmean2": 9.11628341675,
        "dvar": 30.9583740234,
        "dvar2": 80.4599075317,
        "max": 75.0263442993,
        "mean": 35.1823425293,
        "median": 34.4529533386,
        "min": 3.16699552536,
        "var": 84.8832778931
    },
    "hfc": {
        "dmean": 4.82607984543,
        "dmean2": 8.00046634674,
        "dvar": 38.1318473816,
        "dvar2": 105.014549255,
        "max": 116.862190247,
        "mean": 28.2003860474,
        "median": 28.904718399,
        "min": 1.23896673865e-16,
        "var": 184.912200928
    },
    "melbands_crest": {
        "dmean": 2.41165232658,
        "dmean2": 4.04636096954,
        "dvar": 5.52114009857,
        "dvar2": 15.4013595581,
        "max": 27.8930511475,
        "mean": 13.3042707443,
        "median": 12.7793092728,
        "min": 2.02774047852,
        "var": 17.6908397675
    },
    "melbands_flatness_db": {
        "dmean": 0.0162290874869,
        "dmean2": 0.0259682517499,
        "dvar": 0.000293352029985,
        "dvar2": 0.000761414412409,
        "max": 0.565036416054,
        "mean": 0.147541418672,
        "median": 0.139821529388,
        "min": 0.0046995957382,
        "var": 0.00168132514227
    },
    "melbands_kurtosis": {
        "dmean": 2.63013243675,
        "dmean2": 4.40082406998,
        "dvar": 13.0999336243,
        "dvar2": 36.1672744751,
        "max": 53.5685653687,
        "mean": 4.07719802856,
        "median": 2.95270109177,
        "min": -1.64788258076,
        "var": 19.7335014343
    },
    "melbands_skewness": {
        "dmean": 0.471970766783,
        "dmean2": 0.77332419157,
        "dvar": 0.254085212946,
        "dvar2": 0.697824418545,
        "max": 6.79458808899,
        "mean": 1.98248255253,
        "median": 1.9129935503,
        "min": -0.644972383976,
        "var": 0.59793806076
    },
    "melbands_spread": {
        "dmean": 8.55984592438,
        "dmean2": 13.8800849915,
        "dvar": 65.4775543213,
        "dvar2": 175.314926147,
        "max": 130.031005859,
        "mean": 42.7679176331,
        "median": 43.6286697388,
        "min": 0.957124471664,
        "var": 187.262023926
    },
    "pitch_salience": {
        "dmean": 0.0537194572389,
        "dmean2": 0.0892243087292,
        "dvar": 0.00256666378118,
        "dvar2": 0.00704819289967,
        "max": 0.897366940975,
        "mean": 0.583237290382,
        "median": 0.586622059345,
        "min": 0.207429021597,
        "var": 0.0070196762681
    },
    "silence_rate_20dB": {
        "dmean": 0,
        "dmean2": 0,
        "dvar": 0,
        "dvar2": 0,
        "max": 1,
        "mean": 1,
        "median": 1,
        "min": 1,
        "var": 0
    },
    "silence_rate_30dB": {
        "dmean": 0,
        "dmean2": 0,
        "dvar": 0,
        "dvar2": 0,
        "max": 1,
        "mean": 1,
        "median": 1,
        "min": 1,
        "var": 0
    },
    "silence_rate_60dB": {
        "dmean": 0.0030959751457,
        "dmean2": 0.00619248300791,
        "dvar": 0.00308636948466,
        "dvar2": 0.00684199249372,
        "max": 1,
        "mean": 0.042480006814,
        "median": 0,
        "min": 0,
        "var": 0.0406741388142
    },
    "spectral_centroid": {
        "dmean": 191.403106689,
        "dmean2": 306.928283691,
        "dvar": 46068.9375,
        "dvar2": 109832.804688,
        "max": 11125.1025391,
        "mean": 2183.90039062,
        "median": 2258.32275391,
        "min": 212.174240112,
        "var": 164728.3125
    },
    "spectral_complexity": {
        "dmean": 3.57327151299,
        "dmean2": 5.76090145111,
        "dvar": 10.0337362289,
        "dvar2": 23.3039665222,
        "max": 60,
        "mean": 33.909362793,
        "median": 36,
        "min": 0,
        "var": 114.579734802
    },
    "spectral_decrease": {
        "dmean": 1.94812033172e-09,
        "dmean2": 3.3767821872e-09,
        "dvar": 1.29936020433e-17,
        "dvar2": 3.68600085109e-17,
        "max": 8.19831724471e-29,
        "mean": -6.22147755536e-09,
        "median": -5.81593351257e-09,
        "min": -3.54613476361e-08,
        "var": 1.65418950241e-17
    },
    "spectral_energy": {
        "dmean": 0.00766008207574,
        "dmean2": 0.0132594387978,
        "dvar": 0.000196989029064,
        "dvar2": 0.000559578125831,
        "max": 0.141103252769,
        "mean": 0.0260390415788,
        "median": 0.0247421711683,
        "min": 1.09283540161e-20,
        "var": 0.00026579972473
    },
    "spectral_energyband_high": {
        "dmean": 0.000276247010333,
        "dmean2": 0.00045143821626,
        "dvar": 1.06432636926e-07,
        "dvar2": 2.79326854979e-07,
        "max": 0.00577672151849,
        "mean": 0.00140148412902,
        "median": 0.00138984632213,
        "min": 8.03335515809e-21,
        "var": 6.47765887152e-07
    },
    "spectral_energyband_low": {
        "dmean": 0.00422350130975,
        "dmean2": 0.00727648194879,
        "dvar": 7.77959576226e-05,
        "dvar2": 0.000221624228288,
        "max": 0.0950532257557,
        "mean": 0.0094121042639,
        "median": 0.0080853998661,
        "min": 6.35365233807e-23,
        "var": 8.62210072228e-05
    },
    "spectral_energyband_middle_high": {
        "dmean": 0.00149491732009,
        "dmean2": 0.00240705907345,
        "dvar": 2.50670223068e-06,
        "dvar2": 6.50110223432e-06,
        "max": 0.0415667071939,
        "mean": 0.00771967833862,
        "median": 0.00783874560148,
        "min": 1.58371513384e-21,
        "var": 1.3475234482e-05
    },
    "spectral_energyband_middle_low": {
        "dmean": 0.00391600700095,
        "dmean2": 0.00673888390884,
        "dvar": 0.000108978070784,
        "dvar2": 0.000307996524498,
        "max": 0.103072628379,
        "mean": 0.0084353396669,
        "median": 0.00648427754641,
        "min": 2.50546312953e-22,
        "var": 9.09722730285e-05
    },
    "spectral_entropy": {
        "dmean": 0.0629465281963,
        "dmean2": 0.0962581038475,
        "dvar": 0.0050701466389,
        "dvar2": 0.0096392352134,
        "max": 9.79645442963,
        "mean": 7.85691595078,
        "median": 7.89874744415,
        "min": 5.13028097153,
        "var": 0.0600678212941
    },
    "spectral_flux": {
        "dmean": 0.0179480854422,
        "dmean2": 0.0285014528781,
        "dvar": 0.000774818297941,
        "dvar2": 0.00158431148157,
        "max": 0.284061580896,
        "mean": 0.0758232474327,
        "median": 0.0676728188992,
        "min": 1.04538766532e-10,
        "var": 0.0016072599683
    },
    "spectral_kurtosis": {
        "dmean": 1.13648426533,
        "dmean2": 1.98017382622,
        "dvar": 3.31372022629,
        "dvar2": 8.9006061554,
        "max": 91.4486541748,
        "mean": 3.37096238136,
        "median": 3.04660320282,
        "min": -1.21229362488,
        "var": 6.85251665115
    },
    "spectral_rms": {
        "dmean": 0.000621358980425,
        "dmean2": 0.00105072581209,
        "dvar": 8.87461055754e-07,
        "dvar2": 2.48227274824e-06,
        "max": 0.0117329331115,
        "mean": 0.00478972541168,
        "median": 0.00491311540827,
        "min": 3.2652424601e-12,
        "var": 2.46265608439e-06
    },
    "spectral_rolloff": {
        "dmean": 394.561187744,
        "dmean2": 668.716125488,
        "dvar": 254153.734375,
        "dvar2": 590435.4375,
        "max": 18690.8203125,
        "mean": 2473.32983398,
        "median": 2454.78515625,
        "min": 129.19921875,
        "var": 486995
    },
    "spectral_skewness": {
        "dmean": 0.13911037147,
        "dmean2": 0.230632707477,
        "dvar": 0.0237049069256,
        "dvar2": 0.0621586181223,
        "max": 7.56549978256,
        "mean": 1.03073334694,
        "median": 1.02186012268,
        "min": 0.00606241868809,
        "var": 0.0957027152181
    },
    "spectral_spread": {
        "dmean": 211915.046875,
        "dmean2": 327397.3125,
        "dvar": 177284612096,
        "dvar2": 253865115648,
        "max": 41068844,
        "mean": 3634296.25,
        "median": 3650840.5,
        "min": 829933.25,
        "var": 542677467136
    },
    "spectral_strongpeak": {
        "dmean": 0.332427978516,
        "dmean2": 0.605994224548,
        "dvar": 1.05789065361,
        "dvar2": 2.96326780319,
        "max": 14.6897983551,
        "mean": 0.561844706535,
        "median": 0.373150169849,
        "min": 0,
        "var": 0.985390543938
    },
    "zerocrossingrate": {
        "dmean": 0.006601665169,
        "dmean2": 0.00852579250932,
        "dvar": 7.62975250836e-05,
        "dvar2": 0.000110164524813,
        "max": 0.50732421875,
        "mean": 0.0771564170718,
        "median": 0.078125,
        "min": 0.009765625,
        "var": 0.000360778736649
    },
    "barkbands": {
        "dmean": [0.000125697129988, 0.00269508548081, 0.00172353198286, 0.000905306835193, 0.00240093097091, 0.000749424623791, 0.000624988169875, 0.000260690867435, 0.000248115422437, 9.54281058512e-05, 0.000112762536446, 0.000277946441201, 0.000294226454571, 0.000321992207319, 0.000593418488279, 0.00048915320076, 0.000557711755391, 0.000327096728142, 0.000344759348081, 0.000215796695556, 0.000128999978187, 9.79005053523e-05, 4.70286540803e-05, 1.71646224771e-05, 1.18952866615e-05, 8.04590581538e-06, 4.39029190602e-06],
        "dmean2": [0.000215871157707, 0.0046509206295, 0.00300088524818, 0.00150976807345, 0.00425920682028, 0.00130427069962, 0.00098488223739, 0.000446933176136, 0.000346093875123, 0.000150418491103, 0.000184103206266, 0.00042621884495, 0.000441282289103, 0.000519390101545, 0.000981649616733, 0.00079409457976, 0.000911111361347, 0.000549839809537, 0.000586383568589, 0.000356715085218, 0.000216355867451, 0.00016474701988, 7.99740519142e-05, 2.59656371782e-05, 1.70736057044e-05, 1.09411557787e-05, 5.54318921786e-06],
        "dvar": [9.506280918e-08, 3.36648117809e-05, 1.19244032248e-05, 2.00805334316e-06, 5.50478616788e-05, 1.92211177819e-06, 1.10216194571e-06, 5.69260407701e-07, 2.03596925985e-07, 2.05767314299e-08, 2.11526547389e-08, 1.22239057987e-07, 1.49249572701e-07, 1.3133143284e-07, 4.81609504277e-07, 3.37998102395e-07, 9.33658782287e-07, 2.05728497349e-07, 2.47585973057e-07, 5.62059447873e-08, 2.01995344895e-08, 9.90328885564e-09, 4.1731254008e-09, 9.77383840528e-10, 9.90453274952e-10, 4.59232762928e-10, 1.76427927823e-10],
        "dvar2": [2.63431473968e-07, 9.4897710369e-05, 3.43174178852e-05, 5.35351091457e-06, 0.000157189089805, 5.58016654395e-06, 2.94619962915e-06, 1.65178369116e-06, 3.69106032849e-07, 5.25127958895e-08, 5.93567754947e-08, 2.79952928395e-07, 3.08828845164e-07, 3.40767826401e-07, 1.27144221551e-06, 8.37164975565e-07, 2.42304940912e-06, 5.82763732382e-07, 7.38458140859e-07, 1.48437493408e-07, 5.51786705216e-08, 2.76012972478e-08, 1.16954561591e-08, 2.44798026294e-09, 2.25997354164e-09, 8.3151824315e-10, 2.82635387316e-10],
        "max": [0.00406763656065, 0.0648723840714, 0.0437027439475, 0.0243632569909, 0.0765987709165, 0.0212949961424, 0.0196605287492, 0.0114562576637, 0.0149105526507, 0.00243533216417, 0.00249647768214, 0.00524745788425, 0.0119030438364, 0.00582721363753, 0.00973686203361, 0.0177169367671, 0.0338423885405, 0.00936959031969, 0.00980136077851, 0.00414552539587, 0.00188661552966, 0.00136876408942, 0.00081693084212, 0.000872955075465, 0.000902444648091, 0.000446301506599, 0.000293287448585],
        "mean": [0.00012283117394, 0.00483569409698, 0.00354985310696, 0.00168917549308, 0.00274122669362, 0.00141182879452, 0.00144870288204, 0.000453614455182, 0.000643699720968, 0.000199077258003, 0.000210743906791, 0.000559185747989, 0.000657087715808, 0.000702044460922, 0.00113483145833, 0.00113462202717, 0.00113064574543, 0.000786493881606, 0.000914582109544, 0.000636251585092, 0.00042844042764, 0.000397920463001, 0.000134187517688, 5.77570972382e-05, 3.15450888593e-05, 2.08155779546e-05, 6.30695831205e-06],
        "median": [1.31837186927e-05, 0.00387325370684, 0.00177015142981, 0.000981488148682, 0.00118102831766, 0.000712735578418, 0.000760369410273, 0.000242503359914, 0.000293052842608, 0.000129875712446, 0.000144696139614, 0.000396878778702, 0.000482508679852, 0.000574670149945, 0.000897661026102, 0.000942015089095, 0.000740440911613, 0.000662481994368, 0.000803843722679, 0.00057826039847, 0.000402406061767, 0.000406588427722, 0.000120918288303, 2.63938527496e-05, 1.62482756423e-05, 1.09454813355e-05, 4.02223122364e-07],
        "min": [5.51400078124e-23, 1.17034425711e-23, 1.39751142758e-23, 2.98895042476e-23, 6.97585975063e-23, 4.42761625245e-23, 2.70545369472e-23, 2.74738133629e-23, 2.69056883607e-23, 1.04291671519e-22, 5.02874151509e-23, 6.62817845745e-23, 5.60170633668e-23, 1.18605161369e-22, 7.64476015572e-23, 2.19279072601e-22, 2.98243695804e-22, 2.02206418672e-22, 3.33218632898e-22, 1.9583769846e-22, 4.54149015428e-22, 5.27145685002e-22, 5.01946312245e-22, 7.54420828443e-22, 1.3074804301e-21, 2.14304765644e-21, 2.48249261069e-21],
        "var": [8.15242700014e-08, 3.65429805242e-05, 1.79924591066e-05, 3.60567855751e-06, 3.95390306949e-05, 3.34918354383e-06, 3.42666044162e-06, 5.28548753209e-07, 1.05478943624e-06, 4.79136978981e-08, 4.52444801624e-08, 2.9033088822e-07, 4.26734828807e-07, 3.03937866875e-07, 8.53462893247e-07, 7.76037097694e-07, 2.38222810367e-06, 4.51911120081e-07, 5.48185425941e-07, 1.73022158378e-07, 6.73420572639e-08, 4.44735270833e-08, 9.93267867955e-09, 4.26677493337e-09, 2.00104133263e-09, 1.19268728227e-09, 4.1224854086e-10]
    },
    "erbbands": {
        "dmean": [0.0513063333929, 0.70673930645, 1.98028099537, 2.40973591805, 6.12089300156, 8.78715133667, 5.9190826416, 7.02241134644, 8.79502773285, 6.09365510941, 5.30385780334, 6.89526081085, 2.8133687973, 3.40504741669, 5.08464097977, 13.0814275742, 13.0464801788, 14.128911972, 34.7915306091, 15.4481258392, 31.311378479, 18.6336307526, 19.7794513702, 19.3504753113, 13.2056818008, 10.3645734787, 6.49845123291, 4.05374479294, 3.2974615097, 3.30235242844, 0.768852055073, 0.425625801086, 0.271435648203, 0.157419219613, 0.075095333159, 0.038982193917, 0.0147713217884, 0.00421073799953, 0.000927654618863, 3.57041571988e-05],
        "dmean2": [0.0828967541456, 1.23483860493, 3.45464015007, 4.05600643158, 10.6192588806, 15.5146636963, 10.5234136581, 12.0463762283, 13.8597373962, 10.2865076065, 8.89933300018, 9.5754070282, 4.39964818954, 5.30829238892, 8.27984523773, 19.9842071533, 19.6456298828, 22.5928192139, 57.5454177856, 25.1095867157, 51.2563438416, 30.6306934357, 33.197303772, 32.9735946655, 22.2799263, 17.0856800079, 10.9369382858, 6.81117677689, 5.55600500107, 5.59622573853, 1.29237413406, 0.667468428612, 0.443248212337, 0.238350003958, 0.105028025806, 0.0551776774228, 0.0204187147319, 0.00543728517368, 0.00116318347864, 5.00145215483e-05],
        "dvar": [0.0117954071611, 2.35964417458, 17.0638523102, 13.8042764664, 318.215911865, 615.428039551, 247.676101685, 144.141555786, 214.113235474, 196.653396606, 250.17578125, 161.719940186, 25.3176269531, 22.3486061096, 43.5730628967, 284.23916626, 285.079711914, 283.414642334, 1729.22949219, 283.072113037, 1889.82250977, 698.953063965, 904.748291016, 776.219909668, 224.892929077, 146.183410645, 51.2631416321, 19.886554718, 12.5351638794, 11.754278183, 1.67412865162, 0.488190978765, 0.276062250137, 0.180255383253, 0.0349470898509, 0.00921797845513, 0.0017820415087, 0.00014057563385, 7.82396909926e-06, 9.42122557746e-09],
        "dvar2": [0.0307052005082, 6.72571229935, 49.5058174133, 37.6177520752, 889.941833496, 1749.49475098, 722.484558105, 413.319000244, 559.117370605, 567.278869629, 719.494812012, 285.326629639, 61.298576355, 56.2995147705, 120.864387512, 644.639160156, 616.403991699, 719.424987793, 4573.12792969, 715.735900879, 4929.08251953, 1816.82653809, 2587.74951172, 2309.03198242, 635.352539062, 379.072845459, 140.178359985, 54.9816017151, 35.1697006226, 32.9964447021, 4.72478818893, 1.1184309721, 0.749260127544, 0.448776781559, 0.0720930621028, 0.0179559774697, 0.00357795599848, 0.000253609090578, 1.21221755762e-05, 1.71116916192e-08],
        "max": [1.14567744732, 18.4178371429, 53.1165084839, 41.5266075134, 209.671981812, 274.083251953, 167.864593506, 240.696273804, 301.547363281, 222.24130249, 229.48840332, 433.262420654, 95.8535232544, 91.7109298706, 124.332359314, 266.642028809, 538.472167969, 312.34967041, 581.110839844, 291.400970459, 1192.84289551, 839.870849609, 643.783447266, 532.855957031, 244.764846802, 226.181610107, 108.769378662, 58.7177734375, 50.2219734192, 45.5098304749, 15.8889303207, 19.4893054962, 12.804643631, 12.4485692978, 4.68674755096, 2.2449388504, 0.976791620255, 0.283790528774, 0.0650772675872, 0.00280268327333],
        "mean": [0.0785322636366, 1.2939735651, 4.22651529312, 5.06472206116, 7.57618188858, 9.61751174927, 8.52891349792, 14.4793615341, 21.0211925507, 12.8772802353, 10.3940095901, 18.32122612, 6.52172374725, 7.72176122665, 10.9088668823, 27.1378288269, 31.6600837708, 35.1346054077, 68.4279556274, 43.0196800232, 76.0392608643, 46.9877662659, 46.399936676, 49.3533821106, 37.7347755432, 30.8836116791, 20.8567123413, 14.5938520432, 12.6346731186, 11.4261074066, 2.59328866005, 1.45784747601, 0.796800792217, 0.425724744797, 0.192733630538, 0.0976966768503, 0.0355361998081, 0.00849305838346, 0.00131383200642, 7.29687162675e-05],
        "median": [0.0332939587533, 1.03761279583, 2.54520797729, 3.48373365402, 3.85561680794, 3.60164380074, 4.47348451614, 6.34203767776, 11.2743864059, 8.01039409637, 5.5849404335, 8.29056167603, 4.18843793869, 5.40549898148, 8.00081253052, 19.5108680725, 24.8442287445, 29.9301891327, 54.4963035583, 38.4101600647, 62.5752677917, 37.7324371338, 38.2363777161, 42.4758148193, 34.610622406, 27.1746864319, 19.4501342773, 14.1393384933, 12.5300149918, 11.5926446915, 2.07137942314, 0.725358366966, 0.363008916378, 0.20604069531, 0.103038147092, 0.0537834838033, 0.0174508877099, 0.00292964885011, 0.000102161306131, 3.82912003261e-05],
        "min": [5.34384727052e-22, 2.70793244714e-21, 1.37398787181e-20, 6.58123765405e-20, 1.70889607967e-19, 2.47355178993e-19, 2.81758964838e-19, 2.9222308393e-19, 4.95172183262e-19, 3.24681883811e-19, 6.64699334287e-19, 7.57490232355e-19, 2.24582720954e-18, 2.66396949072e-18, 2.28351438542e-18, 2.70417749953e-18, 2.33954470499e-18, 6.01758551432e-18, 4.63252120944e-18, 4.6370963454e-18, 1.35552634695e-17, 1.82117294898e-17, 1.5639528657e-17, 1.31850960095e-17, 1.37503391278e-17, 9.77870338129e-18, 1.74668450763e-17, 1.70328019022e-17, 1.79499963091e-17, 1.71062671212e-17, 1.48995593507e-17, 1.36010247554e-17, 1.31887471847e-17, 1.44436256689e-17, 1.0412829965e-17, 5.55381967286e-18, 4.35637564733e-18, 1.71017802867e-18, 3.05135269894e-19, 3.69304510309e-20],
        "var": [0.0146137056872, 2.47439432144, 22.8776741028, 25.4303226471, 238.864608765, 463.894348145, 189.667892456, 408.505584717, 746.995178223, 248.65763855, 269.369445801, 876.721740723, 58.5189971924, 61.1219329834, 104.531387329, 665.359924316, 815.03338623, 669.27331543, 3030.26464844, 732.973937988, 4486.56445312, 1856.39550781, 1891.99243164, 1637.28161621, 564.72277832, 448.697235107, 165.525726318, 71.4671478271, 48.7323074341, 41.2138595581, 4.47102355957, 2.4858276844, 0.870468854904, 0.337806910276, 0.0808522328734, 0.0229098573327, 0.00402056379244, 0.000333838601364, 1.81952618732e-05, 2.05990495772e-08]
    },
    "gfcc": {
        "mean": [27.8782291412, 80.8776779175, -140.906387329, 54.4242401123, -41.7925071716, 2.35135340691, -34.1806182861, -4.10539245605, -18.5314064026, 9.33741664886, -20.5543575287, 2.48299407959, -20.8557987213],
        "cov": [[6496.63964844, -1004.40643311, 649.995849609, 336.945465088, 47.6701011658, 561.586914062, -60.4335174561, 474.169921875, -84.3339157104, 100.550018311, 39.1184196472, 13.1817779541, 64.767326355], [-1004.40643311, 775.154907227, -238.883712769, 7.70163393021, -0.750630021095, -241.657653809, 73.3835906982, -157.328201294, 94.9641723633, 4.83930397034, 14.6965894699, 19.5056705475, 15.91588974], [649.995849609, -238.883712769, 489.251495361, 75.8170776367, 106.881851196, 206.066192627, -3.61092567444, 159.002334595, -17.292547226, 9.11255550385, 67.2881317139, -23.8996715546, 62.4818115234], [336.945465088, 7.70163393021, 75.8170776367, 167.905303955, 64.5942230225, 101.375244141, 27.1684379578, 85.8703536987, 20.7350120544, 40.1562347412, 30.2236537933, 16.9393348694, 27.3106155396], [47.6701011658, -0.750630021095, 106.881851196, 64.5942230225, 138.674423218, 79.1556854248, 68.3243408203, 41.6129760742, 22.8507995605, 15.2881088257, 18.6943035126, 18.8004646301, 14.1771411896], [561.586914062, -241.657653809, 206.066192627, 101.375244141, 79.1556854248, 243.177581787, 32.8877639771, 145.684677124, -17.6908893585, 11.2331485748, 20.2416934967, -7.73750448227, 23.2942848206], [-60.4335174561, 73.3835906982, -3.61092567444, 27.1684379578, 68.3243408203, 32.8877639771, 106.647659302, 32.5074615479, 34.3596420288, 9.22912502289, -8.42095088959, 12.8052663803, -2.40278458595], [474.169921875, -157.328201294, 159.002334595, 85.8703536987, 41.6129760742, 145.684677124, 32.5074615479, 175.369674683, 29.6725177765, 33.4378700256, 18.6239242554, -23.6166858673, 30.729352951], [-84.3339157104, 94.9641723633, -17.292547226, 20.7350120544, 22.8507995605, -17.6908893585, 34.3596420288, 29.6725177765, 72.6933364868, 39.0031356812, 9.04457569122, -5.94801902771, 0.20770393312], [100.550018311, 4.83930397034, 9.11255550385, 40.1562347412, 15.2881088257, 11.2331485748, 9.22912502289, 33.4378700256, 39.0031356812, 76.1689529419, 35.7135429382, 19.1023788452, -2.37683033943], [39.1184196472, 14.6965894699, 67.2881317139, 30.2236537933, 18.6943035126, 20.2416934967, -8.42095088959, 18.6239242554, 9.04457569122, 35.7135429382, 70.7206192017, 22.3391456604, 22.7882194519], [13.1817779541, 19.5056705475, -23.8996715546, 16.9393348694, 18.8004646301, -7.73750448227, 12.8052663803, -23.6166858673, -5.94801902771, 19.1023788452, 22.3391456604, 84.116859436, 11.2047872543], [64.767326355, 15.91588974, 62.4818115234, 27.3106155396, 14.1771411896, 23.2942848206, -2.40278458595, 30.729352951, 0.20770393312, -2.37683033943, 22.7882194519, 11.2047872543, 65.419631958]],
        "icov": [[0.000244639930315, 0.000192220133613, -0.000225320676691, -0.000424453261076, 0.000354879186489, -2.4474111342e-05, -2.66566294158e-05, -0.000184226839337, 0.000141506214277, -0.000246337382123, 0.000345713633578, -0.000220377565711, 2.87183229375e-05], [0.000192220133613, 0.00481700943783, -0.000286253663944, -0.00442726351321, 0.00249780295417, 0.00298544461839, -0.00524612469599, 0.00563802802935, -0.00570232188329, 0.00273735984229, -0.00288627389818, 0.00188712403178, -0.00288620591164], [-0.000225320676691, -0.000286253663944, 0.00570532679558, 0.00238493364304, -0.00500948121771, -0.00146337773185, 0.00311077525839, -0.0038064639084, 0.00208513694815, 0.00126672664192, -0.00416375650093, 0.00184651557356, -0.00146956066601], [-0.000424453261076, -0.00442726351321, 0.00238493364304, 0.0154845137149, -0.00681929569691, -0.00538693228737, 0.00668857991695, -0.00796837639064, 0.00483034783974, -0.00526642426848, 0.0013405388454, -0.00237585860305, -0.000126920363982], [0.000354879186489, 0.00249780295417, -0.00500948121771, -0.00681929569691, 0.0206975191832, -0.00300932466052, -0.0127917919308, 0.0103629808873, -0.00856674462557, 0.0019613688346, -0.00090243818704, -0.00135122763459, -0.00143485295121], [-2.4474111342e-05, 0.00298544461839, -0.00146337773185, -0.00538693228737, -0.00300932466052, 0.0170832294971, -0.00455190101638, -0.00727945147082, 0.00678861094639, 0.00205911928788, -0.00242462265305, 0.00133901066147, 0.0014343598159], [-2.66566294158e-05, -0.00524612469599, 0.00311077525839, 0.00668857991695, -0.0127917919308, -0.00455190101638, 0.0259519927204, -0.0111453775316, -0.000902428815607, 0.000855218560901, 0.00605300022289, -0.00643327832222, 0.00514807691798], [-0.000184226839337, 0.00563802802935, -0.0038064639084, -0.00796837639064, 0.0103629808873, -0.00727945147082, -0.0111453775316, 0.0300386995077, -0.0166808739305, -0.00179809727706, 2.21584923565e-05, 0.00689099589363, -0.00960063561797], [0.000141506214277, -0.00570232188329, 0.00208513694815, 0.00483034783974, -0.00856674462557, 0.00678861094639, -0.000902428815607, -0.0166808739305, 0.0422669537365, -0.0191472750157, 0.00387681415305, 0.00502873025835, 0.00143916276284], [-0.000246337382123, 0.00273735984229, 0.00126672664192, -0.00526642426848, 0.0019613688346, 0.00205911928788, 0.000855218560901, -0.00179809727706, -0.0191472750157, 0.0349086374044, -0.0157607030123, -0.00624422403052, 0.00817305687815], [0.000345713633578, -0.00288627389818, -0.00416375650093, 0.0013405388454, -0.00090243818704, -0.00242462265305, 0.00605300022289, 2.21584923565e-05, 0.00387681415305, -0.0157607030123, 0.030404612422, -0.00530041428283, -0.00522031309083], [-0.000220377565711, 0.00188712403178, 0.00184651557356, -0.00237585860305, -0.00135122763459, 0.00133901066147, -0.00643327832222, 0.00689099589363, 0.00502873025835, -0.00624422403052, -0.00530041428283, 0.0198705326766, -0.00646964646876], [2.87183229375e-05, -0.00288620591164, -0.00146956066601, -0.000126920363982, -0.00143485295121, 0.0014343598159, 0.00514807691798, -0.00960063561797, 0.00143916276284, 0.00817305687815, -0.00522031309083, -0.00646964646876, 0.025134107098]]
    },
    "melbands": {
        "dmean": [0.000613844371401, 0.00099858827889, 0.000481062248582, 0.00057755043963, 0.000228709803196, 0.000146887614392, 0.000134383910336, 6.21421204414e-05, 4.06831895816e-05, 4.38059942098e-05, 1.32045097416e-05, 1.41492164403e-05, 1.51897320393e-05, 2.67481918854e-05, 2.80541880784e-05, 3.44599102391e-05, 3.05592657242e-05, 5.49803444301e-05, 2.9859089409e-05, 3.4328782931e-05, 4.39170580648e-05, 2.47884872806e-05, 2.2722322683e-05, 1.35561531351e-05, 1.82055355253e-05, 1.35395721372e-05, 8.67031485541e-06, 8.04884621175e-06, 4.88550540467e-06, 3.93020127376e-06, 2.59922398982e-06, 2.40147460318e-06, 2.28896328736e-06, 1.81603707006e-06, 5.52548101496e-07, 3.27966830582e-07, 2.75566890195e-07, 1.92086559991e-07, 1.85633297178e-07, 1.41063239312e-07],
        "dmean2": [0.00104179698974, 0.00174672878347, 0.000811105303001, 0.0010233662324, 0.000404753838666, 0.000253292935668, 0.000210260623135, 0.00010705866589, 6.78993674228e-05, 5.97489924985e-05, 2.10390280699e-05, 2.19655976252e-05, 2.49053755397e-05, 4.1009101551e-05, 4.42305827164e-05, 5.02921757288e-05, 4.93193911097e-05, 9.0710229415e-05, 4.95199965371e-05, 5.5166270613e-05, 7.24146302673e-05, 4.05522550864e-05, 3.798016769e-05, 2.28258650168e-05, 3.10706891469e-05, 2.29473316722e-05, 1.45604544741e-05, 1.32305176521e-05, 8.28061638458e-06, 6.55703888697e-06, 4.40017720393e-06, 4.07193692809e-06, 3.8572475205e-06, 3.09670872412e-06, 9.50459593696e-07, 5.30724605596e-07, 4.26989004154e-07, 3.10706923301e-07, 3.11186767021e-07, 2.12600653526e-07],
        "dvar": [1.75253410362e-06, 4.53798611488e-06, 6.15628835021e-07, 3.18536694977e-06, 3.70174774389e-07, 6.51967511089e-08, 4.87365170443e-08, 2.410035016e-08, 1.40162512707e-08, 6.70724453755e-09, 5.67162927734e-10, 3.86743803649e-10, 4.00518063159e-10, 1.30765021034e-09, 9.76179803658e-10, 2.49773957073e-09, 1.40336564591e-09, 3.97467880831e-09, 9.88049086992e-10, 1.73752856547e-09, 4.62131888312e-09, 1.5945587073e-09, 9.88260473456e-10, 3.03002123392e-10, 7.09182379488e-10, 3.03250202727e-10, 8.98368671121e-11, 9.67470756286e-11, 3.05175537618e-11, 1.80383537968e-11, 7.54440954154e-12, 6.45704193239e-12, 5.41054961251e-12, 4.0314626637e-12, 1.07427120585e-12, 2.52191144487e-13, 2.12184165637e-13, 1.39258789504e-13, 1.39958194773e-13, 1.4684722893e-13],
        "dvar2": [4.85349710289e-06, 1.31112838062e-05, 1.66473910213e-06, 9.0723615358e-06, 1.07111918624e-06, 1.87791627582e-07, 1.27086636326e-07, 7.00651980878e-08, 4.01928623717e-08, 1.10304760881e-08, 1.42066636233e-09, 9.56078327619e-10, 1.12633991023e-09, 2.90610646658e-09, 2.41239095367e-09, 4.89833951178e-09, 3.65466990004e-09, 1.05377466753e-08, 2.61611665664e-09, 4.16797396596e-09, 1.21286127808e-08, 4.00759381236e-09, 2.78381606655e-09, 8.58833115736e-10, 2.10820561009e-09, 8.79445238855e-10, 2.48171927453e-10, 2.42671549522e-10, 8.49018494398e-11, 4.83708004206e-11, 2.10958646385e-11, 1.82339768284e-11, 1.51008962279e-11, 1.12930238078e-11, 3.09816213483e-12, 6.2559245978e-13, 5.03229023122e-13, 3.66647521805e-13, 3.99864277974e-13, 3.62129976613e-13],
        "max": [0.0141134578735, 0.0252764336765, 0.0104072922841, 0.0188820622861, 0.00617717532441, 0.00479778973386, 0.00459507387131, 0.00230354582891, 0.0017070104368, 0.00278802122921, 0.000418333627749, 0.000370323599782, 0.000345242180629, 0.000577532162424, 0.00045982861775, 0.00164607120678, 0.000616091885604, 0.000838902255055, 0.000425229169196, 0.000764727417845, 0.00212471559644, 0.00140456692316, 0.000500381109305, 0.000343714375049, 0.000507920747623, 0.000282223016256, 0.00019461044576, 0.000198282679776, 9.52997870627e-05, 5.75138546992e-05, 3.25882174366e-05, 3.29459289787e-05, 3.12156953441e-05, 2.56452749454e-05, 1.17088293337e-05, 9.45708961808e-06, 1.23451663967e-05, 8.71104475664e-06, 9.18899058888e-06, 1.14557196866e-05],
        "mean": [0.00103557517286, 0.00212785392068, 0.000954865012318, 0.000649147084914, 0.000323507323628, 0.000292792916298, 0.000323674175888, 0.000125314603793, 7.77256500442e-05, 0.000115995120723, 2.81167503999e-05, 3.00797073578e-05, 2.88305545837e-05, 5.6212022173e-05, 6.34365860606e-05, 7.51566549297e-05, 6.30498543615e-05, 0.000107893727545, 6.48284476483e-05, 7.28375598555e-05, 9.70222754404e-05, 5.40090768482e-05, 4.53225693491e-05, 3.31714290951e-05, 4.13868365285e-05, 3.20644940075e-05, 2.18171735469e-05, 2.06944514503e-05, 1.31840770337e-05, 1.10578375825e-05, 7.84968233347e-06, 7.33254637453e-06, 7.60699003877e-06, 5.37145842827e-06, 1.3456680108e-06, 9.72802467913e-07, 8.37662639697e-07, 5.60715420761e-07, 4.46361184459e-07, 3.39447325359e-07],
        "median": [0.000702574499883, 0.00160089426208, 0.000742858916055, 0.000285822956357, 0.000173230713699, 0.000132981964271, 0.000173393738805, 7.83691648394e-05, 4.00548378821e-05, 4.87789802719e-05, 1.85076387424e-05, 1.98399829969e-05, 1.95652992261e-05, 4.16137045249e-05, 5.12447513756e-05, 5.10049467266e-05, 4.984325642e-05, 8.73526369105e-05, 5.51113080292e-05, 5.57240164198e-05, 7.37758819014e-05, 3.85245402867e-05, 3.3990771044e-05, 2.83875833702e-05, 3.36932826031e-05, 2.75004385912e-05, 1.96880191652e-05, 1.67610396602e-05, 1.19484884635e-05, 1.00473944258e-05, 7.38015114621e-06, 7.0629853326e-06, 7.69461803429e-06, 5.25406676388e-06, 9.76956243903e-07, 5.84080453336e-07, 3.68673482853e-07, 2.54605993177e-07, 1.93815253624e-07, 1.64389533097e-07],
        "min": [7.30224400819e-24, 5.81471621492e-24, 1.35863178678e-23, 1.67055906385e-23, 9.44766168047e-24, 7.08944325698e-24, 7.55039124998e-24, 3.62670715351e-24, 6.05102541554e-24, 4.52977855173e-24, 1.18752959193e-23, 1.15107041304e-23, 7.45591569025e-24, 8.11271733564e-24, 5.7720822273e-24, 6.28307950043e-24, 1.17711173704e-23, 7.25426943224e-24, 5.97524152052e-24, 8.54262049657e-24, 1.59614423693e-23, 1.56705846204e-23, 1.93268697191e-23, 1.06367543214e-23, 1.03445428872e-23, 1.36380702986e-23, 5.41034966478e-24, 6.39556633235e-24, 1.1751854176e-23, 9.19274127895e-24, 1.02537031873e-23, 9.55528439605e-24, 1.04891371468e-23, 9.0595421151e-24, 8.44061683722e-24, 8.45041527852e-24, 8.79214903381e-24, 9.41699076847e-24, 8.33747406272e-24, 1.38684066389e-23],
        "var": [1.89893546576e-06, 5.19954755873e-06, 8.15167425117e-07, 2.27179134527e-06, 2.84330383238e-07, 1.60880262001e-07, 1.72894303319e-07, 2.52267664536e-08, 1.52256180996e-08, 3.90892331836e-08, 1.04721586958e-09, 1.10943065845e-09, 8.46877845628e-10, 2.95082758228e-09, 2.48838305517e-09, 7.28948590378e-09, 2.92800472756e-09, 7.18179871129e-09, 2.03693550915e-09, 4.03629174528e-09, 1.09992344122e-08, 4.34652003278e-09, 1.94236648987e-09, 6.88603452037e-10, 1.4416361438e-09, 6.41077413377e-10, 2.02719965814e-10, 2.87114693132e-10, 7.96537627523e-11, 5.13023720727e-11, 2.28617298703e-11, 1.8891166409e-11, 1.84129309022e-11, 1.07858166842e-11, 1.7197218042e-12, 1.0131854123e-12, 9.33776168367e-13, 4.32429238901e-13, 3.16601725305e-13, 2.4116586549e-13]
    },
    "mfcc": {
        "mean": [-604.684082031, 102.955970764, -30.702747345, 49.5324172974, 5.14468955994, 19.893075943, -9.02622795105, -2.22317862511, -2.69234514236, -0.348583608866, 6.14152479172, -2.36537337303, 4.61176204681],
        "cov": [[4713.61572266, -490.361663818, 370.113555908, 85.5136184692, 238.18522644, 101.771255493, 243.522399902, 203.106552124, 148.007553101, 177.599395752, 12.1392126083, 103.598480225, -28.9693069458], [-490.361663818, 516.547363281, -179.120452881, 133.414871216, -117.921394348, 4.49486970901, -116.978424072, -60.8083076477, -33.303565979, -51.4186859131, 25.8116321564, -35.0920562744, 51.9861335754], [370.113555908, -179.120452881, 431.745300293, -79.5134506226, 217.6612854, -35.7588005066, 160.041610718, 43.112903595, 57.5017967224, 70.5351867676, -24.9799919128, 72.208442688, -35.4117736816], [85.5136184692, 133.414871216, -79.5134506226, 163.806854248, -17.9147415161, 44.8296356201, -22.8164730072, 13.9261255264, 17.3038482666, 7.29839229584, 34.3754768372, 9.12801837921, 44.7007865906], [238.18522644, -117.921394348, 217.6612854, -17.9147415161, 187.753158569, 17.1340045929, 117.265892029, 43.2323532104, 51.349861145, 49.792350769, -2.49726653099, 55.676738739, -8.54477119446], [101.771255493, 4.49486970901, -35.7588005066, 44.8296356201, 17.1340045929, 97.6762466431, 35.730670929, 44.6311721802, 9.36376571655, 2.92027187347, 18.8329162598, -0.415200680494, 24.6862506866], [243.522399902, -116.978424072, 160.041610718, -22.8164730072, 117.265892029, 35.730670929, 145.858764648, 75.400100708, 55.2661514282, 46.4431114197, -0.548560917377, 37.4356269836, -10.1596345901], [203.106552124, -60.8083076477, 43.112903595, 13.9261255264, 43.2323532104, 44.6311721802, 75.400100708, 100.861587524, 58.8531570435, 31.0812835693, 9.73334312439, 9.5053396225, -2.07953357697], [148.007553101, -33.303565979, 57.5017967224, 17.3038482666, 51.349861145, 9.36376571655, 55.2661514282, 58.8531570435, 98.3848876953, 66.8258590698, 17.3257713318, 23.8316020966, -5.17535066605], [177.599395752, -51.4186859131, 70.5351867676, 7.29839229584, 49.792350769, 2.92027187347, 46.4431114197, 31.0812835693, 66.8258590698, 89.0735702515, 34.6827926636, 27.7565727234, -6.71354055405], [12.1392126083, 25.8116321564, -24.9799919128, 34.3754768372, -2.49726653099, 18.8329162598, -0.548560917377, 9.73334312439, 17.3257713318, 34.6827926636, 62.6200866699, 26.6509361267, 17.4265651703], [103.598480225, -35.0920562744, 72.208442688, 9.12801837921, 55.676738739, -0.415200680494, 37.4356269836, 9.5053396225, 23.8316020966, 27.7565727234, 26.6509361267, 72.2554016113, 24.7146034241], [-28.9693069458, 51.9861335754, -35.4117736816, 44.7007865906, -8.54477119446, 24.6862506866, -10.1596345901, -2.07953357697, -5.17535066605, -6.71354055405, 17.4265651703, 24.7146034241, 65.4146575928]],
