{
"lowlevel": {
    "average_loudness": 0.926546037197,
    "barkbands_crest": {
        "dmean": 2.15002512932,
        "dmean2": 3.47396755219,
        "dvar": 4.40962076187,
        "dvar2": 12.5242061615,
        "max": 21.9618186951,
        "mean": 10.3178739548,
        "median": 9.78681945801,
        "min": 1.84197247028,
        "var": 14.9926481247
    },
    "barkbands_flatness_db": {
        "dmean": 0.0199358202517,
        "dmean2": 0.0296113602817,
        "dvar": 0.000530309102032,
        "dvar2": 0.00109543290455,
        "max": 0.353942781687,
        "mean": 0.215771213174,
        "median": 0.221233069897,
        "min": 0.00736399274319,
        "var": 0.00385532411747
    },
    "barkbands_kurtosis": {
        "dmean": 1.10391902924,
        "dmean2": 1.8007774353,
        "dvar": 2.64982581139,
        "dvar2": 7.03921318054,
        "max": 23.3316783905,
        "mean": 0.86188095808,
        "median": 0.181077480316,
        "min": -1.77872717381,
        "var": 5.37011194229
    },
    "barkbands_skewness": {
        "dmean": 0.36798581481,
        "dmean2": 0.584077775478,
        "dvar": 0.123014330864,
        "dvar2": 0.312391877174,
        "max": 4.49634838104,
        "mean": 0.829076647758,
        "median": 0.76503008604,
        "min": -2.21304607391,
        "var": 0.633061170578
    },
    "barkbands_spread": {
        "dmean": 2.33214521408,
        "dmean2": 3.64655280113,
        "dvar": 6.99430513382,
        "dvar2": 15.242430687,
        "max": 67.0596160889,
        "mean": 13.4272174835,
        "median": 12.5862951279,
        "min": 2.93305373192,
        "var": 35.3337593079
    },
    "dissonance": {
        "dmean": 0.0306040775031,
        "dmean2": 0.0513817965984,
        "dvar": 0.000635644537397,
        "dvar2": 0.00177319988143,
        "max": 0.49969047308,
        "mean": 0.432362735271,
        "median": 0.436791032553,
        "min": 0.275032699108,
        "var": 0.00137304584496
    },
    "dynamic_complexity": 2.20223879814,
    "erbbands_crest": {
        "dmean": 2.59544539452,
        "dmean2": 4.1957616806,
        "dvar": 4.91616535187,
        "dvar2": 12.0779514313,
        "max": 26.8611984253,
        "mean": 10.460729599,
        "median": 9.33205795288,
        "min": 2.65871024132,
        "var": 19.7402973175
    },
    "erbbands_flatness_db": {
        "dmean": 0.0199463404715,
        "dmean2": 0.027735825628,
        "dvar": 0.000569461320993,
        "dvar2": 0.000982931465842,
        "max": 0.429948657751,
        "mean": 0.260099709034,
        "median": 0.263205736876,
        "min": 0.0618311315775,
        "var": 0.00540222367272
    },
    "erbbands_kurtosis": {
        "dmean": 0.750848710537,
        "dmean2": 1.2083684206,
        "dvar": 0.576880455017,
        "dvar2": 1.43651843071,
        "max": 9.4428768158,
        "mean": 0.800597667694,
        "median": 0.545615434647,
        "min": -1.40903973579,
        "var": 1.68587768078
    },
    "erbbands_skewness": {
        "dmean": 0.303768008947,
        "dmean2": 0.477053135633,
        "dvar": 0.0611729584634,
        "dvar2": 0.145677119493,
        "max": 2.38460469246,
        "mean": -0.0141146788374,
        "median": -0.0248706415296,
        "min": -2.39587545395,
        "var": 0.288592159748
    },
    "erbbands_spread": {
        "dmean": 3.22222399712,
        "dmean2": 4.95643186569,
        "dvar": 15.6145811081,
        "dvar2": 29.9826965332,
        "max": 72.6067428589,
        "mean": 16.6110267639,
        "median": 14.912405014,
        "min": 4.2008061409,
        "var": 63.5673446655
    },
    "hfc": {
        "dmean": 4.63062286377,
        "dmean2": 6.91238498688,
        "dvar": 39.592754364,
        "dvar2": 68.5215454102,
        "max": 99.6877670288,
        "mean": 19.8956356049,
        "median": 17.416557312,
        "min": 1.13935023775e-16,
        "var": 136.28086853
    },
    "melbands_crest": {
        "dmean": 2.6778781414,
        "dmean2": 4.14887571335,
        "dvar": 8.03118419647,
        "dvar2": 18.877374649,
        "max": 34.2825012207,
        "mean": 14.4442501068,
        "median": 13.9663009644,
        "min": 1.74038231373,
        "var": 35.965549469
    },
    "melbands_flatness_db": {
        "dmean": 0.0199982132763,
        "dmean2": 0.0301036071032,
        "dvar": 0.000583597458899,
        "dvar2": 0.00123111426365,
        "max": 0.466127306223,
        "mean": 0.297211945057,
        "median": 0.306083738804,
        "min": 0.0055665737018,
        "var": 0.00476708821952
    },
    "melbands_kurtosis": {
        "dmean": 2.09534478188,
        "dmean2": 3.42293095589,
        "dvar": 10.646446228,
        "dvar2": 28.6910018921,
        "max": 55.8970336914,
        "mean": 3.04961299896,
        "median": 1.45637488365,
        "min": -1.5708001852,
        "var": 22.5723953247
    },
    "melbands_skewness": {
        "dmean": 0.440538197756,
        "dmean2": 0.697687864304,
        "dvar": 0.198496565223,
        "dvar2": 0.515081346035,
        "max": 6.58524274826,
        "mean": 1.40676343441,
        "median": 1.28767490387,
        "min": -1.09660232067,
        "var": 1.02659499645
    },
    "melbands_spread": {
        "dmean": 3.2996981144,
        "dmean2": 5.25484228134,
        "dvar": 11.0839643478,
        "dvar2": 26.9281330109,
        "max": 159.921447754,
        "mean": 17.176071167,
        "median": 16.3497314453,
        "min": 2.77441740036,
        "var": 65.8290176392
    },
    "pitch_salience": {
        "dmean": 0.0579510517418,
        "dmean2": 0.0929942950606,
        "dvar": 0.00280228909105,
        "dvar2": 0.00743223866448,
        "max": 0.83574450016,
        "mean": 0.519095540047,
        "median": 0.522190272808,
        "min": 0.150383532047,
        "var": 0.0130218891427
    },
    "silence_rate_20dB": {
        "dmean": 0,
        "dmean2": 0,
        "dvar": 0,
        "dvar2": 0,
        "max": 1,
        "mean": 1,
        "median": 1,
        "min": 1,
        "var": 0
    },
    "silence_rate_30dB": {
        "dmean": 0.0345628075302,
        "dmean2": 0.0691315531731,
        "dvar": 0.0333652161062,
        "dvar2": 0.0746682062745,
        "max": 1,
        "mean": 0.929848670959,
        "median": 1,
        "min": 0,
        "var": 0.0652351155877
    },
    "silence_rate_60dB": {
        "dmean": 0.000859771273099,
        "dmean2": 0.00171969051007,
        "dvar": 0.000859242922161,
        "dvar2": 0.00223348313011,
        "max": 1,
        "mean": 0.0297455303371,
        "median": 0,
        "min": 0,
        "var": 0.0288609862328
    },
    "spectral_centroid": {
        "dmean": 86.8846282959,
        "dmean2": 130.346969604,
        "dvar": 27344.8515625,
        "dvar2": 50986.8945312,
        "max": 11240.4462891,
        "mean": 830.601867676,
        "median": 791.577148438,
        "min": 374.052124023,
        "var": 145713.65625
    },
    "spectral_complexity": {
        "dmean": 2.42593073845,
        "dmean2": 3.79363703728,
        "dvar": 9.31539440155,
        "dvar2": 14.420832634,
        "max": 56,
        "mean": 19.7541255951,
        "median": 19,
        "min": 0,
        "var": 40.8918304443
    },
    "spectral_decrease": {
        "dmean": 3.19682502692e-09,
        "dmean2": 5.04913000299e-09,
        "dvar": 3.27170413257e-17,
        "dvar2": 8.61406103752e-17,
        "max": 1.17101051262e-19,
        "mean": -1.1537781397e-08,
        "median": -9.08704933522e-09,
        "min": -8.61882014647e-08,
        "var": 9.38471014178e-17
    },
    "spectral_energy": {
        "dmean": 0.0123937539756,
        "dmean2": 0.0195388458669,
        "dvar": 0.000475614942843,
        "dvar2": 0.00124691205565,
        "max": 0.32940402627,
        "mean": 0.045350741595,
        "median": 0.0360463410616,
        "min": 1.02772998661e-20,
        "var": 0.00138312310446
    },
    "spectral_energyband_high": {
        "dmean": 0.000125903461594,
        "dmean2": 0.000155201560119,
        "dvar": 2.72638487786e-07,
        "dvar2": 4.86618034756e-07,
        "max": 0.00584065774456,
        "mean": 0.00018154308782,
        "median": 1.42544331538e-05,
        "min": 7.25763341913e-21,
        "var": 4.88681166644e-07
    },
    "spectral_energyband_low": {
        "dmean": 0.00920566543937,
        "dmean2": 0.0148956403136,
        "dvar": 0.000407351646572,
        "dvar2": 0.00111708790064,
        "max": 0.278046667576,
        "mean": 0.0225225947797,
        "median": 0.0126600274816,
        "min": 3.31396490424e-23,
        "var": 0.000947202497628
    },
    "spectral_energyband_middle_high": {
        "dmean": 0.00253621279262,
        "dmean2": 0.00410728948191,
        "dvar": 6.0858856159e-06,
        "dvar2": 1.54304543685e-05,
        "max": 0.0363349616528,
        "mean": 0.00828332360834,
        "median": 0.00733887776732,
        "min": 1.23929770531e-21,
        "var": 1.95990924112e-05
    },
    "spectral_energyband_middle_low": {
        "dmean": 0.00421831849962,
        "dmean2": 0.00601462647319,
        "dvar": 2.97554888675e-05,
        "dvar2": 5.78715189476e-05,
        "max": 0.0882051438093,
        "mean": 0.01619419083,
        "median": 0.0133062731475,
        "min": 2.12707116576e-22,
        "var": 0.000132510118419
    },
    "spectral_entropy": {
        "dmean": 0.117550171912,
        "dmean2": 0.173554450274,
        "dvar": 0.0207922738045,
        "dvar2": 0.0405368208885,
        "max": 9.81234741211,
        "mean": 6.95351743698,
        "median": 6.88092422485,
        "min": 5.92256593704,
        "var": 0.164569079876
    },
    "spectral_flux": {
        "dmean": 0.0211504865438,
        "dmean2": 0.0348860695958,
        "dvar": 0.000853655510582,
        "dvar2": 0.00223120232113,
        "max": 0.395835578442,
        "mean": 0.0842521190643,
        "median": 0.0706004202366,
        "min": 6.37146585492e-11,
        "var": 0.00218592956662
    },
    "spectral_kurtosis": {
        "dmean": 10.2177629471,
        "dmean2": 17.871137619,
        "dvar": 129.058059692,
        "dvar2": 395.934234619,
        "max": 87.9340362549,
        "mean": 21.2782287598,
        "median": 15.7191543579,
        "min": -1.23644542694,
        "var": 262.130859375
    },
    "spectral_rms": {
        "dmean": 0.00078268564539,
        "dmean2": 0.00121334043797,
        "dvar": 1.12052055101e-06,
        "dvar2": 2.76421064882e-06,
        "max": 0.0179267898202,
        "mean": 0.00618562148884,
        "median": 0.00593019090593,
        "min": 3.16648617049e-12,
        "var": 5.98267206442e-06
    },
    "spectral_rolloff": {
        "dmean": 174.47505188,
        "dmean2": 297.175598145,
        "dvar": 73275.03125,
        "dvar2": 165056.109375,
        "max": 19207.6171875,
        "mean": 1017.59301758,
        "median": 990.52734375,
        "min": 64.599609375,
        "var": 798557.9375
    },
    "spectral_skewness": {
        "dmean": 0.670474112034,
        "dmean2": 1.16635155678,
        "dvar": 0.466196894646,
        "dvar2": 1.44742906094,
        "max": 6.65358304977,
        "mean": 2.85700249672,
        "median": 2.6633951664,
        "min": -0.0246415492147,
        "var": 0.875153779984
    },
    "spectral_spread": {
        "dmean": 360718.71875,
        "dmean2": 523227.59375,
        "dvar": 441862717440,
        "dvar2": 757838315520,
        "max": 41737208,
        "mean": 2139517,
        "median": 1717703.75,
        "min": 705169.4375,
        "var": 2.74670708326e+12
    },
    "spectral_strongpeak": {
        "dmean": 0.423114061356,
        "dmean2": 0.717360913754,
        "dvar": 0.490872442722,
        "dvar2": 1.22754812241,
        "max": 7.9292883873,
        "mean": 1.10315692425,
        "median": 0.633306086063,
        "min": 0,
        "var": 1.20035219193
    },
    "zerocrossingrate": {
        "dmean": 0.00404268829152,
        "dmean2": 0.00501430826262,
        "dvar": 4.1985509597e-05,
        "dvar2": 6.63963292027e-05,
        "max": 0.51708984375,
        "mean": 0.0351994037628,
        "median": 0.03271484375,
        "min": 0.00390625,
        "var": 0.000752427557018
    },
    "barkbands": {
        "dmean": [0.000942711369134, 0.00736939301714, 0.00159987108782, 0.00123582431115, 0.000965996063314, 0.00110986013897, 0.00114438880701, 0.00145420874469, 0.000984826707281, 0.00112245965283, 0.00144105672371, 0.000802870315965, 0.000808924494777, 0.000392484420445, 0.000258218176896, 0.000111982946692, 5.99168997724e-05, 2.59364242083e-05, 3.43741085089e-05, 3.28997739416e-05, 2.65001654043e-05, 2.33466307691e-05, 3.12486008625e-05, 1.15925140562e-05, 9.80240747595e-06, 5.9808385231e-06, 1.08074414129e-06],
        "dmean2": [0.00115617993288, 0.0121548492461, 0.00264967023395, 0.00200188462622, 0.00143046362791, 0.00134456693195, 0.00175606110133, 0.00206313142553, 0.00157055398449, 0.00177331152372, 0.00243161898106, 0.00132091564592, 0.0013444366632, 0.000654066971038, 0.00044029741548, 0.000188652687939, 9.65622384683e-05, 4.06809886044e-05, 4.84791162307e-05, 4.42892887804e-05, 3.8328122173e-05, 2.99702114717e-05, 4.23406345362e-05, 1.55950347107e-05, 1.403287024e-05, 7.89049499872e-06, 1.56463261192e-06],
        "dvar": [8.52048833622e-06, 0.000314321077894, 1.3342294551e-05, 8.61346779857e-06, 5.00340456711e-06, 3.74104479306e-06, 1.98008774532e-06, 4.41467000201e-06, 1.55032580551e-06, 2.08525557355e-06, 3.31279034071e-06, 9.43675729559e-07, 1.281937557e-06, 2.13675377836e-07, 7.49832551605e-08, 1.31080701848e-08, 8.81929107521e-09, 3.5459515324e-09, 1.22893517585e-08, 1.91103772806e-08, 1.35063302764e-08, 9.08422315149e-09, 2.07311448008e-08, 1.9814003771e-09, 1.50729595472e-09, 3.86199544566e-10, 1.52323813285e-11],
        "dvar2": [1.17008848974e-05, 0.000905680644792, 3.47243476426e-05, 1.85143999261e-05, 1.22792253023e-05, 4.92392973683e-06, 4.96144321005e-06, 8.02884460427e-06, 3.81369409297e-06, 4.9646023399e-06, 8.75738078321e-06, 2.41040334004e-06, 3.15849933941e-06, 5.49284038698e-07, 2.04480357979e-07, 3.44266695151e-08, 2.08644923561e-08, 6.36307140311e-09, 1.86628419385e-08, 2.49755309767e-08, 2.7435888228e-08, 1.67031970477e-08, 3.55263587437e-08, 3.20549187194e-09, 3.46846817934e-09, 7.38295091729e-10, 3.03460659379e-11],
        "max": [0.0400623083115, 0.237471818924, 0.0753758847713, 0.0481791868806, 0.0434092022479, 0.0565016418695, 0.0248375851661, 0.0472374558449, 0.0280329752713, 0.0321225039661, 0.0195489376783, 0.0164858028293, 0.0220906659961, 0.0106131443754, 0.00323922745883, 0.00139356486034, 0.00156169291586, 0.000834009435493, 0.00145174562931, 0.00172174128238, 0.00155354279559, 0.00121509400196, 0.00204831827432, 0.00121938472148, 0.0013446463272, 0.000538934604265, 5.34095270268e-05],
        "mean": [0.00145217264071, 0.0150353927165, 0.00496923364699, 0.00202465942129, 0.0019846605137, 0.00314117781818, 0.00219687540084, 0.00330898561515, 0.00175703607965, 0.00270287389867, 0.00202743895352, 0.00138764188159, 0.0014788658591, 0.000765542557929, 0.000449886341812, 0.000217305903789, 0.000125760649098, 5.51855082449e-05, 6.1444734456e-05, 5.82952088735e-05, 4.20771320933e-05, 3.45336193277e-05, 3.78782169719e-05, 1.60792496899e-05, 1.14295598905e-05, 7.30552801542e-06, 1.14740385015e-06],
        "median": [0.00010884666699, 0.00516112660989, 0.00157987081911, 0.000818296568468, 0.00128502619918, 0.00123366015032, 0.00160765193868, 0.00147367536556, 0.00121655827388, 0.00131988583598, 0.00134645029902, 0.000948252156377, 0.000935888558161, 0.000536836741958, 0.000374923925847, 0.00018287578132, 9.10481030587e-05, 3.2450989238e-05, 2.2461728804e-05, 8.95573066373e-06, 6.4523637775e-06, 1.89172567389e-06, 9.80952336249e-07, 5.03337560076e-07, 1.17872389183e-07, 1.69956173579e-08, 3.12546899472e-09],
        "min": [2.48348598536e-24, 5.59887401049e-24, 7.47141680704e-24, 4.86505745265e-24, 2.47936899918e-23, 6.59589440378e-24, 1.18448427329e-23, 1.24981473579e-23, 3.07212192326e-23, 3.50094797352e-23, 2.59743481319e-23, 4.98379348289e-23, 4.1507046177e-23, 4.06657417988e-23, 4.58707975128e-23, 7.68275169692e-23, 7.85783211731e-23, 1.20742280225e-22, 2.07846837254e-22, 2.01225870878e-22, 3.43226412642e-22, 3.29876891885e-22, 5.21644711785e-22, 6.46009832562e-22, 1.07541224353e-21, 1.35977264373e-21, 2.03475262942e-21],
        "var": [2.29799552471e-05, 0.000611348717939, 7.08012157702e-05, 1.35573873195e-05, 6.82946392772e-06, 3.01305663015e-05, 4.29273222835e-06, 2.27680629905e-05, 3.33259436047e-06, 1.41059745147e-05, 4.55037525171e-06, 2.08507640309e-06, 3.68900941794e-06, 5.93914194269e-07, 1.06311141224e-07, 2.24287326489e-08, 1.7360601845e-08, 8.00730415307e-09, 2.69461466473e-08, 4.63950584617e-08, 2.41533797407e-08, 1.62302402629e-08, 3.21789848101e-08, 3.57217189162e-09, 2.02610173083e-09, 6.34691410539e-10, 2.02115529174e-11]
    },
    "erbbands": {
        "dmean": [0.291941136122, 1.44753563404, 2.00888037682, 3.31396603584, 3.00577425957, 4.63628768921, 4.91733312607, 9.84022903442, 9.78918838501, 25.2002887726, 37.253364563, 22.723110199, 37.8182945251, 29.0919151306, 45.1666755676, 38.9271659851, 36.6717529297, 22.7817935944, 14.2793674469, 10.2275867462, 4.48594093323, 2.63113236427, 1.70525443554, 1.60214841366, 1.74285805225, 1.53291189671, 1.58529317379, 0.74302482605, 0.987294375896, 0.716587543488, 0.984411597252, 0.367559969425, 0.194309026003, 0.10116199404, 0.0728380233049, 0.0311974287033, 0.0104162674397, 0.00233749579638, 0.00021374548669, 1.68113147083e-05],
        "dmean2": [0.436095863581, 2.4438123703, 3.23411917686, 5.52271318436, 4.73692512512, 6.81860160828, 6.54788398743, 11.6786184311, 14.1814842224, 39.6482009888, 52.0609474182, 35.6969528198, 58.7684860229, 48.177570343, 76.2925491333, 63.9625473022, 60.4789390564, 38.2789535522, 24.2631816864, 17.1391391754, 7.57113933563, 4.09308624268, 2.63157343864, 2.18017268181, 2.5033197403, 1.96055185795, 2.31889891624, 1.10274612904, 1.28674912453, 1.01960790157, 1.30939936638, 0.46743029356, 0.26367405057, 0.136488363147, 0.110639132559, 0.0469336733222, 0.0138478456065, 0.00321252900176, 0.000318316800985, 2.60077667917e-05],
        "dvar": [0.691818118095, 12.880944252, 25.8233528137, 63.72889328, 32.2405281067, 121.679588318, 95.1915817261, 285.876037598, 251.470870972, 1081.27258301, 3090.97485352, 942.240234375, 3172.04858398, 1038.01208496, 2929.63427734, 2259.7175293, 2976.20288086, 760.099304199, 251.811920166, 127.910903931, 24.4819660187, 24.637720108, 12.70744133, 28.459815979, 33.6033706665, 39.1278038025, 49.5051574707, 10.4812393188, 16.8936080933, 11.3055973053, 20.0766620636, 2.1149058342, 0.550763368607, 0.152529940009, 0.0834246650338, 0.0146378697827, 0.00109666772187, 5.61275774089e-05, 6.35613844224e-07, 1.01139774333e-09],
        "dvar2": [1.58887982368, 36.3645133972, 58.8364105225, 156.692276001, 78.8762054443, 307.898742676, 165.37852478, 356.779998779, 618.605407715, 2690.32421875, 5465.53173828, 2294.35424805, 7485.21044922, 2684.49462891, 7762.97509766, 5734.01611328, 7240.07910156, 2022.85827637, 660.787597656, 336.88168335, 64.0186004639, 54.7769126892, 21.5363464355, 49.7926712036, 56.7989807129, 53.8368492126, 111.712249756, 18.4804821014, 30.1683731079, 25.7738418579, 34.2314834595, 3.40868639946, 0.898807227612, 0.301202446222, 0.198468193412, 0.0356275998056, 0.00193330808543, 8.99008227861e-05, 1.32952300191e-06, 2.29941932162e-09],
        "max": [12.6007785797, 51.7539405823, 91.3509902954, 157.398880005, 83.8924179077, 177.052780151, 205.314559937, 671.897033691, 385.129150391, 473.584472656, 1280.80090332, 696.434265137, 1276.5032959, 430.645263672, 729.983825684, 836.418395996, 1109.50939941, 629.14666748, 246.903594971, 130.028442383, 73.3523406982, 87.20337677, 53.221824646, 77.8344345093, 80.0051574707, 86.0619125366, 88.5388259888, 36.1301841736, 49.9623298645, 40.3160324097, 72.2547531128, 27.0788803101, 21.366065979, 16.296453476, 8.34595012665, 3.53988242149, 0.723228752613, 0.132679328322, 0.0103304609656, 0.00042892532656],
        "mean": [0.505347669125, 3.00265264511, 5.97542095184, 6.86310529709, 5.37643194199, 8.77285003662, 11.6956291199, 29.6277770996, 24.225233078, 44.2138710022, 86.6637420654, 47.2627754211, 98.5489349365, 54.6686286926, 69.5363082886, 73.2932662964, 73.360244751, 47.150844574, 27.3022232056, 19.5035324097, 10.1037940979, 6.09611082077, 4.04645872116, 2.82318639755, 3.11552143097, 2.70863986015, 2.39008975029, 1.2318379879, 1.35217809677, 0.90892636776, 1.17624104023, 0.47338822484, 0.259429603815, 0.124273337424, 0.0826448202133, 0.0365891754627, 0.012236058712, 0.00291685806587, 0.000235712170252, 5.61832239327e-05],
        "median": [0.0749864578247, 1.14725267887, 2.64721632004, 3.03031015396, 2.96096491814, 5.45119380951, 5.97977352142, 10.273519516, 15.703004837, 30.3247947693, 37.395401001, 34.844833374, 43.4058456421, 44.2648124695, 50.1014022827, 52.7893753052, 46.6137542725, 34.6371574402, 22.8937530518, 15.878490448, 8.34965515137, 4.43015575409, 2.71170473099, 1.28752207756, 1.0064740181, 0.431428045034, 0.344763368368, 0.155991047621, 0.0760695338249, 0.0395147576928, 0.0281048566103, 0.0144057860598, 0.00555202923715, 0.0017182569718, 0.000639423145913, 0.000161680756719, 4.03317644668e-05, 8.26074938232e-06, 2.19096327783e-05, 4.16525217588e-05],
        "min": [3.52322092475e-22, 7.71955048042e-22, 9.25539172852e-21, 1.45335245885e-20, 3.40051332569e-20, 5.59026881786e-20, 1.12172489453e-19, 1.11697364664e-19, 1.62050278393e-19, 1.54144874505e-19, 3.61205604318e-19, 7.19880191059e-19, 9.88579886879e-19, 1.30383506533e-18, 1.36404119942e-18, 2.08169617124e-18, 2.0225502759e-18, 2.22980823659e-18, 2.63934432389e-18, 4.07242894487e-18, 3.42212394911e-18, 5.47935811489e-18, 7.13517062838e-18, 7.77197645013e-18, 1.31794314767e-17, 9.40523464345e-18, 1.16557002683e-17, 1.31947516888e-17, 1.0697926035e-17, 1.46518832774e-17, 1.4576217758e-17, 1.49816024326e-17, 1.1300645398e-17, 1.21056691507e-17, 7.02037202142e-18, 4.62381554708e-18, 2.48605700303e-18, 9.77431146583e-19, 3.01281926559e-19, 2.88305272205e-20],
        "var": [1.5872014761, 19.0245742798, 75.3492202759, 124.716964722, 52.3756866455, 153.376449585, 355.509033203, 3074.22827148, 780.089050293, 2052.75537109, 16358.4785156, 2160.33105469, 22006.5039062, 1781.38037109, 4095.19433594, 4893.43115234, 8822.75292969, 1987.52697754, 389.630889893, 196.988952637, 47.0313301086, 47.7325248718, 31.4619617462, 49.0414581299, 74.0459213257, 95.6856918335, 81.5028839111, 20.4768104553, 27.6396694183, 14.6297082901, 31.5216407776, 3.68915653229, 0.977848112583, 0.240034416318, 0.10577519238, 0.0184090789407, 0.00182389654219, 9.9340264569e-05, 7.85388863278e-07, 2.64168686925e-09]
    },
    "gfcc": {
        "mean": [-51.8769874573, 180.10484314, -147.525344849, -10.9321403503, -36.1980514526, 5.70043992996, -19.1650772095, -4.82470941544, -10.1418495178, -4.87892818451, -6.23270273209, -9.64738750458, -7.30375003815],
        "cov": [[11335.9003906, -864.852050781, 1374.32324219, 1594.61254883, -411.459259033, 1338.44213867, 260.763336182, 631.460998535, 87.5154190063, 505.676086426, -72.9093933105, 312.234039307, -49.9545326233], [-864.852050781, 2208.75585938, -796.336181641, -524.473571777, 593.052246094, -568.188842773, 275.526092529, -333.433105469, 229.647537231, -323.771850586, 209.885498047, -288.129302979, 127.12273407], [1374.32324219, -796.336181641, 1018.06256104, 591.005004883, -43.5953483582, 545.32635498, 69.1756210327, 311.091949463, 33.3816452026, 275.888275146, -39.0382919312, 207.170669556, -38.3374290466], [1594.61254883, -524.473571777, 591.005004883, 796.700561523, -100.204338074, 559.260864258, 184.524078369, 223.961013794, 135.957015991, 172.345840454, 34.7402572632, 118.521347046, 21.0821723938], [-411.459259033, 593.052246094, -43.5953483582, -100.204338074, 340.334625244, -88.2032775879, 149.430343628, -23.2140865326, 74.2405166626, -44.5577583313, 59.8691749573, -57.2802047729, 25.3126926422], [1338.44213867, -568.188842773, 545.32635498, 559.260864258, -88.2032775879, 544.354248047, 133.440231323, 240.174728394, 85.8510284424, 166.762985229, -1.26391708851, 130.921142578, 4.86264133453], [260.763336182, 275.526092529, 69.1756210327, 184.524078369, 149.430343628, 133.440231323, 247.439682007, 68.9889373779, 136.035568237, 8.80806922913, 64.5344390869, -22.8907871246, 43.6403923035], [631.460998535, -333.433105469, 311.091949463, 223.961013794, -23.2140865326, 240.174728394, 68.9889373779, 188.258163452, 36.1430130005, 117.47782135, -18.24559021, 74.2972488403, -13.4028863907], [87.5154190063, 229.647537231, 33.3816452026, 135.957015991, 74.2405166626, 85.8510284424, 136.035568237, 36.1430130005, 161.606231689, 10.7627048492, 74.392036438, -10.1865606308, 35.0176696777], [505.676086426, -323.771850586, 275.888275146, 172.345840454, -44.5577583313, 166.762985229, 8.80806922913, 117.47782135, 10.7627048492, 149.084793091, 1.99351096153, 78.9289474487, -12.0822286606], [-72.9093933105, 209.885498047, -39.0382919312, 34.7402572632, 59.8691749573, -1.26391708851, 64.5344390869, -18.24559021, 74.392036438, 1.99351096153, 91.0713424683, 4.9034986496, 36.1803627014], [312.234039307, -288.129302979, 207.170669556, 118.521347046, -57.2802047729, 130.921142578, -22.8907871246, 74.2972488403, -10.1865606308, 78.9289474487, 4.9034986496, 111.901504517, 15.2509555817], [-49.9545326233, 127.12273407, -38.3374290466, 21.0821723938, 25.3126926422, 4.86264133453, 43.6403923035, -13.4028863907, 35.0176696777, -12.0822286606, 36.1803627014, 15.2509555817, 95.5375900269]],
        "icov": [[0.000220986941713, -0.000631411443464, 8.07193355286e-05, -0.00039372779429, 0.000658780219965, -0.000432754051872, 8.76026824699e-05, -0.000480862334371, 0.000773966428824, -0.000603403081186, 0.0004898213665, -0.000364159874152, 0.000327630608808], [-0.000631411443464, 0.00463777966797, -0.000193322193809, 0.00159296311904, -0.00455526215956, 0.00208656210452, -0.000976925482973, 0.00297681381926, -0.00441406061873, 0.00325525924563, -0.00334410695359, 0.00316999899223, -0.00217575347051], [8.07193355286e-05, -0.000193322193809, 0.00441672094166, -0.0019746881444, -0.00225864374079, -0.00119141559117, 0.00131406635046, -0.000782451708801, -0.000174376866198, -0.00327515276149, 0.00338729145005, -0.00383219541982, 0.00143527821638], [-0.00039372779429, 0.00159296311904, -0.0019746881444, 0.00706154061481, 0.000771869847085, -0.00404051411897, -0.00274122995324, 0.00360946566798, -0.00247222045437, 0.000898134021554, -0.00311056198552, 0.00298254610971, -0.00119486858603], [0.000658780219965, -0.00455526215956, -0.00225864374079, 0.000771869847085, 0.0116021139547, -0.000669102126267, -0.00468757748604, -0.00269000115804, 0.00506878132001, -0.00175543338992, 1.35183927341e-05, -0.00125078484416, 0.0021676288452], [-0.000432754051872, 0.00208656210452, -0.00119141559117, -0.00404051411897, -0.000669102126267, 0.0128362178802, -0.00270782690495, -0.00396797386929, -0.0027474835515, 0.00311382301152, 0.000187896177522, -0.00258146435954, -0.000643194944132], [8.76026824699e-05, -0.000976925482973, 0.00131406635046, -0.00274122995324, -0.00468757748604, -0.00270782690495, 0.0165367107838, -0.00741943856701, -0.00303120538592, 0.00168333016336, -0.00279971794225, 0.00589659530669, -0.00329402484931], [-0.000480862334371, 0.00297681381926, -0.000782451708801, 0.00360946566798, -0.00269000115804, -0.00396797386929, -0.00741943856701, 0.0255842264742, -0.00704168481752, -0.00796783529222, 0.00868548080325, -0.00421652616933, 0.00152733153664], [0.000773966428824, -0.00441406061873, -0.000174376866198, -0.00247222045437, 0.00506878132001, -0.0027474835515, -0.00303120538592, -0.00704168481752, 0.0216914787889, -0.00143911410123, -0.00914251431823, 0.00255236099474, 0.000869454699568], [-0.000603403081186, 0.00325525924563, -0.00327515276149, 0.000898134021554, -0.00175543338992, 0.00311382301152, 0.00168333016336, -0.00796783529222, -0.00143911410123, 0.0230050366372, -0.0105211520568, 0.000426906568464, -0.00038645172026], [0.0004898213665, -0.00334410695359, 0.00338729145005, -0.00311056198552, 1.35183927341e-05, 0.000187896177522, -0.00279971794225, 0.00868548080325, -0.00914251431823, -0.0105211520568, 0.033574745059, -0.0145054571331, 0.000856834172737], [-0.000364159874152, 0.00316999899223, -0.00383219541982, 0.00298254610971, -0.00125078484416, -0.00258146435954, 0.00589659530669, -0.00421652616933, 0.00255236099474, 0.000426906568464, -0.0145054571331, 0.0303190723062, -0.00965480972081], [0.000327630608808, -0.00217575347051, 0.00143527821638, -0.00119486858603, 0.0021676288452, -0.000643194944132, -0.00329402484931, 0.00152733153664, 0.000869454699568, -0.00038645172026, 0.000856834172737, -0.00965480972081, 0.0163996275514]]
    },
    "melbands": {
        "dmean": [0.00222448562272, 0.00135327037424, 0.000543101807125, 0.000242012756644, 0.000167208898347, 0.000217542867176, 0.00016507798864, 0.000250550016062, 0.000291795498924, 0.00014209181245, 0.00019012595294, 0.000115350318083, 0.00020886096172, 8.55670441524e-05, 9.96091621346e-05, 6.47673150524e-05, 4.18295712734e-05, 2.48977939918e-05, 1.37519009513e-05, 1.19708356578e-05, 5.79981269766e-06, 2.84717884824e-06, 2.85518467535e-06, 1.48201024786e-06, 1.33843263939e-06, 1.41211387472e-06, 1.35823165692e-06, 1.13344083275e-06, 1.22916094369e-06, 6.24334120403e-07, 4.10854539723e-07, 5.68614893837e-07, 4.39717894096e-07, 3.86984538636e-07, 5.91831621932e-07, 4.71014175218e-07, 1.53203018272e-07, 1.3866352333e-07, 1.10275600207e-07, 7.74932118475e-08],
        "dmean2": [0.00352802989073, 0.0022126827389, 0.000899528386071, 0.00036570528755, 0.00022032148263, 0.000259829132119, 0.000243139293161, 0.000392009766074, 0.000410540669691, 0.000225420095376, 0.000296244659694, 0.00019123214588, 0.000353283365257, 0.000141593627632, 0.000163139935466, 0.000107771767944, 7.00815362507e-05, 4.22139637521e-05, 2.32468537433e-05, 1.99833266379e-05, 9.93190315057e-06, 4.50975039712e-06, 4.42917826149e-06, 2.33644072978e-06, 1.8582766188e-06, 2.10380562748e-06, 2.04890102395e-06, 1.4750680748e-06, 1.90510365883e-06, 9.12239613626e-07, 6.69500479944e-07, 7.42877034554e-07, 6.15837620899e-07, 5.7406492715e-07, 8.05677245808e-07, 6.32772923836e-07, 2.01044741743e-07, 1.94905808826e-07, 1.43649216966e-07, 1.07571487717e-07],
        "dvar": [3.23048152495e-05, 1.16653654914e-05, 1.42632302413e-06, 3.12343644282e-07, 1.14421489172e-07, 1.37416350299e-07, 5.61040423008e-08, 1.04099839859e-07, 1.74117602114e-07, 3.36183454408e-08, 7.77943540697e-08, 1.66705405036e-08, 6.75886511203e-08, 1.30328894343e-08, 1.35034845528e-08, 5.77409808855e-09, 2.67310618085e-09, 6.96171009729e-10, 2.30811772473e-10, 1.46217191133e-10, 5.04089062159e-11, 2.27297451694e-11, 2.14639347962e-11, 1.15047442059e-11, 2.12986555476e-11, 1.90022858559e-11, 3.01987913842e-11, 2.19460855738e-11, 3.09022980816e-11, 6.5676483349e-12, 3.22404472911e-12, 5.39231550037e-12, 3.5759800069e-12, 3.54206746399e-12, 7.27882251e-12, 4.81622901283e-12, 3.20009941939e-13, 2.74672754159e-13, 1.96483440954e-13, 8.59029915343e-14],
        "dvar2": [8.42729132273e-05, 2.88192477456e-05, 3.43746341969e-06, 7.79430251896e-07, 2.11614249679e-07, 1.73446622398e-07, 1.36427061648e-07, 2.56153214195e-07, 3.10651216751e-07, 8.2202987528e-08, 1.8411050462e-07, 4.29592397211e-08, 1.7855828105e-07, 3.36249499355e-08, 3.35755991898e-08, 1.42294958039e-08, 7.0093837401e-09, 1.79432979586e-09, 6.13092965285e-10, 3.84357934369e-10, 1.40090314349e-10, 5.04975020132e-11, 4.45356078405e-11, 2.13736407045e-11, 3.98656836709e-11, 3.08697234441e-11, 6.50699702454e-11, 3.87122972567e-11, 7.62297447388e-11, 1.14288630643e-11, 7.11370502435e-12, 9.06292922653e-12, 7.61284264794e-12, 8.45655490078e-12, 1.24286249695e-11, 9.55533655672e-12, 5.58218131008e-13, 4.57387220546e-13, 3.55798778027e-13, 1.75842874333e-13],
        "max": [0.0859337151051, 0.0541740581393, 0.0224939733744, 0.0101793976501, 0.00597993051633, 0.0134839303792, 0.00579079799354, 0.00489367824048, 0.00947050657123, 0.00416299002245, 0.00633505359292, 0.00169976043981, 0.00283073610626, 0.00183637114242, 0.00217955349945, 0.00139366986696, 0.00134137307759, 0.000421627308242, 0.000178221482201, 0.000128157495055, 0.000109814041934, 8.37721963762e-05, 7.3938674177e-05, 5.38308668183e-05, 6.87342690071e-05, 5.98424012423e-05, 7.24548372091e-05, 6.5510510467e-05, 6.62996171741e-05, 3.17267295031e-05, 2.08897599805e-05, 2.80432814179e-05, 2.4521492378e-05, 2.29293018492e-05, 4.84127122036e-05, 2.91105261567e-05, 1.50532459884e-05, 1.35004447657e-05, 1.68809801835e-05, 1.32548075271e-05],
        "mean": [0.0043127159588, 0.00356561341323, 0.00117667787708, 0.000466707890155, 0.000424926838605, 0.000640481652226, 0.000400902761612, 0.000476726185298, 0.000664714374579, 0.000276687613223, 0.000486666540382, 0.000203056813916, 0.000292393553536, 0.00014366680989, 0.000196886598133, 0.000127857449115, 8.19519409561e-05, 4.45678269898e-05, 2.52207191807e-05, 2.14624215005e-05, 1.07490895971e-05, 6.12337817074e-06, 5.51352013645e-06, 2.9017048746e-06, 2.08343271879e-06, 2.48901915256e-06, 1.99285591407e-06, 1.75720037987e-06, 1.67705809417e-06, 9.8700104445e-07, 6.15888041011e-07, 7.93723529569e-07, 5.82644190672e-07, 4.55999469295e-07, 7.16221620678e-07, 5.13160784976e-07, 2.10954624436e-07, 1.83118302743e-07, 1.40107786706e-07, 9.29091115154e-08],
        "median": [0.00121215451509, 0.00201065279543, 0.000579098821618, 0.000295567093417, 0.000240625231527, 0.000233989863773, 0.000279263651464, 0.000333798932843, 0.000308910326567, 0.000194570980966, 0.00021518531139, 0.00016044973745, 0.000193313346244, 8.93734322744e-05, 0.000147711849422, 9.43942577578e-05, 5.5743039411e-05, 3.71676578652e-05, 2.06118402275e-05, 1.76189678314e-05, 7.95983578428e-06, 4.45703153673e-06, 3.32911031364e-06, 1.52663187691e-06, 8.17074806037e-07, 8.93801029633e-07, 4.06560332067e-07, 2.17934882585e-07, 1.86765475974e-07, 1.66551089364e-07, 6.10955552816e-08, 4.39426877108e-08, 2.92899731136e-08, 1.99087129005e-08, 1.85643855843e-08, 9.68331370643e-09, 7.57670814977e-09, 3.97378308037e-09, 1.89008564355e-09, 1.26182486682e-09],
        "min": [2.65120313862e-24, 3.1223430173e-24, 4.75011529117e-24, 2.3764294747e-24, 3.53408936121e-24, 2.48080070284e-24, 2.71895406304e-24, 1.7015242604e-24, 3.35568767863e-24, 4.40388976189e-24, 4.84136638195e-24, 4.73329756553e-24, 4.07218913403e-24, 3.77051925755e-24, 5.64137823049e-24, 4.29762743694e-24, 3.32612669393e-24, 4.01082206649e-24, 3.28334459768e-24, 5.30325272499e-24, 4.00947429764e-24, 4.84716687618e-24, 5.307596982e-24, 5.24873573113e-24, 5.70323241964e-24, 9.36092879052e-24, 8.56928715061e-24, 4.95831343342e-24, 5.82828896122e-24, 7.76067237946e-24, 6.35086040156e-24, 5.192876096e-24, 6.29416417944e-24, 7.68198744847e-24, 8.43788580077e-24, 8.0555896066e-24, 8.6140849837e-24, 7.28512809313e-24, 8.98599976835e-24, 9.72476800609e-24],
        "var": [7.16304639354e-05, 2.19039993681e-05, 2.98978875435e-06, 3.95628461547e-07, 3.89004441104e-07, 1.35564744141e-06, 1.79410108103e-07, 2.1627614899e-07, 9.05710180632e-07, 7.74351462951e-08, 5.35863875939e-07, 2.76243632413e-08, 9.37351813945e-08, 2.7146709769e-08, 3.62211629579e-08, 1.69415876883e-08, 7.64855911939e-09, 1.11904163713e-09, 3.38792244259e-10, 2.3575710828e-10, 8.10061462353e-11, 4.58726147345e-11, 4.83220234659e-11, 2.45200405119e-11, 3.29697380508e-11, 4.10544861995e-11, 4.74270622774e-11, 4.49616593956e-11, 4.43095664326e-11, 1.25759003905e-11, 5.21346724472e-12, 9.32748583232e-12, 5.17032684028e-12, 4.09151185154e-12, 1.15179671356e-11, 6.41572645704e-12, 5.64601479718e-13, 4.79651745839e-13, 3.20740314733e-13, 1.33217167766e-13]
    },
    "mfcc": {
        "mean": [-684.161010742, 211.754592896, -37.1354141235, -4.71329545975, -0.528854012489, 6.54471826553, 0.922406435013, 2.39302325249, -1.20923531055, 4.25842857361, 0.84182959795, 2.03277873993, -0.088771276176],
        "cov": [[6248.50341797, -512.666137695, 1032.4432373, 762.326599121, 5.11937570572, 717.581420898, 314.461700439, 417.600585938, 330.210754395, 331.585540771, 224.794754028, 245.034912109, 117.105888367], [-512.666137695, 2285.49853516, -866.264953613, -85.7495880127, 180.922515869, -219.031768799, 63.0045089722, -80.0077896118, -22.001203537, -14.001493454, -11.7838106155, -34.0495986938, -18.2533817291], [1032.4432373, -866.264953613, 816.315002441, 285.762390137, 51.6627883911, 329.917816162, 105.42414856, 170.558502197, 157.631454468, 104.90650177, 118.17906189, 107.561408997, 80.1861114502], [762.326599121, -85.7495880127, 285.762390137, 374.747344971, 55.548374176, 266.152069092, 148.963821411, 156.621826172, 150.613586426, 132.366241455, 111.188774109, 107.939872742, 63.2272224426], [5.11937570572, 180.922515869, 51.6627883911, 55.548374176, 140.010742188, 46.8416252136, 63.1424255371, 33.2587280273, 38.7436332703, 23.9099140167, 32.3031845093, 17.6743278503, 23.0230827332], [717.581420898, -219.031768799, 329.917816162, 266.152069092, 46.8416252136, 316.312927246, 129.650634766, 174.157150269, 143.867538452, 111.901596069, 110.621994019, 100.936164856, 60.5559654236], [314.461700439, 63.0045089722, 105.42414856, 148.963821411, 63.1424255371, 129.650634766, 160.756500244, 96.379447937, 102.277061462, 87.0150299072, 54.8592643738, 59.2399559021, 23.7429466248], [417.600585938, -80.0077896118, 170.558502197, 156.621826172, 33.2587280273, 174.157150269, 96.379447937, 168.757019043, 116.783317566, 77.9384689331, 83.9145736694, 62.1274223328, 41.8344421387], [330.210754395, -22.001203537, 157.631454468, 150.613586426, 38.7436332703, 143.867538452, 102.277061462, 116.783317566, 150.545349121, 99.4373855591, 66.9639511108, 65.6309127808, 27.010137558], [331.585540771, -14.001493454, 104.90650177, 132.366241455, 23.9099140167, 111.901596069, 87.0150299072, 77.9384689331, 99.4373855591, 118.581771851, 64.4311676025, 57.2790374756, 21.5355949402], [224.794754028, -11.7838106155, 118.17906189, 111.188774109, 32.3031845093, 110.621994019, 54.8592643738, 83.9145736694, 66.9639511108, 64.4311676025, 118.478385925, 63.2988471985, 52.7280311584], [245.034912109, -34.0495986938, 107.561408997, 107.939872742, 17.6743278503, 100.936164856, 59.2399559021, 62.1274223328, 65.6309127808, 57.2790374756, 63.2988471985, 88.7207260132, 40.2004432678], [117.105888367, -18.2533817291, 80.1861114502, 63.2272224426, 23.0230827332, 60.5559654236, 23.7429466248, 41.8344421387, 27.010137558, 21.5355949402, 52.7280311584, 40.2004432678, 78.810585022]],
