{
"lowlevel": {
    "average_loudness": 0.57150965929,
    "barkbands_crest": {
        "dmean": 1.62888932228,
        "dmean2": 2.41125941277,
        "dvar": 2.58353233337,
        "dvar2": 6.0046210289,
        "max": 25.1374340057,
        "mean": 13.29301548,
        "median": 12.9569320679,
        "min": 3.14380574226,
        "var": 19.5675468445
    },
    "barkbands_flatness_db": {
        "dmean": 0.0224457550794,
        "dmean2": 0.0305275060236,
        "dvar": 0.000949427660089,
        "dvar2": 0.00172277831007,
        "max": 0.648497223854,
        "mean": 0.305236697197,
        "median": 0.303481221199,
        "min": 0.011006235145,
        "var": 0.00806595850736
    },
    "barkbands_kurtosis": {
        "dmean": 4.3464140892,
        "dmean2": 6.38139677048,
        "dvar": 124.471290588,
        "dvar2": 257.106964111,
        "max": 434.997802734,
        "mean": 12.127746582,
        "median": 4.64162731171,
        "min": -1.73259723186,
        "var": 560.05871582
    },
    "barkbands_skewness": {
        "dmean": 0.443073391914,
        "dmean2": 0.642133593559,
        "dvar": 0.340331017971,
        "dvar2": 0.715970277786,
        "max": 15.7074661255,
        "mean": 1.69017839432,
        "median": 1.38786125183,
        "min": -2.9379401207,
        "var": 2.69150781631
    },
    "barkbands_spread": {
        "dmean": 1.36807966232,
        "dmean2": 1.98088240623,
        "dvar": 8.75279140472,
        "dvar2": 18.5490264893,
        "max": 92.9134368896,
        "mean": 6.31713056564,
        "median": 4.93118143082,
        "min": 0.193691417575,
        "var": 35.3472671509
    },
    "dissonance": {
        "dmean": 0.0282220579684,
        "dmean2": 0.045651499182,
        "dvar": 0.000853965932038,
        "dvar2": 0.00218319613487,
        "max": 0.500000059605,
        "mean": 0.391157925129,
        "median": 0.39725279808,
        "min": 0.140192523599,
        "var": 0.00294606713578
    },
    "dynamic_complexity": 6.78416538239,
    "erbbands_crest": {
        "dmean": 1.97245740891,
        "dmean2": 2.86169028282,
        "dvar": 4.76304483414,
        "dvar2": 10.3765468597,
        "max": 31.1752071381,
        "mean": 14.094575882,
        "median": 12.7679595947,
        "min": 2.10206890106,
        "var": 35.1393013
    },
    "erbbands_flatness_db": {
        "dmean": 0.0183279626071,
        "dmean2": 0.0250143632293,
        "dvar": 0.000629343267065,
        "dvar2": 0.00119450071361,
        "max": 0.48408806324,
        "mean": 0.28904864192,
        "median": 0.292044460773,
        "min": 0.0395851060748,
        "var": 0.00580559577793
    },
    "erbbands_kurtosis": {
        "dmean": 2.05590629578,
        "dmean2": 3.01786446571,
        "dvar": 18.0916843414,
        "dvar2": 39.3784294128,
        "max": 218.061233521,
        "mean": 6.63606834412,
        "median": 2.33497619629,
        "min": -1.81228721142,
        "var": 260.152038574
    },
    "erbbands_skewness": {
        "dmean": 0.336521744728,
        "dmean2": 0.477053374052,
        "dvar": 0.159383505583,
        "dvar2": 0.342217594385,
        "max": 11.2145376205,
        "mean": 1.47463214397,
        "median": 1.25185394287,
        "min": -1.93225324154,
        "var": 1.76167190075
    },
    "erbbands_spread": {
        "dmean": 3.81107258797,
        "dmean2": 5.55589962006,
        "dvar": 67.0764312744,
        "dvar2": 150.289199829,
        "max": 165.121200562,
        "mean": 17.5957393646,
        "median": 13.1357479095,
        "min": 0.651913821697,
        "var": 221.912490845
    },
    "hfc": {
        "dmean": 1.65540218353,
        "dmean2": 2.26089024544,
        "dvar": 8.11072254181,
        "dvar2": 14.5280008316,
        "max": 79.8227767944,
        "mean": 9.57731056213,
        "median": 6.84888553619,
        "min": 1.11493768942e-16,
        "var": 99.2397842407
    },
    "melbands_crest": {
        "dmean": 2.07017445564,
        "dmean2": 3.05572915077,
        "dvar": 5.60983514786,
        "dvar2": 11.2981786728,
        "max": 38.2513237,
        "mean": 16.9403553009,
        "median": 16.0635414124,
        "min": 1.88011145592,
        "var": 38.9073448181
    },
    "melbands_flatness_db": {
        "dmean": 0.0235719513148,
        "dmean2": 0.0315155014396,
        "dvar": 0.00113541539758,
        "dvar2": 0.00207272241823,
        "max": 0.804016232491,
        "mean": 0.399298071861,
        "median": 0.395105570555,
        "min": 0.00536215491593,
        "var": 0.0119796572253
    },
    "melbands_kurtosis": {
        "dmean": 7.23570013046,
        "dmean2": 10.6415910721,
        "dvar": 701.938720703,
        "dvar2": 1537.1887207,
        "max": 1095.88391113,
        "mean": 18.8536300659,
        "median": 7.47913837433,
        "min": -1.48133122921,
        "var": 2429.83374023
    },
    "melbands_skewness": {
        "dmean": 0.500800967216,
        "dmean2": 0.72395914793,
        "dvar": 0.572243154049,
        "dvar2": 1.17698502541,
        "max": 24.9482707977,
        "mean": 2.15229582787,
        "median": 1.71238493919,
        "min": -1.61281299591,
        "var": 3.90219449997
    },
    "melbands_spread": {
        "dmean": 1.4101421833,
        "dmean2": 2.01800370216,
        "dvar": 11.0094079971,
        "dvar2": 25.4388446808,
        "max": 161.508728027,
        "mean": 7.37042379379,
        "median": 5.91145038605,
        "min": 0.0998970866203,
        "var": 63.8148727417
    },
    "pitch_salience": {
        "dmean": 0.0486608184874,
        "dmean2": 0.0718160420656,
        "dvar": 0.00243507046252,
        "dvar2": 0.00519928289577,
        "max": 0.984868049622,
        "mean": 0.4931191504,
        "median": 0.497407197952,
        "min": 0.0364559814334,
        "var": 0.0191803351045
    },
    "silence_rate_20dB": {
        "dmean": 0,
        "dmean2": 0,
        "dvar": 0,
        "dvar2": 0,
        "max": 1,
        "mean": 1,
        "median": 1,
        "min": 1,
        "var": 0
    },
    "silence_rate_30dB": {
        "dmean": 0.019809640944,
        "dmean2": 0.0396223478019,
        "dvar": 0.0194183476269,
        "dvar2": 0.0394420810044,
        "max": 1,
        "mean": 0.964407324791,
        "median": 1,
        "min": 0,
        "var": 0.0343299433589
    },
    "silence_rate_60dB": {
        "dmean": 0.0139286546037,
        "dmean2": 0.0278594642878,
        "dvar": 0.0137355169281,
        "dvar2": 0.0297101289034,
        "max": 1,
        "mean": 0.208449393511,
        "median": 0,
        "min": 0,
        "var": 0.165003493428
    },
    "spectral_centroid": {
        "dmean": 64.6273422241,
        "dmean2": 91.0389328003,
        "dvar": 26716.1699219,
        "dvar2": 52743.7304688,
        "max": 11358.0566406,
        "mean": 536.997924805,
        "median": 454.918182373,
        "min": 97.8388595581,
        "var": 206053.515625
    },
    "spectral_complexity": {
        "dmean": 1.27880525589,
        "dmean2": 2.11902189255,
        "dvar": 3.59443497658,
        "dvar2": 7.6473197937,
        "max": 33,
        "mean": 9.17084503174,
        "median": 9,
        "min": 0,
        "var": 34.7552108765
    },
    "spectral_decrease": {
        "dmean": 1.79972092784e-09,
        "dmean2": 2.68540922832e-09,
        "dvar": 2.3330450506e-17,
        "dvar2": 5.38144515937e-17,
        "max": 6.37147880338e-29,
        "mean": -7.29753724116e-09,
        "median": -4.94524554639e-09,
        "min": -9.09963162599e-08,
        "var": 8.63523553772e-17
    },
    "spectral_energy": {
        "dmean": 0.00691810855642,
        "dmean2": 0.0102991238236,
        "dvar": 0.000335669523338,
        "dvar2": 0.000773290696088,
        "max": 0.347589194775,
        "mean": 0.028411205858,
        "median": 0.0193987432867,
        "min": 1.02228537719e-20,
        "var": 0.00127229141071
    },
    "spectral_energyband_high": {
        "dmean": 2.87353050226e-05,
        "dmean2": 4.38699098595e-05,
        "dvar": 8.73060201911e-09,
        "dvar2": 2.1113010007e-08,
        "max": 0.00111583073158,
        "mean": 4.72366518807e-05,
        "median": 3.51883909389e-06,
        "min": 7.30856076456e-21,
        "var": 1.59625539453e-08
    },
    "spectral_energyband_low": {
        "dmean": 0.00492700980976,
        "dmean2": 0.00753488857299,
        "dvar": 0.000296148413327,
        "dvar2": 0.000662692531478,
        "max": 0.309029757977,
        "mean": 0.0106659075245,
        "median": 0.00239829998463,
        "min": 3.35442337126e-23,
        "var": 0.00081759179011
    },
    "spectral_energyband_middle_high": {
        "dmean": 0.000519405235536,
        "dmean2": 0.000749926315621,
        "dvar": 1.19977551094e-06,
        "dvar2": 2.4506769023e-06,
        "max": 0.0196214690804,
        "mean": 0.00170357699972,
        "median": 0.000622484716587,
        "min": 1.33591345099e-21,
        "var": 6.53242523185e-06
    },
    "spectral_energyband_middle_low": {
        "dmean": 0.00247185351327,
        "dmean2": 0.00344469025731,
        "dvar": 1.95344655367e-05,
        "dvar2": 3.80920719181e-05,
        "max": 0.136756584048,
        "mean": 0.0160487629473,
        "median": 0.012627068907,
        "min": 2.2400539703e-22,
        "var": 0.000293949735351
    },
    "spectral_entropy": {
        "dmean": 0.171812206507,
        "dmean2": 0.246122479439,
        "dvar": 0.0743659958243,
        "dvar2": 0.152547225356,
        "max": 9.81711959839,
        "mean": 6.0707859993,
        "median": 6.08630752563,
        "min": 3.79096984863,
        "var": 0.614319384098
    },
    "spectral_flux": {
        "dmean": 0.0148702552542,
        "dmean2": 0.024468075484,
        "dvar": 0.000615414173808,
        "dvar2": 0.00166969024576,
        "max": 0.334009885788,
        "mean": 0.0425486341119,
        "median": 0.0282850638032,
        "min": 6.50246523293e-11,
        "var": 0.00179341563489
    },
    "spectral_kurtosis": {
        "dmean": 12.8162698746,
        "dmean2": 21.6835823059,
        "dvar": 286.210693359,
        "dvar2": 784.010314941,
        "max": 265.235687256,
        "mean": 36.4043502808,
        "median": 19.0279140472,
        "min": -1.22639369965,
        "var": 1758.31494141
    },
    "spectral_rms": {
        "dmean": 0.000478345609736,
        "dmean2": 0.000676290364936,
        "dvar": 7.26039615984e-07,
        "dvar2": 1.48810340761e-06,
        "max": 0.0184149779379,
        "mean": 0.00441577704623,
        "median": 0.00435035675764,
        "min": 3.15808728994e-12,
        "var": 8.21922913019e-06
    },
    "spectral_rolloff": {
        "dmean": 76.8822402954,
        "dmean2": 128.520339966,
        "dvar": 77979.875,
        "dvar2": 153687.734375,
        "max": 19250.6835938,
        "mean": 554.061767578,
        "median": 495.263671875,
        "min": 43.06640625,
        "var": 709737.6875
    },
    "spectral_skewness": {
        "dmean": 0.801021277905,
        "dmean2": 1.34315919876,
        "dvar": 0.770773887634,
        "dvar2": 2.09684467316,
        "max": 13.3907899857,
        "mean": 3.82750296593,
        "median": 3.13098812103,
        "min": -0.0403389967978,
        "var": 5.78190994263
    },
    "spectral_spread": {
        "dmean": 396117.15625,
        "dmean2": 617599.875,
        "dvar": 522392436736,
        "dvar2": 1.06528807322e+12,
        "max": 41130332,
        "mean": 2250696,
        "median": 2008461.375,
        "min": 320544.1875,
        "var": 2.9815430185e+12
    },
    "spectral_strongpeak": {
        "dmean": 0.252805203199,
        "dmean2": 0.41071242094,
        "dvar": 0.203951865435,
        "dvar2": 0.469014436007,
        "max": 5.71776103973,
        "mean": 1.05052065849,
        "median": 0.640142917633,
        "min": 0,
        "var": 0.986872375011
    },
    "zerocrossingrate": {
        "dmean": 0.00289337709546,
        "dmean2": 0.00342110497877,
        "dvar": 2.39815126406e-05,
        "dvar2": 2.93308112305e-05,
        "max": 0.51708984375,
        "mean": 0.022239767015,
        "median": 0.01953125,
        "min": 0.00146484375,
        "var": 0.000612529693171
    },
    "barkbands": {
        "dmean": [0.00182130024768, 0.00318618235178, 0.000693881418556, 0.000248198135523, 0.000931144168135, 0.000741034629755, 0.000859876454342, 0.000815448584035, 0.000301154912449, 0.000534346909262, 0.000155927773449, 5.16241889272e-05, 5.01463073306e-05, 0.000111318135168, 3.6621298932e-05, 7.55810542614e-05, 5.82343018323e-05, 1.17748186312e-05, 2.35284114751e-05, 2.08334658964e-05, 9.21516766539e-06, 4.45348905487e-06, 2.62880325863e-06, 3.17986450682e-06, 2.33501077673e-06, 8.16699468942e-07, 5.78702270104e-07],
        "dmean2": [0.00328146573156, 0.00423819804564, 0.00116084504407, 0.000423424324254, 0.00129778054543, 0.00100400706287, 0.00122451304924, 0.0010074415477, 0.000437606533524, 0.000808085023891, 0.000243045782554, 7.79001784394e-05, 7.72958010202e-05, 0.000155362984515, 5.72952267248e-05, 0.000103186932392, 8.14704253571e-05, 1.8561275283e-05, 3.6350411392e-05, 2.94828714686e-05, 1.27054836412e-05, 7.11054599378e-06, 4.29767715104e-06, 5.48352636542e-06, 3.98100519305e-06, 1.36429503073e-06, 1.10403959752e-06],
        "dvar": [5.56208506168e-05, 0.000132204673719, 1.89297065845e-06, 5.1400280654e-07, 4.3613113121e-06, 2.49459912993e-06, 4.13379848396e-06, 2.82295536636e-06, 5.79263485179e-07, 2.67715449809e-06, 1.74869001057e-07, 1.34436533017e-08, 1.07518562942e-08, 1.37849923476e-07, 1.11996669716e-08, 5.62269377724e-08, 3.23307460803e-08, 1.32654509599e-09, 5.06961050917e-09, 4.74961669994e-09, 7.51822770706e-10, 2.47840081791e-10, 1.02162354965e-10, 2.0964485703e-10, 1.12083786696e-10, 1.32672015735e-11, 1.49600193344e-11],
        "dvar2": [0.00017057362129, 0.000232990045333, 5.40668179383e-06, 1.47291609665e-06, 1.0039895642e-05, 4.48500713901e-06, 7.25638756194e-06, 4.33061677541e-06, 1.18270611438e-06, 5.76231650484e-06, 4.18829102955e-07, 3.15169863541e-08, 2.74460898453e-08, 2.22394561433e-07, 2.51263649886e-08, 7.83142084515e-08, 6.15744966126e-08, 3.4255080994e-09, 1.20151568694e-08, 8.65232330227e-09, 1.39143929712e-09, 6.66141641847e-10, 2.65565819335e-10, 5.69353064694e-10, 2.99310826124e-10, 3.47253649446e-11, 4.38062329466e-11],
        "max": [0.112541750073, 0.215878173709, 0.0274465456605, 0.0173393767327, 0.0618006698787, 0.0659280344844, 0.090453594923, 0.0387336947024, 0.0183870587498, 0.042499024421, 0.00888367556036, 0.002416648902, 0.00206265388988, 0.00831610709429, 0.00247898092493, 0.00766888912767, 0.00505289249122, 0.00112959789112, 0.00138302450068, 0.00155813479796, 0.000521818292327, 0.000217258027988, 0.000128575469716, 0.000145245183376, 0.000121729957755, 4.55188637716e-05, 6.55858020764e-05],
        "mean": [0.00188714568503, 0.0071804090403, 0.00177848245949, 0.000373974791728, 0.00380464480259, 0.00386010832153, 0.00382329546846, 0.0027358585503, 0.000777078908868, 0.000924348074477, 0.000325061264448, 0.000128271974972, 0.000109030770545, 0.000218479224714, 7.30253595975e-05, 0.000145208716276, 0.000129979147459, 2.45734099735e-05, 4.47782585979e-05, 3.71653040929e-05, 1.57047870744e-05, 6.46439229968e-06, 2.95215454571e-06, 2.47155753641e-06, 1.72824991296e-06, 6.34070261185e-07, 3.26198716039e-07],
        "median": [2.97279912047e-05, 0.000918432488106, 0.000740497780498, 0.000152071617777, 0.00163954880554, 0.000724221055862, 0.000489178812131, 0.000651452573948, 4.36331829405e-05, 6.25259999651e-05, 4.89791855216e-05, 2.92233908112e-05, 2.80826698145e-05, 3.70363341062e-05, 1.39383546411e-05, 2.6829635317e-05, 1.53839264385e-05, 3.9197911974e-06, 5.0743274187e-06, 2.39258497459e-06, 1.02947024061e-06, 3.81231899382e-07, 1.26119743982e-07, 4.46534826892e-08, 9.48433509507e-09, 3.60571439373e-09, 1.01032171518e-09],
        "min": [2.43893999612e-24, 1.0811718937e-23, 1.67160414677e-24, 2.51164003664e-24, 2.7941197672e-23, 3.47629891013e-23, 1.29823470261e-23, 1.23009273984e-23, 2.1009595227e-23, 3.50580325462e-23, 1.94826397712e-23, 2.86885644936e-23, 4.83801451196e-23, 7.92807607884e-23, 5.09586221853e-23, 5.49125445036e-23, 1.21645002158e-22, 1.33184497345e-22, 1.61108368476e-22, 2.54832314158e-22, 3.31217803963e-22, 3.95289364364e-22, 3.86934305014e-22, 6.51079999372e-22, 9.74427748291e-22, 1.64332767375e-21, 2.06190459069e-21],
        "var": [6.06402027188e-05, 0.000465206481749, 7.21502829037e-06, 4.88436910473e-07, 2.65669641522e-05, 6.28114794381e-05, 5.9325586335e-05, 2.06312852242e-05, 2.47262369157e-06, 6.33222043689e-06, 4.29375404565e-07, 6.12438881831e-08, 3.05609511031e-08, 3.6236170331e-07, 2.92154815895e-08, 2.43974824343e-07, 1.5530174835e-07, 5.65766056226e-09, 1.20871401776e-08, 1.07618491896e-08, 2.2022033086e-09, 3.49343637351e-10, 1.02744410202e-10, 1.47647324922e-10, 8.06545802368e-11, 1.01841009584e-11, 8.02458186705e-12]
    },
    "erbbands": {
        "dmean": [0.195720210671, 0.349363774061, 0.759102642536, 0.723861634731, 1.55685126781, 3.77072834969, 5.95964622498, 6.01844882965, 15.3077869415, 15.8909292221, 8.09187698364, 5.87090349197, 20.8188228607, 4.92821073532, 6.79415416718, 2.1378467083, 2.30789661407, 3.19944024086, 4.48580884933, 2.37241983414, 2.65575885773, 3.57787799835, 0.839815914631, 1.34338665009, 1.07380640507, 0.854434072971, 0.50982272625, 0.280340611935, 0.168444618583, 0.116225920618, 0.0662268847227, 0.0633224248886, 0.0500597432256, 0.0257076751441, 0.0182179193944, 0.00408395612612, 0.00148344202898, 0.000614761083852, 0.000130204702145, 9.16258068173e-06],
        "dmean2": [0.278610289097, 0.457672148943, 1.20466947556, 1.25503790379, 2.35059452057, 5.35519790649, 7.28992176056, 8.83434200287, 22.2569675446, 19.9682483673, 10.5295934677, 8.69302368164, 30.8837738037, 7.95316123962, 10.5694599152, 3.21632599831, 3.46513366699, 4.37472963333, 6.46921443939, 3.20818996429, 3.62585306168, 5.00372314453, 1.29167532921, 1.98788142204, 1.55824410915, 1.21239876747, 0.742411136627, 0.411227405071, 0.261168897152, 0.194611653686, 0.108705066144, 0.108548529446, 0.0849651098251, 0.0435405857861, 0.0314176119864, 0.00682470574975, 0.00248419097625, 0.00110539153684, 0.000249937438639, 1.48390345203e-05],
        "dvar": [0.644920408726, 0.888312757015, 2.24053549767, 2.52610468864, 8.92583751678, 94.4887237549, 166.00189209, 173.346221924, 1368.93664551, 1074.68859863, 251.26776123, 194.209213257, 4721.08154297, 148.053573608, 366.091247559, 20.1786270142, 20.6413764954, 74.0241241455, 237.281219482, 41.5140724182, 60.2113800049, 146.261245728, 5.64994335175, 17.4359207153, 10.7746582031, 6.43099069595, 2.43503808975, 0.771456897259, 0.276317715645, 0.213840097189, 0.0656024813652, 0.0750049352646, 0.0522696599364, 0.0131491553038, 0.00710987718776, 0.000332557363436, 4.38351307821e-05, 1.12062762128e-05, 8.02295460289e-07, 5.80295256292e-10],
        "dvar2": [1.254773736, 1.5639346838, 5.98874235153, 7.27235507965, 23.4762859344, 228.986083984, 267.365722656, 374.328460693, 2486.56420898, 1700.01928711, 435.746643066, 420.028594971, 9807.57226562, 403.473724365, 857.455749512, 47.746295929, 51.0673217773, 122.850982666, 387.122344971, 59.5569381714, 86.9451217651, 279.004638672, 13.5970249176, 36.0949935913, 22.4744186401, 12.1157102585, 4.84519910812, 1.71184241772, 0.683025956154, 0.594056248665, 0.170208901167, 0.202829927206, 0.138528600335, 0.0350404642522, 0.0190680231899, 0.00087221810827, 0.000114278758701, 3.14117351081e-05, 2.36459800362e-06, 1.52711476797e-09],
        "max": [14.0863933563, 27.6921520233, 48.0434417725, 28.7167015076, 68.943977356, 289.940246582, 559.099487305, 333.159851074, 1632.38928223, 722.766540527, 333.432403564, 277.784118652, 1925.83032227, 224.833404541, 421.171722412, 83.3011779785, 91.4458770752, 305.52923584, 353.02557373, 204.201248169, 229.630874634, 350.049041748, 55.6696166992, 104.620689392, 55.2784080505, 51.0958900452, 33.3861083984, 16.2548732758, 6.88661909103, 6.35077095032, 2.92387986183, 2.64716863632, 2.35295009613, 1.3250695467, 1.044252038, 0.208712548018, 0.0775096863508, 0.0479975864291, 0.0153523376212, 0.000377973454306],
        "mean": [0.341865181923, 1.04622960091, 2.396910429, 1.31103742123, 3.57764077187, 15.0113964081, 31.9722290039, 31.5141792297, 67.0202255249, 55.4795379639, 28.0831451416, 15.8593988419, 34.6245765686, 10.5359687805, 13.7910451889, 6.12410593033, 5.87099170685, 7.51149082184, 8.74793720245, 5.59212255478, 5.79509401321, 8.1392326355, 1.86174356937, 2.56834363937, 2.08273506165, 1.58279311657, 0.886986553669, 0.443984776735, 0.257494390011, 0.149011805654, 0.0728710517287, 0.0539479516447, 0.0388300791383, 0.019791431725, 0.0130173396319, 0.00319457612932, 0.00114966568071, 0.000399098731577, 8.36231120047e-05, 3.28630521835e-05],
        "median": [0.00845406204462, 0.258297890425, 1.04803872108, 0.832322359085, 1.96992349625, 5.72268629074, 9.06343841553, 6.30594873428, 6.41785955429, 21.6319293976, 9.00438308716, 1.95940971375, 2.61789035797, 1.56516695023, 2.22873854637, 2.14759922028, 1.90994095802, 1.86130845547, 1.87890577316, 1.61377179623, 1.39522778988, 0.82880872488, 0.356447517872, 0.286735773087, 0.200676828623, 0.117068246007, 0.0598565042019, 0.0297169592232, 0.0141603425145, 0.0108957365155, 0.00265903910622, 0.00149019644596, 0.000493292463943, 0.000169771010405, 7.81531853136e-05, 3.72280046577e-05, 1.65316341736e-05, 3.26748931911e-06, 1.03569727798e-05, 2.21588270506e-05],
        "min": [1.7212490568e-22, 2.13303505517e-21, 3.77244967591e-21, 9.64588560113e-21, 5.12163707352e-20, 9.5712984668e-20, 9.60929513748e-20, 2.33895864752e-19, 9.33070199964e-20, 2.9471861029e-19, 4.27198254534e-19, 6.39457866196e-19, 1.35666709106e-18, 1.34808447182e-18, 1.12319887868e-18, 1.22712161154e-18, 2.20115697492e-18, 3.07260002205e-18, 2.54511707838e-18, 4.34875028286e-18, 3.99823994291e-18, 6.12754759623e-18, 8.2419540044e-18, 9.24357460044e-18, 9.70029741257e-18, 1.18438011396e-17, 1.46477159415e-17, 1.13164064974e-17, 1.32546370836e-17, 1.35206823568e-17, 1.32561996278e-17, 1.27289935828e-17, 1.05114100417e-17, 9.98430904871e-18, 7.87999300324e-18, 4.88752238072e-18, 3.15578130444e-18, 1.03922815579e-18, 2.66294461394e-19, 3.07720008975e-20],
        "var": [1.86596179008, 4.62460660934, 12.356426239, 2.94358778, 20.2263755798, 476.458496094, 4073.77416992, 2655.31323242, 19026.9355469, 7586.7890625, 1691.03295898, 914.015625, 10632.1650391, 465.583770752, 848.004943848, 100.292373657, 74.6761474609, 313.908416748, 581.147583008, 192.095428467, 253.187438965, 719.257202148, 16.9443225861, 49.0943603516, 25.9067802429, 16.344827652, 6.4520483017, 1.62321186066, 0.520318984985, 0.212495833635, 0.0654976889491, 0.0555168949068, 0.0384051650763, 0.00971823185682, 0.00498066004366, 0.000255547871348, 3.35910190188e-05, 6.90338356435e-06, 4.23278976314e-07, 1.66163505178e-09]
    },
    "gfcc": {
        "mean": [-173.56312561, 186.023239136, -105.179618835, 11.5804672241, -42.000705719, -22.1566734314, -30.5730552673, -13.1038303375, -10.0271043777, -6.27339935303, -4.73202037811, -9.43286800385, -3.77853155136],
        "cov": [[24470.671875, 889.923461914, -5023.56591797, 537.338378906, -364.275909424, 92.8449630737, 1024.04907227, 815.990539551, 1029.79016113, 485.807403564, 643.67376709, 197.21496582, 589.937072754], [889.923461914, 2295.97119141, -433.904205322, -1133.95336914, 334.82019043, -363.981323242, 251.288146973, -198.504852295, 192.545562744, -200.646560669, 158.287704468, -159.749145508, 128.082550049], [-5023.56591797, -433.904205322, 2872.36425781, 522.054138184, 59.9818992615, 422.104278564, -233.833206177, -30.4947166443, -280.421447754, 8.18820095062, -176.731430054, 93.0553970337, -75.2302703857], [537.338378906, -1133.95336914, 522.054138184, 1486.44970703, -3.58313155174, 263.288330078, 104.8592453, 124.592674255, 41.9518928528, 152.051849365, 35.2159576416, 117.889450073, 10.9412002563], [-364.275909424, 334.82019043, 59.9818992615, -3.58313155174, 363.161468506, 6.21179008484, 110.621131897, 28.3835163116, 69.1805267334, 1.16189563274, 51.8619232178, 7.04293346405, 9.28161048889], [92.8449630737, -363.981323242, 422.104278564, 263.288330078, 6.21179008484, 363.467926025, 25.7150115967, 150.355682373, 6.86045312881, 79.5307235718, -13.7194099426, 62.9431190491, 3.06776833534], [1024.04907227, 251.288146973, -233.833206177, 104.8592453, 110.621131897, 25.7150115967, 285.512420654, 74.4318389893, 161.560775757, 39.6477584839, 85.6175231934, 12.2364263535, 62.5534095764], [815.990539551, -198.504852295, -30.4947166443, 124.592674255, 28.3835163116, 150.355682373, 74.4318389893, 215.45350647, 79.6615142822, 65.7410888672, 13.0591239929, 46.1282501221, 3.10438323021], [1029.79016113, 192.545562744, -280.421447754, 41.9518928528, 69.1805267334, 6.86045312881, 161.560775757, 79.6615142822, 212.803039551, 77.8486480713, 109.849357605, 13.5131692886, 42.4149665833], [485.807403564, -200.646560669, 8.18820095062, 152.051849365, 1.16189563274, 79.5307235718, 39.6477584839, 65.7410888672, 77.8486480713, 165.381149292, 62.761341095, 55.8044624329, 4.80266427994], [643.67376709, 158.287704468, -176.731430054, 35.2159576416, 51.8619232178, -13.7194099426, 85.6175231934, 13.0591239929, 109.849357605, 62.761341095, 140.696838379, 27.2173976898, 42.0292358398], [197.21496582, -159.749145508, 93.0553970337, 117.889450073, 7.04293346405, 62.9431190491, 12.2364263535, 46.1282501221, 13.5131692886, 55.8044624329, 27.2173976898, 89.1180725098, 31.8070449829], [589.937072754, 128.082550049, -75.2302703857, 10.9412002563, 9.28161048889, 3.06776833534, 62.5534095764, 3.10438323021, 42.4149665833, 4.80266427994, 42.0292358398, 31.8070449829, 101.759651184]],
        "icov": [[0.000156928203069, -0.000413228204707, 0.000348999077687, -0.000357643439202, 0.000416081573348, -0.00023221957963, 0.00016791492817, -0.00056406337535, 0.000225721145398, -0.000429880456068, 0.000205790478503, -0.000310091098072, -0.000272010656772], [-0.000413228204707, 0.00334078283049, -0.00140999315772, 0.00248425011523, -0.0022141051013, 0.00128037494142, -0.00187126279343, 0.00242326431908, -0.00190898159053, 0.00272666779347, -0.00237260689028, 0.00309738772921, -0.00120032113045], [0.000348999077687, -0.00140999315772, 0.0014759239275, -0.00125551386736, 0.000849004311021, -0.00144233636092, 0.000943802820984, -0.000840183754917, 0.00106606481131, -0.00127759110183, 0.00126787635963, -0.00167365721427, 4.50815832664e-06], [-0.000357643439202, 0.00248425011523, -0.00125551386736, 0.00276283896528, -0.00153303169645, 0.000703307508957, -0.00190745457076, 0.00195987918414, -0.00124334509019, 0.00167650228832, -0.00179000280332, 0.00158849183936, -0.0003654336615], [0.000416081573348, -0.0022141051013, 0.000849004311021, -0.00153303169645, 0.00512666767463, -0.000701597891748, -0.000277166836895, -0.00223766616546, 0.000955656112637, -0.00102933950257, 0.000270375196123, -0.00250124256127, 0.0012797426898], [-0.00023221957963, 0.00128037494142, -0.00144233636092, 0.000703307508957, -0.000701597891748, 0.00632307119668, -0.00114779651631, -0.0027539327275, 0.000462019175757, -0.000379621662432, -0.000666113453917, 0.00130363355856, -0.0010513094021], [0.00016791492817, -0.00187126279343, 0.000943802820984, -0.00190745457076, -0.000277166836895, -0.00114779651631, 0.00875507574528, -0.00180646555964, -0.00346752721816, -0.000598821789026, 0.00148568500299, -0.000470703496831, -0.00197512865998], [-0.00056406337535, 0.00242326431908, -0.000840183754917, 0.00195987918414, -0.00223766616546, -0.0027539327275, -0.00180646555964, 0.0122171929106, -0.00543145649135, 0.00230853399262, 0.0016949767014, -0.00211978261359, 0.00253045326099], [0.000225721145398, -0.00190898159053, 0.00106606481131, -0.00124334509019, 0.000955656112637, 0.000462019175757, -0.00346752721816, -0.00543145649135, 0.0160282123834, -0.00546438386664, -0.00522526027635, 0.00236558215693, -0.000791977916379], [-0.000429880456068, 0.00272666779347, -0.00127759110183, 0.00167650228832, -0.00102933950257, -0.000379621662432, -0.000598821789026, 0.00230853399262, -0.00546438386664, 0.0140169085935, -0.00487197609618, -0.00334355258383, 0.00301184970886], [0.000205790478503, -0.00237260689028, 0.00126787635963, -0.00179000280332, 0.000270375196123, -0.000666113453917, 0.00148568500299, 0.0016949767014, -0.00522526027635, -0.00487197609618, 0.0172635540366, -0.00533270277083, -0.00110198673792], [-0.000310091098072, 0.00309738772921, -0.00167365721427, 0.00158849183936, -0.00250124256127, 0.00130363355856, -0.000470703496831, -0.00211978261359, 0.00236558215693, -0.00334355258383, -0.00533270277083, 0.0241730846465, -0.00914762169123], [-0.000272010656772, -0.00120032113045, 4.50815832664e-06, -0.0003654336615, 0.0012797426898, -0.0010513094021, -0.00197512865998, 0.00253045326099, -0.000791977916379, 0.00301184970886, -0.00110198673792, -0.00914762169123, 0.017511760816]]
    },
    "melbands": {
        "dmean": [0.00130190094933, 0.000381697231205, 0.000142887321999, 0.000163018528838, 0.000210550424526, 0.000151269821799, 0.000198568654014, 0.000193475105334, 6.3353079895e-05, 3.945300341e-05, 0.000102776764834, 2.00288650376e-05, 2.0143974325e-05, 7.58342503104e-06, 8.85082044988e-06, 3.25868154505e-06, 7.4073259384e-06, 9.2558484539e-06, 2.78958327726e-06, 6.67085896566e-06, 2.11364840652e-06, 4.19864772994e-06, 1.57062368089e-06, 5.60479179512e-07, 1.24537177726e-06, 8.14612633349e-07, 1.04009848201e-06, 5.86726798701e-07, 3.51423722122e-07, 2.69695760835e-07, 1.39080000849e-07, 1.00175029161e-07, 8.79787904751e-08, 5.94813691634e-08, 3.78975535398e-08, 4.16965484362e-08, 3.58461313965e-08, 4.05027655859e-08, 2.19671534296e-08, 2.17488871357e-08],
        "dmean2": [0.00189823843539, 0.000573494879063, 0.000240143985138, 0.000236330539337, 0.000264716974925, 0.000223463241127, 0.000288622191874, 0.000240768596996, 8.58001076267e-05, 5.79115767323e-05, 0.000152923952555, 3.25667606376e-05, 3.14099233947e-05, 1.16997061923e-05, 1.3096645489e-05, 5.01949580212e-06, 1.01537807495e-05, 1.33174935399e-05, 4.34487810708e-06, 8.94718596101e-06, 2.99564158013e-06, 5.88979719396e-06, 2.28785870604e-06, 8.59151043642e-07, 1.86379872957e-06, 1.28999431581e-06, 1.53657936153e-06, 8.64307878601e-07, 5.56247698569e-07, 3.7179270862e-07, 2.12510229858e-07, 1.53191081154e-07, 1.44029002058e-07, 1.0101831549e-07, 6.28562020211e-08, 6.94269388646e-08, 6.24253004844e-08, 6.92170161187e-08, 3.68486325897e-08, 3.70923629589e-08],
        "dvar": [2.68712865363e-05, 5.68456812289e-07, 9.37019919434e-08, 1.29104805069e-07, 2.02480123335e-07, 9.3002761048e-08, 2.28120995871e-07, 1.62398677617e-07, 1.90087217078e-08, 9.55010825976e-09, 1.12912132977e-07, 2.58338084258e-09, 3.25203286522e-09, 3.40523997888e-10, 3.41591560593e-10, 4.92371941829e-11, 4.22477608453e-10, 1.19773135854e-09, 5.4267416949e-11, 4.86144902112e-10, 3.35495381476e-11, 2.13976558694e-10, 2.16613272458e-11, 2.37265567436e-12, 1.54876649699e-11, 5.56640974633e-12, 1.4787010158e-11, 3.00011556396e-12, 1.26202802549e-12, 7.08503947785e-13, 2.06590387158e-13, 9.00718505315e-14, 1.11822098076e-13, 5.37543473004e-14, 2.09105160216e-14, 2.82731635684e-14, 2.54631775056e-14, 3.49719371843e-14, 9.81797075009e-15, 9.86537071381e-15],
        "dvar2": [5.52467281523e-05, 1.43072190895e-06, 2.64172683728e-07, 3.23549471659e-07, 3.78021553615e-07, 2.03880915706e-07, 4.15316236513e-07, 2.52578217896e-07, 3.55128655372e-08, 1.98470555546e-08, 2.35997674736e-07, 7.09386593911e-09, 7.64750573978e-09, 8.12555744911e-10, 7.75619124482e-10, 1.19539503296e-10, 7.01206426257e-10, 1.92074112171e-09, 1.26256879951e-10, 6.64109600645e-10, 5.73071104459e-11, 4.04098060569e-10, 4.13951789513e-11, 5.82209540995e-12, 3.26471905066e-11, 1.45420975609e-11, 3.07237221775e-11, 6.49918443715e-12, 3.00096861423e-12, 1.31904795246e-12, 4.87864252035e-13, 2.20889563693e-13, 3.04203792148e-13, 1.48222471623e-13, 5.37119414429e-14, 7.33564955741e-14, 7.0128886693e-14, 9.26292124059e-14, 2.62576961042e-14, 2.64671809046e-14],
        "max": [0.092940568924, 0.028504518792, 0.00686834240332, 0.00988049153239, 0.0149177154526, 0.00818927679211, 0.0208202246577, 0.00905588734895, 0.00376346358098, 0.00249588210136, 0.00933456327766, 0.000999899115413, 0.00122763158288, 0.000418312032707, 0.000387593870983, 0.000135452064569, 0.000702148827258, 0.000805225281511, 0.000243073853198, 0.000725314428564, 0.00013631262118, 0.000449473562185, 0.000120453223644, 3.77134347218e-05, 9.90488842945e-05, 3.95036186092e-05, 7.83521900303e-05, 3.29149079334e-05, 1.86210945685e-05, 1.71958399733e-05, 7.62337231208e-06, 4.78270021631e-06, 4.72997862744e-06, 3.10366226586e-06, 1.71395163306e-06, 1.66586175965e-06, 1.91048206943e-06, 2.07538664654e-06, 1.03412696717e-06, 1.17532886179e-06],
        "mean": [0.00243804114871, 0.00130241480656, 0.000290281343041, 0.000593680946622, 0.00111109740101, 0.000802974682301, 0.000854865589645, 0.000629068759736, 0.000202939976589, 0.000100223311165, 0.000169551727595, 3.88464322896e-05, 4.09070853493e-05, 1.80240440386e-05, 2.23803453991e-05, 7.01289172866e-06, 1.63776276167e-05, 1.66912777786e-05, 5.79188690608e-06, 1.27304792841e-05, 4.24597965321e-06, 9.52222035266e-06, 3.07404684463e-06, 1.14390456929e-06, 2.21791356125e-06, 1.39568305713e-06, 1.60389674875e-06, 9.61930368248e-07, 5.80947244089e-07, 4.29242021482e-07, 1.93283284489e-07, 1.47852432519e-07, 1.1308094372e-07, 7.15822565667e-08, 4.17292937982e-08, 3.85226748278e-08, 2.90516553036e-08, 3.07347320927e-08, 1.75045293815e-08, 1.63108531126e-08],
        "median": [0.000174301414518, 0.000536299077794, 0.000194985623239, 0.000286921916995, 0.000353619107045, 0.000140160758747, 7.10795429768e-05, 0.00012375426013, 5.90163253946e-05, 6.7725959525e-06, 1.22166529763e-05, 3.10896302835e-06, 6.20116497885e-06, 4.7732864914e-06, 5.10033623868e-06, 1.43898205351e-06, 3.10297195938e-06, 2.71944372798e-06, 1.06836205305e-06, 2.17876163333e-06, 9.61462092164e-07, 8.53200617712e-07, 4.16437217154e-07, 1.92056376136e-07, 2.21325819894e-07, 1.62137411053e-07, 1.03440626731e-07, 5.69277105456e-08, 3.6487811883e-08, 2.80986238721e-08, 1.08673585686e-08, 7.00540159215e-09, 7.08510761172e-09, 4.52818849084e-09, 1.21174514867e-09, 1.20720566876e-09, 6.841096023e-10, 3.13628234494e-10, 1.46624934416e-10, 1.01509516071e-10],
        "min": [2.63213853991e-24, 3.18417630163e-24, 3.77857668283e-24, 6.19716465924e-24, 3.4883042687e-24, 5.46818381875e-24, 2.06801661241e-24, 2.48237704414e-24, 4.20061016738e-24, 3.29239125454e-24, 6.22319351924e-24, 5.15442622661e-24, 2.8628831157e-24, 2.7200040369e-24, 4.95039879196e-24, 3.60124311792e-24, 5.02320276491e-24, 4.12620677895e-24, 4.2313370885e-24, 4.9805522112e-24, 4.88655903992e-24, 5.04599768962e-24, 5.84995660371e-24, 5.55221407124e-24, 7.45923521694e-24, 5.78337240457e-24, 7.57726537444e-24, 7.0422583308e-24, 8.72369641762e-24, 7.25074243514e-24, 5.34016116017e-24, 7.80031579539e-24, 7.53330373392e-24, 6.03380497641e-24, 6.965381469e-24, 6.00616841788e-24, 7.54849956153e-24, 7.53420066877e-24, 6.2994223318e-24, 8.54526081402e-24],
        "var": [7.58427704568e-05, 3.66379276784e-06, 1.23210838865e-07, 5.76836100663e-07, 3.36296807291e-06, 1.5823547983e-06, 3.14380622513e-06, 1.14760189263e-06, 1.06237727948e-07, 4.15478034199e-08, 2.54251631304e-07, 7.2662809103e-09, 7.48413153673e-09, 9.89441861776e-10, 1.62530322534e-09, 1.47898873704e-10, 1.68375369203e-09, 2.83056711403e-09, 1.73957737104e-10, 2.13800244175e-09, 1.14139572793e-10, 1.13271558799e-09, 7.16367590248e-11, 8.0718183873e-12, 3.97234085903e-11, 1.0264643302e-11, 2.57955445199e-11, 6.58847802704e-12, 2.63744191417e-12, 1.74979865666e-12, 3.41240843091e-13, 1.77057099451e-13, 1.2280255209e-13, 5.13060561646e-14, 2.17140606033e-14, 2.39894011638e-14, 1.77502665886e-14, 2.54046695518e-14, 7.331186202e-15, 7.10992340849e-15]
    },
    "mfcc": {
        "mean": [-802.158752441, 194.131439209, 9.08006286621, 30.7933082581, 5.53878545761, -3.02224326134, -8.99093723297, -8.92159175873, -6.78507328033, -2.91128516197, -4.00537395477, -0.879944622517, 1.76702189445],
        "cov": [[15954.8203125, 2999.98266602, -4060.23999023, 189.133331299, -989.015258789, -225.947860718, -115.331260681, 242.954269409, 383.013397217, 694.33013916, 381.499603271, 421.040008545, 536.331604004], [2999.98266602, 3268.03442383, -793.587890625, -811.623718262, -168.155258179, -263.394317627, -19.9602775574, -4.05154848099, 84.843788147, 169.673934937, 115.911773682, -11.1610584259, 65.8551940918], [-4060.23999023, -793.587890625, 2216.08496094, 205.993988037, 398.337738037, 293.909729004, 132.240585327, 55.9994621277, 1.86067700386, -141.178115845, -41.4215202332, -79.8673248291, -167.815231323], [189.133331299, -811.623718262, 205.993988037, 995.700866699, 150.861724854, 214.976150513, 126.859329224, 77.8309249878, 61.6674156189, 25.5892429352, 53.7643089294, 130.824920654, 126.328567505], [-989.015258789, -168.155258179, 398.337738037, 150.861724854, 311.953369141, 99.2344360352, 83.8261413574, 58.0624084473, 15.6885480881, -30.6127414703, 11.1096038818, 33.3789176941, 21.5727596283], [-225.947860718, -263.394317627, 293.909729004, 214.976150513, 99.2344360352, 233.118743896, 100.377532959, 65.7277603149, 57.8760414124, 24.6058673859, 45.9708862305, 28.820520401, 7.01869535446], [-115.331260681, -19.9602775574, 132.240585327, 126.859329224, 83.8261413574, 100.377532959, 143.154022217, 77.1273727417, 60.2175369263, 36.1688308716, 35.6181144714, 29.9939975739, 20.7243461609], [242.954269409, -4.05154848099, 55.9994621277, 77.8309249878, 58.0624084473, 65.7277603149, 77.1273727417, 179.025146484, 103.888336182, 44.6945762634, 54.8826980591, 51.7760620117, 35.6680641174], [383.013397217, 84.843788147, 1.86067700386, 61.6674156189, 15.6885480881, 57.8760414124, 60.2175369263, 103.888336182, 146.238632202, 71.9920806885, 56.0727996826, 48.7955932617, 39.9686851501], [694.33013916, 169.673934937, -141.178115845, 25.5892429352, -30.6127414703, 24.6058673859, 36.1688308716, 44.6945762634, 71.9920806885, 115.422523499, 65.2891845703, 45.5764083862, 40.552116394], [381.499603271, 115.911773682, -41.4215202332, 53.7643089294, 11.1096038818, 45.9708862305, 35.6181144714, 54.8826980591, 56.0727996826, 65.2891845703, 122.055595398, 89.6431274414, 59.0692558289], [421.040008545, -11.1610584259, -79.8673248291, 130.824920654, 33.3789176941, 28.820520401, 29.9939975739, 51.7760620117, 48.7955932617, 45.5764083862, 89.6431274414, 162.559906006, 132.136032104], [536.331604004, 65.8551940918, -167.815231323, 126.328567505, 21.5727596283, 7.01869535446, 20.7243461609, 35.6680641174, 39.9686851501, 40.552116394, 59.0692558289, 132.136032104, 173.341537476]],
