{
"lowlevel": {
    "average_loudness": 0.744375765324,
    "barkbands_crest": {
        "dmean": 2.62176942825,
        "dmean2": 4.30579566956,
        "dvar": 5.95453071594,
        "dvar2": 15.0312376022,
        "max": 25.730890274,
        "mean": 9.9418554306,
        "median": 9.11408805847,
        "min": 2.55049014091,
        "var": 16.5911006927
    },
    "barkbands_flatness_db": {
        "dmean": 0.0196134094149,
        "dmean2": 0.030579470098,
        "dvar": 0.00033856157097,
        "dvar2": 0.000798285705969,
        "max": 0.456261098385,
        "mean": 0.140785604715,
        "median": 0.123931266367,
        "min": 0.0280992221087,
        "var": 0.00382211944088
    },
    "barkbands_kurtosis": {
        "dmean": 3.31677293777,
        "dmean2": 5.1970615387,
        "dvar": 33.6198043823,
        "dvar2": 79.188041687,
        "max": 151.591567993,
        "mean": 6.21722602844,
        "median": 2.15093183517,
        "min": -1.9561406374,
        "var": 115.677627563
    },
    "barkbands_skewness": {
        "dmean": 0.555374205112,
        "dmean2": 0.848964571953,
        "dvar": 0.327847510576,
        "dvar2": 0.72990834713,
        "max": 11.0709667206,
        "mean": 1.77329385281,
        "median": 1.54348599911,
        "min": -5.23536062241,
        "var": 1.9763739109
    },
    "barkbands_spread": {
        "dmean": 4.87155389786,
        "dmean2": 7.54239749908,
        "dvar": 36.4633483887,
        "dvar2": 78.2925033569,
        "max": 106.980384827,
        "mean": 21.4196395874,
        "median": 20.6966762543,
        "min": 1.11656272411,
        "var": 190.479476929
    },
    "dissonance": {
        "dmean": 0.0175621770322,
        "dmean2": 0.0292099546641,
        "dvar": 0.000341166800354,
        "dvar2": 0.000922184728552,
        "max": 0.500000059605,
        "mean": 0.455955415964,
        "median": 0.466626107693,
        "min": 0.211998015642,
        "var": 0.00131485285237
    },
    "dynamic_complexity": 3.64085125923,
    "erbbands_crest": {
        "dmean": 2.59689474106,
        "dmean2": 4.16414308548,
        "dvar": 5.74475288391,
        "dvar2": 14.3703250885,
        "max": 31.8250026703,
        "mean": 9.99542140961,
        "median": 9.02429389954,
        "min": 2.26418614388,
        "var": 19.9456863403
    },
    "erbbands_flatness_db": {
        "dmean": 0.0155593082309,
        "dmean2": 0.0230288542807,
        "dvar": 0.000228488032008,
        "dvar2": 0.000465374469059,
        "max": 0.421185195446,
        "mean": 0.160259902477,
        "median": 0.152344807982,
        "min": 0.0414958409965,
        "var": 0.00257208873518
    },
    "erbbands_kurtosis": {
        "dmean": 1.1294413805,
        "dmean2": 1.74599194527,
        "dvar": 3.70355677605,
        "dvar2": 8.06847858429,
        "max": 47.4722900391,
        "mean": 1.12764966488,
        "median": -0.0671484470367,
        "min": -1.86016774178,
        "var": 12.9557342529
    },
    "erbbands_skewness": {
        "dmean": 0.365613847971,
        "dmean2": 0.547185719013,
        "dvar": 0.13546256721,
        "dvar2": 0.269563823938,
        "max": 6.14264440536,
        "mean": 0.29572057724,
        "median": 0.197674542665,
        "min": -5.2760887146,
        "var": 1.2268538475
    },
    "erbbands_spread": {
        "dmean": 7.66676473618,
        "dmean2": 11.7232837677,
        "dvar": 72.775932312,
        "dvar2": 163.464447021,
        "max": 139.562667847,
        "mean": 38.955493927,
        "median": 36.1376914978,
        "min": 3.71115708351,
        "var": 367.73248291
    },
    "hfc": {
        "dmean": 5.15082788467,
        "dmean2": 7.27859544754,
        "dvar": 152.065551758,
        "dvar2": 272.411010742,
        "max": 410.793029785,
        "mean": 18.9648017883,
        "median": 14.2679309845,
        "min": 1.15928529051e-16,
        "var": 503.829742432
    },
    "melbands_crest": {
        "dmean": 3.25972080231,
        "dmean2": 5.381939888,
        "dvar": 8.75890350342,
        "dvar2": 22.2713317871,
        "max": 34.2258644104,
        "mean": 13.7328681946,
        "median": 13.0567331314,
        "min": 1.5994720459,
        "var": 22.2700920105
    },
    "melbands_flatness_db": {
        "dmean": 0.0248234774917,
        "dmean2": 0.0381879769266,
        "dvar": 0.000529369921423,
        "dvar2": 0.00121793535072,
        "max": 0.605080246925,
        "mean": 0.216242223978,
        "median": 0.200499355793,
        "min": 0.0037626514677,
        "var": 0.00572085613385
    },
    "melbands_kurtosis": {
        "dmean": 7.35232830048,
        "dmean2": 11.6167802811,
        "dvar": 150.126403809,
        "dvar2": 360.600036621,
        "max": 460.735931396,
        "mean": 15.25303936,
        "median": 8.44961643219,
        "min": -1.90416836739,
        "var": 407.870910645
    },
    "melbands_skewness": {
        "dmean": 0.737606048584,
        "dmean2": 1.14897596836,
        "dvar": 0.590281128883,
        "dvar2": 1.39452338219,
        "max": 17.9610385895,
        "mean": 2.78713440895,
        "median": 2.47755742073,
        "min": -2.01550197601,
        "var": 2.6061463356
    },
    "melbands_spread": {
        "dmean": 7.01382112503,
        "dmean2": 10.7132720947,
        "dvar": 131.136978149,
        "dvar2": 248.783462524,
        "max": 245.59072876,
        "mean": 23.7107563019,
        "median": 18.6664428711,
        "min": 1.00199460983,
        "var": 527.985961914
    },
    "pitch_salience": {
        "dmean": 0.0682798847556,
        "dmean2": 0.110795021057,
        "dvar": 0.00372663233429,
        "dvar2": 0.00958158541471,
        "max": 0.94430822134,
        "mean": 0.547335863113,
        "median": 0.550217747688,
        "min": 0.148848965764,
        "var": 0.011796368286
    },
    "silence_rate_20dB": {
        "dmean": 0,
        "dmean2": 0,
        "dvar": 0,
        "dvar2": 0,
        "max": 1,
        "mean": 1,
        "median": 1,
        "min": 1,
        "var": 0
    },
    "silence_rate_30dB": {
        "dmean": 0,
        "dmean2": 0,
        "dvar": 0,
        "dvar2": 0,
        "max": 1,
        "mean": 1,
        "median": 1,
        "min": 1,
        "var": 0
    },
    "silence_rate_60dB": {
        "dmean": 0.0213483143598,
        "dmean2": 0.0426996275783,
        "dvar": 0.0208943616599,
        "dvar2": 0.0469223558903,
        "max": 1,
        "mean": 0.0909346267581,
        "median": 0,
        "min": 0,
        "var": 0.0826443359256
    },
    "spectral_centroid": {
        "dmean": 226.95741272,
        "dmean2": 342.736053467,
        "dvar": 80419.9765625,
        "dvar2": 145889.734375,
        "max": 10920.9970703,
        "mean": 1244.6652832,
        "median": 1182.07592773,
        "min": 206.518630981,
        "var": 536041.1875
    },
    "spectral_complexity": {
        "dmean": 2.88651680946,
        "dmean2": 4.51969957352,
        "dvar": 11.8662595749,
        "dvar2": 25.3839645386,
        "max": 57,
        "mean": 17.4684352875,
        "median": 16,
        "min": 0,
        "var": 122.903633118
    },
    "spectral_decrease": {
        "dmean": 1.82533521631e-09,
        "dmean2": 2.78656098196e-09,
        "dvar": 6.69131254272e-18,
        "dvar2": 1.51482909066e-17,
        "max": 8.27896072084e-19,
        "mean": -5.64729640828e-09,
        "median": -4.72600625301e-09,
        "min": -3.51886235705e-08,
        "var": 2.08787748516e-17
    },
    "spectral_energy": {
        "dmean": 0.00719445385039,
        "dmean2": 0.0109245758504,
        "dvar": 0.00010143477266,
        "dvar2": 0.000227045165957,
        "max": 0.138165295124,
        "mean": 0.0230343751609,
        "median": 0.0194682180882,
        "min": 1.05026952739e-20,
        "var": 0.000336642347975
    },
    "spectral_energyband_high": {
        "dmean": 0.000375682866434,
        "dmean2": 0.000516810396221,
        "dvar": 2.99568023365e-06,
        "dvar2": 5.12316091772e-06,
        "max": 0.0579800792038,
        "mean": 0.000836307357531,
        "median": 0.000332201452693,
        "min": 7.5484560669e-21,
        "var": 7.87546287029e-06
    },
    "spectral_energyband_low": {
        "dmean": 0.0034438050352,
        "dmean2": 0.00566690554842,
        "dvar": 4.08105042879e-05,
        "dvar2": 0.000102546982816,
        "max": 0.0725697800517,
        "mean": 0.00598797528073,
        "median": 0.00357826403342,
        "min": 1.45086085998e-22,
        "var": 6.11156210653e-05
    },
    "spectral_energyband_middle_high": {
        "dmean": 0.0013184157433,
        "dmean2": 0.00198710453697,
        "dvar": 4.31881971963e-06,
        "dvar2": 9.66915285971e-06,
        "max": 0.0409562326968,
        "mean": 0.00471041537821,
        "median": 0.00291937449947,
        "min": 1.47999979147e-21,
        "var": 2.82213841274e-05
    },
    "spectral_energyband_middle_low": {
        "dmean": 0.00491585349664,
        "dmean2": 0.00761907920241,
        "dvar": 6.05585628364e-05,
        "dvar2": 0.000141521493788,
        "max": 0.111845389009,
        "mean": 0.0122456187382,
        "median": 0.00898953340948,
        "min": 3.54645079582e-22,
        "var": 0.000135998838232
    },
    "spectral_entropy": {
        "dmean": 0.154972210526,
        "dmean2": 0.234557360411,
        "dvar": 0.0271749515086,
        "dvar2": 0.0564507693052,
        "max": 9.80460453033,
        "mean": 7.36812019348,
        "median": 7.50356340408,
        "min": 4.78345680237,
        "var": 0.324337542057
    },
    "spectral_flux": {
        "dmean": 0.0204758681357,
        "dmean2": 0.0322463437915,
        "dvar": 0.000517602427863,
        "dvar2": 0.00114769150969,
        "max": 0.29310759902,
        "mean": 0.0722882971168,
        "median": 0.0670495778322,
        "min": 1.02482661246e-10,
        "var": 0.00191327277571
    },
    "spectral_kurtosis": {
        "dmean": 2.09833216667,
        "dmean2": 3.5241765976,
        "dvar": 32.343711853,
        "dvar2": 90.0040054321,
        "max": 272.873809814,
        "mean": 6.91681337357,
        "median": 4.51989889145,
        "min": -1.21119093895,
        "var": 230.903839111
    },
    "spectral_rms": {
        "dmean": 0.000676874944475,
        "dmean2": 0.00100928335451,
        "dvar": 5.60733383281e-07,
        "dvar2": 1.18142770589e-06,
        "max": 0.0116101428866,
        "mean": 0.00433447910473,
        "median": 0.0043581398204,
        "min": 3.20102039493e-12,
        "var": 3.68493601854e-06
    },
    "spectral_rolloff": {
        "dmean": 412.980560303,
        "dmean2": 682.171875,
        "dvar": 551339.1875,
        "dvar2": 1078015,
        "max": 19896.6796875,
        "mean": 1470.76806641,
        "median": 925.927734375,
        "min": 64.599609375,
        "var": 2975010.75
    },
    "spectral_skewness": {
        "dmean": 0.233192428946,
        "dmean2": 0.374659478664,
        "dvar": 0.116402745247,
        "dvar2": 0.307033240795,
        "max": 13.7543067932,
        "mean": 1.7342479229,
        "median": 1.58321416378,
        "min": -0.28154322505,
        "var": 1.01674985886
    },
    "spectral_spread": {
        "dmean": 454961.09375,
        "dmean2": 669838.1875,
        "dvar": 328850735104,
        "dvar2": 571243888640,
        "max": 41102712,
        "mean": 4545852.5,
        "median": 4210119.5,
        "min": 340317.75,
        "var": 2.88834034074e+12
    },
    "spectral_strongpeak": {
        "dmean": 0.539327263832,
        "dmean2": 0.920416891575,
        "dvar": 0.944120943546,
        "dvar2": 2.40308094025,
        "max": 11.4701595306,
        "mean": 0.919119417667,
        "median": 0.471316188574,
        "min": 0,
        "var": 1.46794629097
    },
    "zerocrossingrate": {
        "dmean": 0.00868454854935,
        "dmean2": 0.0104503640905,
        "dvar": 0.000137256021844,
        "dvar2": 0.000139701573062,
        "max": 0.51953125,
        "mean": 0.058124050498,
        "median": 0.0537109375,
        "min": 0.0078125,
        "var": 0.00186493294314
    },
    "barkbands": {
        "dmean": [0.000116522751341, 0.00211031502113, 0.00158905144781, 0.0011599623831, 0.00345675088465, 0.000533107144292, 0.000725634687115, 0.000702540273778, 0.000589848321397, 0.00034610950388, 0.000187073310371, 0.000164849319845, 0.000199076588615, 0.000215709296754, 0.000256986502791, 0.000377195305191, 0.0003694408515, 0.000155044908752, 0.000161063115229, 9.15140190045e-05, 0.000113867892651, 0.000124808590044, 8.81186933839e-05, 4.80868620798e-05, 2.27832861128e-05, 1.2129516108e-05, 3.91288813262e-06],
        "dmean2": [0.000174597167643, 0.00350190070458, 0.00269323843531, 0.00192849338055, 0.00557036371902, 0.000857700943016, 0.00113994779531, 0.00109753443394, 0.000895096862223, 0.000525737355929, 0.000281362881651, 0.000253288046224, 0.00031034759013, 0.000337704725098, 0.000403699174058, 0.000597337726504, 0.000591719057411, 0.000248630472925, 0.000251835794188, 0.000141728334711, 0.000174626868102, 0.00017528666649, 0.000125492093503, 6.75186165608e-05, 3.37617384503e-05, 1.8917300622e-05, 6.36153572486e-06],
        "dvar": [9.18001106243e-08, 2.45278006332e-05, 8.06564912637e-06, 3.00892793348e-06, 4.68266262033e-05, 8.99396582099e-07, 2.25241433327e-06, 2.31120952776e-06, 2.39206497099e-06, 1.17884701467e-06, 4.18104463051e-07, 2.61498144027e-07, 2.87636169105e-07, 3.24843313138e-07, 2.73654165994e-07, 6.80834432387e-07, 4.73143956015e-07, 1.05887927759e-07, 1.34758948889e-07, 6.8934305375e-08, 1.59626978302e-07, 4.66206699912e-07, 2.90106811462e-07, 8.92933442742e-08, 7.83994824616e-09, 1.38318212439e-09, 9.91932647132e-11],
        "dvar2": [2.02819634865e-07, 6.11358627793e-05, 2.23085280595e-05, 8.12161033537e-06, 0.000117091964057, 2.09184509004e-06, 5.29463159182e-06, 5.47190666111e-06, 5.44953809367e-06, 2.53413577411e-06, 8.42619101604e-07, 6.07016431786e-07, 6.43632347419e-07, 7.63581908814e-07, 6.3026737962e-07, 1.70403347965e-06, 1.15868601824e-06, 2.54079793649e-07, 3.00151413057e-07, 1.54663709395e-07, 3.35581603395e-07, 9.04070759589e-07, 5.76163301957e-07, 1.71661611148e-07, 1.55267976254e-08, 2.98450308911e-09, 2.43468634142e-10],
        "max": [0.00482032354921, 0.0669894590974, 0.0522574335337, 0.0281696617603, 0.0895594581962, 0.0268467850983, 0.0358276963234, 0.0358529910445, 0.0416275970638, 0.0395427308977, 0.0303108617663, 0.0169492103159, 0.0183273032308, 0.0143272038549, 0.0118940537795, 0.0209267027676, 0.0168272312731, 0.0115299429744, 0.0113343959674, 0.0103021739051, 0.0177761279047, 0.022223379463, 0.0265771802515, 0.0141846714541, 0.00389962084591, 0.00178473361302, 0.000400653108954],
        "mean": [0.000180603659828, 0.00280605466105, 0.00235536042601, 0.0019597732462, 0.00521875033155, 0.00104989937972, 0.00142880773637, 0.00114583561663, 0.00122264644597, 0.000736520916689, 0.000327832181938, 0.000290317810141, 0.000350874179276, 0.000369200541172, 0.000487075711135, 0.000737346184906, 0.000746625009924, 0.000320269202348, 0.000366939377273, 0.000190566992387, 0.000224296265515, 0.000214425555896, 0.000149237996084, 8.05847594165e-05, 4.5841508836e-05, 2.32647435041e-05, 5.47442550669e-06],
        "median": [1.70595267264e-05, 0.00112930231262, 0.00115387118421, 0.00117040425539, 0.00282204104587, 0.00047779729357, 0.000538949039765, 0.00038099673111, 0.000230556644965, 0.000109376982437, 7.42708216421e-05, 7.14535344741e-05, 8.78311111592e-05, 0.000103067002783, 0.000148591978359, 0.000197885703528, 0.000251583900535, 0.000112448513391, 0.000125494756503, 7.29160310584e-05, 6.89328226144e-05, 4.47176389571e-05, 2.64165155386e-05, 2.04655589187e-05, 2.44283710344e-05, 1.2992352822e-05, 2.31801936934e-06],
        "min": [1.58095046035e-23, 7.43893687922e-23, 5.1664513856e-23, 2.50942081314e-23, 7.31043522429e-23, 8.93763249744e-23, 5.61928973072e-23, 2.53812935475e-23, 6.16559988895e-23, 7.72259990114e-23, 4.43205280618e-23, 1.16020562743e-22, 1.21297171297e-22, 9.55587541064e-23, 1.61279343033e-22, 1.61855249359e-22, 2.97429566106e-22, 1.47560143123e-22, 1.56602458094e-22, 2.64345396073e-22, 4.52800757477e-22, 6.03271595393e-22, 5.62506898882e-22, 6.85014447864e-22, 1.13994222678e-21, 1.68427796083e-21, 2.49266495313e-21],
        "var": [1.3739193605e-07, 2.68995790975e-05, 1.19087653729e-05, 6.18147259956e-06, 5.81920066907e-05, 2.80612721326e-06, 6.99227712175e-06, 4.92862727697e-06, 8.60664931679e-06, 5.47208355783e-06, 1.40012366501e-06, 5.31779164703e-07, 6.96258325661e-07, 6.9674297265e-07, 7.43293981031e-07, 1.73437854301e-06, 1.26951658785e-06, 2.67081986749e-07, 4.36419185235e-07, 1.55110058131e-07, 3.35196972401e-07, 1.01864077351e-06, 6.11972552633e-07, 1.74136033593e-07, 1.73397811665e-08, 3.17705017849e-09, 1.26549812296e-10]
    },
    "erbbands": {
        "dmean": [0.0681950375438, 0.470978409052, 1.62079739571, 2.42538976669, 11.8325662613, 9.84902477264, 2.70338869095, 4.90744590759, 8.05801773071, 15.1551427841, 14.7690515518, 12.9462690353, 10.7579059601, 10.250292778, 5.74164772034, 7.0791592598, 8.50939464569, 10.792342186, 12.1646909714, 11.980137825, 23.4592151642, 18.3016223907, 8.49765396118, 7.56496906281, 7.44688749313, 4.10256052017, 4.33343219757, 4.75747966766, 4.66677379608, 3.29474663734, 2.49576544762, 1.42317152023, 0.609892129898, 0.346680521965, 0.119173884392, 0.0622359029949, 0.022191926837, 0.00484324200079, 0.000619326427113, 3.77147553081e-05],
        "dmean2": [0.108264252543, 0.805779635906, 2.75643253326, 4.06247997284, 19.1137104034, 16.0694694519, 4.37155914307, 7.88657093048, 12.865983963, 23.85597229, 22.6879825592, 19.4229335785, 17.0583667755, 14.9561262131, 8.58595371246, 10.8872327805, 13.3089962006, 16.7635650635, 19.1421947479, 18.7469425201, 37.1711463928, 29.2109661102, 13.474146843, 12.0060138702, 11.4959564209, 6.26107263565, 6.72116613388, 7.23628854752, 6.64158296585, 4.66038703918, 3.59765386581, 2.01564836502, 0.877094566822, 0.514208376408, 0.179418563843, 0.0985718145967, 0.0347091406584, 0.00767457997426, 0.00101284694392, 5.92288342887e-05],
        "dvar": [0.0327284857631, 1.11959397793, 8.42171955109, 13.0071668625, 423.521972656, 498.757537842, 23.7200088501, 91.6943969727, 314.995422363, 1062.74560547, 1082.14099121, 1261.06982422, 940.309326172, 1155.51879883, 367.00213623, 507.307800293, 498.500671387, 828.023010254, 665.971923828, 678.592956543, 2629.22558594, 1228.37780762, 314.320709229, 262.260467529, 355.515167236, 157.376556396, 193.753936768, 371.443969727, 631.353271484, 379.0597229, 255.851287842, 82.3083114624, 12.17192173, 2.18849182129, 0.192157328129, 0.0450575649738, 0.00391442235559, 0.000119993455883, 2.4329358439e-06, 1.02641442012e-08],
        "dvar2": [0.0771594196558, 2.95323610306, 23.2047214508, 36.2270965576, 1074.87268066, 1283.63647461, 59.896572113, 206.70173645, 739.115112305, 2575.53564453, 2539.23950195, 2838.81201172, 2166.7199707, 2302.57202148, 749.159301758, 1168.89282227, 1150.68798828, 1910.32519531, 1515.00769043, 1586.59423828, 6598.02636719, 3043.56298828, 759.445739746, 614.971862793, 788.553527832, 348.66796875, 422.851837158, 778.667663574, 1223.35742188, 757.09387207, 515.063232422, 160.41784668, 23.9075183868, 4.45735836029, 0.383851140738, 0.100049033761, 0.00834687706083, 0.00028322119033, 5.95860319663e-06, 2.36605952608e-08],
        "max": [2.45204520226, 14.5267372131, 46.6496582031, 47.5928993225, 310.198974609, 328.155700684, 114.553543091, 287.857421875, 514.514465332, 725.947692871, 825.471374512, 1173.14819336, 1074.22814941, 1508.44702148, 1090.09191895, 840.206359863, 603.280395508, 739.827148438, 724.612304688, 675.153930664, 1317.27636719, 1012.41638184, 737.532226562, 514.091308594, 633.997192383, 488.38458252, 396.36907959, 1032.28723145, 804.871276855, 844.479003906, 713.069885254, 394.980529785, 155.40914917, 66.4820785522, 16.6133708954, 10.7391757965, 3.63752508163, 0.301156431437, 0.057570964098, 0.00603067316115],
        "mean": [0.091547600925, 0.604537785053, 2.43589425087, 4.65804481506, 18.2299098969, 14.1157808304, 5.37073326111, 9.41920471191, 15.2566366196, 28.0519123077, 27.5794773102, 28.3812522888, 20.9382743835, 23.2090568542, 11.299996376, 13.6115703583, 16.44490242, 19.6526527405, 23.6463909149, 25.8040733337, 48.8390312195, 39.8165931702, 19.554813385, 17.9716777802, 16.7341518402, 9.04609680176, 8.73216152191, 8.98876857758, 8.03016662598, 5.59316635132, 4.18030977249, 2.31195354462, 1.08084630966, 0.642181396484, 0.239373967052, 0.122476629913, 0.0389623045921, 0.00768170226365, 0.000834861129988, 7.26127109374e-05],
        "median": [0.0305629745126, 0.257395625114, 1.23302602768, 3.17414712906, 9.61161613464, 7.09443902969, 3.10709214211, 4.17551851273, 6.10899496078, 10.4534702301, 9.15921974182, 6.29662084579, 5.12084007263, 3.60462474823, 3.72686600685, 3.97993826866, 4.93697357178, 6.05430459976, 8.57389259338, 8.20881462097, 14.1017560959, 14.8323993683, 7.61422252655, 6.3496556282, 6.01511955261, 3.70888209343, 2.80431127548, 2.77189397812, 1.70518350601, 1.11627733707, 0.707105517387, 0.443161278963, 0.369814395905, 0.313444972038, 0.126704350114, 0.0708968490362, 0.0197102501988, 0.00367963360623, 0.000366281397874, 4.85840355395e-05],
        "min": [2.68880389548e-21, 1.48810664615e-20, 4.40663443049e-20, 8.11119285373e-20, 1.08181181439e-19, 2.77875145066e-19, 4.19312354013e-19, 9.03113724834e-19, 1.13922622683e-18, 5.43816452038e-19, 4.26648127727e-19, 1.1238293971e-18, 2.46821761235e-18, 2.78834002493e-18, 2.25049891884e-18, 4.97118797737e-18, 5.10628063347e-18, 6.1961853891e-18, 5.60863114179e-18, 9.27881911197e-18, 1.13071445561e-17, 1.33078032903e-17, 9.59917458269e-18, 6.82168530624e-18, 9.65581908386e-18, 1.2247375943e-17, 1.57228985365e-17, 2.57336897726e-17, 1.90096940831e-17, 1.86120766344e-17, 1.41758623415e-17, 1.29047363758e-17, 1.34506946052e-17, 1.10492304683e-17, 8.71602775707e-18, 7.17566773681e-18, 2.97778940742e-18, 1.19441964641e-18, 3.66082506114e-19, 3.62419556491e-20],
        "var": [0.0378584228456, 1.11618614197, 12.2333850861, 25.6012458801, 636.121704102, 548.284484863, 46.6163673401, 277.74710083, 953.040466309, 2823.96533203, 2713.69140625, 4842.10595703, 2877.38378906, 5943.60693359, 1058.82287598, 1134.82702637, 1217.37634277, 2026.86633301, 1846.06152344, 1921.61303711, 6878.06201172, 3408.14331055, 873.301940918, 826.079711914, 1058.65771484, 362.858459473, 428.438812256, 735.292663574, 1401.48669434, 758.253723145, 527.611816406, 164.103378296, 23.5996265411, 4.47548389435, 0.424307912588, 0.0928577855229, 0.0093794465065, 0.000207508186577, 3.10282962346e-06, 1.36186084632e-08]
    },
    "gfcc": {
        "mean": [-23.7999095917, 90.8214416504, -104.390937805, 31.2354469299, -53.6181297302, -1.13093197346, -42.7340736389, 5.04294109344, -20.8831691742, -2.15515160561, -26.0522785187, -6.49291038513, -15.8118953705],
        "cov": [[15520.8300781, -1694.66101074, -1276.08935547, 897.706604004, 540.597351074, 668.720581055, 42.4751548767, 595.53918457, -189.644088745, 299.290710449, -185.267059326, 335.416717529, -108.642997742], [-1694.66101074, 1712.3470459, -179.086914062, -324.611206055, 167.7396698, -267.724884033, 108.174346924, -157.060546875, 84.6251754761, -166.79119873, 68.8909225464, -166.164840698, 97.7205963135], [-1276.08935547, -179.086914062, 875.744873047, 12.2280912399, -138.599197388, 69.6950149536, -49.0638046265, -20.2792339325, 37.111530304, 85.6727523804, 5.56728458405, 55.0631103516, -41.1220321655], [897.706604004, -324.611206055, 12.2280912399, 491.358062744, 83.4989547729, 36.2538642883, -19.9097442627, 53.2996749878, 58.5077133179, 44.4709701538, -24.9277114868, 30.5469055176, 25.9788894653], [540.597351074, 167.7396698, -138.599197388, 83.4989547729, 570.94744873, 51.5998764038, 111.689529419, 140.702514648, 52.9782905579, 86.9848861694, 44.102432251, 40.2572631836, 50.6558303833], [668.720581055, -267.724884033, 69.6950149536, 36.2538642883, 51.5998764038, 265.10748291, 84.1095352173, 43.1457138062, -34.9972114563, 60.1835289001, 31.049451828, 57.3755722046, -23.0591430664], [42.4751548767, 108.174346924, -49.0638046265, -19.9097442627, 111.689529419, 84.1095352173, 221.506210327, 47.6659088135, -12.4303531647, 13.688501358, 41.800743103, 5.42494535446, 16.1062297821], [595.53918457, -157.060546875, -20.2792339325, 53.2996749878, 140.702514648, 43.1457138062, 47.6659088135, 187.830490112, 39.1181755066, 54.6762771606, 5.27109384537, 38.7351074219, -9.56356525421], [-189.644088745, 84.6251754761, 37.111530304, 58.5077133179, 52.9782905579, -34.9972114563, -12.4303531647, 39.1181755066, 136.516906738, 24.9529037476, -3.94758868217, -9.18334102631, 6.18287611008], [299.290710449, -166.79119873, 85.6727523804, 44.4709701538, 86.9848861694, 60.1835289001, 13.688501358, 54.6762771606, 24.9529037476, 133.444213867, 24.697851181, 36.2034606934, -12.1519546509], [-185.267059326, 68.8909225464, 5.56728458405, -24.9277114868, 44.102432251, 31.049451828, 41.800743103, 5.27109384537, -3.94758868217, 24.697851181, 102.869812012, 18.0042381287, -7.02944469452], [335.416717529, -166.164840698, 55.0631103516, 30.5469055176, 40.2572631836, 57.3755722046, 5.42494535446, 38.7351074219, -9.18334102631, 36.2034606934, 18.0042381287, 106.288825989, 14.6544914246], [-108.642997742, 97.7205963135, -41.1220321655, 25.9788894653, 50.6558303833, -23.0591430664, 16.1062297821, -9.56356525421, 6.18287611008, -12.1519546509, -7.02944469452, 14.6544914246, 90.1329421997]],
        "icov": [[0.000142604578286, -9.94950896711e-05, 0.000284166773781, -0.000256184808677, 6.25662942184e-05, -0.000334175565513, 0.000166571611771, -0.000333134143148, 0.000322519568726, -0.000318042613799, 0.000450031046057, -0.000395341805415, 0.00033185139182], [-9.94950896711e-05, 0.00168951763771, -0.00034366431646, 0.0010893518338, -0.000940374215133, 0.00123081589118, -0.000945422973018, 0.00148634449579, -0.00157522002701, 0.00172984146047, -0.00155833293684, 0.00173857505433, -0.00131533818785], [0.000284166773781, -0.00034366431646, 0.00201617460698, -0.000530010147486, 0.000664660299663, -0.00101206230465, 0.000493735074997, -0.000353778363205, 0.00010092935554, -0.0017360241618, 0.00113546778448, -0.00167872512247, 0.00115002051461], [-0.000256184808677, 0.0010893518338, -0.000530010147486, 0.00334576447494, -0.000752703752369, 0.000629909045529, -0.000306110101519, 0.00104384031147, -0.00223284983076, 0.00102343363687, -0.000833341735415, 0.00127004284877, -0.00192670547403], [6.25662942184e-05, -0.000940374215133, 0.000664660299663, -0.000752703752369, 0.00334011693485, -0.000717169896234, -0.000191068669665, -0.0022379308939, 0.000360409641871, -0.00232928013429, 0.000182666131877, -0.000941506878007, -0.000820269924589], [-0.000334175565513, 0.00123081589118, -0.00101206230465, 0.000629909045529, -0.000717169896234, 0.00727929640561, -0.00315201096237, 0.00162793626077, 3.24382235704e-05, 0.000104719831143, -0.00179358036257, -0.00057814293541, 0.000586814072449], [0.000166571611771, -0.000945422973018, 0.000493735074997, -0.000306110101519, -0.000191068669665, -0.00315201096237, 0.00723060267046, -0.00256303930655, 0.00160227762535, -0.0003270546149, -0.00100348342676, 0.000735501234885, -0.00107559910975], [-0.000333134143148, 0.00148634449579, -0.000353778363205, 0.00104384031147, -0.0022379308939, 0.00162793626077, -0.00256303930655, 0.0101669067517, -0.00380265107378, 0.000440456613433, -0.000342802959494, -0.000930543756112, 0.00118049443699], [0.000322519568726, -0.00157522002701, 0.00010092935554, -0.00223284983076, 0.000360409641871, 3.24382235704e-05, 0.00160227762535, -0.00380265107378, 0.0113806948066, -0.0032255128026, 0.00174916081596, -7.03268597135e-05, 0.0008344387752], [-0.000318042613799, 0.00172984146047, -0.0017360241618, 0.00102343363687, -0.00232928013429, 0.000104719831143, -0.0003270546149, 0.000440456613433, -0.0032255128026, 0.0135397054255, -0.00384533428587, 0.000795535568614, -0.000287312519504], [0.000450031046057, -0.00155833293684, 0.00113546778448, -0.000833341735415, 0.000182666131877, -0.00179358036257, -0.00100348342676, -0.000342802959494, 0.00174916081596, -0.00384533428587, 0.0142560256645, -0.00460697012022, 0.00379406171851], [-0.000395341805415, 0.00173857505433, -0.00167872512247, 0.00127004284877, -0.000941506878007, -0.00057814293541, 0.000735501234885, -0.000930543756112, -7.03268597135e-05, 0.000795535568614, -0.00460697012022, 0.016210431233, -0.00622518965974], [0.00033185139182, -0.00131533818785, 0.00115002051461, -0.00192670547403, -0.000820269924589, 0.000586814072449, -0.00107559910975, 0.00118049443699, 0.0008344387752, -0.000287312519504, 0.00379406171851, -0.00622518965974, 0.0161414537579]]
    },
    "melbands": {
        "dmean": [0.000579005049076, 0.000734887900762, 0.000628323759884, 0.000905903580133, 0.00012367744057, 0.000110974135168, 0.00012834694644, 0.000160640236572, 0.000120865173812, 7.90107733337e-05, 5.44702706975e-05, 4.32617925981e-05, 2.39667861024e-05, 1.55962570716e-05, 2.19456305786e-05, 1.92095285456e-05, 2.0918339942e-05, 2.02449336939e-05, 1.71432311618e-05, 1.848145439e-05, 3.28227542923e-05, 2.33678601944e-05, 1.08809126687e-05, 7.60451439419e-06, 6.6655138653e-06, 6.8056579039e-06, 3.98510883315e-06, 2.77501226265e-06, 2.78551760857e-06, 3.03419756165e-06, 2.9016366625e-06, 2.86982344733e-06, 2.37250560531e-06, 1.73841578999e-06, 1.56459964273e-06, 1.24952134684e-06, 7.8085736277e-07, 4.45742784905e-07, 3.82514230068e-07, 2.80584572465e-07],
        "dmean2": [0.000944661034737, 0.00124757830054, 0.00102723378222, 0.0014653619146, 0.000202355979127, 0.000178718924872, 0.000203286122996, 0.000253671052633, 0.000184197197086, 0.000119787961012, 8.6246545834e-05, 6.29397545708e-05, 3.59470941476e-05, 2.40316458076e-05, 3.41895902238e-05, 2.98887171084e-05, 3.27489615302e-05, 3.18843958667e-05, 2.70921282208e-05, 2.89031231659e-05, 5.23546077602e-05, 3.76112548111e-05, 1.74341075763e-05, 1.23187446661e-05, 1.07052355816e-05, 1.06746283564e-05, 6.20282662567e-06, 4.31713533544e-06, 4.41027214038e-06, 4.77725370729e-06, 4.42810778623e-06, 4.15109025198e-06, 3.44081513504e-06, 2.5386955258e-06, 2.30145951718e-06, 1.84939472092e-06, 1.11265308078e-06, 6.48034529149e-07, 5.72096780616e-07, 4.30171752441e-07],
        "dvar": [2.12866416405e-06, 1.75453430984e-06, 7.88794238815e-07, 3.33802404384e-06, 5.89257922456e-08, 4.29097859467e-08, 7.38110657039e-08, 1.16900331193e-07, 7.34633331945e-08, 4.62673561685e-08, 2.42520012961e-08, 2.18922426853e-08, 6.77039802e-09, 2.7319626561e-09, 3.87696896809e-09, 2.61410537661e-09, 3.30951910321e-09, 1.96776372974e-09, 1.46551581981e-09, 1.92212867844e-09, 5.2809294715e-09, 2.03448236036e-09, 5.01309049827e-10, 3.0250058014e-10, 2.10846493043e-10, 3.40283995426e-10, 1.05473497991e-10, 7.82093209639e-11, 7.94130247672e-11, 9.27885129842e-11, 1.76212364145e-10, 2.32025093583e-10, 1.97647315181e-10, 1.07750336431e-10, 1.06544890965e-10, 6.67240845909e-11, 2.47920330099e-11, 6.57746556873e-12, 3.96525043703e-12, 1.08939083882e-12],
        "dvar2": [5.1680026445e-06, 4.76943523608e-06, 2.06818026527e-06, 8.33580634207e-06, 1.57908573328e-07, 9.83557271184e-08, 1.70561662571e-07, 2.82966340137e-07, 1.68690050373e-07, 1.05693395369e-07, 5.57909132226e-08, 4.40196217255e-08, 1.36793918415e-08, 6.32012531199e-09, 8.83796236195e-09, 5.78129943918e-09, 7.72205144273e-09, 4.51304948967e-09, 3.31652683094e-09, 4.52383108751e-09, 1.32826025734e-08, 5.06045028104e-09, 1.22014165438e-09, 7.37396421702e-10, 5.07861086518e-10, 7.88007381569e-10, 2.31055952149e-10, 1.77847001015e-10, 1.75093550769e-10, 2.07353745285e-10, 3.96186111695e-10, 4.65033622721e-10, 4.11255030031e-10, 2.29431709742e-10, 2.28760135834e-10, 1.41495454242e-10, 5.01158559096e-11, 1.31631146955e-11, 8.53570165937e-12, 2.25817628485e-12],
        "max": [0.020323863253, 0.0166807956994, 0.0159966647625, 0.0232064072043, 0.00360963214189, 0.00597155606374, 0.00732146576047, 0.00788364186883, 0.00684050563723, 0.00799319613725, 0.00554225454107, 0.00664567016065, 0.00484799267724, 0.00199526455253, 0.00304202036932, 0.00197623623535, 0.00168088357896, 0.00107859889977, 0.000999542651698, 0.00205302704126, 0.00207877974026, 0.00130599841941, 0.000643834413495, 0.00077296665404, 0.000405391911045, 0.000567026261706, 0.000425373582402, 0.000321150611853, 0.000261251290794, 0.000283860019408, 0.000791727099568, 0.000470024329843, 0.000485741533339, 0.000544217182323, 0.000516960280947, 0.000348015397321, 0.000186674369616, 0.000111845773063, 8.95871417015e-05, 4.81752649648e-05],
        "mean": [0.000781568640377, 0.00111718231346, 0.00122211885173, 0.00133592751808, 0.000229661658523, 0.000214461455471, 0.000251661258517, 0.000288182316581, 0.000233990518609, 0.000166314246599, 0.000102016856545, 9.63553902693e-05, 4.36607733718e-05, 2.76692117041e-05, 4.07785337302e-05, 3.448516145e-05, 3.56365526386e-05, 3.65088308172e-05, 3.29191243509e-05, 3.65136183973e-05, 6.33878444205e-05, 4.60918927274e-05, 2.2297288524e-05, 1.50509640662e-05, 1.42776470966e-05, 1.41510709e-05, 8.32738896861e-06, 5.41467443327e-06, 5.34922037332e-06, 5.42405359738e-06, 5.08936545884e-06, 4.71050998385e-06, 3.77506876248e-06, 2.82188898382e-06, 2.49431036536e-06, 1.94650101548e-06, 1.19990068015e-06, 7.42241979879e-07, 6.73334170642e-07, 4.95562744618e-07],
        "median": [0.000309260271024, 0.000588789524045, 0.000822800444439, 0.000713403394911, 0.000131358217914, 9.5520481409e-05, 0.000100511897472, 0.000108373526018, 6.56388074276e-05, 3.2131865737e-05, 2.12409795495e-05, 1.28704068629e-05, 1.18654315884e-05, 7.58393343858e-06, 1.05961744339e-05, 9.38319408306e-06, 9.30467649596e-06, 1.17199688248e-05, 9.85223687167e-06, 1.10161117846e-05, 1.5972638721e-05, 1.53713281179e-05, 7.34251898393e-06, 5.1340052778e-06, 4.53006805401e-06, 4.40536723545e-06, 3.06183619614e-06, 1.85023156973e-06, 1.63552726917e-06, 1.44666546475e-06, 1.56189184963e-06, 9.00882128008e-07, 6.71604766467e-07, 5.51255595838e-07, 4.08354424053e-07, 2.74498916042e-07, 2.41222238628e-07, 2.19437126248e-07, 2.96961985669e-07, 2.40306633259e-07],
        "min": [2.30158531024e-23, 2.31891421774e-23, 1.61100716525e-23, 1.17450628725e-23, 1.64813932137e-23, 2.04869086129e-23, 1.52936227037e-23, 5.68257609684e-24, 3.15858683716e-24, 8.4510353232e-24, 1.23896923941e-23, 1.11985337264e-23, 5.86129292935e-24, 1.56352736286e-23, 8.75193053827e-24, 1.30320081867e-23, 1.11369434113e-23, 6.60117819413e-24, 1.42848952201e-23, 1.12252532342e-23, 1.53952989858e-23, 1.59644463517e-23, 9.9910551044e-24, 7.21413771141e-24, 5.30446086547e-24, 5.47816764237e-24, 7.69293368239e-24, 8.00069672051e-24, 1.00559807235e-23, 8.57336161719e-24, 1.84190359676e-23, 1.08013209614e-23, 9.42333794332e-24, 1.17232335135e-23, 7.80331583342e-24, 8.67966062416e-24, 7.00884691602e-24, 1.02323092796e-23, 7.78683416252e-24, 9.77897773864e-24],
        "var": [2.3774375677e-06, 2.40097847382e-06, 1.76135188212e-06, 4.0316376726e-06, 8.82992097218e-08, 1.33739021635e-07, 2.38065723579e-07, 2.92444241268e-07, 2.15005769633e-07, 1.64024484661e-07, 7.49557145241e-08, 1.14335094281e-07, 2.11050164012e-08, 5.37031752401e-09, 9.206281959e-09, 6.74191769079e-09, 7.6107644631e-09, 4.87867790611e-09, 3.76599729179e-09, 4.76642147973e-09, 1.28280079892e-08, 5.06429387315e-09, 1.31618915766e-09, 6.87228662866e-10, 5.98490368375e-10, 8.89928519765e-10, 2.64933991412e-10, 1.67800925932e-10, 1.71306704932e-10, 1.93383184466e-10, 2.94375163135e-10, 4.93289187276e-10, 3.7649663942e-10, 1.96031094135e-10, 1.99867941642e-10, 1.2519531245e-10, 4.51466711238e-11, 1.23428402915e-11, 6.85452606133e-12, 2.27760844039e-12]
    },
    "mfcc": {
        "mean": [-667.810546875, 122.679481506, 5.49056482315, 30.6164608002, 7.8426527977, -1.2711482048, -10.7571172714, -1.69449472427, 3.03350973129, -1.10566234589, -1.15355718136, -4.20631361008, -3.64998555183],
        "cov": [[9688.18164062, -1015.8961792, -1227.81262207, 430.748382568, 389.436584473, 297.037384033, 373.368255615, 356.265167236, 273.346221924, 118.508377075, 223.900421143, 280.588653564, 8.96339511871], [-1015.8961792, 1418.17089844, -202.273742676, -109.110908508, 16.2519550323, -108.534263611, 37.0977745056, -50.4478187561, 2.00791549683, 9.684674263, -16.6901283264, -74.9354553223, -5.55762338638], [-1227.81262207, -202.273742676, 926.811645508, -69.5718536377, -133.968582153, 44.5626182556, -143.991439819, -56.789855957, -76.4953308105, -55.1941299438, -8.7064332962, -30.7842273712, 32.2021141052], [430.748382568, -109.110908508, -69.5718536377, 398.26651001, 149.418655396, 11.7515888214, -25.1850757599, 9.20995330811, 96.5798797607, 37.4204750061, -11.2581110001, 45.5146942139, 27.4922428131], [389.436584473, 16.2519550323, -133.968582153, 149.418655396, 317.972259521, 34.677280426, 25.6646327972, 23.901342392, 76.5258407593, 30.0048046112, 39.5016593933, 62.581577301, 48.639289856], [297.037384033, -108.534263611, 44.5626182556, 11.7515888214, 34.677280426, 200.218704224, 86.6422042847, 19.8292827606, 14.4341468811, 8.4627532959, 23.3318500519, 34.6095733643, 5.82937479019], [373.368255615, 37.0977745056, -143.991439819, -25.1850757599, 25.6646327972, 86.6422042847, 266.31350708, 65.5177001953, 12.5222034454, 28.671875, 48.3925247192, 32.6123046875, 8.63239192963], [356.265167236, -50.4478187561, -56.789855957, 9.20995330811, 23.901342392, 19.8292827606, 65.5177001953, 137.224395752, 24.3099021912, 20.3798103333, 29.4561462402, 11.4423856735, 16.5571746826], [273.346221924, 2.00791549683, -76.4953308105, 96.5798797607, 76.5258407593, 14.4341468811, 12.5222034454, 24.3099021912, 152.358200073, 23.2698345184, 3.26121068001, 30.4021263123, 8.84957408905], [118.508377075, 9.684674263, -55.1941299438, 37.4204750061, 30.0048046112, 8.4627532959, 28.671875, 20.3798103333, 23.2698345184, 118.668632507, 33.5600013733, 4.36255502701, 1.79249978065], [223.900421143, -16.6901283264, -8.7064332962, -11.2581110001, 39.5016593933, 23.3318500519, 48.3925247192, 29.4561462402, 3.26121068001, 33.5600013733, 142.87260437, 37.9968566895, 6.05678939819], [280.588653564, -74.9354553223, -30.7842273712, 45.5146942139, 62.581577301, 34.6095733643, 32.6123046875, 11.4423856735, 30.4021263123, 4.36255502701, 37.9968566895, 116.304039001, 26.5820579529], [8.96339511871, -5.55762338638, 32.2021141052, 27.4922428131, 48.639289856, 5.82937479019, 8.63239192963, 16.5571746826, 8.84957408905, 1.79249978065, 6.05678939819, 26.5820579529, 98.9360046387]],
