{
"lowlevel": {
    "average_loudness": 0.962242841721,
    "barkbands_crest": {
        "dmean": 3.42209720612,
        "dmean2": 5.29725170135,
        "dvar": 11.037027359,
        "dvar2": 23.6376171112,
        "max": 26.9159011841,
        "mean": 17.5534381866,
        "median": 18.420545578,
        "min": 1.77327299118,
        "var": 35.0680274963
    },
    "barkbands_flatness_db": {
        "dmean": 0.0571884140372,
        "dmean2": 0.0846768543124,
        "dvar": 0.0025305848103,
        "dvar2": 0.00536165433004,
        "max": 0.752535820007,
        "mean": 0.239874705672,
        "median": 0.236690893769,
        "min": 0.0149363251403,
        "var": 0.0118373502046
    },
    "barkbands_kurtosis": {
        "dmean": 31.4747142792,
        "dmean2": 50.2952957153,
        "dvar": 3501.28393555,
        "dvar2": 8697.51757812,
        "max": 2611.57397461,
        "mean": 41.3570899963,
        "median": 21.2439041138,
        "min": -1.87075603008,
        "var": 4372.66357422
    },
    "barkbands_skewness": {
        "dmean": 2.01809096336,
        "dmean2": 3.17056965828,
        "dvar": 4.03987789154,
        "dvar2": 9.35731315613,
        "max": 47.2060775757,
        "mean": 4.61506080627,
        "median": 4.1877989769,
        "min": -5.99147939682,
        "var": 10.9752645493
    },
    "barkbands_spread": {
        "dmean": 8.97666931152,
        "dmean2": 14.9923915863,
        "dvar": 158.96131897,
        "dvar2": 406.218414307,
        "max": 112.983512878,
        "mean": 12.1471796036,
        "median": 5.92943954468,
        "min": 0.0797303467989,
        "var": 220.50340271
    },
    "dissonance": {
        "dmean": 0.0233737509698,
        "dmean2": 0.0392482504249,
        "dvar": 0.000738207425456,
        "dvar2": 0.0019600642845,
        "max": 0.500000119209,
        "mean": 0.465492159128,
        "median": 0.476763516665,
        "min": 0.105953931808,
        "var": 0.00130937073845
    },
    "dynamic_complexity": 2.58875417709,
    "erbbands_crest": {
        "dmean": 3.36083936691,
        "dmean2": 5.29788637161,
        "dvar": 9.32194519043,
        "dvar2": 20.7514781952,
        "max": 33.6035919189,
        "mean": 9.56017112732,
        "median": 8.24400424957,
        "min": 2.18313908577,
        "var": 28.5209560394
    },
    "erbbands_flatness_db": {
        "dmean": 0.0270890854299,
        "dmean2": 0.0365511253476,
        "dvar": 0.000814912084024,
        "dvar2": 0.00134459708352,
        "max": 0.690375864506,
        "mean": 0.154522269964,
        "median": 0.1267259866,
        "min": 0.0338690429926,
        "var": 0.00974679831415
    },
    "erbbands_kurtosis": {
        "dmean": 1.5890737772,
        "dmean2": 2.50029206276,
        "dvar": 11.4046077728,
        "dvar2": 25.4112415314,
        "max": 178.764968872,
        "mean": 0.988072037697,
        "median": -0.111055374146,
        "min": -1.85531401634,
        "var": 25.0743942261
    },
    "erbbands_skewness": {
        "dmean": 0.512186765671,
        "dmean2": 0.804284334183,
        "dvar": 0.249435186386,
        "dvar2": 0.585775017738,
        "max": 10.1914548874,
        "mean": 0.404887825251,
        "median": 0.364324569702,
        "min": -6.95307826996,
        "var": 0.736956715584
    },
    "erbbands_spread": {
        "dmean": 17.0812244415,
        "dmean2": 25.7036247253,
        "dvar": 289.408813477,
        "dvar2": 644.183898926,
        "max": 193.190231323,
        "mean": 50.3355903625,
        "median": 45.8429489136,
        "min": 0.282170563936,
        "var": 853.702026367
    },
    "hfc": {
        "dmean": 19.1362743378,
        "dmean2": 30.8789787292,
        "dvar": 843.215881348,
        "dvar2": 2177.20898438,
        "max": 211.087677002,
        "mean": 26.8802490234,
        "median": 16.122505188,
        "min": 1.15686370273e-16,
        "var": 928.32208252
    },
    "melbands_crest": {
        "dmean": 4.20583248138,
        "dmean2": 6.55433702469,
        "dvar": 16.2831382751,
        "dvar2": 36.4298019409,
        "max": 38.2776145935,
        "mean": 24.1642971039,
        "median": 24.7569656372,
        "min": 2.35395598412,
        "var": 51.818775177
    },
    "melbands_flatness_db": {
        "dmean": 0.06671320647,
        "dmean2": 0.0989818423986,
        "dvar": 0.00344859622419,
        "dvar2": 0.00755097251385,
        "max": 0.937105417252,
        "mean": 0.337748020887,
        "median": 0.340080678463,
        "min": 0.00650588236749,
        "var": 0.0157649237663
    },
    "melbands_kurtosis": {
        "dmean": 56.9239273071,
        "dmean2": 92.6524429321,
        "dvar": 6292.07421875,
        "dvar2": 14589.9228516,
        "max": 1706.30639648,
        "mean": 86.1495285034,
        "median": 56.1294326782,
        "min": -1.88395392895,
        "var": 10465.4667969
    },
    "melbands_skewness": {
        "dmean": 2.35674452782,
        "dmean2": 3.77775716782,
        "dvar": 5.27431344986,
        "dvar2": 12.0609464645,
        "max": 31.8944835663,
        "mean": 6.48031759262,
        "median": 6.2664899826,
        "min": -7.78834438324,
        "var": 15.9502325058
    },
    "melbands_spread": {
        "dmean": 7.23134088516,
        "dmean2": 12.4500083923,
        "dvar": 155.612609863,
        "dvar2": 402.431182861,
        "max": 159.078704834,
        "mean": 9.43587112427,
        "median": 3.8742108345,
        "min": 0.159944921732,
        "var": 233.849151611
    },
    "pitch_salience": {
        "dmean": 0.11572406441,
        "dmean2": 0.184927389026,
        "dvar": 0.0131233334541,
        "dvar2": 0.0303426217288,
        "max": 0.988155186176,
        "mean": 0.325285196304,
        "median": 0.287762910128,
        "min": 0.0216384734958,
        "var": 0.0326878577471
    },
    "silence_rate_20dB": {
        "dmean": 0,
        "dmean2": 0,
        "dvar": 0,
        "dvar2": 0,
        "max": 1,
        "mean": 1,
        "median": 1,
        "min": 1,
        "var": 0
    },
    "silence_rate_30dB": {
        "dmean": 0.18465539813,
        "dmean2": 0.369337469339,
        "dvar": 0.150549158454,
        "dvar2": 0.32597759366,
        "max": 1,
        "mean": 0.430759221315,
        "median": 0,
        "min": 0,
        "var": 0.245185181499
    },
    "silence_rate_60dB": {
        "dmean": 0.0239849723876,
        "dmean2": 0.0479734130204,
        "dvar": 0.0234134439379,
        "dvar2": 0.0553670078516,
        "max": 1,
        "mean": 0.0487611070275,
        "median": 0,
        "min": 0,
        "var": 0.0463858395815
    },
    "spectral_centroid": {
        "dmean": 457.515686035,
        "dmean2": 738.934570312,
        "dvar": 262639.53125,
        "dvar2": 670041.375,
        "max": 11437.3544922,
        "mean": 1054.48461914,
        "median": 786.694763184,
        "min": 105.09538269,
        "var": 730670.25
    },
    "spectral_complexity": {
        "dmean": 6.65886449814,
        "dmean2": 10.1988296509,
        "dvar": 58.2290229797,
        "dvar2": 131.800460815,
        "max": 65,
        "mean": 15.4853715897,
        "median": 12,
        "min": 0,
        "var": 125.81955719
    },
    "spectral_decrease": {
        "dmean": 1.16561231778e-08,
        "dmean2": 1.93532763149e-08,
        "dvar": 1.50993310787e-16,
        "dvar2": 4.53584925645e-16,
        "max": 2.28861332663e-10,
        "mean": -2.625334794e-08,
        "median": -2.75389062665e-08,
        "min": -1.03925309247e-07,
        "var": 2.93385531391e-16
    },
    "spectral_energy": {
        "dmean": 0.0447510406375,
        "dmean2": 0.0741832479835,
        "dvar": 0.00219126720913,
        "dvar2": 0.00656839041039,
        "max": 0.394518017769,
        "mean": 0.101524017751,
        "median": 0.106155447662,
        "min": 1.02129203344e-20,
        "var": 0.00426736893132
    },
    "spectral_energyband_high": {
        "dmean": 0.00157885148656,
        "dmean2": 0.00263081979938,
        "dvar": 8.51453296491e-06,
        "dvar2": 2.24572831939e-05,
        "max": 0.020374590531,
        "mean": 0.00156525766943,
        "median": 0.000247636518907,
        "min": 7.51082742696e-21,
        "var": 8.1844327724e-06
    },
    "spectral_energyband_low": {
        "dmean": 0.042337782681,
        "dmean2": 0.0710694119334,
        "dvar": 0.00211820704862,
        "dvar2": 0.00635592266917,
        "max": 0.391364395618,
        "mean": 0.0906607657671,
        "median": 0.0959013998508,
        "min": 4.08733384346e-23,
        "var": 0.00405411515385
    },
    "spectral_energyband_middle_high": {
        "dmean": 0.00259842234664,
        "dmean2": 0.00439717806876,
        "dvar": 2.1358995582e-05,
        "dvar2": 5.92196665821e-05,
        "max": 0.0407041162252,
        "mean": 0.00300099863671,
        "median": 0.00146396306809,
        "min": 1.3245571861e-21,
        "var": 1.90413611563e-05
    },
    "spectral_energyband_middle_low": {
        "dmean": 0.00668344739825,
        "dmean2": 0.0111948559061,
        "dvar": 0.000128558647702,
        "dvar2": 0.000334116019076,
        "max": 0.105511926115,
        "mean": 0.00931992102414,
        "median": 0.00495845684782,
        "min": 3.16161970757e-22,
        "var": 0.00016202146071
    },
    "spectral_entropy": {
        "dmean": 0.33779168129,
        "dmean2": 0.487872719765,
        "dvar": 0.121270693839,
        "dvar2": 0.228103265166,
        "max": 9.80781078339,
        "mean": 7.45527029037,
        "median": 7.62246274948,
        "min": 3.85205101967,
        "var": 0.674523115158
    },
    "spectral_flux": {
        "dmean": 0.0611352026463,
        "dmean2": 0.0979177579284,
        "dvar": 0.00329713290557,
        "dvar2": 0.00846514757723,
        "max": 0.516581714153,
        "mean": 0.14164981246,
        "median": 0.128057569265,
        "min": 6.69372057782e-11,
        "var": 0.00727150449529
    },
    "spectral_kurtosis": {
        "dmean": 5.48764705658,
        "dmean2": 8.76586914062,
        "dvar": 431.730773926,
        "dvar2": 1211.71582031,
        "max": 764.553771973,
        "mean": 12.7670707703,
        "median": 3.48825454712,
        "min": -1.24252295494,
        "var": 1897.02624512
    },
    "spectral_rms": {
        "dmean": 0.00223243539222,
        "dmean2": 0.00363786704838,
        "dvar": 4.62333991891e-06,
        "dvar2": 1.32070099426e-05,
        "max": 0.0196187570691,
        "mean": 0.00917589943856,
        "median": 0.010176752694,
        "min": 3.15655271019e-12,
        "var": 1.48507424456e-05
    },
    "spectral_rolloff": {
        "dmean": 522.250915527,
        "dmean2": 941.578979492,
        "dvar": 1592135.375,
        "dvar2": 4112170.75,
        "max": 19875.1464844,
        "mean": 743.232116699,
        "median": 129.19921875,
        "min": 43.06640625,
        "var": 3733704.25
    },
    "spectral_skewness": {
        "dmean": 0.482088446617,
        "dmean2": 0.717316746712,
        "dvar": 0.444174915552,
        "dvar2": 1.0292454958,
        "max": 23.6737384796,
        "mean": 2.0651743412,
        "median": 1.55994510651,
        "min": -0.0600751079619,
        "var": 4.1309762001
    },
    "spectral_spread": {
        "dmean": 1102242.75,
        "dmean2": 1515057.125,
        "dvar": 1.56931234202e+12,
        "dvar2": 2.78980984832e+12,
        "max": 40793884,
        "mean": 5303167,
        "median": 5219752.5,
        "min": 134672.46875,
        "var": 6.10953907405e+12
    },
    "spectral_strongpeak": {
        "dmean": 0.332708865404,
        "dmean2": 0.553454399109,
        "dvar": 0.323361009359,
        "dvar2": 0.839648902416,
        "max": 24.5329666138,
        "mean": 0.817863106728,
        "median": 0.706111192703,
        "min": 0,
        "var": 0.801296174526
    },
    "zerocrossingrate": {
        "dmean": 0.0122771589085,
        "dmean2": 0.0148125151172,
        "dvar": 0.000222539427341,
        "dvar2": 0.000283831526758,
        "max": 0.62890625,
        "mean": 0.0368068404496,
        "median": 0.02197265625,
        "min": 0.00146484375,
        "var": 0.0031084693037
    },
    "barkbands": {
        "dmean": [0.00249622412957, 0.0335429161787, 0.0109981512651, 0.00347833475098, 0.00112086767331, 0.000731420412194, 0.000548610463738, 0.000706892518792, 0.00118136662059, 0.000601518142503, 0.000535562925506, 0.000262892601313, 0.000319867744111, 0.000274304678896, 0.00023436183983, 0.000199818023248, 0.00021751371969, 0.00017244751507, 0.000186895762454, 0.000255371181993, 0.000278465624433, 0.000265024602413, 0.000304508168483, 0.000265521201072, 0.000257632113062, 0.000169365186593, 2.94651545119e-05],
        "dmean2": [0.00366511428729, 0.0555351488292, 0.0174348112196, 0.00612475024536, 0.00195052684285, 0.00125033175573, 0.000888844486326, 0.0011656639399, 0.00197171256877, 0.0010568498401, 0.000845226284582, 0.000466008961666, 0.000538894499186, 0.00048526894534, 0.000400416902266, 0.000362042657798, 0.000388239364838, 0.0003044064797, 0.00032676756382, 0.000460071023554, 0.000493955565616, 0.000477397174109, 0.000539311091416, 0.000455201923614, 0.000415411166614, 0.000256561324932, 4.6094031859e-05],
        "dvar": [1.74339929799e-05, 0.0016254571965, 0.000347154273186, 6.94713817211e-05, 6.20885202807e-06, 3.12518341161e-06, 1.11670283331e-06, 2.21236268771e-06, 4.36178243035e-06, 1.58227385327e-06, 1.18949367334e-06, 2.89539542564e-07, 4.42393798039e-07, 4.79803190956e-07, 2.18415010522e-07, 2.55313352682e-07, 1.99268399115e-07, 1.66054661577e-07, 1.40036888752e-07, 2.59806995473e-07, 2.6642493367e-07, 2.57071917531e-07, 4.43452393029e-07, 3.33484052817e-07, 2.83418017943e-07, 9.56571639676e-08, 1.06590709592e-08],
        "dvar2": [4.22927005275e-05, 0.0048808590509, 0.000782674469519, 0.000186598874279, 1.7110580302e-05, 8.60865748109e-06, 2.4612938887e-06, 4.96138909512e-06, 1.07193436634e-05, 4.17012142861e-06, 2.51931487583e-06, 8.04368937679e-07, 1.15561920211e-06, 1.35867867357e-06, 5.95727215114e-07, 7.3635908393e-07, 5.73295494632e-07, 4.68268524401e-07, 3.92279986272e-07, 7.24478354641e-07, 7.21321271158e-07, 7.09675475719e-07, 1.20698553019e-06, 8.76184515164e-07, 7.35191918011e-07, 2.21693753133e-07, 2.6006661713e-08],
        "max": [0.0688347220421, 0.371051073074, 0.191498413682, 0.0946599692106, 0.0275298524648, 0.0332895703614, 0.0175977740437, 0.0212277211249, 0.0304443985224, 0.0227110497653, 0.0155907655135, 0.00587046332657, 0.0122626423836, 0.00938721559942, 0.0059750713408, 0.00743442494422, 0.00627957703546, 0.00467852922156, 0.00465561449528, 0.00440436881036, 0.00404046382755, 0.00722072692588, 0.00489012477919, 0.00518782809377, 0.00565357971936, 0.0063358717598, 0.00445641065016],
        "mean": [0.00452173035592, 0.0648188516498, 0.0183922760189, 0.00409953016788, 0.00122780085076, 0.000828488555271, 0.000692301720846, 0.000834384933114, 0.00142647931352, 0.00061736011412, 0.000598543090746, 0.000251286954153, 0.000337587436661, 0.000242061389145, 0.000230729725445, 0.000183783457032, 0.000206500073546, 0.000167325939401, 0.000177664653165, 0.000213444058318, 0.000248915428529, 0.000231614030781, 0.000257662759395, 0.000247431598837, 0.000257360632531, 0.000182739517186, 3.02061216644e-05],
        "median": [0.00179049710277, 0.0551002621651, 0.00442979671061, 0.000634408264887, 0.000426963175414, 0.00030971551314, 0.000290108233457, 0.00032516210922, 0.000595928926487, 0.000242172420258, 0.000154815032147, 0.00010117576312, 0.000124722646433, 8.05512609077e-05, 8.797722694e-05, 5.86756214034e-05, 6.12869262113e-05, 4.9753303756e-05, 5.14812745678e-05, 5.16044237884e-05, 4.92740000482e-05, 3.57419703505e-05, 2.75306538242e-05, 2.35893276113e-05, 1.94852873392e-05, 1.13004371087e-05, 1.58042121257e-06],
        "min": [3.81494553715e-24, 3.790474283e-24, 1.17797183209e-23, 1.51215074537e-23, 2.96111688767e-23, 4.50915607106e-23, 4.97867693106e-23, 3.14906173616e-23, 4.41711114955e-23, 1.41264982613e-23, 1.52028579457e-23, 5.95186843965e-23, 9.7881179544e-23, 1.49256597966e-22, 1.42818508481e-22, 1.02340004396e-22, 1.52201990016e-22, 1.20871224273e-22, 1.85825665177e-22, 2.36467026439e-22, 5.04472383703e-22, 4.5047491785e-22, 5.18862973663e-22, 7.37594336982e-22, 1.23402786203e-21, 1.63754669909e-21, 2.36679981018e-21],
        "var": [5.18924389326e-05, 0.00319872354157, 0.000792881182861, 0.0001037287293, 5.03759747517e-06, 2.59714647655e-06, 1.576656814e-06, 2.89356967187e-06, 5.39966913493e-06, 1.4994149069e-06, 1.67537041307e-06, 2.19426837589e-07, 4.35075463656e-07, 3.28027994101e-07, 1.74297866806e-07, 1.69751146473e-07, 1.64007985859e-07, 1.30412914245e-07, 1.12959682497e-07, 1.91677955286e-07, 2.16362735728e-07, 2.04739350806e-07, 3.32485114996e-07, 3.14404815072e-07, 2.89788260943e-07, 1.38450488407e-07, 1.26141017631e-08]
    },
    "erbbands": {
        "dmean": [1.31966888905, 6.7826666832, 12.053896904, 13.680513382, 5.22711277008, 3.77445006371, 5.17515325546, 5.98543024063, 5.75541734695, 10.8515338898, 18.9879283905, 27.5122432709, 20.8753643036, 22.3839645386, 15.4130487442, 10.8401041031, 13.8531341553, 14.5506391525, 12.9164543152, 11.9383182526, 11.5699596405, 11.7022762299, 9.10986995697, 9.94391155243, 11.4989900589, 11.7532234192, 10.3063650131, 12.4848480225, 9.46615219116, 7.7675819397, 8.71088314056, 6.77689266205, 3.9680390358, 3.11356496811, 1.74985039234, 0.878397524357, 0.287486225367, 0.0524726435542, 0.00501003907993, 0.00018157629529],
        "dmean2": [2.09950065613, 11.2897253036, 19.1083698273, 23.3148803711, 9.12264251709, 6.56947422028, 8.86088180542, 10.3011875153, 9.62723445892, 17.6185340881, 30.9305095673, 45.8615608215, 36.1284370422, 36.162815094, 25.6935749054, 18.5969085693, 23.3039951324, 25.5242424011, 22.0580101013, 20.9619026184, 20.8696861267, 20.8867683411, 15.9017486572, 17.6884689331, 20.4082050323, 21.0948352814, 18.1879386902, 22.6421413422, 17.0814971924, 13.6510639191, 15.3877506256, 12.0609951019, 6.62782239914, 5.17627096176, 2.78825640678, 1.32065093517, 0.43352240324, 0.0823619812727, 0.0079152463004, 0.000288579904009],
        "dvar": [2.9343316555, 67.7398147583, 351.155212402, 873.576416016, 139.313156128, 73.3680725098, 169.18460083, 206.999694824, 115.915870667, 564.328430176, 1551.61218262, 2446.51806641, 1663.70727539, 1912.65197754, 825.619567871, 413.639282227, 750.256774902, 1476.7220459, 681.906311035, 682.069152832, 708.002746582, 628.62310791, 466.723114014, 531.614624023, 527.109069824, 520.390380859, 391.778869629, 628.582519531, 336.815093994, 254.777648926, 358.784057617, 233.617324829, 71.5979995728, 44.3460388184, 12.4196138382, 2.48909091949, 0.302508920431, 0.0272975172848, 0.000185994416825, 1.75111722456e-07],
        "dvar2": [8.51564311981, 196.994873047, 757.024902344, 2313.97460938, 384.581939697, 200.582458496, 469.854705811, 569.219543457, 306.241821289, 1212.00756836, 3379.84912109, 6044.16552734, 4207.74609375, 4770.31152344, 2017.6192627, 1140.09802246, 1966.65405273, 4161.36767578, 1841.15600586, 1905.37304688, 2015.79602051, 1818.82958984, 1315.54833984, 1529.07043457, 1455.24414062, 1442.77099609, 1059.54394531, 1736.98608398, 930.459838867, 696.520202637, 972.533691406, 631.810180664, 184.163803101, 118.025611877, 30.8341426849, 5.64673662186, 0.705976366997, 0.0736511126161, 0.000456147099612, 3.80375354325e-07],
        "max": [15.4551362991, 72.5084686279, 207.499710083, 274.004516602, 152.116775513, 121.102226257, 219.808746338, 277.0859375, 197.807907104, 427.024993896, 576.55871582, 621.334716797, 694.528442383, 839.191589355, 408.899871826, 240.921218872, 576.88861084, 622.826477051, 371.219848633, 271.92074585, 376.599334717, 321.304046631, 267.488983154, 231.112289429, 370.864318848, 192.005752563, 212.331970215, 247.615524292, 282.26663208, 169.792663574, 147.315750122, 147.851013184, 88.3385391235, 77.2743759155, 39.531463623, 19.7712211609, 12.6809539795, 6.81926202774, 0.47782215476, 0.0175026282668],
        "mean": [2.40083599091, 12.3148403168, 22.580242157, 18.2615261078, 6.18449401855, 4.11001205444, 5.70434856415, 6.69419765472, 7.09040260315, 13.5726947784, 24.4680747986, 33.4010391235, 22.2470817566, 26.219121933, 16.3164272308, 11.5417318344, 15.0235490799, 13.2361631393, 12.7641620636, 11.2277593613, 10.913769722, 11.1773414612, 9.36791324615, 9.15986442566, 10.0961904526, 10.0377244949, 9.47870635986, 10.4340648651, 8.12139797211, 7.14998054504, 7.43300247192, 5.718562603, 3.89886617661, 2.93580007553, 1.79670000076, 0.957938194275, 0.30193015933, 0.0556560233235, 0.00510462885723, 0.000259771884885],
        "median": [1.46495914459, 9.80141639709, 9.04548931122, 5.22955989838, 2.18263697624, 1.48606920242, 1.89708673954, 2.32527160645, 3.33005857468, 5.08532428741, 10.5679702759, 14.5144062042, 8.94095611572, 9.17946338654, 5.9677529335, 5.15295982361, 5.84013748169, 4.67531251907, 4.57094049454, 4.09608602524, 3.68088150024, 3.21530342102, 2.92862486839, 2.61166357994, 2.80278921127, 2.56467938423, 2.14205312729, 1.69133102894, 1.30354356766, 1.03299236298, 0.751146435738, 0.544615030289, 0.352166831493, 0.22926941514, 0.129164338112, 0.0582616329193, 0.0193392429501, 0.00370230549015, 0.000335558317602, 0.000150726031279],
        "min": [1.32362314955e-22, 1.18054071976e-21, 1.45196176144e-20, 3.93611826532e-20, 4.10824065674e-20, 1.15634666831e-19, 1.1996636613e-19, 4.72848129493e-19, 1.09270755374e-18, 3.92732533541e-19, 6.46576685945e-19, 8.88274414837e-19, 6.8187816955e-19, 5.07906111804e-19, 1.41831127864e-18, 2.03258563109e-18, 4.39517207242e-18, 8.22573133823e-18, 9.09544640506e-18, 6.38783279727e-18, 5.0182471096e-18, 8.22170958609e-18, 7.12537432838e-18, 8.03122147155e-18, 1.11039774171e-17, 1.20158464352e-17, 1.6878752748e-17, 1.97065259203e-17, 1.73961310601e-17, 1.58143747861e-17, 1.35952080213e-17, 1.10766606046e-17, 1.47883995113e-17, 1.23276662291e-17, 9.0163638026e-18, 5.54885452123e-18, 3.30285856685e-18, 1.24001663351e-18, 2.95962483136e-19, 3.66697663533e-20],
        "var": [6.2605175972, 126.660125732, 909.576904297, 1172.34924316, 126.706466675, 61.0985832214, 135.517868042, 174.437362671, 114.787872314, 836.993286133, 2125.45800781, 2952.88525391, 1680.45581055, 2371.27807617, 892.557128906, 356.612609863, 764.278381348, 1009.25201416, 569.304931641, 489.221954346, 499.843353271, 512.315917969, 395.206542969, 388.451477051, 393.269012451, 399.024383545, 327.22052002, 458.01651001, 259.754577637, 209.051818848, 277.294708252, 185.536499023, 76.9184188843, 42.7974052429, 13.4758882523, 3.60361886024, 0.430976748466, 0.0300391260535, 0.000239975270233, 2.58209865933e-07]
    },
    "gfcc": {
        "mean": [-16.9490833282, 90.5269622803, -85.8206939697, 29.5151996613, -39.3021430969, 28.3061637878, -7.9707198143, 25.0717010498, -5.44721603394, 8.34012699127, -12.8918981552, -2.11215877533, -8.76044368744],
        "cov": [[14873.2011719, -2730.34667969, 1548.16162109, 2836.47949219, 83.4181213379, 1217.45874023, -1043.48364258, -342.811187744, -1428.85144043, 195.872650146, -538.069152832, 230.331634521, -613.501159668], [-2730.34667969, 3989.62182617, -196.092330933, -554.498046875, 439.133087158, -450.691467285, 464.617492676, -247.993881226, 400.028747559, -294.612487793, 340.328033447, -276.744140625, 296.117614746], [1548.16162109, -196.092330933, 1573.00878906, 469.287414551, 249.813079834, 312.506225586, -211.597290039, -69.5069198608, -282.093017578, 24.5698299408, -114.136329651, 82.1086654663, -133.077606201], [2836.47949219, -554.498046875, 469.287414551, 1306.31286621, 197.250518799, 384.017059326, -15.7981367111, -82.1692428589, -217.249984741, 10.2535648346, -49.0931663513, 4.15053749084, -86.8268508911], [83.4181213379, 439.133087158, 249.813079834, 197.250518799, 398.105163574, 95.5882568359, 93.5450057983, -11.822101593, -13.8059825897, -23.6848087311, 20.9215641022, -12.2978887558, -0.602611422539], [1217.45874023, -450.691467285, 312.506225586, 384.017059326, 95.5882568359, 374.376342773, 30.9784889221, 88.4732589722, -79.1061706543, 55.9938278198, -52.9968185425, 34.9408187866, -69.6090621948], [-1043.48364258, 464.617492676, -211.597290039, -15.7981367111, 93.5450057983, 30.9784889221, 396.261077881, 140.531829834, 260.878112793, -19.2076396942, 88.7468414307, -62.425693512, 96.8004608154], [-342.811187744, -247.993881226, -69.5069198608, -82.1692428589, -11.822101593, 88.4732589722, 140.531829834, 256.223480225, 157.77243042, 86.2156143188, -11.4477882385, 19.3326931, 12.1724643707], [-1428.85144043, 400.028747559, -282.093017578, -217.249984741, -13.8059825897, -79.1061706543, 260.878112793, 157.77243042, 351.904571533, 41.2499160767, 112.485244751, -46.8628196716, 101.151573181], [195.872650146, -294.612487793, 24.5698299408, 10.2535648346, -23.6848087311, 55.9938278198, -19.2076396942, 86.2156143188, 41.2499160767, 147.64163208, 36.2774162292, 62.5072135925, -12.9495267868], [-538.069152832, 340.328033447, -114.136329651, -49.0931663513, 20.9215641022, -52.9968185425, 88.7468414307, -11.4477882385, 112.485244751, 36.2774162292, 170.620666504, 38.8667488098, 77.3781967163], [230.331634521, -276.744140625, 82.1086654663, 4.15053749084, -12.2978887558, 34.9408187866, -62.425693512, 19.3326931, -46.8628196716, 62.5072135925, 38.8667488098, 134.959121704, 25.0795669556], [-613.501159668, 296.117614746, -133.077606201, -86.8268508911, -0.602611422539, -69.6090621948, 96.8004608154, 12.1724643707, 101.151573181, -12.9495267868, 77.3781967163, 25.0795669556, 122.995185852]],
        "icov": [[0.000258776533883, -0.000187199810171, 0.000125442369608, -0.000478195521282, 0.000284723879304, -0.000381345918868, 0.000307192211039, -0.000164559533005, 0.000610529095866, -0.000474774511531, 0.000433235138189, -0.000354199000867, 0.000347294291714], [-0.000187199810171, 0.00100712967105, -0.000347734894603, 0.000742705073208, -0.00103199214209, 0.000490664038807, -0.000323798332829, 0.000557932071388, -0.000397698633606, 0.000974557071459, -0.00189308309928, 0.00237606023438, -0.00160200765822], [0.000125442369608, -0.000347734894603, 0.00113816710655, -0.000407449202612, -0.000215848049265, -0.000877009762917, 0.000666273699608, 0.000136188915349, 3.08788403345e-05, -0.000305175344693, 0.00111179915257, -0.00144819566049, 0.00090980011737], [-0.000478195521282, 0.000742705073208, -0.000407449202612, 0.00241495016962, -0.00107717257924, -0.000560790882446, -0.00101850181818, 0.00137121952139, -0.000450989929959, 0.000557471241336, -0.00159768387675, 0.0022323851008, -0.0015866503818], [0.000284723879304, -0.00103199214209, -0.000215848049265, -0.00107717257924, 0.00455352384597, -0.000725725025404, -0.00104909285437, -0.000508111144882, 0.00147695664782, -0.00082336855121, 0.00105021556374, -0.00199819169939, 0.001843757811], [-0.000381345918868, 0.000490664038807, -0.000877009762917, -0.000560790882446, -0.000725725025404, 0.00727886194363, -0.00273779430427, -0.0024223390501, 0.00142777047586, -0.000160230323672, -0.000858639890794, -0.000115273476695, 0.00145473482553], [0.000307192211039, -0.000323798332829, 0.000666273699608, -0.00101850181818, -0.00104909285437, -0.00273779430427, 0.00958829186857, -0.00374051905237, -0.00320280599408, 0.00338633614592, -0.00220888806507, 0.00244871689938, -0.00253604957834], [-0.000164559533005, 0.000557932071388, 0.000136188915349, 0.00137121952139, -0.000508111144882, -0.0024223390501, -0.00374051905237, 0.0140971951187, -0.00711646862328, -0.00450969301164, 0.00738066295162, -0.00452235015109, 0.000783239025623], [0.000610529095866, -0.000397698633606, 3.08788403345e-05, -0.000450989929959, 0.00147695664782, 0.00142777047586, -0.00320280599408, -0.00711646862328, 0.0158096849918, -0.00473667914048, -0.00524440780282, 0.00736754387617, -0.00394546519965], [-0.000474774511531, 0.000974557071459, -0.000305175344693, 0.000557471241336, -0.00082336855121, -0.000160230323672, 0.00338633614592, -0.00450969301164, -0.00473667914048, 0.0170291680843, -0.0070004593581, -0.00305690593086, 0.0037511207629], [0.000433235138189, -0.00189308309928, 0.00111179915257, -0.00159768387675, 0.00105021556374, -0.000858639890794, -0.00220888806507, 0.00738066295162, -0.00524440780282, -0.0070004593581, 0.0197078995407, -0.0114175761119, 0.000826513452921], [-0.000354199000867, 0.00237606023438, -0.00144819566049, 0.0022323851008, -0.00199819169939, -0.000115273476695, 0.00244871689938, -0.00452235015109, 0.00736754387617, -0.00305690593086, -0.0114175761119, 0.0250688232481, -0.0133425639942], [0.000347294291714, -0.00160200765822, 0.00090980011737, -0.0015866503818, 0.001843757811, 0.00145473482553, -0.00253604957834, 0.000783239025623, -0.00394546519965, 0.0037511207629, 0.000826513452921, -0.0133425639942, 0.0221750605851]]
    },
    "melbands": {
        "dmean": [0.0102222785354, 0.00684153288603, 0.00208427710459, 0.000284068461042, 0.000175121982465, 0.000133781170007, 9.37768490985e-05, 0.00011778807675, 0.00016638127272, 0.000169761333382, 0.000103309044789, 8.99990773178e-05, 6.51002555969e-05, 3.1056250009e-05, 2.80885506072e-05, 3.12174997816e-05, 2.65219059656e-05, 2.16625558096e-05, 1.63847689691e-05, 1.42692051668e-05, 1.3760026377e-05, 1.2637704458e-05, 9.63435832091e-06, 8.54161953612e-06, 8.05757372291e-06, 7.24700385035e-06, 9.53925064096e-06, 7.4657082223e-06, 6.86345629219e-06, 5.31912837687e-06, 8.34087404655e-06, 5.83053861192e-06, 4.22158245783e-06, 4.38975257566e-06, 5.26714120497e-06, 4.59627744931e-06, 4.1429580051e-06, 2.74950866697e-06, 2.82974201582e-06, 2.58324757851e-06],
        "dmean2": [0.0167740657926, 0.0112440576777, 0.00351542024873, 0.000496536085848, 0.000300232088193, 0.000229632569244, 0.000155207671924, 0.000192763152882, 0.000270490592811, 0.000284984329483, 0.000179157184903, 0.000146702484926, 0.000105983963294, 5.53414320166e-05, 4.75332853966e-05, 5.32968479092e-05, 4.68881335109e-05, 3.73713373847e-05, 2.83800254692e-05, 2.53740909102e-05, 2.48932647082e-05, 2.26291867875e-05, 1.70371513377e-05, 1.49785910253e-05, 1.43970373756e-05, 1.26379527501e-05, 1.736068225e-05, 1.33848507176e-05, 1.22136880236e-05, 9.31741578825e-06, 1.52371303557e-05, 1.05737881313e-05, 7.48885668145e-06, 7.7143404269e-06, 9.29613088374e-06, 8.24941707833e-06, 7.39039569453e-06, 4.59943203168e-06, 4.81936331198e-06, 4.26252518082e-06],
        "dvar": [0.000163480086485, 7.37025329727e-05, 1.89375932678e-05, 3.99552561703e-07, 1.8567223492e-07, 1.02435024019e-07, 2.83709944426e-08, 5.60891102452e-08, 1.01342841674e-07, 9.41479498806e-08, 4.18802059698e-08, 3.24965441223e-08, 1.71849681152e-08, 4.13311429526e-09, 2.51932474882e-09, 5.0871706847e-09, 5.15522291522e-09, 2.10350559193e-09, 1.18289755768e-09, 1.20588672381e-09, 9.26666188228e-10, 7.23712312301e-10, 6.01445337978e-10, 3.6885197674e-10, 3.93444332669e-10, 1.80089068658e-10, 4.29507290844e-10, 2.18130347118e-10, 1.92750121419e-10, 9.90896531494e-11, 2.96119823107e-10, 1.26451821236e-10, 7.85622678023e-11, 9.1354000753e-11, 1.32817701282e-10, 1.10262785014e-10, 9.27261670225e-11, 3.50718031006e-11, 4.12382593351e-11, 2.91933283103e-11],
        "dvar2": [0.000487046549097, 0.000177565947524, 4.98307017551e-05, 1.10485495952e-06, 5.15909221122e-07, 2.81398286006e-07, 7.22985973312e-08, 1.26004621848e-07, 2.25155304179e-07, 2.36173391954e-07, 1.05890919144e-07, 8.23701711283e-08, 3.90256822413e-08, 1.1508276998e-08, 6.86471812728e-09, 1.35193127804e-08, 1.46057015371e-08, 5.732070818e-09, 3.27150395663e-09, 3.45789796796e-09, 2.63191068939e-09, 2.09254702455e-09, 1.75772973954e-09, 1.02125197188e-09, 1.13936915458e-09, 4.91540141923e-10, 1.20735410558e-09, 6.0218896536e-10, 5.23395160545e-10, 2.70459460383e-10, 8.21954615482e-10, 3.50208528843e-10, 2.18202567126e-10, 2.50658632739e-10, 3.62316149305e-10, 3.01395269853e-10, 2.51821785646e-10, 8.95874485707e-11, 1.09659066549e-10, 7.73342292981e-11],
        "max": [0.115729905665, 0.0795594677329, 0.0387118160725, 0.0075782421045, 0.00718275457621, 0.00620829639956, 0.0028583558742, 0.00403891084716, 0.00439803907648, 0.00412652036175, 0.0034902014304, 0.00361591554247, 0.00193060922902, 0.000706490129232, 0.000643365841825, 0.00133963034023, 0.00108130951412, 0.000687773921527, 0.000372898764908, 0.000444633420557, 0.000399333948735, 0.000316149002174, 0.000282492750557, 0.000226331248996, 0.000215001113247, 0.000175057022716, 0.000271220516879, 0.000113339163363, 0.000175991430297, 8.21331486804e-05, 0.000192250750843, 0.000147223501699, 0.000150255553308, 0.000115636867122, 9.19403828448e-05, 7.74985528551e-05, 7.84201256465e-05, 7.19720119378e-05, 8.85845074663e-05, 5.63479443372e-05],
        "mean": [0.0194280985743, 0.0134963020682, 0.00286632589996, 0.000314659817377, 0.000195128639461, 0.000150981417391, 0.000117764509923, 0.000147044251207, 0.000216857995838, 0.000201312257559, 0.000106321873318, 0.000103486338048, 7.06472128513e-05, 2.87910625048e-05, 3.16742916766e-05, 3.14723802148e-05, 2.34292947425e-05, 2.08467081393e-05, 1.57159356604e-05, 1.29940026454e-05, 1.28366145873e-05, 1.17907002277e-05, 9.37697677728e-06, 8.27856729302e-06, 7.22205459169e-06, 6.89673015586e-06, 7.53372660256e-06, 6.43319299343e-06, 6.10573761151e-06, 5.08905941388e-06, 6.5972626544e-06, 4.83008534502e-06, 3.84368331652e-06, 3.98971133109e-06, 4.47878528576e-06, 3.74651813217e-06, 3.42048770108e-06, 2.72131933343e-06, 2.62758157987e-06, 2.41735438067e-06],
        "median": [0.0145984888077, 0.00873695965856, 0.00085673853755, 0.000111495101009, 6.83923935867e-05, 5.39384272997e-05, 5.53451172891e-05, 5.8111789258e-05, 9.31859976845e-05, 8.41600558488e-05, 3.85035273212e-05, 3.4988461266e-05, 2.1180459953e-05, 1.1253782759e-05, 1.38573486765e-05, 1.13827172754e-05, 7.88232046034e-06, 7.06504488335e-06, 5.77813170821e-06, 4.46066769655e-06, 4.19887965109e-06, 3.31683349941e-06, 2.62454022959e-06, 2.61031777882e-06, 1.91527374227e-06, 2.04063371712e-06, 1.76061041657e-06, 1.60068714194e-06, 1.29251361614e-06, 1.11542851755e-06, 9.19027854707e-07, 7.28299482944e-07, 6.37986488528e-07, 5.20867217801e-07, 4.49523241741e-07, 3.52832159933e-07, 3.0679504448e-07, 2.6157533739e-07, 1.96060639723e-07, 1.85227335692e-07],
        "min": [1.07288810478e-24, 7.32113407143e-24, 6.31251742283e-24, 5.72492215023e-24, 4.58320612869e-24, 1.00740614154e-23, 1.52524567862e-23, 5.10929825524e-24, 4.46061280528e-24, 6.88145771274e-24, 2.93899044368e-24, 1.92996260133e-24, 3.38485423288e-24, 5.75039368e-24, 8.62392523463e-24, 1.03923044707e-23, 1.49103514774e-23, 1.45039177173e-23, 1.12449968449e-23, 7.17411406452e-24, 3.83254265736e-24, 7.89728257786e-24, 8.61290011462e-24, 5.9254150936e-24, 6.21310398826e-24, 8.29643357413e-24, 7.12619470884e-24, 7.51323511249e-24, 9.4557766926e-24, 1.1061759445e-23, 1.16097329953e-23, 9.44838585478e-24, 8.22785710678e-24, 9.07404137854e-24, 9.23322798719e-24, 5.14206477623e-24, 7.11548197774e-24, 1.03097091562e-23, 9.65992679512e-24, 1.10578924488e-23],
        "var": [0.000326461740769, 0.000173459236976, 2.50966204476e-05, 3.14363376219e-07, 1.50344163785e-07, 8.67480736133e-08, 3.11991783519e-08, 7.9625991134e-08, 1.4077789956e-07, 1.09115475766e-07, 4.23063362121e-08, 3.91565713187e-08, 2.11278159412e-08, 3.01553071402e-09, 2.60129806584e-09, 4.44008652067e-09, 3.41895001199e-09, 1.69461389365e-09, 8.93389306977e-10, 8.01227750813e-10, 6.70602184893e-10, 5.7790594532e-10, 4.76874817412e-10, 2.95362262426e-10, 2.77704553797e-10, 1.49725967735e-10, 2.89278850873e-10, 1.69694341912e-10, 1.5431060596e-10, 8.57939344567e-11, 2.05847186519e-10, 9.63357171813e-11, 6.10007322432e-11, 7.19070289423e-11, 1.02299044236e-10, 8.17996573255e-11, 7.11359721128e-11, 3.91430637903e-11, 4.07742485609e-11, 2.74557269281e-11]
    },
    "mfcc": {
        "mean": [-668.005493164, 125.016326904, 17.8722324371, 21.5107078552, 5.67820358276, 14.0145139694, 13.1218156815, 18.6436290741, 18.7956371307, 17.9998340607, 11.7995204926, 8.41470909119, 4.05468225479],
        "cov": [[10748.8134766, -1987.75439453, 760.339233398, 930.260009766, 886.174377441, 905.697875977, 416.919372559, -174.101455688, -454.705322266, -451.804504395, -323.5027771, -229.706359863, -232.045074463], [-1987.75439453, 3159.03320312, -90.2439193726, 119.103065491, 56.6541175842, 11.3129606247, 61.6897125244, 7.58241605759, -1.42039430141, 17.4072303772, -21.179189682, -11.7301397324, 49.2261314392], [760.339233398, -90.2439193726, 984.322021484, 247.960739136, 290.257110596, 216.516555786, 100.353744507, -0.158422544599, -63.6697540283, -86.4865188599, -52.2432441711, -44.1440391541, -51.7346801758], [930.260009766, 119.103065491, 247.960739136, 599.383056641, 280.350830078, 287.572692871, 161.959838867, 41.7422485352, -42.1232566833, -47.8120803833, -32.6516227722, -10.5126066208, -27.4066905975], [886.174377441, 56.6541175842, 290.257110596, 280.350830078, 411.258331299, 235.938339233, 136.496536255, 6.2821931839, -64.4638900757, -83.1729812622, -37.2680931091, -25.0370082855, -30.9857616425], [905.697875977, 11.3129606247, 216.516555786, 287.572692871, 235.938339233, 321.46673584, 173.427871704, 51.7297096252, -29.9102249146, -36.503112793, -13.4039678574, 1.54780030251, -12.4671373367], [416.919372559, 61.6897125244, 100.353744507, 161.959838867, 136.496536255, 173.427871704, 186.792617798, 89.5050735474, 33.9101676941, 11.0191230774, 10.1830348969, 12.3152971268, 5.35768127441], [-174.101455688, 7.58241605759, -0.158422544599, 41.7422485352, 6.2821931839, 51.7297096252, 89.5050735474, 169.188049316, 136.421737671, 92.2933425903, 53.0195198059, 41.0841369629, 31.1006984711], [-454.705322266, -1.42039430141, -63.6697540283, -42.1232566833, -64.4638900757, -29.9102249146, 33.9101676941, 136.421737671, 219.964706421, 158.493469238, 87.5005874634, 47.973400116, 46.0500793457], [-451.804504395, 17.4072303772, -86.4865188599, -47.8120803833, -83.1729812622, -36.503112793, 11.0191230774, 92.2933425903, 158.493469238, 187.309463501, 110.936424255, 63.7006988525, 46.6344985962], [-323.5027771, -21.179189682, -52.2432441711, -32.6516227722, -37.2680931091, -13.4039678574, 10.1830348969, 53.0195198059, 87.5005874634, 110.936424255, 127.518936157, 80.8929519653, 47.0741043091], [-229.706359863, -11.7301397324, -44.1440391541, -10.5126066208, -25.0370082855, 1.54780030251, 12.3152971268, 41.0841369629, 47.973400116, 63.7006988525, 80.8929519653, 104.676071167, 66.5964660645], [-232.045074463, 49.2261314392, -51.7346801758, -27.4066905975, -30.9857616425, -12.4671373367, 5.35768127441, 31.1006984711, 46.0500793457, 46.6344985962, 47.0741043091, 66.5964660645, 90.9930114746]],
