{
"lowlevel": {
    "average_loudness": 0.726904928684,
    "barkbands_crest": {
        "dmean": 1.79840779305,
        "dmean2": 2.81564807892,
        "dvar": 3.3093328476,
        "dvar2": 8.95781421661,
        "max": 25.9868469238,
        "mean": 11.3738126755,
        "median": 10.8194770813,
        "min": 3.61863827705,
        "var": 14.2289505005
    },
    "barkbands_flatness_db": {
        "dmean": 0.0185498576611,
        "dmean2": 0.0276731234044,
        "dvar": 0.000357887416612,
        "dvar2": 0.000785246491432,
        "max": 0.491145759821,
        "mean": 0.275308310986,
        "median": 0.273176163435,
        "min": 0.0699806138873,
        "var": 0.00203401432373
    },
    "barkbands_kurtosis": {
        "dmean": 2.17559409142,
        "dmean2": 3.37040305138,
        "dvar": 9.75583839417,
        "dvar2": 24.2613430023,
        "max": 130.755691528,
        "mean": 5.7000579834,
        "median": 4.1363568306,
        "min": -1.52396309376,
        "var": 45.2324180603
    },
    "barkbands_skewness": {
        "dmean": 0.367031991482,
        "dmean2": 0.558167040348,
        "dvar": 0.154184758663,
        "dvar2": 0.374168217182,
        "max": 8.70130729675,
        "mean": 1.87988853455,
        "median": 1.76907479763,
        "min": -1.89193356037,
        "var": 0.683552920818
    },
    "barkbands_spread": {
        "dmean": 1.08821558952,
        "dmean2": 1.67103767395,
        "dvar": 1.69434833527,
        "dvar2": 3.86391448975,
        "max": 31.2062911987,
        "mean": 5.76744508743,
        "median": 5.35063743591,
        "min": 0.332570850849,
        "var": 6.78359460831
    },
    "dissonance": {
        "dmean": 0.0258392412215,
        "dmean2": 0.0427618212998,
        "dvar": 0.000537975283805,
        "dvar2": 0.00147681392264,
        "max": 0.500000059605,
        "mean": 0.425941854715,
        "median": 0.431480377913,
        "min": 0.210131436586,
        "var": 0.0015689531574
    },
    "dynamic_complexity": 3.51207017899,
    "erbbands_crest": {
        "dmean": 2.27471971512,
        "dmean2": 3.55169820786,
        "dvar": 5.98257064819,
        "dvar2": 15.3643350601,
        "max": 31.1450328827,
        "mean": 11.9814519882,
        "median": 10.9111480713,
        "min": 3.12312173843,
        "var": 22.8992424011
    },
    "erbbands_flatness_db": {
        "dmean": 0.0146988835186,
        "dmean2": 0.0199173390865,
        "dvar": 0.000249516218901,
        "dvar2": 0.000474276719615,
        "max": 0.475098758936,
        "mean": 0.312996983528,
        "median": 0.312170058489,
        "min": 0.0917208194733,
        "var": 0.00162606115919
    },
    "erbbands_kurtosis": {
        "dmean": 0.748416483402,
        "dmean2": 1.14389061928,
        "dvar": 1.15383267403,
        "dvar2": 2.52170705795,
        "max": 57.5860023499,
        "mean": 0.906408786774,
        "median": 0.270484209061,
        "min": -1.64770007133,
        "var": 8.44261932373
    },
    "erbbands_skewness": {
        "dmean": 0.263941794634,
        "dmean2": 0.39746171236,
        "dvar": 0.07015876472,
        "dvar2": 0.167008638382,
        "max": 6.21831846237,
        "mean": 0.929473221302,
        "median": 0.870290279388,
        "min": -2.21653795242,
        "var": 0.425678610802
    },
    "erbbands_spread": {
        "dmean": 2.07528209686,
        "dmean2": 3.08486485481,
        "dvar": 4.77838611603,
        "dvar2": 10.609372139,
        "max": 46.9430732727,
        "mean": 15.6316604614,
        "median": 15.4108352661,
        "min": 1.38903820515,
        "var": 24.7401161194
    },
    "hfc": {
        "dmean": 2.5730805397,
        "dmean2": 3.41277599335,
        "dvar": 16.5145626068,
        "dvar2": 32.2583732605,
        "max": 72.1530914307,
        "mean": 9.72630310059,
        "median": 7.30212211609,
        "min": 1.15351514326e-16,
        "var": 73.0993041992
    },
    "melbands_crest": {
        "dmean": 2.96365308762,
        "dmean2": 4.67329835892,
        "dvar": 10.3257865906,
        "dvar2": 25.9716529846,
        "max": 33.0969429016,
        "mean": 15.9788513184,
        "median": 14.8971481323,
        "min": 2.70385098457,
        "var": 33.5933837891
    },
    "melbands_flatness_db": {
        "dmean": 0.0192079674453,
        "dmean2": 0.0283074807376,
        "dvar": 0.000431400811067,
        "dvar2": 0.000925801461563,
        "max": 0.564020097256,
        "mean": 0.348010241985,
        "median": 0.345235049725,
        "min": 0.00597168225795,
        "var": 0.00262730754912
    },
    "melbands_kurtosis": {
        "dmean": 3.06616353989,
        "dmean2": 4.74534416199,
        "dvar": 19.0882015228,
        "dvar2": 46.9074211121,
        "max": 112.583183289,
        "mean": 8.10760211945,
        "median": 6.0908203125,
        "min": -1.37729406357,
        "var": 58.2608795166
    },
    "melbands_skewness": {
        "dmean": 0.421023011208,
        "dmean2": 0.63672798872,
        "dvar": 0.213015168905,
        "dvar2": 0.500967442989,
        "max": 6.84963703156,
        "mean": 2.06758260727,
        "median": 1.92831635475,
        "min": -1.4760696888,
        "var": 0.824114561081
    },
    "melbands_spread": {
        "dmean": 1.61940431595,
        "dmean2": 2.49035072327,
        "dvar": 5.3929643631,
        "dvar2": 10.4020662308,
        "max": 144.516342163,
        "mean": 8.02117824554,
        "median": 7.4189081192,
        "min": 0.598037540913,
        "var": 16.1249961853
    },
    "pitch_salience": {
        "dmean": 0.0559404678643,
        "dmean2": 0.0884934216738,
        "dvar": 0.00324653089046,
        "dvar2": 0.00813782215118,
        "max": 0.871971964836,
        "mean": 0.573559582233,
        "median": 0.58793669939,
        "min": 0.0908431857824,
        "var": 0.0118193197995
    },
    "silence_rate_20dB": {
        "dmean": 0,
        "dmean2": 0,
        "dvar": 0,
        "dvar2": 0,
        "max": 1,
        "mean": 1,
        "median": 1,
        "min": 1,
        "var": 0
    },
    "silence_rate_30dB": {
        "dmean": 0.00436147954315,
        "dmean2": 0.00872371997684,
        "dvar": 0.00434250151739,
        "dvar2": 0.0107414731756,
        "max": 1,
        "mean": 0.996598362923,
        "median": 1,
        "min": 0,
        "var": 0.00338997598737
    },
    "silence_rate_60dB": {
        "dmean": 0.0233775302768,
        "dmean2": 0.0467591397464,
        "dvar": 0.0228331144899,
        "dvar2": 0.050859875977,
        "max": 1,
        "mean": 0.0771042332053,
        "median": 0,
        "min": 0,
        "var": 0.0711611136794
    },
    "spectral_centroid": {
        "dmean": 53.237121582,
        "dmean2": 81.6290664673,
        "dvar": 14763.0273438,
        "dvar2": 20566.0332031,
        "max": 11212.4970703,
        "mean": 546.84954834,
        "median": 522.224853516,
        "min": 307.316986084,
        "var": 27761.0898438
    },
    "spectral_complexity": {
        "dmean": 1.70638525486,
        "dmean2": 2.63979768753,
        "dvar": 2.93177390099,
        "dvar2": 5.87514305115,
        "max": 32,
        "mean": 13.3939819336,
        "median": 13,
        "min": 0,
        "var": 19.634016037
    },
    "spectral_decrease": {
        "dmean": 1.57982515958e-09,
        "dmean2": 2.24055707321e-09,
        "dvar": 6.81893782584e-18,
        "dvar2": 1.53579348697e-17,
        "max": -1.93889100152e-29,
        "mean": -5.14749665115e-09,
        "median": -3.76666164925e-09,
        "min": -5.37916378107e-08,
        "var": 2.28746988039e-17
    },
    "spectral_energy": {
        "dmean": 0.00618836050853,
        "dmean2": 0.0087522091344,
        "dvar": 0.000103984733869,
        "dvar2": 0.000233225582633,
        "max": 0.208892226219,
        "mean": 0.0203099977225,
        "median": 0.0149155119434,
        "min": 1.0535909322e-20,
        "var": 0.000352913222741
    },
    "spectral_energyband_high": {
        "dmean": 4.79166783407e-06,
        "dmean2": 6.64418439555e-06,
        "dvar": 7.92090948387e-10,
        "dvar2": 2.10604733653e-09,
        "max": 0.00155988661572,
        "mean": 8.09339417174e-06,
        "median": 2.47652019425e-06,
        "min": 7.62557531094e-21,
        "var": 8.77399486399e-10
    },
    "spectral_energyband_low": {
        "dmean": 0.000252236495726,
        "dmean2": 0.000399273383664,
        "dvar": 4.15804890963e-07,
        "dvar2": 1.12434622679e-06,
        "max": 0.0151431672275,
        "mean": 0.00054003164405,
        "median": 0.000211288686842,
        "min": 1.18559533655e-22,
        "var": 1.28253554976e-06
    },
    "spectral_energyband_middle_high": {
        "dmean": 0.00063653109828,
        "dmean2": 0.000824558199383,
        "dvar": 1.35005382162e-06,
        "dvar2": 2.37768995248e-06,
        "max": 0.0429896712303,
        "mean": 0.00227620918304,
        "median": 0.00151849386748,
        "min": 1.52044621732e-21,
        "var": 6.34437446934e-06
    },
    "spectral_energyband_middle_low": {
        "dmean": 0.00579211581498,
        "dmean2": 0.00836786627769,
        "dvar": 9.47038788581e-05,
        "dvar2": 0.000219203080633,
        "max": 0.20514768362,
        "mean": 0.0178175978363,
        "median": 0.0127706658095,
        "min": 3.25560876101e-22,
        "var": 0.000293636054266
    },
    "spectral_entropy": {
        "dmean": 0.138486176729,
        "dmean2": 0.214313432574,
        "dvar": 0.0248113628477,
        "dvar2": 0.0563072785735,
        "max": 9.81018161774,
        "mean": 6.25495815277,
        "median": 6.27251434326,
        "min": 4.16185188293,
        "var": 0.115685708821
    },
    "spectral_flux": {
        "dmean": 0.0188882015646,
        "dmean2": 0.0294884033501,
        "dvar": 0.000570523377974,
        "dvar2": 0.00127633276861,
        "max": 0.292610168457,
        "mean": 0.0463034510612,
        "median": 0.0359366238117,
        "min": 1.02644580335e-10,
        "var": 0.00125771726016
    },
    "spectral_kurtosis": {
        "dmean": 16.4960289001,
        "dmean2": 28.667432785,
        "dvar": 210.046188354,
        "dvar2": 590.431884766,
        "max": 169.007049561,
        "mean": 39.686668396,
        "median": 34.9792747498,
        "min": -1.18828964233,
        "var": 511.451141357
    },
    "spectral_rms": {
        "dmean": 0.000607286230661,
        "dmean2": 0.000833280733787,
        "dvar": 5.86085604937e-07,
        "dvar2": 1.22070241559e-06,
        "max": 0.0142757585272,
        "mean": 0.00403788499534,
        "median": 0.00381467142142,
        "min": 3.20607798122e-12,
        "var": 3.51007770405e-06
    },
    "spectral_rolloff": {
        "dmean": 108.715744019,
        "dmean2": 180.767669678,
        "dvar": 50727.4570312,
        "dvar2": 77509.6640625,
        "max": 18690.8203125,
        "mean": 700.244689941,
        "median": 667.529296875,
        "min": 301.46484375,
        "var": 88466.8203125
    },
    "spectral_skewness": {
        "dmean": 1.03197813034,
        "dmean2": 1.80477201939,
        "dvar": 0.717220067978,
        "dvar2": 2.1115732193,
        "max": 10.553360939,
        "mean": 4.17697525024,
        "median": 3.95915842056,
        "min": -0.0172180496156,
        "var": 1.68615031242
    },
    "spectral_spread": {
        "dmean": 243374.890625,
        "dmean2": 407934.6875,
        "dvar": 144997367808,
        "dvar2": 200687321088,
        "max": 39701232,
        "mean": 1431265.75,
        "median": 1394368.5,
        "min": 471078.21875,
        "var": 285924884480
    },
    "spectral_strongpeak": {
        "dmean": 0.321910768747,
        "dmean2": 0.502648353577,
        "dvar": 0.165119215846,
        "dvar2": 0.390211641788,
        "max": 6.60206794739,
        "mean": 1.11888420582,
        "median": 0.938214063644,
        "min": 4.62042359928e-09,
        "var": 0.580734789371
    },
    "zerocrossingrate": {
        "dmean": 0.00262604514137,
        "dmean2": 0.00338018592447,
        "dvar": 2.59854441538e-05,
        "dvar2": 2.94827204925e-05,
        "max": 0.50390625,
        "mean": 0.0266513824463,
        "median": 0.02587890625,
        "min": 0.01318359375,
        "var": 6.03789449087e-05
    },
    "barkbands": {
        "dmean": [3.51463881998e-07, 1.3368803593e-05, 0.000154271736392, 0.000219853041926, 0.0027671600692, 0.00248222635128, 0.000727289065253, 0.000915141252335, 0.000302826461848, 0.000303636712488, 0.000120387790957, 0.000185580225661, 0.000110445005703, 7.1960814239e-05, 0.000126184182591, 5.42639718333e-05, 2.76023365586e-05, 1.77279162017e-05, 6.13243309999e-06, 2.37575750361e-06, 1.88344961316e-06, 4.61272406937e-07, 4.20437345383e-07, 4.40690115511e-07, 3.98756156983e-07, 1.58488944635e-07, 1.79802306377e-08],
        "dmean2": [6.03829619195e-07, 2.15573181777e-05, 0.000249869364779, 0.000319172191666, 0.00439705373719, 0.00367994885892, 0.00100512767676, 0.00121797434986, 0.000410035543609, 0.000384220504202, 0.00018232059665, 0.000259247986833, 0.000167043472175, 0.000106885265268, 0.000183604628546, 8.11307472759e-05, 4.2280771595e-05, 2.65305352514e-05, 8.65253696247e-06, 3.21243192047e-06, 2.93404855256e-06, 6.85572899783e-07, 6.32132071132e-07, 6.15812723481e-07, 5.66217465803e-07, 2.37527430613e-07, 2.78856973068e-08],
        "dvar": [8.28385266199e-13, 6.90016488392e-10, 1.39829580803e-07, 2.51299383081e-07, 3.21489897033e-05, 2.10964990401e-05, 2.44798934546e-06, 4.49674098491e-06, 2.95292267083e-07, 3.05013315938e-07, 1.54754260961e-07, 1.21702328215e-07, 5.03555632747e-08, 2.39521078527e-08, 9.24154974768e-08, 9.8833456974e-09, 3.61889940237e-09, 3.94040711171e-09, 5.68289304503e-10, 7.13874931391e-11, 4.52141324381e-10, 1.12786585627e-11, 2.65470336686e-11, 1.045828181e-11, 1.1684502324e-11, 1.95484839254e-12, 2.0191400296e-14],
        "dvar2": [2.24739215952e-12, 1.78405390461e-09, 3.89885173036e-07, 6.78876403981e-07, 8.27320400276e-05, 5.14961611771e-05, 4.9851746553e-06, 7.65146796766e-06, 5.68164921333e-07, 5.50680567812e-07, 2.76321770798e-07, 2.43001096578e-07, 1.09654713754e-07, 5.49180469989e-08, 1.88428373349e-07, 2.12524131626e-08, 7.96547006132e-09, 7.82689735246e-09, 1.16676379669e-09, 1.49314699494e-10, 1.36456845823e-09, 2.93665543272e-11, 7.34180702344e-11, 2.33048597781e-11, 2.49733480423e-11, 4.47060314115e-12, 4.61681338776e-14],
        "max": [2.10539419641e-05, 0.000394001661334, 0.00828285142779, 0.0125212585554, 0.136374652386, 0.109726838768, 0.0633461624384, 0.0701054036617, 0.0147914774716, 0.0165828466415, 0.0325692072511, 0.0127636566758, 0.00843978766352, 0.00430374545977, 0.00735540827736, 0.00226259347983, 0.00202978565358, 0.0014418681385, 0.00076799816452, 0.000223071328946, 0.00144148559775, 0.000231729558436, 0.000349626439856, 0.000213119041291, 0.000145571990288, 5.99702907493e-05, 6.02634372626e-06],
        "mean": [3.34341933694e-07, 1.79593844223e-05, 0.000248335272772, 0.000593464705162, 0.00467226235196, 0.00623135222122, 0.00276004103944, 0.00253068632446, 0.000915198936127, 0.000712015840691, 0.000281307264231, 0.000449582672445, 0.000251552643022, 0.000145349011291, 0.000273281621048, 0.000105492174043, 6.52107337373e-05, 3.47180612152e-05, 1.25019660118e-05, 4.26785163654e-06, 2.78702395917e-06, 6.68307336582e-07, 5.26921382971e-07, 5.57728185413e-07, 4.15239441054e-07, 1.46283824165e-07, 1.77275634172e-08],
        "median": [1.02867986129e-07, 5.93126696913e-06, 7.92721111793e-05, 0.000324940687278, 0.00205762218684, 0.00328311976045, 0.00156467873603, 0.000684301601723, 0.000596236088313, 0.000379076722311, 0.000101062534668, 0.000239627974224, 0.00013156964269, 7.48630336602e-05, 0.000118621632282, 5.8040037402e-05, 3.07631016767e-05, 1.09115344458e-05, 2.76708078673e-06, 1.15825412195e-06, 8.13400106381e-07, 1.79400089451e-07, 1.08783630992e-07, 8.61159463739e-08, 3.63910963586e-08, 9.25968635102e-09, 2.97941515903e-09],
        "min": [1.59555180239e-23, 8.9779319301e-23, 1.41892442577e-23, 6.4739010091e-24, 4.13493970583e-23, 6.57496505622e-23, 6.52814647704e-23, 7.72811119897e-23, 4.77570144242e-23, 4.68796464809e-23, 1.32262691289e-22, 6.99953819957e-23, 9.05053490128e-23, 5.35834716504e-23, 1.65280407679e-22, 2.28086041965e-22, 2.14505618465e-22, 1.1276281964e-22, 2.14088897959e-22, 4.11863571797e-22, 3.09885591447e-22, 5.03361516087e-22, 6.81014304608e-22, 8.88805871111e-22, 1.08878698259e-21, 1.86165721026e-21, 2.33141340324e-21],
        "var": [7.24972382474e-13, 9.92702808844e-10, 2.84819122953e-07, 8.02498448138e-07, 4.9369307817e-05, 6.46686312393e-05, 1.40982274388e-05, 2.01809161808e-05, 1.13666192192e-06, 1.13365922516e-06, 6.53727624922e-07, 4.26976441759e-07, 1.45440580468e-07, 5.30338866156e-08, 2.54451492765e-07, 2.26856347041e-08, 1.11201874375e-08, 8.85645956572e-09, 1.31681299198e-09, 1.2572340391e-10, 3.28133520355e-10, 1.02812437383e-11, 1.87189621442e-11, 1.32040272813e-11, 1.33107457348e-11, 1.93222954997e-12, 1.95787532237e-14]
    },
    "erbbands": {
        "dmean": [0.000164424796822, 0.00535432109609, 0.110401414335, 0.492803424597, 1.29781627655, 7.81752920151, 33.0102920532, 16.5761127472, 11.8375797272, 11.2560052872, 19.277135849, 8.63359165192, 4.57919740677, 10.8278656006, 5.66188049316, 8.61936855316, 4.95293807983, 4.43482398987, 7.42223072052, 3.52712702751, 1.57487213612, 1.15041172504, 0.895322859287, 0.611094415188, 0.249577373266, 0.109051287174, 0.137393638492, 0.0263513587415, 0.0193375144154, 0.0120566897094, 0.00991417095065, 0.0104679018259, 0.00709432084113, 0.00500643486157, 0.00253605400212, 0.00113973685075, 0.000185438999324, 2.44745333475e-05, 5.57428938919e-06, 7.03117393641e-06],
        "dmean2": [0.000256424362306, 0.00847918912768, 0.175333842635, 0.753691136837, 1.88632059097, 12.422867775, 49.9862327576, 26.312330246, 16.8021793365, 16.2979106903, 24.8580627441, 11.4603414536, 6.15652656555, 13.6276836395, 8.23201179504, 12.1713695526, 7.24625682831, 6.71108627319, 10.7749509811, 5.21304798126, 2.29673314095, 1.70274043083, 1.34410989285, 0.906935572624, 0.335403203964, 0.145613431931, 0.207391053438, 0.037616726011, 0.0291284807026, 0.0177736133337, 0.0150533150882, 0.0148400207981, 0.0101506309584, 0.0072676660493, 0.00374398916028, 0.001705392031, 0.00027996438439, 3.66682252206e-05, 8.03407783678e-06, 9.90272292256e-06],
        "dvar": [1.17872588135e-07, 9.47669686866e-05, 0.0602312274277, 1.60524809361, 3.8953704834, 295.469299316, 4303.22070312, 1536.36218262, 608.904418945, 749.956665039, 2732.74243164, 262.591705322, 82.9902801514, 424.111877441, 306.28817749, 276.477661133, 114.562149048, 75.2638473511, 308.014312744, 45.6335220337, 12.0481891632, 6.14489126205, 5.61252117157, 4.5416264534, 0.934041798115, 0.150435864925, 1.97065103054, 0.0175501015037, 0.0305379480124, 0.0159180480987, 0.0185565836728, 0.00456550577655, 0.00317491148598, 0.00180468568578, 0.000488841964398, 9.67497326201e-05, 3.25560858982e-06, 4.02537132516e-08, 6.18547879583e-10, 1.37374348008e-10],
        "dvar2": [2.87450546921e-07, 0.000236455452978, 0.160686567426, 4.27517175674, 9.32065200806, 763.364562988, 10085.3398438, 4440.23388672, 1248.59899902, 1766.50830078, 4405.92675781, 495.290313721, 170.112380981, 786.230407715, 541.531433105, 527.764160156, 234.613937378, 165.880462646, 618.729980469, 98.1563720703, 24.1829166412, 12.5547332764, 11.3102989197, 9.25984382629, 1.83164179325, 0.312296509743, 5.92662715912, 0.0438953302801, 0.081352815032, 0.040768224746, 0.052845094353, 0.0107738673687, 0.00709785008803, 0.0037261468824, 0.00111176166683, 0.000221970345592, 7.49278024159e-06, 8.87088802415e-08, 1.36660704975e-09, 3.05242442433e-10],
        "max": [0.00735163269565, 0.171851918101, 5.25487661362, 32.3063468933, 41.0915603638, 399.353881836, 1431.51916504, 933.137023926, 969.927307129, 770.085083008, 1756.79455566, 437.776733398, 409.180877686, 612.617919922, 1380.77868652, 581.938049316, 396.025634766, 200.362182617, 458.476928711, 220.676223755, 142.865478516, 71.9950332642, 52.1277770996, 55.4522209167, 27.9342746735, 12.1962490082, 94.6405105591, 5.71270370483, 13.0028371811, 7.63231754303, 10.0465536118, 3.45963048935, 3.69087719917, 1.41979157925, 1.08707714081, 0.36391043663, 0.0782717093825, 0.00904532615095, 0.00110780948307, 0.000231161946431],
        "mean": [0.000257423904259, 0.00862450245768, 0.194457828999, 1.28667402267, 3.44245529175, 13.8371009827, 60.6328392029, 42.3953399658, 47.0459327698, 36.4576873779, 51.1911430359, 27.2466030121, 13.568318367, 25.4737319946, 15.5027799606, 20.3191356659, 12.2657108307, 9.44376564026, 16.023481369, 8.1969871521, 3.67846226692, 2.91241955757, 1.948112607, 1.30426645279, 0.460299730301, 0.205107718706, 0.214150741696, 0.045015592128, 0.0270328707993, 0.0179729424417, 0.0124247930944, 0.0132333384827, 0.00866235233843, 0.00539826555178, 0.00254812138155, 0.00107081537135, 0.000178619491635, 2.5146669941e-05, 1.27629800772e-05, 2.30581899814e-05],
        "median": [0.000119421929412, 0.00341128534637, 0.0699896067381, 0.634630024433, 2.48586130142, 5.71591329575, 21.3172492981, 23.1005916595, 27.9937458038, 15.2952165604, 16.1543693542, 17.5908126831, 7.99501276016, 14.1035194397, 7.54442071915, 10.2599172592, 6.57153224945, 5.15381622314, 6.87928390503, 5.01679563522, 2.03522658348, 1.40665698051, 0.868764996529, 0.387976557016, 0.0938830152154, 0.0629626959562, 0.0634256824851, 0.0121236555278, 0.00658712349832, 0.0051741739735, 0.00260812276974, 0.00240683299489, 0.00116009835619, 0.000502738752402, 0.000226283591473, 7.57302404963e-05, 1.9085016902e-05, 4.12732561017e-06, 8.09188350104e-06, 1.68662518263e-05],
        "min": [3.62082520781e-21, 1.58900862528e-20, 1.83336924889e-20, 2.06085522646e-20, 3.1208623014e-20, 1.27129944105e-19, 4.68491162411e-19, 6.23989020055e-19, 8.38838224022e-19, 1.05475123396e-18, 1.82996050221e-18, 9.88264214078e-19, 1.832273506e-18, 2.63302673196e-18, 3.84781756211e-18, 3.4792750984e-18, 4.28575965203e-18, 3.05878651941e-18, 4.7268057372e-18, 1.31307014396e-17, 1.13248139612e-17, 1.28639861501e-17, 7.56594064879e-18, 9.207387103e-18, 1.13589227537e-17, 2.01489914474e-17, 1.3591900126e-17, 1.23947861456e-17, 1.70096871672e-17, 1.61827447827e-17, 2.04864447414e-17, 1.63908799684e-17, 1.78732339482e-17, 1.25007330928e-17, 8.01140056971e-18, 7.19774270581e-18, 3.60797199401e-18, 1.33957474787e-18, 2.76777424695e-19, 3.47530273153e-20],
        "var": [1.72214598138e-07, 0.000177317109774, 0.132951468229, 5.62173843384, 10.728717804, 512.387207031, 9953.74902344, 3612.95629883, 3596.91748047, 3577.34033203, 9931.94726562, 998.539489746, 357.197784424, 1474.83825684, 1366.51196289, 1002.59625244, 345.136077881, 192.492004395, 876.423828125, 109.611968994, 32.7350196838, 22.5685806274, 13.5073976517, 10.4680128098, 1.847479105, 0.272195875645, 1.44130134583, 0.0241624712944, 0.0251869279891, 0.013966942206, 0.0118833212182, 0.00517754536122, 0.00404187012464, 0.00219317013398, 0.000496489868965, 9.54824499786e-05, 3.14183580485e-06, 4.1924749894e-08, 7.3228173525e-10, 4.57851756508e-10]
    },
    "gfcc": {
        "mean": [-134.656967163, 190.139312744, -155.066375732, -34.775428772, -55.7312431335, -31.9149799347, -50.5905151367, -21.4162158966, -20.6760349274, -16.894821167, -8.63332843781, -14.6078948975, -3.34420990944],
        "cov": [[6198.30273438, -364.551300049, -219.732620239, 409.246246338, -256.590393066, 282.458892822, -210.157455444, 15.3530654907, -123.107009888, 20.5707187653, 3.63449263573, -99.07862854, 71.9186401367], [-364.551300049, 584.153259277, -39.0909576416, -136.240722656, 163.516387939, -197.389953613, 183.061889648, -87.021156311, 86.0190124512, -60.5456771851, 40.3282623291, -34.0800819397, -2.92442655563], [-219.732620239, -39.0909576416, 307.761016846, -20.5860805511, -7.9465508461, 101.408432007, -110.642051697, -11.5398626328, -51.479473114, 8.68403053284, -34.9142112732, 29.232963562, 31.4971466064], [409.246246338, -136.240722656, -20.5860805511, 224.126312256, -6.55083703995, 50.6745033264, 9.5384016037, 39.4994049072, -6.86300373077, 8.23515510559, -0.108535386622, -6.0215845108, -5.79957389832], [-256.590393066, 163.516387939, -7.9465508461, -6.55083703995, 134.632080078, -43.0750274658, 60.0710105896, -4.13496875763, 23.7549037933, -1.68410003185, 5.1629242897, -6.70687389374, -3.56256842613], [282.458892822, -197.389953613, 101.408432007, 50.6745033264, -43.0750274658, 222.020736694, -98.255821228, 14.6544675827, -57.9053955078, 2.79559421539, -44.2025947571, -2.5674571991, -5.23913049698], [-210.157455444, 183.061889648, -110.642051697, 9.5384016037, 60.0710105896, -98.255821228, 198.851760864, 20.1841773987, 52.1712379456, -4.07658243179, 29.196931839, -15.3598966599, -38.385383606], [15.3530654907, -87.021156311, -11.5398626328, 39.4994049072, -4.13496875763, 14.6544675827, 20.1841773987, 104.388648987, 15.2975387573, 23.4620876312, 9.26564884186, -6.4000415802, -29.347448349], [-123.107009888, 86.0190124512, -51.479473114, -6.86300373077, 23.7549037933, -57.9053955078, 52.1712379456, 15.2975387573, 74.1552963257, 4.98449611664, 20.8605041504, -8.70303058624, -16.3584327698], [20.5707187653, -60.5456771851, 8.68403053284, 8.23515510559, -1.68410003185, 2.79559421539, -4.07658243179, 23.4620876312, 4.98449611664, 62.3291053772, 11.2677440643, 0.96032834053, 0.00240991380997], [3.63449263573, 40.3282623291, -34.9142112732, -0.108535386622, 5.1629242897, -44.2025947571, 29.196931839, 9.26564884186, 20.8605041504, 11.2677440643, 69.2818374634, 9.68194389343, -8.57192516327], [-99.07862854, -34.0800819397, 29.232963562, -6.0215845108, -6.70687389374, -2.5674571991, -15.3598966599, -6.4000415802, -8.70303058624, 0.96032834053, 9.68194389343, 61.1270179749, 29.9565677643], [71.9186401367, -2.92442655563, 31.4971466064, -5.79957389832, -3.56256842613, -5.23913049698, -38.385383606, -29.347448349, -16.3584327698, 0.00240991380997, -8.57192516327, 29.9565677643, 88.8413238525]],
        "icov": [[0.000305536377709, -0.0010172863258, 0.000736697518732, -0.00083884462947, 0.00106700893957, -0.000580707506742, 0.000869404873811, -0.000538980180863, 0.00080937432358, -0.000843290588818, 7.04513222445e-05, -2.37022231886e-05, -0.000226784613915], [-0.0010172863258, 0.0165992919356, -0.00729938736185, 0.0077831055969, -0.0124690448865, 0.00563479727134, -0.0113667864352, 0.00990934949368, -0.00957198254764, 0.0131362713873, -0.00628626812249, 0.00981964543462, -0.00302014220506], [0.000736697518732, -0.00729938736185, 0.00840866565704, -0.00317998742685, 0.00459819659591, -0.00411475077271, 0.00696983002126, -0.00441829441115, 0.00554267317057, -0.00662991730496, 0.003403728595, -0.00557759730145, 0.000698152813129], [-0.00083884462947, 0.0077831055969, -0.00317998742685, 0.00945116858929, -0.0063491766341, 0.00126954342704, -0.00633708387613, 0.002732219873, -0.00432294048369, 0.00618309387937, -0.00299166422337, 0.0041318773292, -0.00181363150477], [0.00106700893957, -0.0124690448865, 0.00459819659591, -0.0063491766341, 0.018936721608, -0.00381187791936, 0.00582367926836, -0.00659881951287, 0.0059331911616, -0.00998176727444, 0.00484037678689, -0.00561435334384, 0.00100496853702], [-0.000580707506742, 0.00563479727134, -0.00411475077271, 0.00126954342704, -0.00381187791936, 0.0105422949418, -0.00149349926505, 0.00212520570494, -3.23435597238e-05, 0.00434755533934, 0.00113731902093, 0.00302692735568, 0.00180585170165], [0.000869404873811, -0.0113667864352, 0.00696983002126, -0.00633708387613, 0.00582367926836, -0.00149349926505, 0.0171993821859, -0.00765052158386, 0.00503624696285, -0.00822109729052, 0.00381934270263, -0.00684641255066, 0.00469143595546], [-0.000538980180863, 0.00990934949368, -0.00441829441115, 0.002732219873, -0.00659881951287, 0.00212520570494, -0.00765052158386, 0.0188679303974, -0.00806523952633, 0.00348021835089, -0.00404414022341, 0.0050472212024, 0.00171797978692], [0.00080937432358, -0.00957198254764, 0.00554267317057, -0.00432294048369, 0.0059331911616, -3.23435597238e-05, 0.00503624696285, -0.00806523952633, 0.0259562917054, -0.00847888365388, 0.00122232176363, -0.00370787037537, 0.0026780127082], [-0.000843290588818, 0.0131362713873, -0.00662991730496, 0.00618309387937, -0.00998176727444, 0.00434755533934, -0.00822109729052, 0.00348021835089, -0.00847888365388, 0.0289172846824, -0.00827819108963, 0.00872238911688, -0.00397894158959], [7.04513222445e-05, -0.00628626812249, 0.003403728595, -0.00299166422337, 0.00484037678689, 0.00113731902093, 0.00381934270263, -0.00404414022341, 0.00122232176363, -0.00827819108963, 0.0219660010189, -0.00956891477108, 0.00448072841391], [-2.37022231886e-05, 0.00981964543462, -0.00557759730145, 0.0041318773292, -0.00561435334384, 0.00302692735568, -0.00684641255066, 0.0050472212024, -0.00370787037537, 0.00872238911688, -0.00956891477108, 0.0290068816394, -0.0101349884644], [-0.000226784613915, -0.00302014220506, 0.000698152813129, -0.00181363150477, 0.00100496853702, 0.00180585170165, 0.00469143595546, 0.00171797978692, 0.0026780127082, -0.00397894158959, 0.00448072841391, -0.0101349884644, 0.0180585738271]]
    },
    "melbands": {
        "dmean": [2.32279307966e-06, 4.21332260885e-05, 9.46983782342e-05, 0.000218747460167, 0.00101980357431, 0.000367365428247, 0.000174557440914, 0.000132018132717, 0.000144305347931, 4.75800043205e-05, 2.32415186474e-05, 4.72446881759e-05, 1.6667698219e-05, 2.28132848861e-05, 1.4530512999e-05, 1.02746971606e-05, 8.01069199952e-06, 1.11018134703e-05, 6.36632694295e-06, 5.40036171515e-06, 1.54622262016e-06, 1.44423142956e-06, 9.60743818723e-07, 1.11887800358e-06, 4.56941961602e-07, 1.47591833866e-07, 1.26239513065e-07, 7.32005176474e-08, 1.13216074737e-07, 3.34993970341e-08, 1.07408979488e-08, 1.38673481587e-08, 6.29146157394e-09, 7.31687022082e-09, 4.70202277114e-09, 8.08417333076e-09, 6.14403861121e-09, 5.73731595566e-09, 4.07914546585e-09, 4.31835234238e-09],
        "dmean2": [3.67255620404e-06, 6.74267648719e-05, 0.000141146767419, 0.000341184670106, 0.00156544253696, 0.00057254038984, 0.000245392438956, 0.000190664257389, 0.000185507597052, 6.38633719063e-05, 3.1234769267e-05, 5.9164911363e-05, 2.50086832239e-05, 3.16940422636e-05, 2.11044334719e-05, 1.54168901645e-05, 1.22041610666e-05, 1.61841489899e-05, 9.21209630178e-06, 8.14822124084e-06, 2.33315790865e-06, 2.13797056858e-06, 1.53371934175e-06, 1.67039740973e-06, 6.83099131038e-07, 2.01555735657e-07, 1.75572466787e-07, 9.76773577577e-08, 1.68862385408e-07, 5.12502928984e-08, 1.5881848725e-08, 2.13559907536e-08, 9.478007712e-09, 1.09133617698e-08, 7.18372650255e-09, 1.22822312321e-08, 8.7590912301e-09, 8.4555429325e-09, 5.8375149159e-09, 6.34975050318e-09],
        "dvar": [2.19758256731e-11, 8.98477647837e-09, 3.98275012969e-08, 2.27175405598e-07, 4.13502448282e-06, 6.40936264062e-07, 1.331817856e-07, 9.52139700416e-08, 1.59117220733e-07, 8.294541054e-09, 2.10007589097e-09, 8.01810884354e-09, 3.08515768488e-09, 1.79745396345e-09, 7.75750741422e-10, 4.12484296719e-10, 2.52787235588e-10, 6.52590148587e-10, 2.28989174844e-10, 9.60382953719e-11, 1.86537035818e-11, 1.23777437952e-11, 4.14672593138e-12, 1.86945268293e-11, 3.04437963554e-12, 2.98735726911e-13, 2.25074651842e-13, 6.65801439047e-14, 1.14506136777e-12, 6.49097474988e-14, 2.91916585678e-15, 1.84301494422e-14, 1.20900697155e-15, 7.10127562561e-15, 4.13932973455e-15, 6.34403071186e-15, 1.67426946398e-15, 2.51930701337e-15, 1.39781696824e-15, 1.41466953576e-15],
        "dvar2": [5.44180984996e-11, 2.43437821013e-08, 1.05819204066e-07, 5.84591077768e-07, 9.96658218355e-06, 1.80581412224e-06, 2.6954703003e-07, 2.12790183696e-07, 2.60141490571e-07, 1.58196673539e-08, 4.364188122e-09, 1.46474858909e-08, 5.6480899957e-09, 3.49333251215e-09, 1.59147295342e-09, 8.68457528114e-10, 5.67701108345e-10, 1.31953403759e-09, 4.80480211174e-10, 2.10799516731e-10, 3.93153079536e-11, 2.53421051505e-11, 1.01773390063e-11, 3.71197135529e-11, 6.36081768854e-12, 5.82856679587e-13, 4.76257054627e-13, 1.30020844894e-13, 3.41666582179e-12, 1.82883276665e-13, 7.43399482597e-15, 4.93784294052e-14, 3.05431250461e-15, 1.78895509924e-14, 1.16828078041e-14, 1.76487479958e-14, 3.77901462429e-15, 5.94826515517e-15, 2.96724789379e-15, 3.07670445585e-15],
        "max": [7.26137077436e-05, 0.00202043866739, 0.00469160545617, 0.0140204923227, 0.0463426522911, 0.019304972142, 0.0144701935351, 0.0086336126551, 0.0132883377373, 0.00247861701064, 0.0020259518642, 0.00272636860609, 0.00484297284856, 0.0018462507287, 0.000845986476634, 0.000640757498331, 0.000379544420866, 0.000663616578095, 0.000466147146653, 0.000257173203863, 0.000208140801988, 0.000113506204798, 4.88319674332e-05, 0.000102086778497, 5.85357556702e-05, 1.58222810569e-05, 1.39098756335e-05, 8.4078828877e-06, 7.2217953857e-05, 1.52797601913e-05, 2.42396913563e-06, 1.03004877019e-05, 1.68105020748e-06, 5.11073994858e-06, 4.65256880489e-06, 5.62520699532e-06, 2.48072478826e-06, 3.61465208698e-06, 1.86441309324e-06, 1.29199963794e-06],
        "mean": [3.18556681123e-06, 6.94452319294e-05, 0.000271391356364, 0.000458347203676, 0.00182385684457, 0.000956490344834, 0.000696833245456, 0.000413150293753, 0.000386143801734, 0.000145681347931, 6.4403982833e-05, 0.000107195453893, 4.09360436606e-05, 5.97336947976e-05, 3.36654557032e-05, 2.38201246248e-05, 1.5905181499e-05, 2.35952411458e-05, 1.49237503138e-05, 1.03083002614e-05, 3.23063932228e-06, 3.47554646396e-06, 1.86920692613e-06, 2.14091619455e-06, 9.61293949331e-07, 2.70971327154e-07, 2.11078031498e-07, 1.32259387442e-07, 1.74873562742e-07, 4.95176060156e-08, 1.73777685575e-08, 1.75182126583e-08, 9.91813209339e-09, 9.83630155105e-09, 5.92044369085e-09, 9.38778743631e-09, 7.76545494574e-09, 6.82502676597e-09, 4.54264093008e-09, 4.43983738663e-09],
        "median": [1.12413408715e-06, 2.37732074311e-05, 0.000162775962963, 0.00025351162185, 0.000667491578497, 0.000527388474438, 0.000411323679145, 0.000163167744176, 0.000134657937451, 9.20653401408e-05, 3.62380669685e-05, 5.66899761907e-05, 1.67601374415e-05, 3.34065662173e-05, 1.73211228685e-05, 1.23840218293e-05, 8.21776120574e-06, 1.02665453596e-05, 7.52288133299e-06, 5.66423841519e-06, 1.43969589317e-06, 1.40764825574e-06, 8.25638835522e-07, 5.66881624309e-07, 2.53934445027e-07, 6.01734626571e-08, 4.12409058015e-08, 3.73844066814e-08, 4.69597303265e-08, 1.27661845539e-08, 3.95331056779e-09, 3.42331563097e-09, 3.08279535233e-09, 2.38238562211e-09, 1.27160226793e-09, 1.54577317613e-09, 1.28537780419e-09, 8.48050185631e-10, 4.61629012793e-10, 3.5543096244e-10],
        "min": [2.88646224704e-23, 1.37291427124e-23, 3.78783435998e-24, 4.35285085575e-24, 1.41950455408e-23, 1.34054793939e-23, 1.28143945951e-23, 1.28039342995e-23, 1.38762715821e-23, 6.35408013734e-24, 9.2387444915e-24, 9.83250116219e-24, 1.69545740728e-23, 6.35547011026e-24, 1.00726667093e-23, 9.44096740683e-24, 4.79884717359e-24, 5.94065075869e-24, 1.42241355755e-23, 1.83392868633e-23, 1.1443330676e-23, 1.41525574924e-23, 8.54189474454e-24, 5.12918583309e-24, 7.67029652986e-24, 7.91015126581e-24, 1.08293894213e-23, 1.37920733023e-23, 8.26800302711e-24, 9.42710475414e-24, 5.84997790295e-24, 9.25929510694e-24, 1.0856194126e-23, 7.62776430529e-24, 1.08334102453e-23, 1.32549805104e-23, 8.70473851234e-24, 1.31107980362e-23, 1.09207647577e-23, 1.0051604912e-23],
        "var": [3.16944977208e-11, 1.84176052187e-08, 1.35594589779e-07, 4.32000604178e-07, 8.66383106768e-06, 1.6353085357e-06, 8.0551683368e-07, 5.04299862314e-07, 5.58392287076e-07, 3.12128456414e-08, 8.83755646441e-09, 2.80410521469e-08, 1.28159740598e-08, 7.04359637282e-09, 2.39961828186e-09, 1.25447019439e-09, 6.10322958838e-10, 1.84899628941e-09, 6.00553828889e-10, 2.11785325388e-10, 4.1316977617e-11, 4.36003004534e-11, 1.04261833542e-11, 4.24986087988e-11, 7.10048686514e-12, 6.020017926e-13, 3.98494090373e-13, 1.23824683688e-13, 8.61651353566e-13, 6.05551578933e-14, 3.59818367796e-15, 1.44947598303e-14, 1.30868951455e-15, 6.2647149702e-15, 2.70263797744e-15, 4.58266339101e-15, 1.98638014098e-15, 2.95873097751e-15, 1.67556224802e-15, 1.58204917537e-15]
    },
    "mfcc": {
        "mean": [-767.562683105, 223.898651123, -37.9882621765, -14.4779930115, -4.87490415573, -22.8371009827, -23.1205844879, -21.0598983765, -17.1663913727, -12.5204172134, -14.5331869125, -6.5746011734, -9.99187755585],
        "cov": [[3962.96508789, 608.067321777, -567.621948242, 295.571594238, -71.5971755981, 90.3768539429, 58.5733451843, -68.3329925537, -27.069984436, 72.5440750122, -98.0811691284, 40.662437439, -27.1764736176], [608.067321777, 759.148376465, -142.433563232, -44.3968009949, 44.3353538513, -40.8054847717, 0.853195607662, -30.3274402618, -8.29499912262, -29.7708148956, -24.0256290436, -14.7937030792, -14.6750802994], [-567.621948242, -142.433563232, 298.607269287, -66.2744369507, 39.8197937012, 37.5923805237, -23.1874046326, 12.7629890442, 0.577121973038, -27.7912139893, -16.8447799683, -8.34910011292, -8.69862174988], [295.571594238, -44.3968009949, -66.2744369507, 227.108551025, -8.63280773163, -5.43987560272, 45.1132392883, 15.6083593369, 21.2276077271, 43.6711387634, 20.2427749634, 24.7452507019, 37.2649841309], [-71.5971755981, 44.3353538513, 39.8197937012, -8.63280773163, 125.69303894, 37.6914405823, -6.53092098236, 5.56369686127, 1.03045535088, 1.93409121037, -16.1532764435, -13.8972558975, -8.90519142151], [90.3768539429, -40.8054847717, 37.5923805237, -5.43987560272, 37.6914405823, 111.201858521, 16.7299785614, -1.54734551907, 3.96073508263, -9.21049690247, -23.1889915466, -13.7376747131, -19.7227783203], [58.5733451843, 0.853195607662, -23.1874046326, 45.1132392883, -6.53092098236, 16.7299785614, 86.1123046875, 26.5136241913, 10.248257637, 23.8685359955, 22.8805942535, 13.9368782043, 13.8963108063], [-68.3329925537, -30.3274402618, 12.7629890442, 15.6083593369, 5.56369686127, -1.54734551907, 26.5136241913, 80.149307251, 19.143289566, 7.33592319489, 22.9916591644, 10.8414802551, 16.4607982635], [-27.069984436, -8.29499912262, 0.577121973038, 21.2276077271, 1.03045535088, 3.96073508263, 10.248257637, 19.143289566, 67.1732406616, 16.5349292755, 0.925186216831, 6.29021215439, 6.21344470978], [72.5440750122, -29.7708148956, -27.7912139893, 43.6711387634, 1.93409121037, -9.21049690247, 23.8685359955, 7.33592319489, 16.5349292755, 85.5828781128, 37.1183738708, 10.5720357895, 20.9627761841], [-98.0811691284, -24.0256290436, -16.8447799683, 20.2427749634, -16.1532764435, -23.1889915466, 22.8805942535, 22.9916591644, 0.925186216831, 37.1183738708, 85.8024597168, 29.2935447693, 25.1616725922], [40.662437439, -14.7937030792, -8.34910011292, 24.7452507019, -13.8972558975, -13.7376747131, 13.9368782043, 10.8414802551, 6.29021215439, 10.5720357895, 29.2935447693, 69.7838439941, 29.3218765259], [-27.1764736176, -14.6750802994, -8.69862174988, 37.2649841309, -8.90519142151, -19.7227783203, 13.8963108063, 16.4607982635, 6.21344470978, 20.9627761841, 25.1616725922, 29.3218765259, 68.787322998]],
