{
"lowlevel": {
    "average_loudness": 0.910842955112,
    "barkbands_crest": {
        "dmean": 2.37646770477,
        "dmean2": 4.01565408707,
        "dvar": 4.45908212662,
        "dvar2": 12.2915945053,
        "max": 24.4207344055,
        "mean": 10.8847818375,
        "median": 10.3275794983,
        "min": 3.51750802994,
        "var": 10.5888061523
    },
    "barkbands_flatness_db": {
        "dmean": 0.020376008004,
        "dmean2": 0.0327068641782,
        "dvar": 0.000385543535231,
        "dvar2": 0.000910529692192,
        "max": 0.341572612524,
        "mean": 0.176739618182,
        "median": 0.176833450794,
        "min": 0.0263374485075,
        "var": 0.00186832121108
    },
    "barkbands_kurtosis": {
        "dmean": 3.12097334862,
        "dmean2": 5.09990167618,
        "dvar": 10.9332332611,
        "dvar2": 28.2058200836,
        "max": 54.1280136108,
        "mean": 6.67529153824,
        "median": 5.59614944458,
        "min": -1.9409416914,
        "var": 32.1191978455
    },
    "barkbands_skewness": {
        "dmean": 0.500909149647,
        "dmean2": 0.815432846546,
        "dvar": 0.202165111899,
        "dvar2": 0.518100380898,
        "max": 6.78929519653,
        "mean": 2.34339547157,
        "median": 2.4164083004,
        "min": -4.17429876328,
        "var": 1.16611242294
    },
    "barkbands_spread": {
        "dmean": 4.45963811874,
        "dmean2": 7.35163784027,
        "dvar": 18.4425563812,
        "dvar2": 47.6835174561,
        "max": 59.3001365662,
        "mean": 17.5692634583,
        "median": 16.0784511566,
        "min": 2.41439509392,
        "var": 65.7521209717
    },
    "dissonance": {
        "dmean": 0.00719303498045,
        "dmean2": 0.012202241458,
        "dvar": 4.18139643443e-05,
        "dvar2": 0.000119250049465,
        "max": 0.500000119209,
        "mean": 0.484129399061,
        "median": 0.485874265432,
        "min": 0.415807396173,
        "var": 9.73351779976e-05
    },
    "dynamic_complexity": 3.99297499657,
    "erbbands_crest": {
        "dmean": 1.73647916317,
        "dmean2": 2.93088817596,
        "dvar": 2.70659947395,
        "dvar2": 7.53337335587,
        "max": 24.7123432159,
        "mean": 7.03423070908,
        "median": 6.01252031326,
        "min": 2.5269985199,
        "var": 10.7207536697
    },
    "erbbands_flatness_db": {
        "dmean": 0.0108340894803,
        "dmean2": 0.0170605257154,
        "dvar": 0.00018925331824,
        "dvar2": 0.000404407066526,
        "max": 0.384716868401,
        "mean": 0.172889873385,
        "median": 0.172206014395,
        "min": 0.0694508254528,
        "var": 0.00241479068063
    },
    "erbbands_kurtosis": {
        "dmean": 0.47142547369,
        "dmean2": 0.802627027035,
        "dvar": 1.38487780094,
        "dvar2": 3.95745277405,
        "max": 61.4628829956,
        "mean": -0.690782546997,
        "median": -1.22068071365,
        "min": -1.82800829411,
        "var": 7.00906658173
    },
    "erbbands_skewness": {
        "dmean": 0.280587553978,
        "dmean2": 0.467051327229,
        "dvar": 0.0593296103179,
        "dvar2": 0.164282262325,
        "max": 2.32643604279,
        "mean": -0.180301979184,
        "median": -0.130043998361,
        "min": -5.41406393051,
        "var": 0.514622271061
    },
    "erbbands_spread": {
        "dmean": 6.27976512909,
        "dmean2": 10.4191322327,
        "dvar": 31.1029033661,
        "dvar2": 82.4132843018,
        "max": 114.802719116,
        "mean": 56.5170097351,
        "median": 58.1636352539,
        "min": 2.64775276184,
        "var": 138.483825684
    },
    "hfc": {
        "dmean": 3.34366559982,
        "dmean2": 5.34932518005,
        "dvar": 22.1205215454,
        "dvar2": 53.8689689636,
        "max": 109.827308655,
        "mean": 17.5758705139,
        "median": 17.4039859772,
        "min": 1.09363752395e-16,
        "var": 97.811630249
    },
    "melbands_crest": {
        "dmean": 2.99459147453,
        "dmean2": 5.01267766953,
        "dvar": 6.95313501358,
        "dvar2": 18.7534484863,
        "max": 31.6537837982,
        "mean": 15.718993187,
        "median": 14.9973087311,
        "min": 1.69077980518,
        "var": 20.3448066711
    },
    "melbands_flatness_db": {
        "dmean": 0.0240606572479,
        "dmean2": 0.0387263782322,
        "dvar": 0.000504487077706,
        "dvar2": 0.00120996881742,
        "max": 0.429967343807,
        "mean": 0.251755863428,
        "median": 0.252276211977,
        "min": 0.00359799503349,
        "var": 0.00200135493651
    },
    "melbands_kurtosis": {
        "dmean": 8.78024959564,
        "dmean2": 14.3385047913,
        "dvar": 88.4948348999,
        "dvar2": 226.242218018,
        "max": 168.715515137,
        "mean": 25.2919120789,
        "median": 22.809091568,
        "min": -1.92922270298,
        "var": 250.496459961
    },
    "melbands_skewness": {
        "dmean": 0.726865291595,
        "dmean2": 1.18660068512,
        "dvar": 0.446218341589,
        "dvar2": 1.12394809723,
        "max": 10.7996349335,
        "mean": 4.25951004028,
        "median": 4.28118562698,
        "min": -2.31924748421,
        "var": 1.97878611088
    },
    "melbands_spread": {
        "dmean": 4.5200753212,
        "dmean2": 7.48823070526,
        "dvar": 31.8740310669,
        "dvar2": 87.3901138306,
        "max": 170.828536987,
        "mean": 15.7190093994,
        "median": 11.235742569,
        "min": 1.97231769562,
        "var": 279.09753418
    },
    "pitch_salience": {
        "dmean": 0.0683230236173,
        "dmean2": 0.1155519858,
        "dvar": 0.0036489397753,
        "dvar2": 0.00995448511094,
        "max": 0.83818936348,
        "mean": 0.581769585609,
        "median": 0.593634843826,
        "min": 0.107417307794,
        "var": 0.00929072126746
    },
    "silence_rate_20dB": {
        "dmean": 0,
        "dmean2": 0,
        "dvar": 0,
        "dvar2": 0,
        "max": 1,
        "mean": 1,
        "median": 1,
        "min": 1,
        "var": 0
    },
    "silence_rate_30dB": {
        "dmean": 0.020067339763,
        "dmean2": 0.0401373840868,
        "dvar": 0.0196628347039,
        "dvar2": 0.0494330972433,
        "max": 1,
        "mean": 0.982223391533,
        "median": 1,
        "min": 0,
        "var": 0.0174606684595
    },
    "silence_rate_60dB": {
        "dmean": 0.00080808083294,
        "dmean2": 0.00161627039779,
        "dvar": 0.000807717791758,
        "dvar2": 0.00201704585925,
        "max": 1,
        "mean": 0.0902296155691,
        "median": 0,
        "min": 0,
        "var": 0.08208861202
    },
    "spectral_centroid": {
        "dmean": 231.555862427,
        "dmean2": 383.769592285,
        "dvar": 47565.0742188,
        "dvar2": 117316.039062,
        "max": 11794.1005859,
        "mean": 1259.57177734,
        "median": 1135.94580078,
        "min": 285.030975342,
        "var": 530806.1875
    },
    "spectral_complexity": {
        "dmean": 3.4266667366,
        "dmean2": 5.44763946533,
        "dvar": 10.609213829,
        "dvar2": 24.4541320801,
        "max": 58,
        "mean": 25.0783786774,
        "median": 27,
        "min": 0,
        "var": 115.134719849
    },
    "spectral_decrease": {
        "dmean": 3.67841335169e-09,
        "dmean2": 6.01971583691e-09,
        "dvar": 1.97502506875e-17,
        "dvar2": 5.01273006307e-17,
        "max": 2.60866835026e-20,
        "mean": -1.19269323307e-08,
        "median": -1.16076934731e-08,
        "min": -8.29992856666e-08,
        "var": 5.32560285796e-17
    },
    "spectral_energy": {
        "dmean": 0.0141004715115,
        "dmean2": 0.0230649858713,
        "dvar": 0.000290616968414,
        "dvar2": 0.00073743541725,
        "max": 0.318331211805,
        "mean": 0.0466091036797,
        "median": 0.0455537997186,
        "min": 1.012185615e-20,
        "var": 0.000796935753897
    },
    "spectral_energyband_high": {
        "dmean": 0.000130096290377,
        "dmean2": 0.000206729819183,
        "dvar": 5.84301744766e-08,
        "dvar2": 1.47227424918e-07,
        "max": 0.00560937728733,
        "mean": 0.000444019126007,
        "median": 0.000344850239344,
        "min": 7.20524315955e-21,
        "var": 1.70384822695e-07
    },
    "spectral_energyband_low": {
        "dmean": 0.0109997596592,
        "dmean2": 0.0178119856864,
        "dvar": 0.000214177896851,
        "dvar2": 0.000526902731508,
        "max": 0.275164544582,
        "mean": 0.0259469151497,
        "median": 0.0229513645172,
        "min": 3.44961048353e-23,
        "var": 0.000434303772636
    },
    "spectral_energyband_middle_high": {
        "dmean": 0.000749670085497,
        "dmean2": 0.00117212429177,
        "dvar": 8.68072504545e-07,
        "dvar2": 2.00049566956e-06,
        "max": 0.0220243018121,
        "mean": 0.00362310209312,
        "median": 0.00345295760781,
        "min": 1.21939003675e-21,
        "var": 4.82021278003e-06
    },
    "spectral_energyband_middle_low": {
        "dmean": 0.0075194449164,
        "dmean2": 0.0128690553829,
        "dvar": 9.165933443e-05,
        "dvar2": 0.000257823558059,
        "max": 0.173527702689,
        "mean": 0.0199235733598,
        "median": 0.0182570982724,
        "min": 1.89320306366e-22,
        "var": 0.000189024867723
    },
    "spectral_entropy": {
        "dmean": 0.107091881335,
        "dmean2": 0.175919428468,
        "dvar": 0.0101346969604,
        "dvar2": 0.0258253403008,
        "max": 9.82198429108,
        "mean": 7.5272564888,
        "median": 7.53724908829,
        "min": 6.3253030777,
        "var": 0.0561894848943
    },
    "spectral_flux": {
        "dmean": 0.0255603063852,
        "dmean2": 0.0424859337509,
        "dvar": 0.000763017393183,
        "dvar2": 0.00202816259116,
        "max": 0.488421052694,
        "mean": 0.0914385169744,
        "median": 0.0903836265206,
        "min": 6.40190331302e-11,
        "var": 0.00229447404854
    },
    "spectral_kurtosis": {
        "dmean": 1.7527576685,
        "dmean2": 3.10317349434,
        "dvar": 3.45492267609,
        "dvar2": 10.9309253693,
        "max": 34.0730667114,
        "mean": 3.1569507122,
        "median": 2.80546665192,
        "min": -1.26015043259,
        "var": 6.74280023575
    },
    "spectral_rms": {
        "dmean": 0.00094964861637,
        "dmean2": 0.00154053163715,
        "dvar": 1.00046065654e-06,
        "dvar2": 2.47373918683e-06,
        "max": 0.0176229123026,
        "mean": 0.00626042624936,
        "median": 0.00666653830558,
        "min": 3.14244832413e-12,
        "var": 6.27951067145e-06
    },
    "spectral_rolloff": {
        "dmean": 286.270233154,
        "dmean2": 496.835083008,
        "dvar": 205247.515625,
        "dvar2": 493658.71875,
        "max": 19336.8164062,
        "mean": 778.845214844,
        "median": 344.53125,
        "min": 107.666015625,
        "var": 1580059.25
    },
    "spectral_skewness": {
        "dmean": 0.211570814252,
        "dmean2": 0.36476713419,
        "dvar": 0.0414929278195,
        "dvar2": 0.124973379076,
        "max": 2.74255013466,
        "mean": 0.929377496243,
        "median": 0.935028195381,
        "min": -0.720230400562,
        "var": 0.138185724616
    },
    "spectral_spread": {
        "dmean": 230834.734375,
        "dmean2": 373323.46875,
        "dvar": 237190823936,
        "dvar2": 435982565376,
        "max": 46424056,
        "mean": 3446537.75,
        "median": 3184828.25,
        "min": 1098093,
        "var": 3.81613952205e+12
    },
    "spectral_strongpeak": {
        "dmean": 0.278801947832,
        "dmean2": 0.481677085161,
        "dvar": 0.0939832553267,
        "dvar2": 0.259189337492,
        "max": 4.72217512131,
        "mean": 0.632509887218,
        "median": 0.547832071781,
        "min": 0,
        "var": 0.200944676995
    },
    "zerocrossingrate": {
        "dmean": 0.00571667170152,
        "dmean2": 0.00758202234283,
        "dvar": 2.53226462519e-05,
        "dvar2": 4.10470274801e-05,
        "max": 0.51513671875,
        "mean": 0.0399063974619,
        "median": 0.0341796875,
        "min": 0.0048828125,
        "var": 0.00106309575494
    },
    "barkbands": {
        "dmean": [0.000809019082226, 0.00490571511909, 0.00644130865112, 0.00357246864587, 0.00517878076062, 0.00127091177274, 0.000301781692542, 0.000116663279186, 0.000262457149802, 7.76719753048e-05, 9.39569654292e-05, 0.000110189415864, 0.000114332018711, 0.000220479356358, 0.000144131889101, 0.000246752344538, 0.000228245946346, 0.000109182830784, 0.000232129605138, 8.7590124167e-05, 6.11090654274e-05, 4.75945926155e-05, 1.01340901892e-05, 8.88004433364e-06, 6.44505462333e-06, 4.66536084787e-06, 2.82837459054e-06],
        "dmean2": [0.0014996958198, 0.00809813849628, 0.0105182044208, 0.00611949944869, 0.00885269325227, 0.00217962521128, 0.000514206942171, 0.000192544423044, 0.000430208165199, 0.000128398634843, 0.000155083442223, 0.000179369977559, 0.00019007101946, 0.000361561513273, 0.000240295063122, 0.000403666315833, 0.000382341415389, 0.000184296164662, 0.000387940788642, 0.000145656318637, 0.00010062725778, 7.75638618506e-05, 1.59998216986e-05, 1.38356062962e-05, 1.03186966953e-05, 7.77311288402e-06, 5.0281764743e-06],
        "dvar": [2.15376167034e-06, 4.12512345065e-05, 0.000108155181806, 2.30678251683e-05, 5.61408160138e-05, 4.98525378134e-06, 2.15823703797e-07, 3.0471142054e-08, 9.83998660331e-08, 1.01694430654e-08, 1.30109931717e-08, 2.08467536567e-08, 2.50324241335e-08, 7.17470030054e-08, 2.83353926989e-08, 9.34182367018e-08, 8.66391332011e-08, 2.37522925772e-08, 8.02282968948e-08, 1.32287594212e-08, 6.89952939226e-09, 4.8417478915e-09, 7.73562769396e-10, 1.2208456468e-09, 5.85371695561e-10, 4.7460313457e-10, 2.54887222439e-10],
        "dvar2": [7.08393781679e-06, 0.000100796918559, 0.00026928720763, 6.4473846578e-05, 0.000160873969435, 1.64208704518e-05, 6.03864521054e-07, 8.21128338657e-08, 2.57835637285e-07, 2.77795280113e-08, 3.5222690542e-08, 5.39941638067e-08, 6.57258922843e-08, 1.84253138968e-07, 7.87812624026e-08, 2.41033262682e-07, 2.267035768e-07, 6.27100007478e-08, 2.12322333937e-07, 3.52919684588e-08, 1.7478287262e-08, 1.19584413483e-08, 1.87267468199e-09, 2.9514319877e-09, 1.62771152112e-09, 1.33172795014e-09, 7.20794868236e-10],
        "max": [0.0235842764378, 0.117278054357, 0.203693032265, 0.0873685404658, 0.150255948305, 0.0397720970213, 0.00887277070433, 0.00276519125327, 0.0055999965407, 0.00220244261436, 0.00224604737014, 0.00286412797868, 0.00303361471742, 0.00645680632442, 0.00396394263953, 0.00738105736673, 0.0057369270362, 0.00383423198946, 0.00491529563442, 0.00231897505, 0.00145236961544, 0.00146292243153, 0.00100337306503, 0.00170227163471, 0.000593621982262, 0.000469123158837, 0.000335913762683],
        "mean": [0.000971060944721, 0.00925810728222, 0.0124241216108, 0.00575052248314, 0.00941973272711, 0.00337847089395, 0.000544726324733, 0.000234425097005, 0.0005331923021, 0.000151484535309, 0.000175078850589, 0.000217074586544, 0.000236547770328, 0.000481013965327, 0.000322195643093, 0.000542176538147, 0.000509034143761, 0.000241295114392, 0.00062153802719, 0.000228515287745, 0.000171454419615, 0.00013446972298, 2.19644698518e-05, 1.94736239791e-05, 1.27434896058e-05, 6.47118122288e-06, 2.22323910748e-06],
        "median": [0.000307872716803, 0.00671072490513, 0.00691619096324, 0.00398939475417, 0.00691336765885, 0.00178279238753, 0.000303652632283, 0.000141121709021, 0.000401083991164, 0.000120011056424, 0.000128527230117, 0.000167401216459, 0.0001960805821, 0.000371354748495, 0.000275476719253, 0.00044208340114, 0.000400665216148, 0.000199108108063, 0.000539246655535, 0.000196105378564, 0.00014380106586, 0.00010716705583, 4.83100757265e-06, 1.79224548447e-06, 1.04166201709e-06, 2.68433723249e-07, 1.9165874221e-08],
        "min": [5.97332774397e-25, 6.66060742485e-24, 1.13437645968e-24, 4.21151380281e-24, 8.60131174792e-24, 6.07095638074e-24, 1.78554390271e-23, 1.11990906622e-23, 2.78236857961e-23, 1.17145891757e-23, 1.61766467797e-23, 3.10480379948e-23, 2.48318361498e-23, 4.07009249952e-23, 6.92837915938e-23, 4.68800945539e-23, 8.20639441036e-23, 6.12243215804e-23, 1.54207968635e-22, 1.78457729566e-22, 2.63869277496e-22, 3.23296050131e-22, 4.39339180607e-22, 6.16210529825e-22, 8.73169814932e-22, 1.45560836375e-21, 1.90638231668e-21],
        "var": [2.8685194593e-06, 8.32806981634e-05, 0.000217193795834, 3.63111903425e-05, 9.31722097448e-05, 1.98408833967e-05, 4.70809624176e-07, 8.5634979996e-08, 2.53783099424e-07, 1.92455438253e-08, 2.96723641213e-08, 4.10532194905e-08, 4.02865616422e-08, 2.21622627805e-07, 6.11074426615e-08, 2.08912013022e-07, 2.28731224183e-07, 4.25195132436e-08, 2.18283474851e-07, 3.15463992706e-08, 1.91900415558e-08, 1.37495979047e-08, 2.9875635299e-09, 4.24715063119e-09, 9.76540515119e-10, 4.23372059632e-10, 1.6213788645e-10]
    },
    "erbbands": {
        "dmean": [0.144077837467, 1.19975471497, 6.04755210876, 10.3773946762, 15.6897211075, 17.4753646851, 11.7855081558, 9.65904808044, 3.88543486595, 4.65742301941, 2.39471817017, 6.94150304794, 3.12017941475, 2.02284574509, 4.19342899323, 4.92266607285, 5.02494478226, 9.68375396729, 7.98487949371, 7.24955654144, 14.9187898636, 9.65516471863, 7.12468481064, 9.28450775146, 10.3712902069, 3.46357917786, 2.85077309608, 2.04658770561, 1.9981828928, 0.580139636993, 0.260582625866, 0.216865569353, 0.148510441184, 0.0779927223921, 0.0428040102124, 0.0177373625338, 0.00966582540423, 0.002509417478, 0.000421967881266, 4.96786415169e-05],
        "dmean2": [0.247060030699, 1.94853305817, 9.83558940887, 17.3821029663, 27.2048168182, 29.6140823364, 18.9822444916, 17.081735611, 6.42873477936, 8.05472373962, 3.86315846443, 11.3788280487, 5.17196464539, 3.36487460136, 6.93172359467, 7.97012996674, 8.38210773468, 15.8784160614, 13.2114152908, 12.0723133087, 24.1777648926, 16.0697917938, 11.9825487137, 15.6264190674, 17.3103694916, 5.69539260864, 4.72430562973, 3.35368275642, 3.28335595131, 0.924899280071, 0.401568859816, 0.342199862003, 0.231710329652, 0.122874215245, 0.0702580064535, 0.0289372410625, 0.0162033289671, 0.00432457402349, 0.000741746334825, 8.75340774655e-05],
        "dvar": [0.0441756248474, 2.55322265625, 93.6165008545, 201.057785034, 581.102233887, 694.560058594, 319.990264893, 459.108032227, 33.4054489136, 60.7098045349, 10.6932621002, 74.2110977173, 13.8210945129, 7.55819797516, 28.2063579559, 41.6411476135, 52.9757041931, 129.703491211, 85.5805130005, 85.9805603027, 368.180999756, 137.67918396, 93.0824432373, 142.102172852, 162.286148071, 22.4195690155, 14.2714776993, 8.7323551178, 9.1072845459, 1.0029835701, 0.600820243359, 0.66418415308, 0.395860403776, 0.069671086967, 0.0307778920978, 0.00559795275331, 0.00236790743656, 0.00016629199672, 5.18410615769e-06, 4.70284007292e-08],
        "dvar2": [0.125383019447, 6.01846122742, 229.65586853, 548.348815918, 1659.16918945, 1954.21069336, 800.431152344, 1584.50537109, 82.6884994507, 181.988128662, 27.6294612885, 193.110443115, 37.5958366394, 20.5247440338, 75.9823379517, 105.453079224, 139.406173706, 333.602233887, 227.048095703, 240.391113281, 926.131347656, 362.490325928, 246.025314331, 388.32901001, 424.836456299, 58.1274414062, 36.303352356, 22.1154766083, 22.8354110718, 2.46286201477, 1.47151637077, 1.52539873123, 1.02585756779, 0.18972530961, 0.0872106328607, 0.0158666912466, 0.00664842035621, 0.00046615692554, 1.44867935887e-05, 1.33199264951e-07],
        "max": [4.42358160019, 30.8359031677, 176.271896362, 276.319061279, 462.140686035, 416.792724609, 489.335449219, 482.115509033, 144.210296631, 163.311538696, 71.7047576904, 153.783630371, 62.0014190674, 68.104385376, 103.508361816, 111.463691711, 152.120697021, 214.629745483, 176.015533447, 302.8309021, 496.026397705, 188.674545288, 196.368637085, 213.662948608, 212.764938354, 115.039505005, 80.0361099243, 51.436252594, 68.118888855, 26.9295692444, 26.825340271, 34.2006988525, 31.5859298706, 6.03560113907, 4.12495803833, 1.7088572979, 1.15192711353, 0.350488066673, 0.0406782403588, 0.00337325944565],
        "mean": [0.207807987928, 2.4373114109, 12.1267719269, 19.6241779327, 26.1323509216, 30.7963085175, 32.3517456055, 23.5602302551, 8.54444789886, 7.86071443558, 5.88833618164, 13.6184911728, 6.70275640488, 4.42561769485, 8.01753520966, 10.4865636826, 11.3691082001, 22.0274944305, 19.9303417206, 18.5710544586, 35.2570228577, 24.4128398895, 17.0358543396, 23.2253265381, 28.0391178131, 10.3104066849, 7.91628837585, 5.79635572433, 5.49479722977, 1.60357880592, 0.571696579456, 0.454494297504, 0.312307864428, 0.165816575289, 0.0771042257547, 0.0294211897999, 0.0122071504593, 0.00255333655514, 0.000368925684597, 7.82947608968e-05],
        "median": [0.149535536766, 1.86822545528, 7.07924365997, 14.8217544556, 17.8083667755, 19.9099597931, 15.6720714569, 9.21982288361, 5.37606191635, 4.44122695923, 4.2392988205, 9.75741672516, 5.5286989212, 3.71574449539, 5.80273675919, 8.21898841858, 9.63598537445, 17.8400974274, 16.794834137, 16.404586792, 27.949136734, 20.5348072052, 14.4667072296, 19.95362854, 24.334733963, 9.09620094299, 6.69536972046, 4.75985193253, 4.42078876495, 1.03247642517, 0.111536167562, 0.045725658536, 0.0258606690913, 0.0150342164561, 0.00575165636837, 0.00175224943087, 0.000407259940403, 5.46511655557e-05, 3.21794686897e-05, 5.46018345631e-05],
        "min": [1.42885744674e-22, 1.92933132802e-21, 2.34042171515e-21, 1.08989252887e-20, 3.08899484518e-20, 2.14054858548e-20, 3.79855392892e-20, 8.69482629079e-20, 1.42484290355e-19, 3.41498284718e-19, 2.2068493734e-19, 5.75202941502e-19, 6.14968460378e-19, 1.0181676204e-18, 1.36782420656e-18, 1.46500024755e-18, 1.53518569534e-18, 2.37291068935e-18, 2.5538626522e-18, 3.89963670517e-18, 3.47152152093e-18, 5.48887730937e-18, 5.67745835901e-18, 8.12666322499e-18, 9.4131937753e-18, 9.59915390317e-18, 9.68430552979e-18, 1.15329425295e-17, 1.07899614586e-17, 1.11529473366e-17, 1.26531899243e-17, 1.1798998556e-17, 1.08480452541e-17, 8.29429137612e-18, 6.33865360113e-18, 4.91092083871e-18, 2.64713864e-18, 9.29618142624e-19, 2.57641480103e-19, 2.7071500183e-20],
        "var": [0.0546523854136, 5.42997121811, 188.855712891, 338.659881592, 857.730712891, 1273.06054688, 1806.7253418, 1953.7545166, 117.408859253, 110.133712769, 40.2146492004, 186.618850708, 30.3120040894, 12.9392108917, 64.0160751343, 89.7071685791, 85.5832519531, 355.344482422, 246.864471436, 195.765304565, 1000.05456543, 384.946502686, 187.149719238, 320.10168457, 447.644378662, 60.136013031, 39.8446121216, 23.3847312927, 22.7979488373, 3.54668736458, 2.04371476173, 2.31521439552, 1.18497979641, 0.157134532928, 0.0403891131282, 0.00625586789101, 0.00192256132141, 0.000118633179227, 3.46122760675e-06, 3.10739558529e-08]
    },
    "gfcc": {
        "mean": [-33.9563217163, 132.416366577, -136.601821899, 64.9884338379, -32.6207542419, -11.2426643372, -24.8649787903, -12.4468288422, -22.4857215881, -3.84625840187, -18.6180610657, -7.03261518478, -6.29025793076],
        "cov": [[23833.6875, 1362.26843262, 2838.44946289, 1139.31628418, 338.734954834, 2636.63525391, -242.923706055, 794.073425293, 403.309204102, 104.910675049, -204.164596558, 33.6835708618, -501.238739014], [1362.26843262, 1141.46337891, -284.689697266, 309.388580322, 149.594787598, 52.244140625, 305.191467285, -218.597625732, 208.455535889, -163.285995483, -9.92660522461, -102.439186096, 37.1535682678], [2838.44946289, -284.689697266, 1064.43078613, 50.2776947021, 102.436988831, 588.043457031, -144.069641113, 323.293304443, 9.53175544739, 97.9799804688, 0.844895303249, 50.3187484741, -114.422584534], [1139.31628418, 309.388580322, 50.2776947021, 224.806884766, 90.8011169434, 167.316207886, 86.1393737793, -13.2145814896, 86.0055999756, -43.3289451599, -9.60301017761, -41.1603393555, -12.0944261551], [338.734954834, 149.594787598, 102.436988831, 90.8011169434, 139.526687622, 91.7624893188, 79.2833023071, 1.54237926006, 40.9561729431, -13.4242086411, -11.5425109863, -12.3366670609, -8.58577537537], [2636.63525391, 52.244140625, 588.043457031, 167.316207886, 91.7624893188, 526.022888184, -18.0271930695, 183.721694946, 70.6818618774, 13.0730457306, -30.7426376343, -18.0746688843, -97.3952789307], [-242.923706055, 305.191467285, -144.069641113, 86.1393737793, 79.2833023071, -18.0271930695, 163.850448608, -76.7832641602, 73.8253936768, -59.0332527161, -9.17845058441, -37.7457733154, 9.98392868042], [794.073425293, -218.597625732, 323.293304443, -13.2145814896, 1.54237926006, 183.721694946, -76.7832641602, 177.176727295, -11.7411193848, 67.4759902954, 7.46180200577, 27.8391914368, -29.7959976196], [403.309204102, 208.455535889, 9.53175544739, 86.0055999756, 40.9561729431, 70.6818618774, 73.8253936768, -11.7411193848, 91.8018875122, -21.3268375397, 5.90850639343, -24.2096996307, -4.50409317017], [104.910675049, -163.285995483, 97.9799804688, -43.3289451599, -13.4242086411, 13.0730457306, -59.0332527161, 67.4759902954, -21.3268375397, 80.3523254395, 25.0331687927, 45.141998291, 4.09967517853], [-204.164596558, -9.92660522461, 0.844895303249, -9.60301017761, -11.5425109863, -30.7426376343, -9.17845058441, 7.46180200577, 5.90850639343, 25.0331687927, 67.9143829346, 28.2507743835, 37.8701858521], [33.6835708618, -102.439186096, 50.3187484741, -41.1603393555, -12.3366670609, -18.0746688843, -37.7457733154, 27.8391914368, -24.2096996307, 45.141998291, 28.2507743835, 66.4225234985, 23.451965332], [-501.238739014, 37.1535682678, -114.422584534, -12.0944261551, -8.58577537537, -97.3952789307, 9.98392868042, -29.7959976196, -4.50409317017, 4.09967517853, 37.8701858521, 23.451965332, 71.8788070679]],
        "icov": [[0.00019064094522, -0.00055844016606, -4.40162366431e-05, -0.000441796262749, 0.000276988459518, -0.000552176206838, 0.000832906342112, -0.00023147824686, 0.000147729966557, -0.000247049960308, 0.000484927761136, -0.000929547590204, 0.000618048303295], [-0.00055844016606, 0.0048716571182, -0.000150872059749, -0.000410482170992, -0.000291941541946, 0.000848554249387, -0.00482545187697, 0.00385257042944, -0.00331263546832, 0.00152526830789, -0.00105270475615, 0.00312744756229, -0.00409973971546], [-4.40162366431e-05, -0.000150872059749, 0.0059220623225, 0.0032500254456, -0.00537885352969, -0.00472495285794, 0.00442627491429, -0.00370627571829, -0.000855832826346, 0.00264390860684, -0.00323632825166, -0.00266139372252, 0.00291818263941], [-0.000441796262749, -0.000410482170992, 0.0032500254456, 0.0150646511465, -0.00676353415474, -0.00546306883916, 0.00163149472792, 0.00115501310211, -0.00405988097191, 0.00169544434175, -0.00294560263865, 0.00391292665154, -0.00319417263381], [0.000276988459518, -0.000291941541946, -0.00537885352969, -0.00676353415474, 0.0194830875844, 0.00108691921923, -0.0122106354684, 0.00342171243392, 0.00497946888208, -0.00716037256643, 0.00540527887642, 0.000244198192377, -0.0029107381124], [-0.000552176206838, 0.000848554249387, -0.00472495285794, -0.00546306883916, 0.00108691921923, 0.0142290387303, -0.00235410640016, -0.00543329585344, -0.00270652631298, 0.00389279425144, 0.000922522274777, 0.001585297985, 0.00335994688794], [0.000832906342112, -0.00482545187697, 0.00442627491429, 0.00163149472792, -0.0122106354684, -0.00235410640016, 0.0289830509573, -0.00441976869479, -0.0109149478376, 0.00833625067025, 0.000698454037774, -0.00678183278069, 0.00580214941874], [-0.00023147824686, 0.00385257042944, -0.00370627571829, 0.00115501310211, 0.00342171243392, -0.00543329585344, -0.00441976869479, 0.0245085414499, -0.000812404265162, -0.0131017500535, 0.0012866865145, 0.00672329589725, -0.00766622368246], [0.000147729966557, -0.00331263546832, -0.000855832826346, -0.00405988097191, 0.00497946888208, -0.00270652631298, -0.0109149478376, -0.000812404265162, 0.0302888806909, -0.00700955232605, -0.00582544691861, 0.00461529800668, 0.00266485847533], [-0.000247049960308, 0.00152526830789, 0.00264390860684, 0.00169544434175, -0.00716037256643, 0.00389279425144, 0.00833625067025, -0.0131017500535, -0.00700955232605, 0.0379485152662, -0.00750321429223, -0.0159148331732, 0.00635536760092], [0.000484927761136, -0.00105270475615, -0.00323632825166, -0.00294560263865, 0.00540527887642, 0.000922522274777, 0.000698454037774, 0.0012866865145, -0.00582544691861, -0.00750321429223, 0.0297841224819, -0.00510778371245, -0.0133524164557], [-0.000929547590204, 0.00312744756229, -0.00266139372252, 0.00391292665154, 0.000244198192377, 0.001585297985, -0.00678183278069, 0.00672329589725, 0.00461529800668, -0.0159148331732, -0.00510778371245, 0.038348633796, -0.014394659549], [0.000618048303295, -0.00409973971546, 0.00291818263941, -0.00319417263381, -0.0029107381124, 0.00335994688794, 0.00580214941874, -0.00766622368246, 0.00266485847533, 0.00635536760092, -0.0133524164557, -0.014394659549, 0.036206420511]]
    },
    "melbands": {
        "dmean": [0.00129183626268, 0.00254677259363, 0.00173584767617, 0.00134461885318, 0.000416764727561, 0.000212149927393, 5.96799836785e-05, 4.49935796496e-05, 2.3068556402e-05, 4.3166186515e-05, 1.5285477275e-05, 8.43270026962e-06, 1.28973233586e-05, 1.02552639873e-05, 1.50571049744e-05, 1.09185912152e-05, 2.16054522753e-05, 1.49374800458e-05, 9.4423930932e-06, 1.50244377437e-05, 1.91339640878e-05, 1.13584483188e-05, 9.60789384408e-06, 5.58635201742e-06, 8.62253818923e-06, 1.06370080175e-05, 5.3297831073e-06, 2.04436150852e-06, 1.84111047474e-06, 1.93541245608e-06, 1.12528630325e-06, 1.37093491048e-06, 7.88608872426e-07, 2.2560024604e-07, 1.51076122279e-07, 1.71668574467e-07, 1.26373066678e-07, 1.2350903944e-07, 7.76201574126e-08, 6.85750762841e-08],
        "dmean2": [0.00215863413177, 0.00411922065541, 0.00292651169002, 0.00231636036187, 0.000679839868098, 0.000372935406631, 9.93292997009e-05, 7.74864893174e-05, 3.72995855287e-05, 7.0818932727e-05, 2.53711186815e-05, 1.400335168e-05, 2.12790528167e-05, 1.66139707289e-05, 2.4807475711e-05, 1.82248477358e-05, 3.54663789039e-05, 2.47513107752e-05, 1.57392023539e-05, 2.49696022365e-05, 3.1066203519e-05, 1.89151778613e-05, 1.6221885744e-05, 9.49675086304e-06, 1.46066631714e-05, 1.78565351234e-05, 8.95924404176e-06, 3.42117209584e-06, 3.07395930577e-06, 3.23122026202e-06, 1.84687064575e-06, 2.27456575885e-06, 1.30698720113e-06, 3.63049139196e-07, 2.45146054567e-07, 2.68740052434e-07, 2.03248134767e-07, 1.97855342776e-07, 1.20198137665e-07, 1.12396527641e-07],
        "dvar": [3.0028004403e-06, 1.42749804581e-05, 5.3484941418e-06, 4.13154521084e-06, 3.14156039849e-07, 1.9587237432e-07, 7.88328513579e-09, 5.3886246576e-09, 8.90775897489e-10, 2.7743440878e-09, 3.36931565981e-10, 1.31602201359e-10, 2.5480359489e-10, 1.57922286359e-10, 4.37276270748e-10, 2.29920291139e-10, 6.64266752715e-10, 3.1462257799e-10, 1.24088392339e-10, 3.47469386597e-10, 6.00588967448e-10, 2.07708392153e-10, 1.87105053673e-10, 5.66397137525e-11, 1.22792651047e-10, 1.64483787701e-10, 4.22661974864e-11, 8.57784589886e-12, 6.01619795648e-12, 7.11160947839e-12, 2.42795475565e-12, 4.03046779979e-12, 1.34046886004e-12, 2.20128711266e-13, 2.21251118013e-13, 3.85819821187e-13, 2.39008953688e-13, 3.57645228537e-13, 8.01481887043e-14, 5.35366191754e-14],
        "dvar2": [7.93027084001e-06, 3.49660804204e-05, 1.46170850712e-05, 1.19060296129e-05, 7.98135715741e-07, 6.73893509884e-07, 2.00204031131e-08, 1.60655684311e-08, 2.29904206783e-09, 7.2415127228e-09, 9.21012821564e-10, 3.57203905343e-10, 6.87919221587e-10, 4.0085657016e-10, 1.14623777137e-09, 6.12966233327e-10, 1.70788017062e-09, 8.23102752623e-10, 3.4504823998e-10, 9.5450547466e-10, 1.51639645285e-09, 5.422263194e-10, 5.063446884e-10, 1.54223189774e-10, 3.41263933779e-10, 4.43246522819e-10, 1.13023528037e-10, 2.29090860865e-11, 1.58183015297e-11, 1.87107170035e-11, 6.1579808093e-12, 1.02465804938e-11, 3.4760991828e-12, 5.61721459277e-13, 5.83429246755e-13, 9.15177113779e-13, 5.3952464241e-13, 9.44318516612e-13, 2.14101211261e-13, 1.50038483157e-13],
        "max": [0.0312755219638, 0.0652590617537, 0.0460083857179, 0.0402121804655, 0.0141590461135, 0.00940737128258, 0.00193101156037, 0.00149687565863, 0.000552714860532, 0.000920260965358, 0.000306744070258, 0.000284170237137, 0.00033942447044, 0.000226281554205, 0.000421469303546, 0.000381438614568, 0.000517610867973, 0.000410977081629, 0.000260764965788, 0.000321470637573, 0.000571218552068, 0.000295006058877, 0.000297284626868, 0.000116425770102, 0.000200405134819, 0.000211489852518, 0.000117253010103, 6.65505140205e-05, 4.5397420763e-05, 4.28620842285e-05, 2.6040501325e-05, 4.31277730968e-05, 2.12249015021e-05, 1.25139540614e-05, 1.67141351994e-05, 2.89322742901e-05, 1.82296043931e-05, 3.32310446538e-05, 8.86116413312e-06, 5.31676369064e-06],
        "mean": [0.00230587855913, 0.00538871251047, 0.00350081129, 0.00225364021026, 0.00108674692456, 0.000527041847818, 0.000124307262013, 7.66206503613e-05, 5.15353531227e-05, 8.46370239742e-05, 3.08406124532e-05, 1.65975452546e-05, 2.41575889959e-05, 2.27972359426e-05, 2.99105540762e-05, 2.29288907576e-05, 4.56062589365e-05, 3.45319167536e-05, 2.17013948713e-05, 3.23452550219e-05, 4.30228865298e-05, 2.6099734896e-05, 1.96376913664e-05, 1.16545797937e-05, 1.91069957509e-05, 2.55127433775e-05, 1.334872195e-05, 5.13743725605e-06, 4.67464724352e-06, 4.70357917948e-06, 2.91251126328e-06, 3.4811180285e-06, 1.93670848603e-06, 5.08189032189e-07, 2.91417222797e-07, 3.44024357446e-07, 2.46325470243e-07, 2.37305371797e-07, 1.66087545495e-07, 1.33263313273e-07],
        "median": [0.00172989245038, 0.00402602320537, 0.00282098958269, 0.00145444914233, 0.000682707468513, 0.000237441185163, 7.70675615058e-05, 4.3867417844e-05, 3.70189991372e-05, 6.0995156673e-05, 2.50563298323e-05, 1.33517751237e-05, 1.75000604941e-05, 1.8063112293e-05, 2.40762929025e-05, 1.90596601897e-05, 3.51866256096e-05, 2.79220239463e-05, 1.87969762919e-05, 2.68695239356e-05, 3.29827198584e-05, 2.08956953429e-05, 1.58622060553e-05, 9.49708464759e-06, 1.59087339853e-05, 2.1819214453e-05, 1.13847745524e-05, 4.34995990872e-06, 3.8663538362e-06, 3.85716703022e-06, 2.31573358178e-06, 2.78579796031e-06, 1.43543059039e-06, 2.29755642067e-07, 4.72033505616e-08, 2.84875181222e-08, 2.3991933773e-08, 1.77989250005e-08, 1.44225911214e-08, 1.21103713724e-08],
        "min": [2.55572513389e-24, 1.74949666698e-24, 3.45640470585e-24, 2.25774771809e-24, 9.88790010255e-25, 1.8376396458e-24, 2.69869986208e-24, 3.49700698221e-24, 1.65387203274e-24, 3.96440036324e-24, 2.42125905943e-24, 3.12433094678e-24, 2.65436627364e-24, 4.41297625623e-24, 2.65552550474e-24, 3.1143307543e-24, 3.13831390076e-24, 2.34423113077e-24, 5.42675284401e-24, 3.58225760251e-24, 3.8630522473e-24, 5.70629004451e-24, 4.87664266391e-24, 3.15073491014e-24, 5.75795491178e-24, 4.51492351202e-24, 6.02600038104e-24, 6.11326220222e-24, 5.74264785477e-24, 5.77007063199e-24, 5.6697022813e-24, 6.83352573528e-24, 5.19541859469e-24, 6.09114609231e-24, 5.80750957612e-24, 5.8438145327e-24, 7.23229807831e-24, 6.78944892106e-24, 7.04143476001e-24, 6.27656705923e-24],
        "var": [5.15804867973e-06, 2.76241607935e-05, 9.24329742702e-06, 6.73286876918e-06, 1.48140850342e-06, 7.81585072218e-07, 2.45093207951e-08, 9.87260051488e-09, 2.87924706299e-09, 7.20414083943e-09, 6.97036095509e-10, 2.14795098374e-10, 5.79231607123e-10, 3.97460953039e-10, 6.99565405604e-10, 3.6944411419e-10, 1.82100967638e-09, 9.66906110733e-10, 2.67174338209e-10, 7.00555946587e-10, 1.68425251523e-09, 5.679771653e-10, 3.02658315077e-10, 9.93023788198e-11, 2.41512171373e-10, 3.94212162913e-10, 1.06257475041e-10, 1.76721658141e-11, 1.48748183909e-11, 1.58265830996e-11, 6.39254491355e-12, 9.35473920549e-12, 3.47459517755e-12, 6.75129819671e-13, 4.86383069237e-13, 1.57092362122e-12, 7.00490717948e-13, 9.84065693516e-13, 1.80601681613e-13, 1.02458887457e-13]
    },
    "mfcc": {
        "mean": [-658.416870117, 141.634017944, -25.5538387299, 66.7839050293, 7.33787584305, 17.8047046661, 0.806325733662, -3.43697166443, 1.87990307808, -6.15610265732, 2.18208289146, -10.3228273392, -4.29953670502],
        "cov": [[12860.1640625, 2412.68994141, 394.945831299, 1012.53198242, 450.972351074, 911.947570801, 173.037826538, 345.693908691, 378.660461426, 85.9052200317, 306.275024414, 152.602706909, 51.3514862061], [2412.68994141, 1302.9050293, -323.202697754, 547.462097168, -66.0418167114, 365.625854492, 34.5187568665, 93.2870101929, 167.21081543, -55.1453475952, 119.352294922, -58.2938690186, -3.70330739021], [394.945831299, -323.202697754, 486.546325684, -220.400421143, 185.614944458, -70.7888412476, 50.7508392334, 34.1798324585, -31.090461731, 76.1280059814, -20.0327739716, 82.6907806396, 19.7021789551], [1012.53198242, 547.462097168, -220.400421143, 339.827972412, -41.7579078674, 191.630203247, 7.46055269241, 43.9073066711, 80.0380172729, -33.0095214844, 62.882610321, -36.7431869507, 2.9202709198], [450.972351074, -66.0418167114, 185.614944458, -41.7579078674, 132.124008179, 14.013964653, 38.6865158081, 25.583814621, 9.27718925476, 34.3188018799, 2.08990168571, 37.5991744995, 6.88551473618], [911.947570801, 365.625854492, -70.7888412476, 191.630203247, 14.013964653, 215.90574646, 38.8800849915, 74.12059021, 84.8911514282, 1.40934491158, 58.1849479675, -10.6828231812, 1.72910821438], [173.037826538, 34.5187568665, 50.7508392334, 7.46055269241, 38.6865158081, 38.8800849915, 53.4937705994, 33.1604423523, 22.2297992706, 13.2454004288, 11.9075918198, 8.46741485596, 3.07943987846], [345.693908691, 93.2870101929, 34.1798324585, 43.9073066711, 25.583814621, 74.12059021, 33.1604423523, 72.1310272217, 44.9158401489, 20.8271942139, 26.3297691345, 9.16150760651, 2.060993433], [378.660461426, 167.21081543, -31.090461731, 80.0380172729, 9.27718925476, 84.8911514282, 22.2297992706, 44.9158401489, 75.4765396118, 14.7793426514, 34.5649375916, -2.18138623238, -2.59979295731], [85.9052200317, -55.1453475952, 76.1280059814, -33.0095214844, 34.3188018799, 1.40934491158, 13.2454004288, 20.8271942139, 14.7793426514, 50.5263900757, 12.6625165939, 18.5391902924, 0.765656471252], [306.275024414, 119.352294922, -20.0327739716, 62.882610321, 2.08990168571, 58.1849479675, 11.9075918198, 26.3297691345, 34.5649375916, 12.6625165939, 49.7159004211, 8.01540660858, 4.64808654785], [152.602706909, -58.2938690186, 82.6907806396, -36.7431869507, 37.5991744995, -10.6828231812, 8.46741485596, 9.16150760651, -2.18138623238, 18.5391902924, 8.01540660858, 47.2751235962, 18.510011673], [51.3514862061, -3.70330739021, 19.7021789551, 2.9202709198, 6.88551473618, 1.72910821438, 3.07943987846, 2.060993433, -2.59979295731, 0.765656471252, 4.64808654785, 18.510011673, 35.7927246094]],
