{
"lowlevel": {
    "average_loudness": 0.968254983425,
    "barkbands_crest": {
        "dmean": 2.00091385841,
        "dmean2": 3.29346394539,
        "dvar": 4.08135795593,
        "dvar2": 11.8392009735,
        "max": 26.2994728088,
        "mean": 11.6067399979,
        "median": 11.1325550079,
        "min": 5.00067234039,
        "var": 9.82255363464
    },
    "barkbands_flatness_db": {
        "dmean": 0.0186963602901,
        "dmean2": 0.028193609789,
        "dvar": 0.000404950638767,
        "dvar2": 0.000950245186687,
        "max": 0.641658425331,
        "mean": 0.216506317258,
        "median": 0.214627370238,
        "min": 0.050127658993,
        "var": 0.0034488956444
    },
    "barkbands_kurtosis": {
        "dmean": 4.45322322845,
        "dmean2": 7.32539319992,
        "dvar": 31.9200515747,
        "dvar2": 90.3883590698,
        "max": 105.511428833,
        "mean": 14.8161859512,
        "median": 13.3321266174,
        "min": -1.05630505085,
        "var": 69.1603851318
    },
    "barkbands_skewness": {
        "dmean": 0.456915348768,
        "dmean2": 0.741898596287,
        "dvar": 0.259837567806,
        "dvar2": 0.730618000031,
        "max": 8.84784793854,
        "mean": 3.41015648842,
        "median": 3.36965441704,
        "min": -2.53511428833,
        "var": 0.644644618034
    },
    "barkbands_spread": {
        "dmean": 2.16198182106,
        "dmean2": 3.48498988152,
        "dvar": 6.09522676468,
        "dvar2": 16.1840686798,
        "max": 68.3695144653,
        "mean": 9.27555179596,
        "median": 8.57366085052,
        "min": 0.279018163681,
        "var": 16.3689289093
    },
    "dissonance": {
        "dmean": 0.00880202837288,
        "dmean2": 0.014586889185,
        "dvar": 8.32669029478e-05,
        "dvar2": 0.000207052886253,
        "max": 0.500000119209,
        "mean": 0.47201949358,
        "median": 0.477119654417,
        "min": 0.115296326578,
        "var": 0.00107232027221
    },
    "dynamic_complexity": 1.39015877247,
    "erbbands_crest": {
        "dmean": 1.64792382717,
        "dmean2": 2.62448072433,
        "dvar": 2.97098970413,
        "dvar2": 7.74141216278,
        "max": 32.3387908936,
        "mean": 9.26595878601,
        "median": 8.66278648376,
        "min": 2.6671128273,
        "var": 17.0841636658
    },
    "erbbands_flatness_db": {
        "dmean": 0.0130628943443,
        "dmean2": 0.0166819225997,
        "dvar": 0.000254937738646,
        "dvar2": 0.000427310384111,
        "max": 0.554976582527,
        "mean": 0.18645593524,
        "median": 0.18930414319,
        "min": 0.0465854257345,
        "var": 0.00288808485493
    },
    "erbbands_kurtosis": {
        "dmean": 0.4655367136,
        "dmean2": 0.720576763153,
        "dvar": 4.51386499405,
        "dvar2": 7.76508665085,
        "max": 201.456665039,
        "mean": 0.0269546918571,
        "median": -0.970241069794,
        "min": -1.70740187168,
        "var": 81.8976669312
    },
    "erbbands_skewness": {
        "dmean": 0.231259644032,
        "dmean2": 0.373432397842,
        "dvar": 0.0503692515194,
        "dvar2": 0.123215593398,
        "max": 9.32197856903,
        "mean": 0.750038325787,
        "median": 0.699679672718,
        "min": -0.88059669733,
        "var": 0.479817539454
    },
    "erbbands_spread": {
        "dmean": 4.88542699814,
        "dmean2": 7.72669172287,
        "dvar": 18.5031242371,
        "dvar2": 45.0819244385,
        "max": 91.0741577148,
        "mean": 57.2467460632,
        "median": 58.2179107666,
        "min": 0.464871913195,
        "var": 137.28678894
    },
    "hfc": {
        "dmean": 2.91032481194,
        "dmean2": 4.60916900635,
        "dvar": 19.1781330109,
        "dvar2": 46.1128540039,
        "max": 55.1953811646,
        "mean": 15.6720199585,
        "median": 14.9511537552,
        "min": 1.09698151738e-16,
        "var": 44.2764205933
    },
    "melbands_crest": {
        "dmean": 2.45289444923,
        "dmean2": 3.9770128727,
        "dvar": 6.11538410187,
        "dvar2": 16.8904151917,
        "max": 33.9731292725,
        "mean": 16.3292198181,
        "median": 15.4534721375,
        "min": 1.67536211014,
        "var": 20.2563114166
    },
    "melbands_flatness_db": {
        "dmean": 0.0201403666288,
        "dmean2": 0.031081803143,
        "dvar": 0.000486558652483,
        "dvar2": 0.00121609459165,
        "max": 0.719839930534,
        "mean": 0.289544552565,
        "median": 0.286775976419,
        "min": 0.00455994252115,
        "var": 0.00337196839973
    },
    "melbands_kurtosis": {
        "dmean": 10.8183689117,
        "dmean2": 17.6684017181,
        "dvar": 185.92388916,
        "dvar2": 527.770019531,
        "max": 236.636032104,
        "mean": 42.552116394,
        "median": 39.1541481018,
        "min": -1.40208804607,
        "var": 377.230621338
    },
    "melbands_skewness": {
        "dmean": 0.640688598156,
        "dmean2": 1.02796244621,
        "dvar": 0.47868937254,
        "dvar2": 1.33696591854,
        "max": 12.2164649963,
        "mean": 5.29842996597,
        "median": 5.2094502449,
        "min": -2.28767871857,
        "var": 1.42874693871
    },
    "melbands_spread": {
        "dmean": 1.68021857738,
        "dmean2": 2.7002120018,
        "dvar": 6.68345785141,
        "dvar2": 14.7011632919,
        "max": 163.623153687,
        "mean": 6.95777750015,
        "median": 6.23864936829,
        "min": 0.188929259777,
        "var": 41.0784454346
    },
    "pitch_salience": {
        "dmean": 0.0590128004551,
        "dmean2": 0.0973437130451,
        "dvar": 0.0037940130569,
        "dvar2": 0.0109125766903,
        "max": 0.926172614098,
        "mean": 0.57057517767,
        "median": 0.588899970055,
        "min": 0.0375745259225,
        "var": 0.0146518247202
    },
    "silence_rate_20dB": {
        "dmean": 0,
        "dmean2": 0,
        "dvar": 0,
        "dvar2": 0,
        "max": 1,
        "mean": 1,
        "median": 1,
        "min": 1,
        "var": 0
    },
    "silence_rate_30dB": {
        "dmean": 0.059422750026,
        "dmean2": 0.118855588138,
        "dvar": 0.0558960065246,
        "dvar2": 0.123237609863,
        "max": 1,
        "mean": 0.949070513248,
        "median": 1,
        "min": 0,
        "var": 0.0483320094645
    },
    "silence_rate_60dB": {
        "dmean": 0.00152801361401,
        "dmean2": 0.00305628660135,
        "dvar": 0.0015252615558,
        "dvar2": 0.00304711377248,
        "max": 1,
        "mean": 0.0219845511019,
        "median": 0,
        "min": 0,
        "var": 0.021498626098
    },
    "spectral_centroid": {
        "dmean": 123.172973633,
        "dmean2": 201.69203186,
        "dvar": 28475.7949219,
        "dvar2": 58908.2539062,
        "max": 11530.8242188,
        "mean": 737.183288574,
        "median": 687.239440918,
        "min": 261.290466309,
        "var": 233605.96875
    },
    "spectral_complexity": {
        "dmean": 3.21324276924,
        "dmean2": 5.11571455002,
        "dvar": 9.21530056,
        "dvar2": 20.1786632538,
        "max": 46,
        "mean": 19.7595272064,
        "median": 20,
        "min": 0,
        "var": 48.2937660217
    },
    "spectral_decrease": {
        "dmean": 4.28231095029e-09,
        "dmean2": 7.20115345132e-09,
        "dvar": 7.01675277537e-17,
        "dvar2": 1.95027033234e-16,
        "max": 2.6378892728e-21,
        "mean": -1.34109860994e-08,
        "median": -1.20246097524e-08,
        "min": -1.01888886661e-07,
        "var": 6.82254334069e-17
    },
    "spectral_energy": {
        "dmean": 0.0163882207125,
        "dmean2": 0.0275400951505,
        "dvar": 0.00102051114663,
        "dvar2": 0.00283410702832,
        "max": 0.388975888491,
        "mean": 0.0520375072956,
        "median": 0.0467488020658,
        "min": 1.0210734445e-20,
        "var": 0.00100079248659
    },
    "spectral_energyband_high": {
        "dmean": 8.86425623321e-05,
        "dmean2": 0.000124877595226,
        "dvar": 2.04188452813e-08,
        "dvar2": 3.23416244896e-08,
        "max": 0.00230023870245,
        "mean": 0.000327722111251,
        "median": 0.000245214498136,
        "min": 7.25674484621e-21,
        "var": 8.28341626402e-08
    },
    "spectral_energyband_low": {
        "dmean": 0.0134038329124,
        "dmean2": 0.0226423442364,
        "dvar": 0.000913378316909,
        "dvar2": 0.00255034933798,
        "max": 0.358405739069,
        "mean": 0.0243266746402,
        "median": 0.0171544961631,
        "min": 1.24926316425e-23,
        "var": 0.000777132052463
    },
    "spectral_energyband_middle_high": {
        "dmean": 0.000420035823481,
        "dmean2": 0.000663142825942,
        "dvar": 2.87835149493e-07,
        "dvar2": 6.7088689093e-07,
        "max": 0.00791515223682,
        "mean": 0.00214494136162,
        "median": 0.0020441217348,
        "min": 1.2510053604e-21,
        "var": 9.80993718258e-07
    },
    "spectral_energyband_middle_low": {
        "dmean": 0.00755466381088,
        "dmean2": 0.0123375179246,
        "dvar": 0.000124146652524,
        "dvar2": 0.000346914515831,
        "max": 0.148038059473,
        "mean": 0.0306315980852,
        "median": 0.029713826254,
        "min": 1.92471824615e-22,
        "var": 0.000213042527321
    },
    "spectral_entropy": {
        "dmean": 0.107552245259,
        "dmean2": 0.165839970112,
        "dvar": 0.0137627609074,
        "dvar2": 0.0300591792911,
        "max": 9.81623840332,
        "mean": 7.24714660645,
        "median": 7.29553794861,
        "min": 2.91231870651,
        "var": 0.269185304642
    },
    "spectral_flux": {
        "dmean": 0.0303167756647,
        "dmean2": 0.0479002036154,
        "dvar": 0.00217999354936,
        "dvar2": 0.00429334538057,
        "max": 0.471330344677,
        "mean": 0.081741951406,
        "median": 0.0619647614658,
        "min": 6.49010012399e-11,
        "var": 0.00400061579421
    },
    "spectral_kurtosis": {
        "dmean": 1.97316396236,
        "dmean2": 3.46632838249,
        "dvar": 11.1411161423,
        "dvar2": 30.5270271301,
        "max": 165.830612183,
        "mean": 3.5421526432,
        "median": 2.55763149261,
        "min": -1.24045240879,
        "var": 64.4627075195
    },
    "spectral_rms": {
        "dmean": 0.000960187462624,
        "dmean2": 0.00156674766913,
        "dvar": 2.21320419769e-06,
        "dvar2": 6.01064039074e-06,
        "max": 0.0194804687053,
        "mean": 0.00684374477714,
        "median": 0.00675341300666,
        "min": 3.15621487279e-12,
        "var": 3.93125537812e-06
    },
    "spectral_rolloff": {
        "dmean": 53.7273979187,
        "dmean2": 93.0654373169,
        "dvar": 68697.6015625,
        "dvar2": 116912.929688,
        "max": 19875.1464844,
        "mean": 354.146697998,
        "median": 301.46484375,
        "min": 107.666015625,
        "var": 682977.625
    },
    "spectral_skewness": {
        "dmean": 0.225347474217,
        "dmean2": 0.382850319147,
        "dvar": 0.0616834275424,
        "dvar2": 0.161608278751,
        "max": 10.7690620422,
        "mean": 1.13177156448,
        "median": 1.04661667347,
        "min": -0.0592193417251,
        "var": 0.456307440996
    },
    "spectral_spread": {
        "dmean": 256334.109375,
        "dmean2": 356607.25,
        "dvar": 290336702464,
        "dvar2": 418197012480,
        "max": 41656384,
        "mean": 3614716,
        "median": 3337365,
        "min": 520093.3125,
        "var": 2.93836580454e+12
    },
    "spectral_strongpeak": {
        "dmean": 0.28783467412,
        "dmean2": 0.497485429049,
        "dvar": 0.0965495929122,
        "dvar2": 0.250514090061,
        "max": 2.88413572311,
        "mean": 0.813957750797,
        "median": 0.740890860558,
        "min": 0,
        "var": 0.176370680332
    },
    "zerocrossingrate": {
        "dmean": 0.0044775144197,
        "dmean2": 0.00578790903091,
        "dvar": 3.50832924596e-05,
        "dvar2": 4.69299448014e-05,
        "max": 0.521484375,
        "mean": 0.0274984706193,
        "median": 0.02490234375,
        "min": 0.00537109375,
        "var": 0.000546424882486
    },
    "barkbands": {
        "dmean": [0.00021342279797, 0.00643730489537, 0.00572315277532, 0.0048266723752, 0.00425200164318, 0.00130395626184, 0.000290299387416, 0.000114916896564, 0.000225008145208, 7.79278489063e-05, 7.15225760359e-05, 6.98016156093e-05, 5.71538766962e-05, 0.000119100979646, 8.60023865243e-05, 0.000114052192657, 0.000112746638479, 5.88632465224e-05, 0.000132106026285, 5.58075698791e-05, 4.15846516262e-05, 3.1587715057e-05, 8.59983992996e-06, 7.69389953348e-06, 7.19230729374e-06, 3.5638722693e-06, 7.91804438904e-07],
        "dmean2": [0.000368428911315, 0.0112912319601, 0.00951701588929, 0.00790437031537, 0.00690291915089, 0.00196605618112, 0.000463440548629, 0.000179029579158, 0.000350527378032, 0.000126118698972, 0.000114790491352, 0.000112991096103, 9.32611437747e-05, 0.000192773819435, 0.000141871976666, 0.000189559854334, 0.000187703612028, 9.90061816992e-05, 0.000225460913498, 9.31889662752e-05, 6.75722767483e-05, 4.99434645462e-05, 1.26187132992e-05, 9.44099974731e-06, 8.68020288181e-06, 4.2317765292e-06, 9.96894300442e-07],
        "dvar": [8.56434780871e-07, 0.000425063219154, 0.000113899142889, 7.65275763115e-05, 3.92270521843e-05, 2.48800097324e-06, 2.49230680538e-07, 2.57359609179e-08, 6.56437393332e-08, 9.20321330256e-09, 1.02700443705e-08, 9.25110121841e-09, 3.96053412288e-09, 1.9528409112e-08, 9.13827946647e-09, 1.78465757728e-08, 1.55063339946e-08, 5.4428159757e-09, 1.77515921962e-08, 3.41110939495e-09, 2.71152922338e-09, 2.00973393483e-09, 4.33053731763e-10, 4.35286334755e-10, 4.50719017664e-10, 1.54984428069e-10, 9.22096513728e-12],
        "dvar2": [2.34064509641e-06, 0.0012003161246, 0.000320986146107, 0.000210171492654, 0.000123407604406, 5.85283669352e-06, 6.48515822377e-07, 6.62669847884e-08, 1.57266427436e-07, 2.44323974385e-08, 2.59225849675e-08, 2.46386822056e-08, 1.04159365577e-08, 4.91065073049e-08, 2.40795614559e-08, 4.78698538586e-08, 3.98885156017e-08, 1.47100491787e-08, 5.01806702857e-08, 9.06272212831e-09, 6.55104681613e-09, 4.51300463666e-09, 8.88281448397e-10, 6.44781061876e-10, 7.21602555487e-10, 2.41965697478e-10, 1.455689215e-11],
        "max": [0.0106566548347, 0.211338594556, 0.14492675662, 0.123165167868, 0.086006231606, 0.0258572306484, 0.0101908845827, 0.00253160716966, 0.00607473496348, 0.00134918908589, 0.00206710840575, 0.00136948446743, 0.000800421810709, 0.00267742108554, 0.00146224466152, 0.00220979284495, 0.00209030252881, 0.00127182225697, 0.00218604132533, 0.00096874270821, 0.00072041596286, 0.000651142618153, 0.000347090215655, 0.000349297450157, 0.00030929085915, 0.000207493460039, 4.39097493654e-05],
        "mean": [0.000164075026987, 0.00747527834028, 0.0113227311522, 0.00940951146185, 0.0148139316589, 0.00494346953928, 0.000701902608853, 0.000238707871176, 0.000464857905172, 0.000163617442013, 0.000145677942783, 0.000138528092066, 0.000129804859171, 0.000264564150712, 0.000187924015336, 0.000258190411841, 0.00025321211433, 0.000139550698805, 0.000387386855436, 0.000164685538039, 0.000128401967231, 9.20322927414e-05, 1.70674247784e-05, 1.46937163663e-05, 1.14463973659e-05, 5.17573789693e-06, 1.05717526822e-06],
        "median": [5.4584334066e-06, 0.00282149971463, 0.00802738778293, 0.00632609892637, 0.0141492672265, 0.00462132086977, 0.000434438523371, 0.00017888257571, 0.000378591270419, 0.000135155234602, 9.02281535673e-05, 0.000104108650703, 0.000109643020551, 0.000199830188649, 0.000157826361828, 0.000218158529606, 0.000216321161133, 0.000118580028357, 0.000357546203304, 0.000148099716171, 0.000107045270852, 7.18018782209e-05, 4.38897723143e-06, 1.58453599397e-06, 3.02208491121e-07, 6.6625609918e-08, 1.19281962085e-08],
        "min": [1.40345908382e-24, 1.91265637358e-24, 5.03806174892e-24, 1.46731362701e-24, 1.39917718627e-23, 8.03433848268e-24, 1.77193005675e-23, 1.38811341207e-23, 1.76142810929e-23, 2.10472680683e-23, 8.09480230448e-24, 3.66076519757e-23, 3.61076530014e-23, 5.03642502031e-23, 5.0027494949e-23, 5.87669504409e-23, 8.99965842161e-23, 9.96548544033e-23, 1.76035913965e-22, 1.42197050171e-22, 2.84124978867e-22, 3.71016858995e-22, 3.06295251965e-22, 5.99888555934e-22, 9.87236627959e-22, 1.25991401078e-21, 1.87351561982e-21],
        "var": [6.03389139542e-07, 0.000291761825792, 0.000135146518005, 0.000105451661511, 8.62573360791e-05, 1.24421294458e-05, 5.51860352971e-07, 4.86647451226e-08, 1.50131484133e-07, 1.5334967074e-08, 2.83417485036e-08, 1.52355514871e-08, 8.22684853574e-09, 4.8995577373e-08, 1.74827512467e-08, 3.37781180804e-08, 2.90588566543e-08, 9.32179045066e-09, 4.18377901212e-08, 9.62715684949e-09, 8.23098567082e-09, 5.45222800241e-09, 1.1228108443e-09, 1.29952060224e-09, 1.16548959372e-09, 3.56235346777e-10, 1.92966441437e-11]
    },
    "erbbands": {
        "dmean": [0.140620067716, 1.62927305698, 5.7310590744, 12.4125986099, 14.5250835419, 13.0222215652, 15.1180486679, 8.61461925507, 5.21209192276, 3.39143610001, 2.36170458794, 5.58105421066, 3.01438188553, 1.89368987083, 3.27506303787, 3.13942217827, 2.29084205627, 5.77893924713, 4.72398757935, 3.73613524437, 7.272149086, 4.9261803627, 3.59832453728, 5.08344841003, 6.16222953796, 2.15827250481, 2.04801559448, 1.29609966278, 1.31062090397, 0.454211860895, 0.235182285309, 0.162188604474, 0.13014870882, 0.0843311175704, 0.0500460155308, 0.0213149879128, 0.00516156107187, 0.000846912967972, 0.000155650224769, 2.50151442742e-05],
        "dmean2": [0.243474572897, 2.86903810501, 9.6016740799, 20.4873409271, 23.9417743683, 20.7967510223, 22.2870597839, 13.2965660095, 8.08085918427, 5.56204366684, 3.60413098335, 8.70830059052, 4.92639493942, 3.0272758007, 5.25346517563, 5.04512786865, 3.73702859879, 9.29837417603, 7.7041258812, 6.15034151077, 12.0969285965, 8.22961902618, 6.04046392441, 8.657995224, 10.5289497375, 3.56541872025, 3.40556383133, 2.06394004822, 2.09107232094, 0.693147957325, 0.344930112362, 0.211165577173, 0.160911604762, 0.103678889573, 0.0648307129741, 0.025264730677, 0.00644689286128, 0.00102870143019, 0.000199819056434, 3.84018130717e-05],
        "dvar": [0.24837860465, 25.212015152, 144.296798706, 460.196807861, 543.224975586, 443.448730469, 461.996765137, 194.725784302, 79.0905838013, 35.8803863525, 8.20790290833, 42.3669395447, 14.9112825394, 6.37350845337, 22.7133197784, 17.9138736725, 6.85758829117, 47.0271911621, 28.9044513702, 17.4699668884, 75.5862197876, 27.6330032349, 18.5967826843, 28.9001865387, 39.7204208374, 5.33493328094, 6.38271188736, 3.02452754974, 3.29800438881, 0.699876785278, 0.341770619154, 0.184018671513, 0.137391984463, 0.0578027889132, 0.0253937132657, 0.00507540348917, 0.000329902570229, 7.86458076618e-06, 3.55676490926e-07, 2.8373017269e-09],
        "dvar2": [0.687226891518, 71.690612793, 403.462188721, 1296.05810547, 1667.03674316, 1271.57617188, 993.382141113, 477.070831299, 188.388717651, 101.036445618, 20.0833568573, 100.959617615, 40.7173156738, 16.7525367737, 57.0943527222, 47.4061851501, 17.7592105865, 116.798919678, 74.4392700195, 45.3907279968, 201.469207764, 71.6360168457, 49.2922821045, 79.0285110474, 111.524101257, 13.6745080948, 16.3974781036, 6.63338279724, 7.45094490051, 1.53870952129, 0.737311303616, 0.301956862211, 0.211757734418, 0.0886566787958, 0.0448870174587, 0.00787914264947, 0.000524895440321, 1.09473639895e-05, 6.15148223915e-07, 6.52321130445e-09],
        "max": [5.04624891281, 55.3714828491, 153.293762207, 287.676361084, 302.017608643, 384.251708984, 384.873901367, 270.036682129, 166.489349365, 90.412689209, 35.1444244385, 150.5025177, 57.9005775452, 41.5848655701, 102.077507019, 57.1301116943, 33.872379303, 129.186859131, 87.7996749878, 62.08826828, 148.51121521, 64.9677963257, 64.3640594482, 77.8583526611, 132.997268677, 44.8978157043, 37.3552970886, 26.090795517, 27.2908706665, 13.9585952759, 7.1048412323, 7.97188568115, 6.70471715927, 4.16488313675, 2.38812494278, 1.20907258987, 0.287360548973, 0.0444816760719, 0.00951149128377, 0.000703300815076],
        "mean": [0.127692162991, 2.08405685425, 11.2150239944, 25.8303775787, 43.7282295227, 43.1513137817, 54.4091911316, 30.3177471161, 16.3032665253, 6.89059925079, 5.72341632843, 11.1274709702, 6.32000350952, 4.55361032486, 6.80717039108, 6.7436709404, 5.92392873764, 13.2756958008, 11.314204216, 9.55354118347, 16.9270648956, 12.7094516754, 9.1658115387, 13.9507961273, 18.2859897614, 7.28883838654, 6.09128952026, 4.17023229599, 3.81478452682, 1.16505300999, 0.453330039978, 0.323906064034, 0.236186996102, 0.137033954263, 0.0773915499449, 0.0307984352112, 0.00788845028728, 0.00124048569705, 0.000217937747948, 6.86447965563e-05],
        "median": [0.0321939997375, 0.921265542507, 7.7528014183, 19.2019042969, 36.1542434692, 32.9491691589, 31.7509593964, 17.6093997955, 8.7133808136, 5.23910522461, 4.76004171371, 8.66861248016, 5.15018939972, 3.70722341537, 4.13815116882, 5.19257354736, 5.10848760605, 10.2510166168, 9.33409690857, 8.23931217194, 14.3440227509, 11.208360672, 7.86973714828, 12.6366577148, 16.8790798187, 6.57822179794, 5.20867061615, 3.36772465706, 3.02409720421, 0.692264974117, 0.107929117978, 0.0418021194637, 0.0205729659647, 0.00516252173111, 0.00151395634748, 0.00048205073108, 0.000109491818876, 2.00858376047e-05, 2.64992140728e-05, 5.39691573067e-05],
        "min": [1.26965155833e-22, 2.91589142886e-22, 5.30272653899e-21, 5.96705273727e-21, 1.6114294204e-20, 3.58999067723e-20, 4.50812335242e-20, 6.13804785278e-20, 1.65879568867e-19, 1.78407490663e-19, 3.85891026092e-19, 4.2440807093e-19, 6.87477303417e-19, 7.00939254296e-19, 1.2630990051e-18, 1.28747291583e-18, 1.54699452577e-18, 2.4819239951e-18, 2.50580469939e-18, 3.17668147019e-18, 4.12854735917e-18, 6.64834133707e-18, 6.10405980274e-18, 7.985695105e-18, 8.27883716074e-18, 6.89851797744e-18, 1.02968484898e-17, 1.10582260575e-17, 1.28926843543e-17, 1.10328597368e-17, 9.65496956937e-18, 1.22189556715e-17, 9.4955561489e-18, 9.97030901684e-18, 6.78277927972e-18, 4.67583859016e-18, 2.32632118892e-18, 1.02327835582e-18, 2.6986023022e-19, 2.84489772383e-20],
        "var": [0.169175177813, 17.4803638458, 155.848693848, 622.062316895, 1026.40600586, 1324.00354004, 2822.67358398, 1173.87939453, 402.3125, 43.5042762756, 17.1328372955, 94.4361038208, 22.9089660645, 11.0936660767, 62.166519165, 31.6120662689, 14.6704282761, 115.064224243, 63.8205375671, 36.8444442749, 141.728149414, 58.7768592834, 34.8569984436, 60.5905265808, 96.7724914551, 17.5482273102, 17.226600647, 9.82823944092, 8.81360054016, 1.88604295254, 0.831137835979, 0.573168337345, 0.366753071547, 0.151336818933, 0.0600495487452, 0.0118099674582, 0.00079986685887, 1.9891300326e-05, 6.83188375206e-07, 4.19335854929e-09]
    },
    "gfcc": {
        "mean": [-24.143196106, 149.450561523, -128.152252197, 66.0050735474, -42.5850639343, -17.6568069458, -25.8668060303, -21.9250640869, -21.4599285126, -11.6344299316, -16.0211868286, -10.4740219116, -5.04664993286],
        "cov": [[8037.28808594, -751.536743164, 431.490264893, 534.336669922, -21.7353954315, 703.102050781, -476.870239258, 496.283569336, -386.281829834, 77.4367599487, -292.409240723, -114.333465576, -179.498901367], [-751.536743164, 1141.87963867, -552.202636719, 164.894088745, 99.9995880127, -344.930358887, 416.180725098, -322.608032227, 262.784210205, -184.226959229, 95.8580627441, -98.4279403687, 64.5266571045], [431.490264893, -552.202636719, 638.142333984, -52.6621284485, 25.3133640289, 288.526428223, -183.913787842, 273.805999756, -130.980957031, 123.669494629, -70.191444397, 31.9666385651, -59.1119842529], [534.336669922, 164.894088745, -52.6621284485, 249.872573853, 58.6554489136, 65.5864639282, 64.1791915894, -1.65369665623, 33.6387062073, -65.2540664673, -17.6914863586, -79.3760681152, -14.8553352356], [-21.7353954315, 99.9995880127, 25.3133640289, 58.6554489136, 123.62310791, 14.3163633347, 82.6670227051, 8.10538864136, 24.9536952972, -0.877527296543, -19.5243148804, -15.2381486893, -14.1715936661], [703.102050781, -344.930358887, 288.526428223, 65.5864639282, 14.3163633347, 256.439147949, -117.509033203, 181.991378784, -77.6602783203, 51.5786132812, -44.9080657959, -16.4222221375, -42.867515564], [-476.870239258, 416.180725098, -183.913787842, 64.1791915894, 82.6670227051, -117.509033203, 222.193054199, -103.446647644, 120.97844696, -61.467716217, 30.3457050323, -31.793636322, 15.1322021484], [496.283569336, -322.608032227, 273.805999756, -1.65369665623, 8.10538864136, 181.991378784, -103.446647644, 190.331237793, -64.1104431152, 78.9317398071, -42.1328163147, 11.6246099472, -39.9726257324], [-386.281829834, 262.784210205, -130.980957031, 33.6387062073, 24.9536952972, -77.6602783203, 120.97844696, -64.1104431152, 121.342750549, -24.7989463806, 52.7225875854, -20.9582691193, 11.7040624619], [77.4367599487, -184.226959229, 123.669494629, -65.2540664673, -0.877527296543, 51.5786132812, -61.467716217, 78.9317398071, -24.7989463806, 103.239517212, 8.12370300293, 50.3026161194, -13.8769350052], [-292.409240723, 95.8580627441, -70.191444397, -17.6914863586, -19.5243148804, -44.9080657959, 30.3457050323, -42.1328163147, 52.7225875854, 8.12370300293, 82.6008377075, 27.2827911377, 30.4196300507], [-114.333465576, -98.4279403687, 31.9666385651, -79.3760681152, -15.2381486893, -16.4222221375, -31.793636322, 11.6246099472, -20.9582691193, 50.3026161194, 27.2827911377, 81.9918212891, 27.022731781], [-179.498901367, 64.5266571045, -59.1119842529, -14.8553352356, -14.1715936661, -42.867515564, 15.1322021484, -39.9726257324, 11.7040624619, -13.8769350052, 30.4196300507, 27.022731781, 53.1342887878]],
        "icov": [[0.000284881243715, -0.000518298475072, 0.000373958551791, -0.000558489235118, 0.000202736919164, -0.000661499798298, 0.000794486608356, -0.000533377518877, 0.00053704174934, -0.000180480958079, 0.000642704602797, -0.000790491059888, 0.000613211304881], [-0.000518298475072, 0.00691546453163, -0.000852505443618, -0.0010942784138, -0.000572983641177, 0.00548116257414, -0.00761069310829, 0.00219310680404, -0.0017058881931, 0.000210655751289, -0.00363958068192, 0.00659729540348, -0.0041576474905], [0.000373958551791, -0.000852505443618, 0.00565701210871, 0.00135171972215, -0.0017810879508, -0.00376387522556, 0.00184237305075, -0.00486342934892, 0.001694232109, 0.000149149622303, 0.000683566264343, -0.0013776634587, 0.00124993955251], [-0.000558489235118, -0.0010942784138, 0.00135171972215, 0.0109277488664, -0.00356268533505, -0.00599812343717, 0.000122486060718, 0.000870283634868, -0.00168780621607, 0.00356211489998, -0.00107489863876, 0.0042219418101, -0.00139804964419], [0.000202736919164, -0.000572983641177, -0.0017810879508, -0.00356268533505, 0.0180533416569, -0.00304448208772, -0.0103526534513, 0.00287451897748, 0.00230408646166, -0.00618898728862, 0.00658636586741, -0.00316534563899, 0.00158807251137], [-0.000661499798298, 0.00548116257414, -0.00376387522556, -0.00599812343717, -0.00304448208772, 0.0267054308206, -0.00226687989198, -0.0139370569959, 0.0037244791165, 0.00274088280275, -0.0107070570812, 0.0111945457757, -0.00352917914279], [0.000794486608356, -0.00761069310829, 0.00184237305075, 0.000122486060718, -0.0103526534513, -0.00226687989198, 0.0293719619513, -0.00310115003958, -0.0129523389041, 0.00667537981644, 0.00639968784526, -0.0103307021782, 0.00490891514346], [-0.000533377518877, 0.00219310680404, -0.00486342934892, 0.000870283634868, 0.00287451897748, -0.0139370569959, -0.00310115003958, 0.0332014560699, -0.00733281765133, -0.0113107450306, 0.0090958038345, -0.00148840527982, -3.86186729884e-05], [0.00053704174934, -0.0017058881931, 0.001694232109, -0.00168780621607, 0.00230408646166, 0.0037244791165, -0.0129523389041, -0.00733281765133, 0.0352802872658, -0.00588626880199, -0.0180161427706, 0.0114776547998, 0.0022589575965], [-0.000180480958079, 0.000210655751289, 0.000149149622303, 0.00356211489998, -0.00618898728862, 0.00274088280275, 0.00667537981644, -0.0113107450306, -0.00588626880199, 0.0318841263652, -0.00676245195791, -0.0157768111676, 0.0119656920433], [0.000642704602797, -0.00363958068192, 0.000683566264343, -0.00107489863876, 0.00658636586741, -0.0107070570812, 0.00639968784526, 0.0090958038345, -0.0180161427706, -0.00676245195791, 0.0362288542092, -0.0151617890224, -0.00563827017322], [-0.000790491059888, 0.00659729540348, -0.0013776634587, 0.0042219418101, -0.00316534563899, 0.0111945457757, -0.0103307021782, -0.00148840527982, 0.0114776547998, -0.0157768111676, -0.0151617890224, 0.0466413572431, -0.0227138902992], [0.000613211304881, -0.0041576474905, 0.00124993955251, -0.00139804964419, 0.00158807251137, -0.00352917914279, 0.00490891514346, -3.86186729884e-05, 0.0022589575965, 0.0119656920433, -0.00563827017322, -0.0227138902992, 0.0404968895018]]
    },
    "melbands": {
        "dmean": [0.00153096555732, 0.00272979354486, 0.0020115908701, 0.00102522794623, 0.000503762159497, 0.000198170950171, 7.56838344387e-05, 3.39622565662e-05, 2.26502306759e-05, 3.45441840182e-05, 1.4972453755e-05, 8.14646409708e-06, 1.01881632872e-05, 8.10296296549e-06, 7.1277004281e-06, 5.60711896469e-06, 1.26948798425e-05, 8.41658220452e-06, 4.98293638884e-06, 6.55544454276e-06, 9.92280820356e-06, 5.80956702834e-06, 4.4650359996e-06, 3.02798594021e-06, 4.78150604977e-06, 6.47149636279e-06, 3.35544746122e-06, 1.27737928324e-06, 1.32826858135e-06, 1.24548091662e-06, 7.57621648972e-07, 9.00350869415e-07, 5.16916998095e-07, 2.0306545423e-07, 1.43458734669e-07, 1.15726415117e-07, 1.00702798989e-07, 9.98635698579e-08, 7.90373277937e-08, 7.07293281721e-08],
        "dmean2": [0.00267563597299, 0.00464092381299, 0.00332008302212, 0.00166527321562, 0.00075448473217, 0.000304542656522, 0.000117526607937, 5.5478347349e-05, 3.44453583239e-05, 5.40793553228e-05, 2.45169740083e-05, 1.29500886032e-05, 1.63680069818e-05, 1.301330758e-05, 1.16986275316e-05, 9.21451828617e-06, 2.04534226214e-05, 1.37782617458e-05, 8.27334861242e-06, 1.07895257315e-05, 1.66076497408e-05, 9.68334643403e-06, 7.56650388212e-06, 5.12124233865e-06, 8.18436728878e-06, 1.11645913421e-05, 5.6818662415e-06, 2.12944837585e-06, 2.21514642362e-06, 2.05305491363e-06, 1.21124082852e-06, 1.45490128034e-06, 8.35189212012e-07, 3.11380688345e-07, 2.20896367864e-07, 1.64225610888e-07, 1.33917922085e-07, 1.28783398168e-07, 9.81958336865e-08, 9.10573021429e-08],
        "dvar": [2.64869231614e-05, 4.07429615734e-05, 1.15657185233e-05, 2.72626584774e-06, 4.72597832868e-07, 8.22838543968e-08, 1.65461671031e-08, 3.46690942621e-09, 6.9227978905e-10, 1.62288982253e-09, 3.63656327274e-10, 1.18059534371e-10, 2.0832174874e-10, 1.30078420257e-10, 6.83671938506e-11, 4.15147916044e-11, 2.37077607546e-10, 8.51031259352e-11, 3.19141241212e-11, 5.05448495558e-11, 1.42566111694e-10, 3.93471609461e-11, 2.52824063768e-11, 1.65045754841e-11, 2.52744058321e-11, 4.40129460655e-11, 1.14340021826e-11, 1.99535158361e-12, 2.62445360583e-12, 2.25239748727e-12, 1.12781171121e-12, 1.48401907082e-12, 5.46578353324e-13, 1.99841879156e-13, 1.28732040219e-13, 9.9675754033e-14, 7.32517074341e-14, 8.46434535418e-14, 5.0249179275e-14, 4.26381918325e-14],
        "dvar2": [7.40216783015e-05, 0.000114717200631, 3.2286363421e-05, 8.5670280896e-06, 1.09963661998e-06, 2.03548836453e-07, 3.99483290892e-08, 9.70794822308e-09, 1.663244098e-09, 3.94281718386e-09, 9.91814852469e-10, 3.09115039121e-10, 5.31268973258e-10, 3.43109374246e-10, 1.86844956174e-10, 1.08505704421e-10, 5.8956961535e-10, 2.19883361519e-10, 8.47108980184e-11, 1.322132126e-10, 3.85029202965e-10, 1.01247205064e-10, 6.89827153733e-11, 4.44088169016e-11, 7.0573241695e-11, 1.27221733148e-10, 3.15129207451e-11, 5.1922268568e-12, 6.93625018533e-12, 5.73691875255e-12, 2.52116882059e-12, 3.45833669861e-12, 1.29457067895e-12, 4.46284773459e-13, 2.98194764237e-13, 1.99359111034e-13, 1.27202989895e-13, 1.38893603108e-13, 8.09845083789e-14, 6.92850114846e-14],
        "max": [0.0476499758661, 0.0807760208845, 0.0446216724813, 0.0227062106133, 0.0106942942366, 0.00531273847446, 0.00254763755947, 0.000868232047651, 0.000579422689043, 0.000813603226561, 0.00028653658228, 0.000186731791473, 0.000287356844638, 0.000192215884454, 0.000106284940557, 8.99674341781e-05, 0.000287910137558, 0.00015615002485, 7.68359896028e-05, 0.000113288086141, 0.000188972990145, 9.24845880945e-05, 7.23604534869e-05, 7.11999382474e-05, 7.08983570803e-05, 0.000114041235065, 4.85051314172e-05, 2.82865275949e-05, 2.27776909014e-05, 2.25031508307e-05, 1.7422824385e-05, 1.95604934561e-05, 1.04703685793e-05, 1.16027604236e-05, 4.98844110552e-06, 5.66573726246e-06, 5.00454098074e-06, 5.07746517542e-06, 4.31523722e-06, 3.95929464503e-06],
        "mean": [0.00160123186652, 0.00491032376885, 0.00488240364939, 0.0033967255149, 0.00176918134093, 0.000716185837518, 0.00022743428417, 6.71527523082e-05, 5.06763426529e-05, 6.90767774358e-05, 3.0052895454e-05, 1.77968213393e-05, 2.03771996894e-05, 1.73832631845e-05, 1.54261906573e-05, 1.27604025693e-05, 2.71083081316e-05, 1.92036968656e-05, 1.17004210551e-05, 1.50062569446e-05, 2.10638663702e-05, 1.35590753416e-05, 1.00841361927e-05, 6.56490055917e-06, 1.13630640044e-05, 1.65269957506e-05, 9.02919600776e-06, 3.7172028442e-06, 3.64684046872e-06, 3.433976417e-06, 2.11836754715e-06, 2.42761075242e-06, 1.29434556584e-06, 4.15506576701e-07, 2.52587284422e-07, 2.16769038275e-07, 1.88703992876e-07, 1.75297302007e-07, 1.33706123506e-07, 1.0816734175e-07],
        "median": [0.000543356698472, 0.00327839748934, 0.00393614498898, 0.00313139939681, 0.00120829779189, 0.000505504605826, 0.000119234893646, 4.90305828862e-05, 4.13787383877e-05, 5.46477676835e-05, 2.40766603383e-05, 1.35889722515e-05, 1.24817006508e-05, 1.33733728944e-05, 1.30712260216e-05, 1.07172336357e-05, 2.00273971132e-05, 1.55234974955e-05, 1.00173410829e-05, 1.2894505744e-05, 1.74131528183e-05, 1.18107209346e-05, 8.70700387168e-06, 5.3762259995e-06, 1.01271225503e-05, 1.50592240971e-05, 8.1680555013e-06, 3.26759800373e-06, 3.08119138026e-06, 2.87528405352e-06, 1.62136575454e-06, 1.92431252799e-06, 9.49949367168e-07, 1.68246501175e-07, 5.69545832718e-08, 2.85832424396e-08, 2.28666099389e-08, 1.63405999842e-08, 6.70349953324e-09, 3.18747850336e-09],
        "min": [1.37187762913e-24, 1.99712148564e-24, 1.02380044609e-24, 1.89727417757e-24, 1.35344047066e-24, 1.32223993717e-24, 2.79721261471e-24, 1.55704596333e-24, 2.89580484507e-24, 2.57120179599e-24, 2.92648956213e-24, 2.94125684106e-24, 1.82487272091e-24, 4.04192290768e-24, 4.31828533747e-24, 3.62433425991e-24, 3.51241580227e-24, 4.41102343106e-24, 4.80952874467e-24, 4.27308242431e-24, 4.49347596173e-24, 5.7606027234e-24, 5.32064868568e-24, 4.91282850249e-24, 5.72398103917e-24, 5.58507288895e-24, 4.38705073701e-24, 4.19925017118e-24, 5.80558081121e-24, 6.53623167023e-24, 5.84377351193e-24, 7.03180750153e-24, 6.33536599009e-24, 5.94807393981e-24, 5.9771205872e-24, 4.58447422259e-24, 7.22366478456e-24, 4.86059959968e-24, 7.49741450703e-24, 7.25099092632e-24],
        "var": [1.78837617568e-05, 3.64057850675e-05, 1.66509853443e-05, 5.98789392825e-06, 2.40124950324e-06, 4.64118244281e-07, 7.86204950032e-08, 4.50183135214e-09, 1.60481583578e-09, 3.45259687506e-09, 5.5969989754e-10, 2.17326101559e-10, 5.57104362642e-10, 2.14324599734e-10, 1.17407597533e-10, 8.17076406534e-11, 5.61691582135e-10, 2.01459710025e-10, 6.12796133281e-11, 1.00709322826e-10, 2.46693554473e-10, 7.73710817636e-11, 4.3632271407e-11, 2.47045040674e-11, 4.63746818724e-11, 8.77875758198e-11, 2.80700220012e-11, 5.5788195244e-12, 6.6383847204e-12, 5.76845992847e-12, 3.22047640292e-12, 3.59651306132e-12, 1.32343138184e-12, 4.60591796907e-13, 2.70676005481e-13, 2.61297927739e-13, 2.0447264216e-13, 2.06124925613e-13, 1.29014176729e-13, 1.03110581054e-13]
    },
    "mfcc": {
        "mean": [-655.001403809, 156.313156128, -15.5899820328, 72.0105438232, 0.0681547820568, 16.6915721893, -4.48133850098, -5.60440683365, -4.02972841263, -8.53896522522, -3.71952223778, -12.3976144791, -6.98079538345],
        "cov": [[4719.22363281, -13.4439086914, 246.356445312, 248.937835693, 253.398391724, 173.468505859, 136.097808838, 134.127426147, 99.3029937744, 167.490615845, 39.151638031, 43.612121582, -99.7354278564], [-13.4439086914, 797.589904785, -346.24307251, 382.471008301, -207.428924561, 138.646820068, -19.9854564667, 54.392074585, 62.3052062988, -8.86374092102, 76.1452941895, -45.8694877625, 8.52338504791], [246.356445312, -346.24307251, 493.615539551, -214.45640564, 211.746368408, -57.6694488525, 71.3082809448, 25.2558422089, -4.5208158493, 70.2576751709, -26.4828891754, 67.228843689, -0.397401154041], [248.937835693, 382.471008301, -214.45640564, 302.307495117, -99.4823303223, 112.992134094, -3.72890090942, 43.5566062927, 46.3615150452, 8.36113166809, 51.5195922852, -26.5221481323, -2.43797111511], [253.398391724, -207.428924561, 211.746368408, -99.4823303223, 156.983093262, -17.0266189575, 49.9690628052, 9.01134586334, 9.81450843811, 36.351146698, -4.58424425125, 38.6068878174, 2.62545204163], [173.468505859, 138.646820068, -57.6694488525, 112.992134094, -17.0266189575, 87.0177230835, 18.227514267, 35.8650016785, 25.4534320831, 23.5186748505, 25.5549545288, -0.11923763901, -2.24662685394], [136.097808838, -19.9854564667, 71.3082809448, -3.72890090942, 49.9690628052, 18.227514267, 60.3729743958, 24.6678829193, 26.5311355591, 17.5222225189, 14.5037975311, 8.65767002106, 4.65287446976], [134.127426147, 54.392074585, 25.2558422089, 43.5566062927, 9.01134586334, 35.8650016785, 24.6678829193, 63.4277763367, 27.5950069427, 35.3793258667, 14.5357303619, 10.4675016403, -7.87045383453], [99.3029937744, 62.3052062988, -4.5208158493, 46.3615150452, 9.81450843811, 25.4534320831, 26.5311355591, 27.5950069427, 58.8289031982, 22.472442627, 32.9547119141, -0.463164687157, 3.14259171486], [167.490615845, -8.86374092102, 70.2576751709, 8.36113166809, 36.351146698, 23.5186748505, 17.5222225189, 35.3793258667, 22.472442627, 70.1010894775, 19.8522911072, 25.3254528046, -10.8236646652], [39.151638031, 76.1452941895, -26.4828891754, 51.5195922852, -4.58424425125, 25.5549545288, 14.5037975311, 14.5357303619, 32.9547119141, 19.8522911072, 56.7639160156, 12.0088787079, 15.979973793], [43.612121582, -45.8694877625, 67.228843689, -26.5221481323, 38.6068878174, -0.11923763901, 8.65767002106, 10.4675016403, -0.463164687157, 25.3254528046, 12.0088787079, 55.9056968689, 25.8188400269], [-99.7354278564, 8.52338504791, -0.397401154041, -2.43797111511, 2.62545204163, -2.24662685394, 4.65287446976, -7.87045383453, 3.14259171486, -10.8236646652, 15.979973793, 25.8188400269, 60.0344696045]],
