{
"lowlevel": {
    "average_loudness": 0.22737069428,
    "barkbands_crest": {
        "dmean": 2.53157186508,
        "dmean2": 4.02255153656,
        "dvar": 6.15311717987,
        "dvar2": 14.9693784714,
        "max": 26.8944530487,
        "mean": 15.1948022842,
        "median": 14.1671028137,
        "min": 3.70703220367,
        "var": 30.0357017517
    },
    "barkbands_flatness_db": {
        "dmean": 0.0262236073613,
        "dmean2": 0.040007520467,
        "dvar": 0.000660111720208,
        "dvar2": 0.00150093971752,
        "max": 0.624848604202,
        "mean": 0.373265475035,
        "median": 0.376013457775,
        "min": 0.0574199408293,
        "var": 0.00583803001791
    },
    "barkbands_kurtosis": {
        "dmean": 6.69707489014,
        "dmean2": 10.1577558517,
        "dvar": 557.216552734,
        "dvar2": 1244.41882324,
        "max": 775.799255371,
        "mean": 11.8489074707,
        "median": 2.84459877014,
        "min": -1.91624605656,
        "var": 1464.40441895
    },
    "barkbands_skewness": {
        "dmean": 0.669424653053,
        "dmean2": 0.990534245968,
        "dvar": 0.781936764717,
        "dvar2": 1.72323608398,
        "max": 18.1008930206,
        "mean": 1.29436743259,
        "median": 1.20595991611,
        "min": -15.1175165176,
        "var": 3.82978844643
    },
    "barkbands_spread": {
        "dmean": 1.41478180885,
        "dmean2": 2.15096139908,
        "dvar": 3.58143115044,
        "dvar2": 8.53855800629,
        "max": 92.0906066895,
        "mean": 5.53746509552,
        "median": 4.73930501938,
        "min": 0.0510819256306,
        "var": 22.9268417358
    },
    "dissonance": {
        "dmean": 0.0495627038181,
        "dmean2": 0.0842941403389,
        "dvar": 0.00255539570935,
        "dvar2": 0.00723106134683,
        "max": 0.500000119209,
        "mean": 0.36761417985,
        "median": 0.382074773312,
        "min": 0.0637599825859,
        "var": 0.00680201873183
    },
    "dynamic_complexity": 7.35967826843,
    "erbbands_crest": {
        "dmean": 2.71129894257,
        "dmean2": 4.23054122925,
        "dvar": 6.51611757278,
        "dvar2": 15.4917764664,
        "max": 32.9500160217,
        "mean": 15.1661787033,
        "median": 14.2792844772,
        "min": 2.7770357132,
        "var": 36.8709220886
    },
    "erbbands_flatness_db": {
        "dmean": 0.0201048590243,
        "dmean2": 0.0299894846976,
        "dvar": 0.000398421951104,
        "dvar2": 0.000878223916516,
        "max": 0.659133851528,
        "mean": 0.391884714365,
        "median": 0.394129961729,
        "min": 0.0455903410912,
        "var": 0.0060145878233
    },
    "erbbands_kurtosis": {
        "dmean": 2.66735625267,
        "dmean2": 3.99040031433,
        "dvar": 25.2797775269,
        "dvar2": 54.2275276184,
        "max": 136.859909058,
        "mean": 4.36590242386,
        "median": 0.997421264648,
        "min": -1.87933588028,
        "var": 98.0619888306
    },
    "erbbands_skewness": {
        "dmean": 0.481771081686,
        "dmean2": 0.70528459549,
        "dvar": 0.278083622456,
        "dvar2": 0.58334171772,
        "max": 6.97842693329,
        "mean": 0.809971511364,
        "median": 0.617640376091,
        "min": -6.29787969589,
        "var": 1.49696731567
    },
    "erbbands_spread": {
        "dmean": 2.70337939262,
        "dmean2": 4.02006578445,
        "dvar": 9.53262042999,
        "dvar2": 21.2477703094,
        "max": 120.333374023,
        "mean": 12.018611908,
        "median": 9.76023578644,
        "min": 0.226499408484,
        "var": 90.6177978516
    },
    "hfc": {
        "dmean": 3.07811164856,
        "dmean2": 4.08718633652,
        "dvar": 35.169921875,
        "dvar2": 59.2192993164,
        "max": 145.385147095,
        "mean": 9.02373504639,
        "median": 4.62707996368,
        "min": 1.1836606488e-16,
        "var": 135.845779419
    },
    "melbands_crest": {
        "dmean": 2.77625250816,
        "dmean2": 4.44862937927,
        "dvar": 6.67931604385,
        "dvar2": 16.5137214661,
        "max": 36.9685935974,
        "mean": 17.0782184601,
        "median": 16.6569900513,
        "min": 1.65186035633,
        "var": 26.7318172455
    },
    "melbands_flatness_db": {
        "dmean": 0.0284734293818,
        "dmean2": 0.042708363384,
        "dvar": 0.00079666741658,
        "dvar2": 0.00174254574813,
        "max": 0.709241807461,
        "mean": 0.468958377838,
        "median": 0.478587985039,
        "min": 0.00500277383253,
        "var": 0.00962424743921
    },
    "melbands_kurtosis": {
        "dmean": 4.57594394684,
        "dmean2": 6.96680879593,
        "dvar": 60.2176246643,
        "dvar2": 131.644607544,
        "max": 226.913726807,
        "mean": 9.3243227005,
        "median": 4.29769229889,
        "min": -1.83538496494,
        "var": 283.145721436
    },
    "melbands_skewness": {
        "dmean": 0.628222942352,
        "dmean2": 0.928643345833,
        "dvar": 0.43321365118,
        "dvar2": 0.980526030064,
        "max": 13.1871461868,
        "mean": 1.41458952427,
        "median": 1.41524159908,
        "min": -9.82218551636,
        "var": 2.96139550209
    },
    "melbands_spread": {
        "dmean": 2.1234190464,
        "dmean2": 3.26041460037,
        "dvar": 10.3960428238,
        "dvar2": 23.768037796,
        "max": 157.591293335,
        "mean": 8.09956455231,
        "median": 6.77407121658,
        "min": 0.251841664314,
        "var": 91.0531539917
    },
    "pitch_salience": {
        "dmean": 0.0632210150361,
        "dmean2": 0.0986783206463,
        "dvar": 0.00351906800643,
        "dvar2": 0.00833270139992,
        "max": 0.91386693716,
        "mean": 0.439402014017,
        "median": 0.455785244703,
        "min": 0.0336945727468,
        "var": 0.0185906626284
    },
    "silence_rate_20dB": {
        "dmean": 0,
        "dmean2": 0,
        "dvar": 0,
        "dvar2": 0,
        "max": 1,
        "mean": 1,
        "median": 1,
        "min": 1,
        "var": 0
    },
    "silence_rate_30dB": {
        "dmean": 0.0134043330327,
        "dmean2": 0.0268111284822,
        "dvar": 0.0132264327258,
        "dvar2": 0.0312392450869,
        "max": 1,
        "mean": 0.985311686993,
        "median": 1,
        "min": 0,
        "var": 0.0144714349881
    },
    "silence_rate_60dB": {
        "dmean": 0.0510466396809,
        "dmean2": 0.102102652192,
        "dvar": 0.0484388954937,
        "dvar2": 0.106544688344,
        "max": 1,
        "mean": 0.293674826622,
        "median": 0,
        "min": 0,
        "var": 0.207448601723
    },
    "spectral_centroid": {
        "dmean": 63.5521354675,
        "dmean2": 93.4809112549,
        "dvar": 14609.515625,
        "dvar2": 21159.0039062,
        "max": 10897.5498047,
        "mean": 597.115905762,
        "median": 522.341308594,
        "min": 180.712966919,
        "var": 116019.8125
    },
    "spectral_complexity": {
        "dmean": 1.17903053761,
        "dmean2": 1.89808094501,
        "dvar": 2.64364361763,
        "dvar2": 5.33592367172,
        "max": 33,
        "mean": 7.84953641891,
        "median": 7,
        "min": 0,
        "var": 37.7281341553
    },
    "spectral_decrease": {
        "dmean": 1.65214253389e-09,
        "dmean2": 2.20704632348e-09,
        "dvar": 8.42177066186e-18,
        "dvar2": 1.52135438764e-17,
        "max": 4.34327075724e-16,
        "mean": -5.07877384592e-09,
        "median": -2.39721642536e-09,
        "min": -6.26011669169e-08,
        "var": 4.43422608155e-17
    },
    "spectral_energy": {
        "dmean": 0.00649604015052,
        "dmean2": 0.0086705237627,
        "dvar": 0.00012916130072,
        "dvar2": 0.000232145088376,
        "max": 0.243222460151,
        "mean": 0.019986897707,
        "median": 0.00953286793083,
        "min": 1.08789404758e-20,
        "var": 0.000677542062476
    },
    "spectral_energyband_high": {
        "dmean": 3.82387952413e-06,
        "dmean2": 5.12041469847e-06,
        "dvar": 4.33924035592e-10,
        "dvar2": 8.15411793642e-10,
        "max": 0.000914482981898,
        "mean": 5.83982955504e-06,
        "median": 3.2333492328e-08,
        "min": 8.11796668747e-21,
        "var": 8.08403954888e-10
    },
    "spectral_energyband_low": {
        "dmean": 0.00235928897746,
        "dmean2": 0.00308472197503,
        "dvar": 5.60122716706e-05,
        "dvar2": 0.000109205153421,
        "max": 0.169655829668,
        "mean": 0.0050506843254,
        "median": 0.000149207742652,
        "min": 3.04387028989e-23,
        "var": 0.00016904437507
    },
    "spectral_energyband_middle_high": {
        "dmean": 0.00124548270833,
        "dmean2": 0.0016549580032,
        "dvar": 1.40081583595e-05,
        "dvar2": 2.49038403126e-05,
        "max": 0.0958011671901,
        "mean": 0.00280488817953,
        "median": 0.000735969166271,
        "min": 1.50771357317e-21,
        "var": 3.56543678208e-05
    },
    "spectral_energyband_middle_low": {
        "dmean": 0.00438852841035,
        "dmean2": 0.00623935181648,
        "dvar": 5.51175253349e-05,
        "dvar2": 0.000107509142254,
        "max": 0.176828503609,
        "mean": 0.0127935567871,
        "median": 0.00606868974864,
        "min": 2.20153256702e-22,
        "var": 0.000293151388178
    },
    "spectral_entropy": {
        "dmean": 0.218519896269,
        "dmean2": 0.329008072615,
        "dvar": 0.0551915057003,
        "dvar2": 0.125423535705,
        "max": 9.80324745178,
        "mean": 5.56326580048,
        "median": 5.54281282425,
        "min": 3.24321556091,
        "var": 0.539010047913
    },
    "spectral_flux": {
        "dmean": 0.0168290380388,
        "dmean2": 0.0279926192015,
        "dvar": 0.000489757978357,
        "dvar2": 0.00127134437207,
        "max": 0.316369622946,
        "mean": 0.0432952530682,
        "median": 0.0332553721964,
        "min": 1.04302157189e-10,
        "var": 0.00147001596633
    },
    "spectral_kurtosis": {
        "dmean": 28.6164188385,
        "dmean2": 49.0498275757,
        "dvar": 807.998352051,
        "dvar2": 2295.06542969,
        "max": 405.713409424,
        "mean": 95.9777069092,
        "median": 87.416633606,
        "min": -1.20248949528,
        "var": 4706.05517578
    },
    "spectral_rms": {
        "dmean": 0.000630843976978,
        "dmean2": 0.000839495740365,
        "dvar": 6.28234488431e-07,
        "dvar2": 1.09681343474e-06,
        "max": 0.0154042271897,
        "mean": 0.00354422978126,
        "median": 0.00304964906536,
        "min": 3.25785210441e-12,
        "var": 6.93786887496e-06
    },
    "spectral_rolloff": {
        "dmean": 111.698760986,
        "dmean2": 197.973327637,
        "dvar": 135889.90625,
        "dvar2": 306846.25,
        "max": 19724.4140625,
        "mean": 783.926086426,
        "median": 559.86328125,
        "min": 129.19921875,
        "var": 1595998.875
    },
    "spectral_skewness": {
        "dmean": 1.5239379406,
        "dmean2": 2.65547704697,
        "dvar": 1.91397035122,
        "dvar2": 5.4378786087,
        "max": 16.3774814606,
        "mean": 6.54702329636,
        "median": 6.31376504898,
        "min": 0.0355969630182,
        "var": 10.7110261917
    },
    "spectral_spread": {
        "dmean": 310880.3125,
        "dmean2": 550095.6875,
        "dvar": 304188227584,
        "dvar2": 591717990400,
        "max": 42921896,
        "mean": 1223623.625,
        "median": 1022072.1875,
        "min": 237653.421875,
        "var": 1.74604340429e+12
    },
    "spectral_strongpeak": {
        "dmean": 0.463931202888,
        "dmean2": 0.706207692623,
        "dvar": 0.541990756989,
        "dvar2": 1.17397141457,
        "max": 12.2842464447,
        "mean": 1.17659270763,
        "median": 0.836013317108,
        "min": 0,
        "var": 1.50826573372
    },
    "zerocrossingrate": {
        "dmean": 0.00308251078241,
        "dmean2": 0.00384312449023,
        "dvar": 4.33353197877e-05,
        "dvar2": 6.55019975966e-05,
        "max": 0.71875,
        "mean": 0.0299998689443,
        "median": 0.02392578125,
        "min": 0.0048828125,
        "var": 0.00190076127183
    },
    "barkbands": {
        "dmean": [6.41616850316e-07, 0.000344955013134, 0.00189505843446, 0.000632815528661, 0.00111280323472, 0.000463734235382, 0.00248707015999, 0.000694810703862, 0.000550296332221, 0.00021870189812, 0.000603419961408, 0.000208585828659, 0.000197620145627, 0.00010623811977, 0.00014088570606, 4.0796072426e-05, 3.18384045386e-05, 1.86867800949e-05, 4.61651688966e-06, 5.27774363945e-06, 1.76721539447e-06, 8.04983244507e-07, 2.50099731147e-07, 7.271182767e-08, 9.05618335878e-09, 1.18299392504e-09, 1.01380548401e-09],
        "dmean2": [1.10640871753e-06, 0.000499337271322, 0.00241913972422, 0.000957437092438, 0.00176361610647, 0.00065989070572, 0.00360840372741, 0.000981650664471, 0.000765670265537, 0.000312335672788, 0.000802768394351, 0.000304862885969, 0.000278909195913, 0.000153268629219, 0.000198152323719, 6.05415116297e-05, 4.37434537162e-05, 2.62944413407e-05, 6.58691669742e-06, 7.37961363484e-06, 2.41822090175e-06, 1.12539089514e-06, 3.46452907252e-07, 1.12681760811e-07, 1.49902348312e-08, 2.09806239049e-09, 1.84391657498e-09],
        "dvar": [9.10291980682e-12, 1.38015172979e-06, 4.09916392528e-05, 5.10967311129e-06, 8.0779518612e-06, 5.65696836929e-06, 2.4267257686e-05, 5.55982342121e-06, 4.24252039011e-06, 9.61720274972e-07, 6.88457703291e-06, 2.23536562771e-06, 1.12043289846e-06, 2.50859187645e-07, 2.72110952437e-07, 1.92212983308e-08, 7.89688581193e-09, 5.04830577341e-09, 4.03955424666e-10, 5.74279013232e-10, 8.68569036139e-11, 4.98924963843e-11, 2.45013796578e-12, 3.86987425612e-13, 7.2744417708e-15, 2.05241889928e-17, 3.49001976097e-18],
        "dvar2": [2.4935666379e-11, 2.57973897533e-06, 7.65581280575e-05, 1.19436745081e-05, 2.08246710827e-05, 1.18504894999e-05, 4.54872315458e-05, 1.15012708193e-05, 7.6646456364e-06, 1.570325594e-06, 1.23940662888e-05, 4.22306629844e-06, 2.21218238039e-06, 4.30630649362e-07, 5.53701454464e-07, 4.1820545249e-08, 1.3951707345e-08, 1.01005852571e-08, 8.00467137019e-10, 1.14713660793e-09, 1.67926825223e-10, 1.15882838048e-10, 4.99383997696e-12, 9.69491739493e-13, 1.89737548589e-14, 5.52489614469e-17, 1.14865079186e-17],
        "max": [8.54507161421e-05, 0.0600301474333, 0.156347572803, 0.070125259459, 0.0584315918386, 0.142970144749, 0.109711438417, 0.0934282913804, 0.0591525733471, 0.0420705005527, 0.0752295702696, 0.0734256058931, 0.0458801239729, 0.0222164932638, 0.0197005607188, 0.00307770213112, 0.00193406513426, 0.00228750286624, 0.000739381590392, 0.000788612407632, 0.000277977931546, 0.000388897984521, 7.07778817741e-05, 3.19612117892e-05, 3.51719540959e-06, 1.83265711939e-07, 4.45019168183e-08],
        "mean": [6.62471677515e-07, 0.000864074914716, 0.003602206707, 0.00173568096943, 0.00255795335397, 0.00107036239933, 0.00475016469136, 0.00148558383808, 0.00101809680928, 0.00050655612722, 0.00109630415682, 0.000304554676404, 0.000332139636157, 0.000210383353988, 0.000263279216597, 7.19250965631e-05, 6.02077270742e-05, 3.74174887838e-05, 7.262471172e-06, 8.13723363535e-06, 2.60026558863e-06, 9.70462110672e-07, 2.86283409423e-07, 6.60933991981e-08, 7.83490428091e-09, 1.58996371624e-09, 2.55065990551e-09],
        "median": [7.27185636151e-08, 1.91238523257e-05, 6.0076778027e-05, 4.24407335231e-05, 0.000340525060892, 2.97019250866e-05, 0.00201224908233, 7.49175087549e-05, 7.66823141021e-05, 4.30806030636e-05, 0.000188371806871, 2.75423735729e-05, 4.35056135757e-05, 1.2200580386e-05, 2.21848968067e-05, 3.42933003594e-06, 6.04907518209e-06, 1.05181220533e-06, 1.07687647244e-07, 6.51188116763e-08, 7.80560061031e-09, 2.75237588276e-09, 1.31899369205e-09, 8.7810114735e-10, 5.82433767882e-10, 7.08867520238e-10, 2.23281215739e-09],
        "min": [8.58297467618e-24, 1.0559665256e-23, 7.12385731397e-24, 2.30474588146e-24, 4.9563966592e-23, 2.43589755682e-23, 2.02226922745e-23, 6.02213196493e-23, 4.53428981059e-23, 1.42934764491e-23, 5.35659273839e-23, 5.49705541791e-23, 5.93557372879e-23, 6.56667318148e-23, 1.50338763667e-22, 1.77045504463e-22, 2.00964006923e-22, 1.88389349523e-22, 2.33183623269e-22, 3.54761326125e-22, 3.47986033313e-22, 4.67273540432e-22, 6.65370978287e-22, 7.73229746291e-22, 1.39476050552e-21, 1.65611050208e-21, 2.22809741382e-21],
        "var": [1.02775366342e-11, 6.68718757879e-06, 0.00011596771219, 3.52640090568e-05, 2.57718165813e-05, 3.06350812025e-05, 6.41759252176e-05, 1.69988925336e-05, 9.74452814262e-06, 2.88257638204e-06, 1.65478613781e-05, 3.41672807735e-06, 2.19159323933e-06, 8.30293799936e-07, 6.78915569097e-07, 4.09814298052e-08, 2.05388754893e-08, 1.33461659502e-08, 7.02666036467e-10, 1.05801090111e-09, 1.47401119088e-10, 5.74753959703e-11, 3.37991245235e-12, 3.30030544993e-13, 5.60284681335e-15, 1.63629262268e-17, 2.53785836171e-18]
    },
    "erbbands": {
        "dmean": [0.00298449792899, 0.128584593534, 1.66356647015, 2.2358584404, 2.8594455719, 4.69330120087, 3.40354013443, 4.577023983, 20.6934337616, 35.657169342, 13.0508871078, 11.9708480835, 7.23270511627, 18.3273143768, 15.0526580811, 7.00877428055, 8.24302768707, 6.15493249893, 4.94021368027, 5.51814174652, 2.43778753281, 1.48504507542, 0.916014611721, 0.730596184731, 0.294867753983, 0.188974142075, 0.102695934474, 0.0558032169938, 0.0313447713852, 0.0149959558621, 0.00594965694472, 0.00235004397109, 0.00065105833346, 0.000181422423339, 3.02725220536e-05, 9.06636432774e-06, 3.19062655763e-06, 8.28773124795e-07, 3.10407926918e-06, 7.29295970814e-06],
        "dmean2": [0.00395660148934, 0.177147716284, 2.11865139008, 3.15010452271, 4.21558380127, 7.70872735977, 5.23688173294, 6.41651010513, 30.9776210785, 51.4146842957, 17.4878520966, 16.9977684021, 10.3731222153, 24.0583839417, 20.7642784119, 10.0710363388, 11.4631824493, 8.35488700867, 7.11383104324, 7.67246055603, 3.50247621536, 2.03202223778, 1.30955672264, 0.966163039207, 0.410402476788, 0.259005069733, 0.142048075795, 0.07580755651, 0.0424456559122, 0.0212836172432, 0.00847081188112, 0.00347025506198, 0.00104963371996, 0.000297761638649, 4.89499107061e-05, 1.44255927808e-05, 4.72976807941e-06, 1.32566594857e-06, 4.11356904806e-06, 9.72047200776e-06],
        "dvar": [0.00019175435591, 0.150509446859, 29.0176677704, 52.1276512146, 90.4063568115, 153.526611328, 206.561172485, 677.5234375, 1715.08630371, 4644.98388672, 1654.29138184, 2414.40112305, 659.066223145, 4566.51513672, 11361.28125, 1923.30761719, 1809.32409668, 864.828063965, 259.092163086, 494.93963623, 60.0641937256, 20.5403499603, 13.9382991791, 7.03268814087, 1.40131568909, 0.647942304611, 0.386933535337, 0.0854848846793, 0.0540423169732, 0.0156752318144, 0.00166884076316, 0.000259551103227, 5.55249207537e-05, 3.23288031723e-06, 5.05350499225e-08, 1.91170790309e-09, 6.14681708311e-11, 2.52806868321e-12, 2.91045035294e-11, 1.61821195332e-10],
        "dvar2": [0.000265482987743, 0.280866593122, 50.5456390381, 125.160003662, 188.004486084, 423.915527344, 501.357116699, 1395.30444336, 3397.39306641, 8978.86621094, 2896.17163086, 4569.27246094, 1307.23144531, 7893.73828125, 21002.9394531, 3747.92211914, 3516.17041016, 1480.99536133, 512.591247559, 962.190368652, 124.473152161, 36.1904525757, 29.0396003723, 12.1025800705, 2.70293068886, 1.29114556313, 0.701240420341, 0.172104820609, 0.121134884655, 0.037137594074, 0.00352938333526, 0.000599028833676, 0.00014645876945, 8.65220954438e-06, 1.25471586898e-07, 5.00774399725e-09, 1.37707081849e-10, 6.43446320531e-12, 5.09130133886e-11, 2.88753271294e-10],
        "max": [0.819412231445, 17.4021244049, 137.720657349, 180.04788208, 345.749969482, 256.854797363, 494.296112061, 1794.11853027, 1090.85913086, 1356.61474609, 1730.36352539, 1621.26672363, 910.41027832, 2486.27832031, 3972.75805664, 2005.30029297, 1810.99414062, 1224.67297363, 774.414611816, 768.730163574, 202.758499146, 136.138839722, 117.394767761, 67.9145965576, 30.3449993134, 20.3541889191, 26.659740448, 9.50506019592, 13.0523948669, 6.9438328743, 1.95601463318, 0.588612020016, 0.424347579479, 0.0782309472561, 0.00699183065444, 0.00119918037672, 0.000404300139053, 3.68215733033e-05, 0.000113804395369, 0.000269554177066],
        "mean": [0.00717204203829, 0.31726950407, 3.39087033272, 4.85202598572, 7.96115112305, 9.09266757965, 7.4327249527, 11.6863269806, 41.6317329407, 70.9279937744, 28.8692474365, 21.9196090698, 18.2045307159, 36.2594337463, 25.7662811279, 10.7939109802, 14.3206033707, 12.9319372177, 10.3843612671, 10.4171876907, 4.72039651871, 2.96080136299, 1.75619220734, 1.54886770248, 0.483780115843, 0.303065091372, 0.158946111798, 0.0808430537581, 0.0415593758225, 0.0167853813618, 0.006726808846, 0.00232853274792, 0.000573960191105, 0.000165067598573, 3.91504472645e-05, 1.76736521098e-05, 9.0221683422e-06, 2.35255197367e-06, 9.88767533272e-06, 2.25120747928e-05],
        "median": [0.000239144748775, 0.00787413865328, 0.0692472830415, 0.194422006607, 0.543677687645, 1.46117842197, 0.43672773242, 0.953768610954, 16.7205963135, 29.7845001221, 5.15330123901, 2.55285453796, 2.28133678436, 8.11299705505, 3.13343787193, 1.51681303978, 2.06397604942, 1.2302005291, 1.11702251434, 0.947629451752, 0.452127575874, 0.285037249327, 0.0965604707599, 0.0303518585861, 0.00730642350391, 0.00274804234505, 0.000699273135979, 0.000290473632049, 0.000124589350889, 7.1940208727e-05, 4.7920319048e-05, 3.14483659167e-05, 2.13585844904e-05, 1.62670530699e-05, 1.18139969345e-05, 8.08271215647e-06, 4.88179193781e-06, 1.5133547322e-06, 4.96325992572e-06, 1.0902908798e-05],
        "min": [7.32057820848e-22, 1.00840293987e-21, 7.04966534974e-21, 9.6064725452e-21, 9.25100573256e-20, 2.01317756992e-19, 1.35399695204e-19, 2.11176780542e-19, 1.78525867963e-19, 3.20902340496e-19, 1.3612392285e-18, 7.70539575205e-19, 4.62111635334e-19, 1.5272087791e-18, 1.65079866161e-18, 2.20298545766e-18, 2.45745061591e-18, 3.28289104725e-18, 5.57045592934e-18, 9.03200165208e-18, 1.04250962263e-17, 1.21447658424e-17, 1.12383438087e-17, 8.82765164483e-18, 1.31192813841e-17, 1.62613517563e-17, 1.65539933677e-17, 1.31763766987e-17, 1.5325982537e-17, 1.46033013056e-17, 1.97490231515e-17, 1.48673902967e-17, 1.40266737006e-17, 1.22741641871e-17, 1.14751449385e-17, 5.82867855552e-18, 3.03639618779e-18, 1.32668262103e-18, 2.9825728895e-19, 3.19019102272e-20],
        "var": [0.000873090466484, 0.676358044147, 90.2987594604, 160.851272583, 557.880004883, 294.832641602, 614.932006836, 4342.54199219, 4994.26660156, 13332.9384766, 5173.92871094, 5001.37451172, 2071.77978516, 13841.9462891, 20712.0742188, 2933.42651367, 3642.41772461, 2771.67602539, 811.625, 1217.19128418, 140.149551392, 54.1528511047, 31.5234298706, 22.3459072113, 2.71629953384, 1.27731001377, 0.727578043938, 0.140833318233, 0.0710331499577, 0.0173779223114, 0.00208075088449, 0.00027600521571, 4.21493423346e-05, 2.36148298427e-06, 4.27515836066e-08, 1.77477688101e-09, 1.44359579846e-10, 5.81120958645e-12, 1.52681770005e-10, 8.44832315217e-10]
    },
    "gfcc": {
        "mean": [-252.13293457, 220.351974487, -132.356140137, -51.6977081299, -21.0556964874, -27.1468410492, -25.3441696167, -10.974946022, -5.68301105499, -13.7798223495, -7.98792600632, -13.6388635635, -11.0805740356],
        "cov": [[23936.9160156, 3411.89868164, -4643.60400391, 3369.61547852, 462.903015137, -1558.03308105, 630.24609375, -26.1329898834, 1066.75634766, 144.928192139, 17.7534236908, -545.462402344, 80.7244720459], [3411.89868164, 2253.29882812, 419.929779053, -52.0886993408, 356.11541748, -351.408538818, -175.988998413, 163.886795044, 149.491775513, -138.609375, -154.290344238, -183.324752808, -0.378844261169], [-4643.60400391, 419.929779053, 2621.19067383, -463.58984375, -93.6355895996, 390.416717529, -234.805114746, 71.7561187744, -224.699432373, -240.108383179, -244.464263916, -37.8670196533, -14.7874259949], [3369.61547852, -52.0886993408, -463.58984375, 1391.45275879, -19.2833251953, -169.552825928, 229.61239624, -199.21963501, 62.3439750671, 9.05889797211, -85.5717010498, -146.826797485, -8.83493804932], [462.903015137, 356.11541748, -93.6355895996, -19.2833251953, 389.099975586, 26.2827854156, -15.1106748581, 56.4293212891, -11.8104906082, 12.1096687317, 9.68820476532, -38.2471847534, -16.5105361938], [-1558.03308105, -351.408538818, 390.416717529, -169.552825928, 26.2827854156, 453.723754883, 97.856010437, -43.5201339722, -157.194946289, -64.4552001953, -7.78511190414, 34.0281143188, 4.88684558868], [630.24609375, -175.988998413, -234.805114746, 229.61239624, -15.1106748581, 97.856010437, 278.607696533, 0.985158324242, -42.573802948, -7.98111724854, -21.5739421844, -8.51405143738, 22.2151527405], [-26.1329898834, 163.886795044, 71.7561187744, -199.21963501, 56.4293212891, -43.5201339722, 0.985158324242, 229.822021484, 125.507743835, 11.7811136246, 10.3842134476, 3.47083950043, -1.08049821854], [1066.75634766, 149.491775513, -224.699432373, 62.3439750671, -11.8104906082, -157.194946289, -42.573802948, 125.507743835, 261.737579346, 102.434402466, 36.7946014404, -10.9908123016, -17.9753665924], [144.928192139, -138.609375, -240.108383179, 9.05889797211, 12.1096687317, -64.4552001953, -7.98111724854, 11.7811136246, 102.434402466, 166.690155029, 94.427116394, 4.94321107864, -36.4778900146], [17.7534236908, -154.290344238, -244.464263916, -85.5717010498, 9.68820476532, -7.78511190414, -21.5739421844, 10.3842134476, 36.7946014404, 94.427116394, 169.432006836, 88.6406097412, -30.8724498749], [-545.462402344, -183.324752808, -37.8670196533, -146.826797485, -38.2471847534, 34.0281143188, -8.51405143738, 3.47083950043, -10.9908123016, 4.94321107864, 88.6406097412, 150.743408203, 35.7321586609], [80.7244720459, -0.378844261169, -14.7874259949, -8.83493804932, -16.5105361938, 4.88684558868, 22.2151527405, -1.08049821854, -17.9753665924, -36.4778900146, -30.8724498749, 35.7321586609, 97.1389083862]],
        "icov": [[0.000578049395699, -0.00107721437234, 0.000886505877133, -0.000956023635808, 0.000450310588349, -0.000274518213701, -0.000524211965967, 0.000333620497258, -0.0014323462965, 0.00127655966207, -0.00159108894877, 0.00123048899695, -0.000966609281022], [-0.00107721437234, 0.00335618597455, -0.00240615801886, 0.00259975530207, -0.00266235368326, 0.00247027049772, -0.000642404891551, 0.00162465462927, -0.000168133890838, 0.00108720269054, 0.000556561280973, 0.000231419457123, 0.000835551472846], [0.000886505877133, -0.00240615801886, 0.00274955877103, -0.00232320744544, 0.00229167100042, -0.00259175943211, 0.00194757839199, -0.00262520648539, 0.000921473663766, -0.000820042274427, 0.00121402321383, -0.000564536312595, -3.74558840122e-05], [-0.000956023635808, 0.00259975530207, -0.00232320744544, 0.00398749718443, -0.00250999606214, 0.00283445999958, -0.00290338415653, 0.00445823464543, -0.00214171572588, 0.00190876168199, -0.000412323861383, 0.00132669659797, 0.000659385812469], [0.000450310588349, -0.00266235368326, 0.00229167100042, -0.00250999606214, 0.00626645749435, -0.00391049403697, 0.00377924786881, -0.00590220699087, 0.00519117480144, -0.0049924752675, 0.0025653981138, -0.0017685922794, 0.000619579455815], [-0.000274518213701, 0.00247027049772, -0.00259175943211, 0.00283445999958, -0.00391049403697, 0.00758012989536, -0.00592348212376, 0.00610282225534, -0.00430254172534, 0.0061917649582, -0.00526992743835, 0.00377486762591, -0.00105689989869], [-0.000524211965967, -0.000642404891551, 0.00194757839199, -0.00290338415653, 0.00377924786881, -0.00592348212376, 0.0124712968245, -0.0106426896527, 0.0109767299145, -0.00987563561648, 0.00977539457381, -0.00697117066011, 0.00242919055745], [0.000333620497258, 0.00162465462927, -0.00262520648539, 0.00445823464543, -0.00590220699087, 0.00610282225534, -0.0106426896527, 0.0194503553212, -0.0168941318989, 0.0135588580742, -0.0111205969006, 0.00867840368301, -0.0036861912813], [-0.0014323462965, -0.000168133890838, 0.000921473663766, -0.00214171572588, 0.00519117480144, -0.00430254172534, 0.0109767299145, -0.0168941318989, 0.0239727422595, -0.0193641148508, 0.0149499699473, -0.0117185907438, 0.00576212629676], [0.00127655966207, 0.00108720269054, -0.000820042274427, 0.00190876168199, -0.0049924752675, 0.0061917649582, -0.00987563561648, 0.0135588580742, -0.0193641148508, 0.0284039098769, -0.0217447429895, 0.0157813206315, -0.00539149809629], [-0.00159108894877, 0.000556561280973, 0.00121402321383, -0.000412323861383, 0.0025653981138, -0.00526992743835, 0.00977539457381, -0.0111205969006, 0.0149499699473, -0.0217447429895, 0.0333675295115, -0.0235931761563, 0.0136978393421], [0.00123048899695, 0.000231419457123, -0.000564536312595, 0.00132669659797, -0.0017685922794, 0.00377486762591, -0.00697117066011, 0.00867840368301, -0.0117185907438, 0.0157813206315, -0.0235931761563, 0.0262500979006, -0.013183215633], [-0.000966609281022, 0.000835551472846, -3.74558840122e-05, 0.000659385812469, 0.000619579455815, -0.00105689989869, 0.00242919055745, -0.0036861912813, 0.00576212629676, -0.00539149809629, 0.0136978393421, -0.013183215633, 0.0189617164433]]
    },
    "melbands": {
        "dmean": [5.71062410017e-05, 0.000633703893982, 0.00041054081521, 0.000268195290118, 0.000138682109537, 9.57968441071e-05, 0.000405367783969, 0.000352365430444, 9.90259140963e-05, 7.8019045759e-05, 3.51889830199e-05, 7.0075133408e-05, 5.62693676329e-05, 3.1051444239e-05, 1.26264985738e-05, 2.63938036369e-05, 9.35339539865e-06, 6.94946811564e-06, 1.30810431074e-05, 3.57300700671e-06, 2.82707424049e-06, 1.62956109762e-06, 1.16830153729e-06, 7.70252256643e-07, 6.07435652e-07, 1.84802885883e-07, 2.82924020212e-07, 8.15377418917e-08, 7.10643703883e-08, 3.72573474294e-08, 3.448860042e-08, 1.71549920935e-08, 1.5457242597e-08, 6.52720721916e-09, 4.15227585648e-09, 1.76616554715e-09, 1.30405830578e-09, 5.38713962328e-10, 2.12752648832e-10, 1.2028612828e-10],
        "dmean2": [8.12711732578e-05, 0.000810902216472, 0.000571203359868, 0.000419242714997, 0.000219516456127, 0.0001338798902, 0.000596046331339, 0.000505926145706, 0.000130802567583, 0.000111924193334, 5.08760531375e-05, 9.23194020288e-05, 7.67071105656e-05, 4.40693147539e-05, 1.83497413673e-05, 3.6838446249e-05, 1.31127944769e-05, 1.03554466477e-05, 1.86645720532e-05, 5.0798716984e-06, 4.09300992033e-06, 2.25609892368e-06, 1.65399876551e-06, 1.11442898287e-06, 8.02359522822e-07, 2.70747420927e-07, 3.98737228124e-07, 1.12666775465e-07, 9.86901653732e-08, 5.25440775334e-08, 4.73169237125e-08, 2.35036878848e-08, 2.2242733877e-08, 9.22543019755e-09, 5.93228133283e-09, 2.53152765417e-09, 2.00766803182e-09, 8.88166873381e-10, 3.53871154601e-10, 2.02049793563e-10],
        "dvar": [4.69014764803e-08, 4.02996920457e-06, 1.47156322328e-06, 4.4762464313e-07, 2.29187818945e-07, 2.6756532634e-07, 6.39860445517e-07, 4.59896085658e-07, 1.18611460209e-07, 1.10928056074e-07, 1.83801134312e-08, 6.56232117535e-08, 8.71782290801e-08, 5.6858468156e-08, 1.35514728328e-08, 2.06113899281e-08, 2.09314099386e-09, 7.38126781918e-10, 2.71464228874e-09, 1.87291127052e-10, 9.06143077239e-11, 2.56883438132e-11, 1.67946091062e-11, 9.5763466601e-12, 5.0085330848e-12, 7.79835831327e-13, 1.83482265839e-12, 1.4614514026e-13, 2.11303007426e-13, 4.19193759565e-14, 4.36122288999e-14, 1.10538545006e-14, 5.06860382116e-14, 1.3479969255e-15, 7.50143971852e-16, 1.69900647887e-16, 1.2522077165e-16, 5.33839801855e-17, 3.81977738011e-18, 2.17912626007e-18],
        "dvar2": [8.13753970874e-08, 7.19653280612e-06, 3.33134676112e-06, 1.13567034532e-06, 5.78690503517e-07, 5.49907611003e-07, 1.2329950323e-06, 9.11780603019e-07, 1.90631638475e-07, 2.1441782394e-07, 3.50290179085e-08, 1.13013491898e-07, 1.60558485618e-07, 1.05059243083e-07, 2.85644361497e-08, 4.02152977586e-08, 3.53479867599e-09, 1.45493161963e-09, 5.72288083589e-09, 3.49188289395e-10, 1.9049856137e-10, 4.5008462235e-11, 3.38350875095e-11, 2.01843212283e-11, 8.63278632607e-12, 1.52396248832e-12, 3.87852683997e-12, 2.84271792304e-13, 3.67123784714e-13, 8.3836461536e-14, 8.81290686586e-14, 2.34307422775e-14, 1.21570857764e-13, 2.87231921733e-15, 1.55183307492e-15, 3.60583434424e-16, 3.13202714225e-16, 1.40717411474e-16, 1.00068075342e-17, 5.99642457989e-18],
        "max": [0.00953479390591, 0.0499581843615, 0.030217776075, 0.0156054478139, 0.0131342392415, 0.0346189811826, 0.0186287686229, 0.0147306555882, 0.0113438023254, 0.0112567208707, 0.00525359576568, 0.00913554057479, 0.010340099223, 0.0106392465532, 0.00503607327119, 0.0063894521445, 0.00209307065234, 0.00161266385112, 0.00220709783025, 0.000458252092358, 0.000275443744613, 0.000147557730088, 0.00016240401601, 9.26017964957e-05, 5.82787797612e-05, 3.29567774315e-05, 3.67948305211e-05, 1.32308150569e-05, 2.74944086414e-05, 7.76260640123e-06, 7.64725155022e-06, 3.95965116695e-06, 1.46456368384e-05, 1.3085482351e-06, 1.15463683414e-06, 6.19636921328e-07, 5.70465886085e-07, 4.33070482586e-07, 8.11867337802e-08, 8.54760742186e-08],
        "mean": [0.000142785123899, 0.00132053508423, 0.00101877970155, 0.000610200338997, 0.000295635632938, 0.000241032161284, 0.000788555422332, 0.000712468696292, 0.00021215112065, 0.000137674156576, 8.63572422531e-05, 0.000137791605084, 0.000100492674392, 4.69905535283e-05, 1.77719357453e-05, 4.57288042526e-05, 1.9195040295e-05, 1.36604921863e-05, 2.38826032728e-05, 6.19710135652e-06, 5.24311326444e-06, 3.09874144477e-06, 2.13224575418e-06, 1.49102856994e-06, 1.26018539959e-06, 2.79803117564e-07, 4.18848117079e-07, 1.34676554353e-07, 1.10279906096e-07, 5.47630705228e-08, 4.66284717504e-08, 2.25850858016e-08, 1.74720309332e-08, 7.23107085321e-09, 4.64116878263e-09, 1.85871695813e-09, 1.18589149611e-09, 4.39763225835e-10, 1.80765222235e-10, 9.88874468422e-11],
        "median": [3.43506462741e-06, 2.6476694984e-05, 4.0773418732e-05, 8.40068241814e-05, 2.58883210336e-05, 7.28050599719e-06, 0.00032882130472, 0.000295170262689, 1.08376461867e-05, 1.14134072646e-05, 5.4421166169e-06, 2.90516218229e-05, 1.56567512022e-05, 3.37347842105e-06, 1.64683524417e-06, 5.04302306581e-06, 1.43589454638e-06, 9.34321292334e-07, 2.12959548662e-06, 3.74857393126e-07, 5.20739149579e-07, 3.08785104153e-07, 1.12328926605e-07, 4.57215101335e-08, 1.70704197444e-08, 3.63839580686e-09, 3.67393004908e-09, 8.72582062161e-10, 3.88012344477e-10, 1.76274397856e-10, 1.17055587445e-10, 5.82776882307e-11, 4.41976004406e-11, 2.72544486979e-11, 2.11252317722e-11, 1.41612147356e-11, 1.11447535228e-11, 7.68223158698e-12, 6.65979424386e-12, 5.49063875963e-12],
        "min": [5.30391102942e-24, 2.57742354195e-24, 2.91859562827e-24, 1.24413769829e-23, 5.60523656812e-24, 4.6736312821e-24, 2.92765530134e-24, 4.16679248923e-24, 1.15720980192e-23, 4.4805141882e-24, 2.08133416221e-24, 5.264284574e-24, 6.74659720783e-24, 4.21233776802e-24, 4.97073799268e-24, 6.64415178637e-24, 5.88643155981e-24, 8.02808912658e-24, 9.79842789311e-24, 1.27514521723e-23, 1.09231187186e-23, 1.07576330556e-23, 1.55087419171e-23, 6.76408783182e-24, 6.65951011933e-24, 1.07783919303e-23, 5.30892226832e-24, 1.14077009843e-23, 1.14635026382e-23, 7.34750726921e-24, 8.12508036374e-24, 8.0120855054e-24, 1.09552490233e-23, 6.86712568781e-24, 1.02762101778e-23, 9.28683660772e-24, 9.19003864149e-24, 8.71528794923e-24, 9.95976651431e-24, 1.01551500056e-23],
        "var": [2.20669775786e-07, 1.26183877001e-05, 6.90470051268e-06, 1.43392583141e-06, 6.7887140176e-07, 1.66340930718e-06, 1.71666374627e-06, 1.38222435453e-06, 3.66494674608e-07, 2.20130417006e-07, 5.66896716236e-08, 1.97700529725e-07, 1.7738994984e-07, 9.35386665901e-08, 1.82435684337e-08, 4.32591065191e-08, 6.89703538725e-09, 2.15600626241e-09, 6.41123731882e-09, 4.45238068636e-10, 1.98335597945e-10, 6.61953755698e-11, 3.87947729497e-11, 2.32325512994e-11, 1.55282731118e-11, 1.29693532389e-12, 2.86576665176e-12, 3.15592577028e-13, 4.19780285836e-13, 7.02714321736e-14, 6.75328391299e-14, 1.58134715446e-14, 5.55113951767e-14, 1.75700224243e-15, 9.6212270193e-16, 2.16840156564e-16, 1.07889021712e-16, 4.00381125249e-17, 2.97904403361e-18, 1.46260762762e-18]
    },
    "mfcc": {
        "mean": [-849.558044434, 208.625335693, -11.964594841, -13.5901594162, 2.58354735374, -8.83928489685, -12.8880958557, -3.97074341774, -1.27543413639, -4.46989059448, -3.02030682564, 0.25752261281, 1.39040243626],
        "cov": [[12950.9228516, 5179.2734375, -3015.26635742, 1408.45568848, 506.9034729, -224.887115479, -279.258209229, 8.91900348663, 233.869033813, 420.220611572, 350.36315918, 66.6854476929, -61.0070304871], [5179.2734375, 3699.63085938, -366.245635986, 114.699363708, 489.498077393, -205.538131714, -274.289489746, 75.4255447388, 272.178283691, 185.116134644, 127.062294006, 68.3400802612, -65.7621841431], [-3015.26635742, -366.245635986, 1712.1953125, -205.345443726, -20.0707530975, 91.0024719238, -73.6160507202, 39.8873519897, 80.500541687, -73.5172958374, -130.049072266, -92.0786437988, -132.806243896], [1408.45568848, 114.699363708, -205.345443726, 808.30065918, 114.310112, 35.7806663513, 32.9455337524, -32.2202835083, 13.839225769, 72.2553405762, 17.6399803162, -107.95186615, -116.587120056], [506.9034729, 489.498077393, -20.0707530975, 114.310112, 308.826629639, 36.987487793, 1.5148550272, 20.2060165405, 24.6276760101, 34.430431366, 26.9526977539, 4.87392759323, -22.4897975922], [-224.887115479, -205.538131714, 91.0024719238, 35.7806663513, 36.987487793, 249.594970703, 136.108169556, 11.1805429459, -47.2636528015, -25.2384281158, -3.61401247978, -58.2929000854, -67.1745147705], [-279.258209229, -274.289489746, -73.6160507202, 32.9455337524, 1.5148550272, 136.108169556, 267.874023438, 83.2866516113, -50.5069389343, -25.3652591705, -12.48898983, -63.4972991943, -57.3033638], [8.91900348663, 75.4255447388, 39.8873519897, -32.2202835083, 20.2060165405, 11.1805429459, 83.2866516113, 175.222564697, 79.2500228882, -6.680372715, -15.360452652, -11.1638908386, 12.3405342102], [233.869033813, 272.178283691, 80.500541687, 13.839225769, 24.6276760101, -47.2636528015, -50.5069389343, 79.2500228882, 193.624969482, 85.4417266846, -10.8777732849, 4.50540161133, 3.49121141434], [420.220611572, 185.116134644, -73.5172958374, 72.2553405762, 34.430431366, -25.2384281158, -25.3652591705, -6.680372715, 85.4417266846, 149.189987183, 69.5874786377, -4.93332242966, -46.2479476929], [350.36315918, 127.062294006, -130.049072266, 17.6399803162, 26.9526977539, -3.61401247978, -12.48898983, -15.360452652, -10.8777732849, 69.5874786377, 151.787902832, 74.9833526611, -26.1844100952], [66.6854476929, 68.3400802612, -92.0786437988, -107.95186615, 4.87392759323, -58.2929000854, -63.4972991943, -11.1638908386, 4.50540161133, -4.93332242966, 74.9833526611, 213.623214722, 164.688278198], [-61.0070304871, -65.7621841431, -132.806243896, -116.587120056, -22.4897975922, -67.1745147705, -57.3033638, 12.3405342102, 3.49121141434, -46.2479476929, -26.1844100952, 164.688278198, 311.337677002]],
