{
"lowlevel": {
    "average_loudness": 0.981946527958,
    "barkbands_crest": {
        "dmean": 3.55948853493,
        "dmean2": 5.78237390518,
        "dvar": 8.76519775391,
        "dvar2": 20.3649806976,
        "max": 26.564365387,
        "mean": 16.0879821777,
        "median": 16.3279685974,
        "min": 2.96125483513,
        "var": 28.0992012024
    },
    "barkbands_flatness_db": {
        "dmean": 0.0443968512118,
        "dmean2": 0.0647212266922,
        "dvar": 0.00180465192534,
        "dvar2": 0.00327589432709,
        "max": 0.624251961708,
        "mean": 0.207385092974,
        "median": 0.181361064315,
        "min": 0.0293105039746,
        "var": 0.010007484816
    },
    "barkbands_kurtosis": {
        "dmean": 21.6781826019,
        "dmean2": 34.027797699,
        "dvar": 2118.51538086,
        "dvar2": 5168.86328125,
        "max": 1084.98681641,
        "mean": 31.6350746155,
        "median": 11.7601537704,
        "min": -1.89931190014,
        "var": 3540.25463867
    },
    "barkbands_skewness": {
        "dmean": 1.3820694685,
        "dmean2": 2.12828660011,
        "dvar": 2.35323691368,
        "dvar2": 5.6055393219,
        "max": 28.9535198212,
        "mean": 3.96766495705,
        "median": 3.20243692398,
        "min": -3.80642461777,
        "var": 7.82035446167
    },
    "barkbands_spread": {
        "dmean": 8.13407039642,
        "dmean2": 12.9419078827,
        "dvar": 139.680740356,
        "dvar2": 307.464935303,
        "max": 114.899078369,
        "mean": 17.4926891327,
        "median": 11.761133194,
        "min": 0.0577713176608,
        "var": 323.898498535
    },
    "dissonance": {
        "dmean": 0.0236290283501,
        "dmean2": 0.03822305426,
        "dvar": 0.000506094598677,
        "dvar2": 0.00128832145128,
        "max": 0.499999940395,
        "mean": 0.450923264027,
        "median": 0.459084093571,
        "min": 0.252644509077,
        "var": 0.00126055604778
    },
    "dynamic_complexity": 2.58492326736,
    "erbbands_crest": {
        "dmean": 2.8049633503,
        "dmean2": 4.46756124496,
        "dvar": 6.87445211411,
        "dvar2": 17.9113388062,
        "max": 28.7434101105,
        "mean": 9.10446453094,
        "median": 8.2687587738,
        "min": 2.48346281052,
        "var": 16.9337787628
    },
    "erbbands_flatness_db": {
        "dmean": 0.0234683193266,
        "dmean2": 0.0352965071797,
        "dvar": 0.000779651221819,
        "dvar2": 0.00141770904884,
        "max": 0.423549473286,
        "mean": 0.127000555396,
        "median": 0.111441679299,
        "min": 0.0350643992424,
        "var": 0.0033791505266
    },
    "erbbands_kurtosis": {
        "dmean": 1.63506579399,
        "dmean2": 2.5459651947,
        "dvar": 5.81169891357,
        "dvar2": 13.2073688507,
        "max": 46.8204116821,
        "mean": 1.30630600452,
        "median": 0.307955741882,
        "min": -1.89615261555,
        "var": 11.7301740646
    },
    "erbbands_skewness": {
        "dmean": 0.530797958374,
        "dmean2": 0.766943573952,
        "dvar": 0.260977417231,
        "dvar2": 0.548246145248,
        "max": 5.99367809296,
        "mean": 0.496042788029,
        "median": 0.537682294846,
        "min": -5.67579555511,
        "var": 1.02451181412
    },
    "erbbands_spread": {
        "dmean": 13.603266716,
        "dmean2": 20.6951122284,
        "dvar": 195.380950928,
        "dvar2": 418.46383667,
        "max": 151.553604126,
        "mean": 49.99168396,
        "median": 45.8584976196,
        "min": 4.03671884537,
        "var": 743.460144043
    },
    "hfc": {
        "dmean": 9.03032779694,
        "dmean2": 12.7954206467,
        "dvar": 169.623855591,
        "dvar2": 382.751739502,
        "max": 141.940414429,
        "mean": 17.3759727478,
        "median": 11.9954395294,
        "min": 1.41587417346e-08,
        "var": 272.61505127
    },
    "melbands_crest": {
        "dmean": 3.7695786953,
        "dmean2": 5.85627508163,
        "dvar": 12.3589496613,
        "dvar2": 30.5714111328,
        "max": 37.9827613831,
        "mean": 25.2547492981,
        "median": 26.8047008514,
        "min": 4.63667058945,
        "var": 65.0247344971
    },
    "melbands_flatness_db": {
        "dmean": 0.052367515862,
        "dmean2": 0.0771358534694,
        "dvar": 0.00248222285882,
        "dvar2": 0.00459447177127,
        "max": 0.779965221882,
        "mean": 0.314119070768,
        "median": 0.286029756069,
        "min": 0.0135184358805,
        "var": 0.0135668665171
    },
    "melbands_kurtosis": {
        "dmean": 34.2657623291,
        "dmean2": 55.3895721436,
        "dvar": 2387.87109375,
        "dvar2": 6245.94335938,
        "max": 1045.29760742,
        "mean": 60.7692718506,
        "median": 36.3817138672,
        "min": -1.85518658161,
        "var": 5495.4296875
    },
    "melbands_skewness": {
        "dmean": 1.64856958389,
        "dmean2": 2.61574006081,
        "dvar": 2.42053794861,
        "dvar2": 6.32111978531,
        "max": 23.9435005188,
        "mean": 5.5993142128,
        "median": 5.10942173004,
        "min": -1.92315304279,
        "var": 8.56979370117
    },
    "melbands_spread": {
        "dmean": 5.07998228073,
        "dmean2": 8.09335613251,
        "dvar": 60.1603507996,
        "dvar2": 132.449234009,
        "max": 190.615005493,
        "mean": 10.5164089203,
        "median": 7.03060674667,
        "min": 0.186616301537,
        "var": 155.384872437
    },
    "pitch_salience": {
        "dmean": 0.104524388909,
        "dmean2": 0.165368139744,
        "dvar": 0.0124896550551,
        "dvar2": 0.0278976671398,
        "max": 0.87728369236,
        "mean": 0.341958165169,
        "median": 0.320294708014,
        "min": 0.0319405831397,
        "var": 0.0313804671168
    },
    "silence_rate_20dB": {
        "dmean": 0,
        "dmean2": 0,
        "dvar": 0,
        "dvar2": 0,
        "max": 1,
        "mean": 1,
        "median": 1,
        "min": 1,
        "var": 0
    },
    "silence_rate_30dB": {
        "dmean": 0.087313555181,
        "dmean2": 0.174641743302,
        "dvar": 0.079694993794,
        "dvar2": 0.148680642247,
        "max": 1,
        "mean": 0.850942611694,
        "median": 1,
        "min": 0,
        "var": 0.126839652658
    },
    "silence_rate_60dB": {
        "dmean": 0.00100553047378,
        "dmean2": 0.00192742818035,
        "dvar": 0.0010044669034,
        "dvar2": 0.00276181520894,
        "max": 1,
        "mean": 0.00653540017083,
        "median": 0,
        "min": 0,
        "var": 0.00649285269901
    },
    "spectral_centroid": {
        "dmean": 340.508789062,
        "dmean2": 498.754180908,
        "dvar": 203148.984375,
        "dvar2": 365355.6875,
        "max": 4640.44384766,
        "mean": 1116.28063965,
        "median": 816.941223145,
        "min": 81.2981338501,
        "var": 698804.5625
    },
    "spectral_complexity": {
        "dmean": 3.90615057945,
        "dmean2": 5.55300426483,
        "dvar": 25.6048164368,
        "dvar2": 44.6653862,
        "max": 57,
        "mean": 12.4266443253,
        "median": 10,
        "min": 0,
        "var": 60.477016449
    },
    "spectral_decrease": {
        "dmean": 5.24010879133e-09,
        "dmean2": 8.35649416331e-09,
        "dvar": 3.73931661203e-17,
        "dvar2": 8.07173231118e-17,
        "max": -4.56366085652e-21,
        "mean": -1.4177451213e-08,
        "median": -1.08801954113e-08,
        "min": -5.21160536948e-08,
        "var": 1.12505655677e-16
    },
    "spectral_energy": {
        "dmean": 0.0199763383716,
        "dmean2": 0.0318766124547,
        "dvar": 0.000548837473616,
        "dvar2": 0.00117841700558,
        "max": 0.198158711195,
        "mean": 0.0550849325955,
        "median": 0.0431608855724,
        "min": 1.30146414479e-12,
        "var": 0.00161918625236
    },
    "spectral_energyband_high": {
        "dmean": 0.000721550022718,
        "dmean2": 0.00102245388553,
        "dvar": 1.60251829584e-06,
        "dvar2": 3.29058616444e-06,
        "max": 0.0265207830817,
        "mean": 0.00108012196142,
        "median": 0.000424120313255,
        "min": 9.5391468162e-13,
        "var": 2.94893925457e-06
    },
    "spectral_energyband_low": {
        "dmean": 0.0198973864317,
        "dmean2": 0.0319039188325,
        "dvar": 0.000600545376074,
        "dvar2": 0.00131222256459,
        "max": 0.194661796093,
        "mean": 0.0435314662755,
        "median": 0.0316167213023,
        "min": 2.46702208358e-14,
        "var": 0.00153048802167
    },
    "spectral_energyband_middle_high": {
        "dmean": 0.000886003952473,
        "dmean2": 0.00132438424043,
        "dvar": 2.40749886871e-06,
        "dvar2": 4.91443370265e-06,
        "max": 0.021185990423,
        "mean": 0.00164580007549,
        "median": 0.000792973907664,
        "min": 1.64136485978e-13,
        "var": 4.87776924274e-06
    },
    "spectral_energyband_middle_low": {
        "dmean": 0.00870557315648,
        "dmean2": 0.0156414024532,
        "dvar": 0.00052172265714,
        "dvar2": 0.00144578097388,
        "max": 0.141220912337,
        "mean": 0.00973486993462,
        "median": 0.00448280293494,
        "min": 2.2859582879e-14,
        "var": 0.000342024315614
    },
    "spectral_entropy": {
        "dmean": 0.300725162029,
        "dmean2": 0.449851691723,
        "dvar": 0.127908542752,
        "dvar2": 0.241616874933,
        "max": 8.97212123871,
        "mean": 7.51138782501,
        "median": 7.67565345764,
        "min": 4.62287282944,
        "var": 0.480148464441
    },
    "spectral_flux": {
        "dmean": 0.0472043678164,
        "dmean2": 0.0641290768981,
        "dvar": 0.00267726182938,
        "dvar2": 0.00386610277928,
        "max": 0.470186531544,
        "mean": 0.11600998044,
        "median": 0.0835098549724,
        "min": 1.1418577742e-05,
        "var": 0.00834641698748
    },
    "spectral_kurtosis": {
        "dmean": 3.10836553574,
        "dmean2": 4.87462902069,
        "dvar": 40.0527114868,
        "dvar2": 93.2285995483,
        "max": 120.808158875,
        "mean": 6.53070783615,
        "median": 3.45751476288,
        "min": -0.749060630798,
        "var": 90.3588104248
    },
    "spectral_rms": {
        "dmean": 0.00133142527193,
        "dmean2": 0.00213551940396,
        "dvar": 1.97457165996e-06,
        "dvar2": 4.24583231506e-06,
        "max": 0.0139041561633,
        "mean": 0.00685956329107,
        "median": 0.00648908177391,
        "min": 3.56331462115e-08,
        "var": 6.68765778755e-06
    },
    "spectral_rolloff": {
        "dmean": 486.875946045,
        "dmean2": 869.710876465,
        "dvar": 1517364.5,
        "dvar2": 3873637,
        "max": 18583.1542969,
        "mean": 638.187194824,
        "median": 236.865234375,
        "min": 43.06640625,
        "var": 1628494.5
    },
    "spectral_skewness": {
        "dmean": 0.399727523327,
        "dmean2": 0.594473659992,
        "dvar": 0.281235545874,
        "dvar2": 0.587957799435,
        "max": 8.83743476868,
        "mean": 1.82410645485,
        "median": 1.58809399605,
        "min": -1.03619647026,
        "var": 0.981293857098
    },
    "spectral_spread": {
        "dmean": 970372.0625,
        "dmean2": 1470968.625,
        "dvar": 1.3922542551e+12,
        "dvar2": 2.7179155456e+12,
        "max": 14786444,
        "mean": 6169117.5,
        "median": 6313580.5,
        "min": 694088.375,
        "var": 6.46359128474e+12
    },
    "spectral_strongpeak": {
        "dmean": 0.193288818002,
        "dmean2": 0.316923141479,
        "dvar": 0.0912833362818,
        "dvar2": 0.245764002204,
        "max": 4.8500161171,
        "mean": 0.431545615196,
        "median": 0.294916242361,
        "min": 0,
        "var": 0.134677156806
    },
    "zerocrossingrate": {
        "dmean": 0.0132051557302,
        "dmean2": 0.0158122442663,
        "dvar": 0.000255655671936,
        "dvar2": 0.000338995014317,
        "max": 0.50439453125,
        "mean": 0.0432795956731,
        "median": 0.0322265625,
        "min": 0.00146484375,
        "var": 0.00146860152017
    },
    "barkbands": {
        "dmean": [0.00117736228276, 0.0189897082746, 0.00593648711219, 0.0030007623136, 0.0045743486844, 0.00140670780092, 0.000669678847771, 0.000466834404506, 0.000369322631741, 0.000179879440111, 0.00017966813175, 0.000179847600521, 0.000163691642229, 0.000111216890218, 7.53185449867e-05, 7.24210185581e-05, 9.54666320467e-05, 8.96002529771e-05, 9.13996991585e-05, 0.000107074614789, 0.00013246749586, 0.000177641282789, 0.000117867632071, 7.25532736396e-05, 9.18555815588e-05, 7.25930149201e-05, 6.82735408191e-05],
        "dmean2": [0.00124782044441, 0.0297609269619, 0.0106818638742, 0.00572961010039, 0.00862615089864, 0.0025178946089, 0.00116963707842, 0.000735070090741, 0.000592154334299, 0.000272659875918, 0.000298542261589, 0.000298183847917, 0.000252183555858, 0.000175232664333, 0.000122413548524, 0.000115714348794, 0.00014316967281, 0.000138352363138, 0.000143351819133, 0.000148334860569, 0.000191989718587, 0.000291111296974, 0.000175988549017, 0.000102348763903, 0.000135043504997, 0.000111072069558, 0.000104949889646],
        "dvar": [1.90201490113e-06, 0.000545872724615, 0.000288862240268, 9.40838071983e-05, 0.000195666609216, 1.06498000605e-05, 1.42987903473e-06, 1.12414420528e-06, 4.19825880726e-07, 1.35299558224e-07, 1.46227449704e-07, 2.22317382281e-07, 1.87459534118e-07, 8.64414175794e-08, 2.09748733937e-08, 2.84490013769e-08, 9.46884028963e-08, 4.76256545312e-08, 7.2824853703e-08, 4.84219704333e-08, 1.64235970601e-07, 1.38090967994e-07, 4.18762304832e-08, 1.64894764509e-08, 3.07182261849e-08, 3.24918794092e-08, 3.89637193621e-08],
        "dvar2": [2.10114194488e-06, 0.00118359085172, 0.000799287343398, 0.00027194066206, 0.000565079739317, 2.96754806186e-05, 3.97984786105e-06, 2.72170996141e-06, 1.01192142665e-06, 2.68611586307e-07, 3.9066335944e-07, 5.37527114375e-07, 3.74139631276e-07, 2.0100661402e-07, 5.10790627573e-08, 6.73405580187e-08, 1.47694677821e-07, 1.054145784e-07, 1.59328578775e-07, 9.7878924521e-08, 2.99846050211e-07, 3.46019191966e-07, 8.84039295102e-08, 3.11379508844e-08, 7.0439512001e-08, 7.79286821739e-08, 9.37165580694e-08],
        "max": [0.0172859523445, 0.18362814188, 0.108855634928, 0.0667303055525, 0.0884190350771, 0.0388134457171, 0.0346238091588, 0.0276018697768, 0.00986675638705, 0.00594926113263, 0.00565968966112, 0.0149709461257, 0.0116421338171, 0.00748305767775, 0.00322755076922, 0.004217506852, 0.0128819774836, 0.00554325478151, 0.0091256769374, 0.00612237164751, 0.0182700548321, 0.00744184013456, 0.00223301164806, 0.00192405306734, 0.00225169560872, 0.00182864186354, 0.00199940404855],
        "mean": [0.00467085186392, 0.0336250253022, 0.00441394327208, 0.00191178615205, 0.00344617804512, 0.00169264653232, 0.000979104428552, 0.00081645156024, 0.000698665506206, 0.000275697733741, 0.000253784528468, 0.000248490017839, 0.000181958137546, 0.000154902227223, 0.000119150077808, 9.49621608015e-05, 0.000126808663481, 0.000107156316517, 0.000119903306768, 0.000149052400957, 0.000177326466655, 0.000235882107518, 0.00015971204266, 0.000119344818813, 0.000139352152473, 9.07832654775e-05, 7.60729089961e-05],
        "median": [0.00374361430295, 0.0226837433875, 0.000589792849496, 0.000258657062659, 0.00090290280059, 0.000619779515546, 0.00051979359705, 0.000400169490604, 0.000253144098679, 8.67796698003e-05, 6.41240912955e-05, 6.74064358464e-05, 4.04311358579e-05, 4.10258726333e-05, 3.97277981392e-05, 2.42950918619e-05, 2.50892826443e-05, 2.60592023551e-05, 2.61894383584e-05, 4.00449389417e-05, 4.3176136387e-05, 6.24367967248e-05, 5.54417201784e-05, 4.46518861281e-05, 5.293313734e-05, 2.78603947663e-05, 1.0393244338e-05],
        "min": [4.75142454136e-14, 5.98786394545e-15, 6.53060655328e-16, 8.6156427392e-16, 2.59272825276e-15, 1.94539179315e-15, 5.04485623605e-15, 4.97518862317e-15, 6.70523435969e-15, 5.88253709253e-15, 8.68758325912e-15, 4.98738843871e-15, 2.19615111144e-14, 2.54612801518e-14, 1.07050785201e-14, 6.3124253715e-15, 9.32949023754e-15, 3.81878705632e-14, 1.50900325628e-14, 4.39765953687e-14, 4.99346047909e-14, 7.57578814134e-14, 8.42032606835e-14, 8.57443117701e-14, 1.51656261876e-13, 1.85621768065e-13, 3.13930196942e-13],
        "var": [1.91482922673e-05, 0.00120554456953, 0.000183942684089, 5.15996689501e-05, 0.000110020984721, 1.00639363154e-05, 2.21483060159e-06, 1.8275425191e-06, 1.17915953979e-06, 2.72561294423e-07, 2.87983624503e-07, 3.24700693e-07, 2.48732817454e-07, 1.53547802029e-07, 3.90364114367e-08, 4.51516939393e-08, 2.41464078954e-07, 7.57555369546e-08, 1.44479983533e-07, 9.47211944435e-08, 2.97257884085e-07, 2.0079262697e-07, 6.49638138839e-08, 3.51561268985e-08, 4.84060471706e-08, 3.49763880081e-08, 4.31409787893e-08]
    },
    "erbbands": {
        "dmean": [0.762755215168, 3.97625946999, 6.68840408325, 8.30070781708, 12.6232700348, 16.2845039368, 12.5154905319, 11.8132276535, 11.5032024384, 7.62592029572, 11.3991289139, 8.62574863434, 6.69093036652, 4.13111162186, 7.76659059525, 7.41899633408, 7.29834651947, 6.14418840408, 4.554500103, 3.49373483658, 4.29349040985, 5.12762117386, 4.98815965652, 4.16460371017, 5.12538290024, 4.96730899811, 5.5822353363, 5.0553150177, 6.76263284683, 4.18832159042, 3.24621295929, 1.81552100182, 1.26359128952, 1.09474802017, 0.64793074131, 0.309411853552, 0.137488096952, 0.0417603477836, 0.0106333112344, 0.000973428832367],
        "dmean2": [1.16254281998, 6.05117940903, 11.1839027405, 15.3367757797, 23.7919826508, 30.9339523315, 23.3444290161, 21.0434036255, 20.3680591583, 12.1002607346, 17.6000404358, 14.0082950592, 9.97782802582, 6.85478878021, 12.7977323532, 11.9609136581, 11.1715545654, 9.35719299316, 7.45740604401, 5.64466714859, 6.57631349564, 7.74923610687, 7.62507581711, 6.35011482239, 7.84045505524, 6.88433551788, 8.0468082428, 7.25493717194, 11.2178478241, 6.07045841217, 4.89003372192, 2.64423799515, 1.79652011395, 1.53667223454, 1.00286269188, 0.481547027826, 0.210700944066, 0.0631121620536, 0.0162244495004, 0.00151916220784],
        "dvar": [0.733838438988, 32.4286117554, 289.999969482, 651.984924316, 1546.22021484, 2494.10742188, 1326.203125, 799.576843262, 469.75112915, 248.004501343, 671.027160645, 246.86857605, 171.875808716, 95.4529876709, 282.659423828, 455.269073486, 351.586547852, 239.463195801, 104.172958374, 43.8889389038, 100.285171509, 250.433319092, 147.15447998, 138.881164551, 225.945510864, 111.00643158, 229.329849243, 291.534637451, 203.663482666, 53.6716270447, 36.7566184998, 10.1478919983, 5.29011583328, 4.45535516739, 1.87578308582, 0.532981872559, 0.128451809287, 0.0108506968245, 0.00100405456033, 7.96416225057e-06],
        "dvar2": [1.7995954752, 64.9890823364, 755.279052734, 1839.34741211, 4445.70996094, 7249.22802734, 3812.87182617, 2209.57836914, 1363.50732422, 537.761352539, 1574.85327148, 606.58782959, 327.525848389, 251.747940063, 776.692932129, 1061.78430176, 718.060180664, 509.510009766, 262.562988281, 103.687515259, 230.441940308, 392.759521484, 303.33795166, 283.980163574, 516.956176758, 219.477035522, 497.049743652, 523.77166748, 512.303466797, 116.265441895, 81.7820892334, 21.4839420319, 9.6771030426, 9.72787380219, 4.64600419998, 1.31400978565, 0.314469128847, 0.0252615530044, 0.00237981439568, 1.94472013391e-05],
        "max": [7.02208948135, 47.3227462769, 123.579605103, 167.290023804, 273.933959961, 325.416259766, 270.917327881, 442.93157959, 357.208587646, 779.944091797, 738.343200684, 251.855285645, 232.745010376, 105.623298645, 277.318786621, 754.601379395, 359.99621582, 390.538574219, 185.894119263, 128.408615112, 251.042678833, 658.249816895, 311.679168701, 429.443634033, 526.878967285, 312.979309082, 601.444763184, 836.974304199, 313.360839844, 81.7933120728, 74.7687759399, 34.1261177063, 43.3149528503, 41.0643539429, 14.1248912811, 7.22672700882, 3.66910910606, 1.0174946785, 0.327001959085, 0.0297414306551],
        "mean": [1.49955451488, 5.34795093536, 6.13004732132, 5.8451499939, 8.86960220337, 12.1096744537, 11.4360704422, 14.057677269, 15.7488298416, 14.2920188904, 21.2338218689, 15.9516735077, 11.7704153061, 5.46551895142, 11.918138504, 11.0659160614, 8.53754234314, 8.99364757538, 6.61973047256, 5.19427871704, 5.86237382889, 6.90459918976, 6.1155257225, 5.5441327095, 6.70456838608, 7.10126781464, 7.06693029404, 7.26446628571, 8.8558883667, 5.81678628922, 4.44108819962, 2.78236889839, 2.01482439041, 1.64370799065, 0.910900771618, 0.418598145247, 0.162056013942, 0.0458026230335, 0.0114834038541, 0.00119834090583],
        "median": [1.1117964983, 2.50771903992, 1.56329262257, 0.983783483505, 1.64325785637, 2.86874175072, 2.8479912281, 5.75033283234, 7.2638502121, 6.64425849915, 10.7710905075, 6.45126438141, 4.14914941788, 1.93470871449, 2.80164194107, 3.23554587364, 2.28496670723, 2.82606387138, 1.91641807556, 1.91170847416, 1.52506959438, 1.37529861927, 1.42377126217, 1.49726545811, 1.45979273319, 1.82203412056, 1.56134653091, 1.97039568424, 2.32586932182, 1.58899629116, 1.67663550377, 1.0614579916, 0.731889605522, 0.600235342979, 0.340005069971, 0.147619500756, 0.0443494729698, 0.0115796905011, 0.00146210461389, 0.00020136909734],
        "min": [5.34651262065e-13, 4.57000865102e-13, 7.94129031197e-13, 1.58434192415e-12, 7.14064311153e-12, 9.27855275251e-12, 7.49268615902e-12, 1.68909608522e-11, 7.96582660945e-11, 3.77625361536e-11, 1.62147434368e-10, 1.62857005659e-10, 1.25007809659e-10, 2.30753721686e-10, 4.12977596564e-10, 2.20668566753e-10, 1.12481779446e-09, 1.37904976327e-09, 4.98137919802e-10, 5.82885406608e-10, 3.88169912879e-10, 6.69623412275e-10, 1.97156868609e-09, 1.13511733346e-09, 1.13690235004e-09, 1.66281910463e-09, 1.79289494362e-09, 2.2898922758e-09, 3.46074613411e-09, 2.0008779078e-09, 2.78162959333e-09, 1.69843861197e-09, 1.52480794657e-09, 1.40858313902e-09, 1.29583910269e-09, 7.09463710002e-10, 3.71775082941e-10, 1.52912918439e-10, 4.30509690397e-11, 4.44608976372e-12],
        "var": [2.05913901329, 56.3885307312, 227.401229858, 387.094299316, 875.965454102, 1379.07629395, 847.258789062, 782.362792969, 683.385253906, 679.35345459, 1202.20422363, 654.026855469, 439.213989258, 107.269180298, 695.235473633, 689.393432617, 468.284637451, 469.222839355, 155.655410767, 78.6865386963, 187.43572998, 639.269287109, 271.738098145, 287.155395508, 378.775909424, 220.037918091, 354.486175537, 535.885009766, 302.607086182, 88.9096374512, 52.1317443848, 18.2454624176, 10.978307724, 7.37263250351, 2.40651988983, 0.594435989857, 0.131941959262, 0.0115290945396, 0.00108115572948, 9.37483582675e-06]
    },
    "gfcc": {
        "mean": [-14.7892971039, 85.0008468628, -61.9001274109, 26.152009964, -45.1325683594, 16.7342815399, -19.676864624, 13.9028120041, -7.26772165298, 12.5457677841, -5.02664327621, 3.32354974747, -6.38550329208],
        "cov": [[8668.78613281, -2955.24658203, 224.140289307, 478.571533203, -694.112731934, 310.279968262, -465.976501465, -59.8197479248, -170.840835571, 170.360855103, -486.932556152, 120.396652222, -285.761962891], [-2955.24658203, 3150.70117188, -398.469329834, -468.641235352, 690.660766602, -223.222091675, 126.472930908, 46.6549682617, 302.877410889, -137.899734497, 284.278503418, -140.120834351, 155.7837677], [224.140289307, -398.469329834, 664.849121094, -35.6606712341, -89.446395874, 92.5995254517, -20.4747867584, 12.3387298584, 1.39505839348, 54.9108810425, -32.7529144287, 3.99060034752, -5.93020534515], [478.571533203, -468.641235352, -35.6606712341, 445.087677002, -23.0718040466, 5.94990110397, 30.4421863556, 12.0120439529, -28.7081203461, 1.52464723587, -46.53307724, 18.6812877655, -11.9112672806], [-694.112731934, 690.660766602, -89.446395874, -23.0718040466, 518.591491699, 0.7831133008, 78.8955078125, 27.119802475, 79.3326644897, -55.7210578918, 95.6263122559, -58.2791404724, 32.0687675476], [310.279968262, -223.222091675, 92.5995254517, 5.94990110397, 0.7831133008, 229.973770142, 40.2323265076, 36.3688049316, 0.0553701706231, 47.2359657288, -25.5485649109, 17.4536075592, 2.54227852821], [-465.976501465, 126.472930908, -20.4747867584, 30.4421863556, 78.8955078125, 40.2323265076, 206.462203979, 48.7887878418, 28.7254829407, -6.14654016495, 50.8804779053, -22.4860343933, 21.8552112579], [-59.8197479248, 46.6549682617, 12.3387298584, 12.0120439529, 27.119802475, 36.3688049316, 48.7887878418, 177.009597778, 99.5042419434, 45.708820343, 39.4352149963, 22.880197525, 17.9122676849], [-170.840835571, 302.877410889, 1.39505839348, -28.7081203461, 79.3326644897, 0.0553701706231, 28.7254829407, 99.5042419434, 216.239562988, 65.2791290283, 62.6837310791, 8.93976402283, 40.3216323853], [170.360855103, -137.899734497, 54.9108810425, 1.52464723587, -55.7210578918, 47.2359657288, -6.14654016495, 45.708820343, 65.2791290283, 138.498062134, 24.2905139923, 34.5607147217, 21.2843475342], [-486.932556152, 284.278503418, -32.7529144287, -46.53307724, 95.6263122559, -25.5485649109, 50.8804779053, 39.4352149963, 62.6837310791, 24.2905139923, 139.504882812, 24.2310829163, 30.1506443024], [120.396652222, -140.120834351, 3.99060034752, 18.6812877655, -58.2791404724, 17.4536075592, -22.4860343933, 22.880197525, 8.93976402283, 34.5607147217, 24.2310829163, 100.827560425, 34.3680992126], [-285.761962891, 155.7837677, -5.93020534515, -11.9112672806, 32.0687675476, 2.54227852821, 21.8552112579, 17.9122676849, 40.3216323853, 21.2843475342, 30.1506443024, 34.3680992126, 87.8841552734]],
        "icov": [[0.000226375850616, 0.000142795601278, 7.10734311724e-05, -6.45881009405e-05, -2.49795357377e-05, -0.000189262354979, 0.000341836712323, 3.86580868508e-05, -0.000255470862612, -8.35788305267e-05, 0.000400174409151, -0.000182806354132, 0.000472354673548], [0.000142795601278, 0.00102884019725, 0.00038727466017, 0.000689923355822, -0.000583220622502, 0.000242964990321, 0.000334108335664, 0.000126658953377, -0.00104155752342, 0.000833753379993, -0.00062561564846, 0.00110993499402, -0.00108636287041], [7.10734311724e-05, 0.00038727466017, 0.00182509224396, 0.000390977656934, 2.47003899858e-05, -0.000551998964511, 0.000330286187818, 6.50484480502e-06, -0.000397431082092, -0.000140554169775, -5.83669352636e-05, 0.000725496327505, -0.000403053680202], [-6.45881009405e-05, 0.000689923355822, 0.000390977656934, 0.00317122181877, -0.000746639852878, 0.00081809447147, -0.000981862423941, -0.000200361420866, -0.000302349537378, 0.000182514588232, 0.000873605895322, -0.000390632339986, -0.000495425716508], [-2.49795357377e-05, -0.000583220622502, 2.47003899858e-05, -0.000746639852878, 0.00346085755154, -0.00123559392523, 0.000214001905988, -1.08997846837e-05, -0.00039277743781, 0.00145417812746, -0.002084255917, 0.00186708278488, -0.000612113799434], [-0.000189262354979, 0.000242964990321, -0.000551998964511, 0.00081809447147, -0.00123559392523, 0.00641735224053, -0.00226299767382, -0.000861356034875, 0.000821100198664, -0.0022259268444, 0.00237218732946, -0.00157932308502, -2.75178831544e-06], [0.000341836712323, 0.000334108335664, 0.000330286187818, -0.000981862423941, 0.000214001905988, -0.00226299767382, 0.00775795197114, -0.0015784651041, -2.79806536128e-05, 0.00144204543903, -0.00315469596535, 0.00375427934341, -0.00193396396935], [3.86580868508e-05, 0.000126658953377, 6.50484480502e-06, -0.000200361420866, -1.08997846837e-05, -0.000861356034875, -0.0015784651041, 0.00876176543534, -0.00392589578405, -0.000405112223234, -0.000351033580955, -0.00189228844829, 0.00126986356918], [-0.000255470862612, -0.00104155752342, -0.000397431082092, -0.000302349537378, -0.00039277743781, 0.000821100198664, -2.79806536128e-05, -0.00392589578405, 0.0094758477062, -0.00396988401189, -0.00078094570199, 0.000665764382575, -0.00150405906606], [-8.35788305267e-05, 0.000833753379993, -0.000140554169775, 0.000182514588232, 0.00145417812746, -0.0022259268444, 0.00144204543903, -0.000405112223234, -0.00396988401189, 0.0124997785315, -0.00371815310791, 0.000751143903472, -0.00270072603598], [0.000400174409151, -0.00062561564846, -5.83669352636e-05, 0.000873605895322, -0.002084255917, 0.00237218732946, -0.00315469596535, -0.000351033580955, -0.00078094570199, -0.00371815310791, 0.0147955678403, -0.00697483681142, 0.00298303575255], [-0.000182806354132, 0.00110993499402, 0.000725496327505, -0.000390632339986, 0.00186708278488, -0.00157932308502, 0.00375427934341, -0.00189228844829, 0.000665764382575, 0.000751143903472, -0.00697483681142, 0.0188413206488, -0.00921203289181], [0.000472354673548, -0.00108636287041, -0.000403053680202, -0.000495425716508, -0.000612113799434, -2.75178831544e-06, -0.00193396396935, 0.00126986356918, -0.00150405906606, -0.00270072603598, 0.00298303575255, -0.00921203289181, 0.0191146414727]]
    },
    "melbands": {
        "dmean": [0.00580892339349, 0.00364210479893, 0.00153488235082, 0.00105404981878, 0.000508293800522, 0.0002704054059, 0.000159789778991, 8.30678764032e-05, 9.3339025625e-05, 5.2111914556e-05, 3.27447087329e-05, 1.56295591296e-05, 2.52646423178e-05, 2.05724718398e-05, 1.92344214156e-05, 1.6098301785e-05, 1.14843760457e-05, 7.81030848884e-06, 5.30625993633e-06, 4.8563006203e-06, 5.29004228156e-06, 5.7589509197e-06, 4.84118936583e-06, 4.58038812212e-06, 3.35673416885e-06, 3.985305284e-06, 3.34405467584e-06, 3.42068233294e-06, 3.54382609657e-06, 3.39954749506e-06, 2.93674929708e-06, 3.78200115847e-06, 4.09797848988e-06, 1.94483504856e-06, 2.0076945475e-06, 1.64648611189e-06, 9.52510333718e-07, 8.50579169764e-07, 9.89217028291e-07, 9.30427404455e-07],
        "dmean2": [0.00898123160005, 0.00549687631428, 0.00280396803282, 0.00198985170573, 0.000954119779635, 0.000481725932332, 0.000281029846519, 0.000131686829263, 0.00014340634516, 8.473113121e-05, 4.89124613523e-05, 2.58808304352e-05, 4.18168492615e-05, 3.40576225426e-05, 3.06951915263e-05, 2.55978302448e-05, 1.76340399776e-05, 1.29666459543e-05, 8.51516415423e-06, 7.91543607193e-06, 8.16629926703e-06, 8.77953334566e-06, 7.12448945706e-06, 7.28330678612e-06, 5.18779052072e-06, 6.39518157186e-06, 4.9720683819e-06, 4.84695692649e-06, 5.13297345606e-06, 4.94552796226e-06, 4.25453799835e-06, 6.34202751826e-06, 6.55017993267e-06, 2.82165774479e-06, 3.04584477817e-06, 2.54992278315e-06, 1.39120299991e-06, 1.23606650959e-06, 1.39390169807e-06, 1.32630384542e-06],
        "dvar": [4.47556376457e-05, 4.75168271805e-05, 2.12311988435e-05, 1.05561866803e-05, 2.25195208259e-06, 3.71275547195e-07, 8.65241247539e-08, 2.90459780672e-08, 4.01557898044e-08, 9.45573841449e-09, 4.23532231508e-09, 1.42903089362e-09, 2.88105117541e-09, 2.81100653865e-09, 2.38591257862e-09, 2.04771555268e-09, 8.99486374273e-10, 3.62412044819e-10, 1.15536670509e-10, 1.15080146801e-10, 1.49040085828e-10, 2.79932105274e-10, 3.19587217801e-10, 1.20572010709e-10, 1.08239875396e-10, 1.62120206149e-10, 6.57831220052e-11, 6.16666440134e-11, 8.86118886601e-11, 1.22601290231e-10, 9.05854141697e-11, 5.96504928785e-11, 8.60265053637e-11, 9.85173748136e-12, 1.5189299471e-11, 8.7566898177e-12, 2.80698294469e-12, 2.43833967774e-12, 3.42587460136e-12, 3.26749716693e-12],
        "dvar2": [0.000104174076114, 0.00010667614697, 5.91506141063e-05, 3.04973455059e-05, 6.50549327474e-06, 1.02549211078e-06, 2.47668793918e-07, 6.58811813992e-08, 9.37326873895e-08, 2.28461285445e-08, 8.07114375334e-09, 3.68620822755e-09, 7.84873588344e-09, 6.85321976945e-09, 4.94997776102e-09, 4.85652629223e-09, 1.9481580793e-09, 9.35137300928e-10, 2.7941815528e-10, 2.8482205483e-10, 3.363427592e-10, 4.64801308553e-10, 5.60261559368e-10, 2.83881751439e-10, 2.23478763273e-10, 3.77685882569e-10, 1.45056258671e-10, 1.25543284102e-10, 1.95296737115e-10, 2.30961680336e-10, 1.72700534429e-10, 1.52707915757e-10, 2.23124019261e-10, 1.8506567806e-11, 3.46475625967e-11, 2.0058229383e-11, 5.89856332181e-12, 4.4402437456e-12, 7.68810449331e-12, 7.03427463847e-12],
        "max": [0.055919829756, 0.0543942041695, 0.030701726675, 0.0206527039409, 0.0108255129308, 0.00885204598308, 0.00478728953749, 0.00701738754287, 0.00529826898128, 0.00170330516994, 0.00114835123532, 0.000454066583188, 0.000846828275826, 0.00167157372925, 0.00106809986755, 0.00122307811398, 0.000796979875304, 0.000348118861439, 0.000262896122877, 0.000236521853367, 0.000261063425569, 0.000633964897133, 0.000795392959844, 0.000342107348843, 0.000391347537516, 0.000517961627338, 0.00020682689501, 0.000272164965281, 0.000337783771101, 0.000527370430063, 0.000426353566581, 0.000211581515032, 0.000121856319311, 3.01178897644e-05, 4.90351885674e-05, 3.03011693177e-05, 2.40179215325e-05, 2.79222804238e-05, 4.03881349484e-05, 3.17422309308e-05],
        "mean": [0.0111563941464, 0.0045227734372, 0.00111566891428, 0.000765182659961, 0.000443399476353, 0.000333205098286, 0.000226699849009, 0.000150354942889, 0.000175029024831, 9.50750691118e-05, 5.56809754926e-05, 1.92229508684e-05, 3.66346466762e-05, 3.165963426e-05, 2.35481875279e-05, 1.69342220033e-05, 1.68775823113e-05, 1.02891863207e-05, 8.12241614767e-06, 6.49085404802e-06, 6.85341774442e-06, 7.29342400518e-06, 6.19949787506e-06, 5.08372204422e-06, 4.30014506492e-06, 4.88763453177e-06, 4.67177096652e-06, 4.70053328172e-06, 4.40680787506e-06, 4.26176757173e-06, 4.10679376728e-06, 4.9160898925e-06, 4.83594703837e-06, 2.74357716989e-06, 2.67886321126e-06, 2.19542084778e-06, 1.47871026002e-06, 1.34319066092e-06, 1.44297905535e-06, 1.37206393447e-06],
        "median": [0.00825252849609, 0.00176517898217, 0.000204847150599, 0.000185358105227, 0.000113127331133, 0.000141836004332, 0.000114104201202, 6.83617035975e-05, 8.71439624461e-05, 3.42896928487e-05, 1.82722378668e-05, 6.08782420386e-06, 8.82463245944e-06, 8.35762330098e-06, 5.59750606044e-06, 4.43274439021e-06, 4.84496285935e-06, 2.68599683295e-06, 2.89128252007e-06, 2.02779574465e-06, 1.61391528763e-06, 1.38300572416e-06, 1.18008244954e-06, 1.20046217944e-06, 1.11307520001e-06, 8.36684705519e-07, 1.05186666133e-06, 1.21638345263e-06, 9.01444821011e-07, 9.92834998215e-07, 1.03061233858e-06, 1.23570555388e-06, 1.06229151697e-06, 7.94412414962e-07, 1.00242402823e-06, 7.54119639623e-07, 5.29327110144e-07, 4.73107093057e-07, 5.17581781878e-07, 4.7883793286e-07],
        "min": [5.47487199348e-15, 3.96877684483e-16, 4.05686853604e-16, 7.2533040636e-16, 2.39163537836e-16, 4.56923188369e-16, 1.16419088183e-15, 4.81492702493e-16, 1.37113426573e-15, 9.56830016559e-16, 6.1713497048e-16, 8.98384849077e-16, 1.34036367634e-15, 6.75762038287e-16, 1.0331887662e-15, 2.79741799962e-15, 2.59606704487e-15, 8.2046258249e-16, 9.72467091798e-16, 5.41347756315e-16, 4.48669593452e-16, 5.36973731115e-16, 1.32387618002e-15, 1.9766833078e-15, 7.8860011469e-16, 6.00246298182e-16, 1.19491382561e-15, 1.156286688e-15, 1.21101655722e-15, 9.98893884477e-16, 1.44231245599e-15, 2.00162186359e-15, 1.23853252839e-15, 1.06235613398e-15, 1.77245445273e-15, 1.09066291629e-15, 1.06138374016e-15, 1.18090845347e-15, 8.7862447039e-16, 1.30095557435e-15],
        "var": [0.000112996975076, 6.06129251537e-05, 1.30193639052e-05, 5.90277431911e-06, 1.34347715175e-06, 3.8834929228e-07, 1.28252565901e-07, 7.08854344111e-08, 7.63635981116e-08, 2.75623275314e-08, 1.05060378175e-08, 1.6329856356e-09, 6.06746874965e-09, 4.86106399578e-09, 3.24590399003e-09, 2.27698815358e-09, 1.82091997036e-09, 4.63107913129e-10, 2.06137662495e-10, 1.71394759496e-10, 2.84996748423e-10, 6.66640631586e-10, 6.66688704243e-10, 1.68741479123e-10, 2.10670592082e-10, 2.74489569962e-10, 1.09481833321e-10, 1.09306536045e-10, 1.2759586443e-10, 2.13126113979e-10, 1.62082278155e-10, 9.72398411792e-11, 9.20738416066e-11, 1.90414923412e-11, 2.04017740202e-11, 1.21781222259e-11, 5.27087878552e-12, 5.024764025e-12, 5.78592772651e-12, 5.32030626152e-12]
    },
    "mfcc": {
        "mean": [-677.90057373, 128.855438232, 38.5663871765, 24.6964683533, 9.1853427887, 11.0976238251, 4.79270648956, 6.73323154449, 7.30069303513, 9.8581571579, 10.1524896622, 8.50306034088, 7.52557516098],
        "cov": [[6684.58544922, -2790.20019531, 219.290115356, 100.544128418, -465.659210205, 175.19631958, -174.419647217, -142.906295776, -150.673751831, -193.503707886, -104.759048462, -231.107284546, -119.649497986], [-2790.20019531, 2976.18261719, -488.283172607, -138.933959961, 383.341369629, -164.938995361, 64.0040359497, 70.2158126831, 20.4513607025, 82.2416610718, 54.6300811768, 158.532409668, 15.1695537567], [219.290115356, -488.283172607, 647.035583496, -66.4159622192, -132.565322876, 27.1044960022, -36.6240005493, -45.8762817383, 18.7631587982, 8.62127685547, 1.51174283028, -46.801322937, 9.90440177917], [100.544128418, -138.933959961, -66.4159622192, 332.275054932, 45.9727478027, -2.40344643593, 28.1247253418, 27.9036388397, 16.8902187347, -9.274269104, -4.04359102249, 20.7223339081, 5.0009970665], [-465.659210205, 383.341369629, -132.565322876, 45.9727478027, 285.153106689, 17.8571815491, 44.6059150696, 36.3916435242, 15.4132413864, 16.597076416, 15.9568071365, 35.5323486328, 0.016529975459], [175.19631958, -164.938995361, 27.1044960022, -2.40344643593, 17.8571815491, 176.986465454, 62.8093719482, -4.38447332382, 17.5024681091, -2.0919046402, -14.7557191849, -23.6503562927, -3.1000649929], [-174.419647217, 64.0040359497, -36.6240005493, 28.1247253418, 44.6059150696, 62.8093719482, 181.070297241, 54.8224983215, 13.8967695236, 19.5555419922, 1.66726946831, 12.8467903137, 1.31563389301], [-142.906295776, 70.2158126831, -45.8762817383, 27.9036388397, 36.3916435242, -4.38447332382, 54.8224983215, 132.500671387, 35.7643508911, 22.7687988281, 13.0946655273, 26.4882640839, 14.2920885086], [-150.673751831, 20.4513607025, 18.7631587982, 16.8902187347, 15.4132413864, 17.5024681091, 13.8967695236, 35.7643508911, 125.49887085, 55.0019683838, 26.4487686157, 15.3326587677, 16.2484931946], [-193.503707886, 82.2416610718, 8.62127685547, -9.274269104, 16.597076416, -2.0919046402, 19.5555419922, 22.7687988281, 55.0019683838, 111.102897644, 49.7888717651, 19.7228813171, 16.9201221466], [-104.759048462, 54.6300811768, 1.51174283028, -4.04359102249, 15.9568071365, -14.7557191849, 1.66726946831, 13.0946655273, 26.4487686157, 49.7888717651, 96.5346298218, 43.7336578369, 13.5038347244], [-231.107284546, 158.532409668, -46.801322937, 20.7223339081, 35.5323486328, -23.6503562927, 12.8467903137, 26.4882640839, 15.3326587677, 19.7228813171, 43.7336578369, 104.620231628, 52.2251434326], [-119.649497986, 15.1695537567, 9.90440177917, 5.0009970665, 0.016529975459, -3.1000649929, 1.31563389301, 14.2920885086, 16.2484931946, 16.9201221466, 13.5038347244, 52.2251434326, 95.8663711548]],
