{
"lowlevel": {
    "average_loudness": 0.838148772717,
    "barkbands_crest": {
        "dmean": 2.68531990051,
        "dmean2": 4.12921476364,
        "dvar": 6.44251394272,
        "dvar2": 14.7461624146,
        "max": 25.8766994476,
        "mean": 10.6170473099,
        "median": 9.73279476166,
        "min": 1.80326783657,
        "var": 28.4283847809
    },
    "barkbands_flatness_db": {
        "dmean": 0.0298358034343,
        "dmean2": 0.0415148809552,
        "dvar": 0.000893496267963,
        "dvar2": 0.00177261361387,
        "max": 0.53981757164,
        "mean": 0.135215207934,
        "median": 0.117014601827,
        "min": 0.0125159593299,
        "var": 0.00617043813691
    },
    "barkbands_kurtosis": {
        "dmean": 7.41199731827,
        "dmean2": 10.9855957031,
        "dvar": 306.603729248,
        "dvar2": 598.122497559,
        "max": 378.603729248,
        "mean": 11.3574800491,
        "median": 2.36537981033,
        "min": -1.92967116833,
        "var": 815.70715332
    },
    "barkbands_skewness": {
        "dmean": 0.92539525032,
        "dmean2": 1.32063496113,
        "dvar": 1.11414670944,
        "dvar2": 2.21083164215,
        "max": 16.2821044922,
        "mean": 1.96525967121,
        "median": 1.42889535427,
        "min": -3.49320268631,
        "var": 5.07308292389
    },
    "barkbands_spread": {
        "dmean": 12.2692422867,
        "dmean2": 17.9986038208,
        "dvar": 265.486083984,
        "dvar2": 507.923858643,
        "max": 133.027572632,
        "mean": 27.0979061127,
        "median": 19.2975311279,
        "min": 0.236156567931,
        "var": 578.728088379
    },
    "dissonance": {
        "dmean": 0.0163932405412,
        "dmean2": 0.0273859854788,
        "dvar": 0.000310686416924,
        "dvar2": 0.000807061907835,
        "max": 0.500000178814,
        "mean": 0.471274524927,
        "median": 0.478871017694,
        "min": 0.26818305254,
        "var": 0.000659154262394
    },
    "dynamic_complexity": 4.56012868881,
    "erbbands_crest": {
        "dmean": 2.34045028687,
        "dmean2": 3.60499858856,
        "dvar": 5.35907649994,
        "dvar2": 11.8235931396,
        "max": 30.2465000153,
        "mean": 8.01764774323,
        "median": 6.72741937637,
        "min": 2.1886780262,
        "var": 19.8640155792
    },
    "erbbands_flatness_db": {
        "dmean": 0.0248114783317,
        "dmean2": 0.0336037874222,
        "dvar": 0.00061763159465,
        "dvar2": 0.00111359439325,
        "max": 0.413549274206,
        "mean": 0.12976667285,
        "median": 0.120371967554,
        "min": 0.029479207471,
        "var": 0.00339651387185
    },
    "erbbands_kurtosis": {
        "dmean": 1.35037660599,
        "dmean2": 2.07465982437,
        "dvar": 4.90198850632,
        "dvar2": 11.0240945816,
        "max": 56.5001220703,
        "mean": 0.976062715054,
        "median": 0.0179469585419,
        "min": -1.82373332977,
        "var": 11.5542821884
    },
    "erbbands_skewness": {
        "dmean": 0.465476453304,
        "dmean2": 0.678579509258,
        "dvar": 0.220465153456,
        "dvar2": 0.441578805447,
        "max": 6.43277025223,
        "mean": 0.330628871918,
        "median": 0.256542652845,
        "min": -4.24847602844,
        "var": 0.880115330219
    },
    "erbbands_spread": {
        "dmean": 14.1622219086,
        "dmean2": 20.7591667175,
        "dvar": 254.370697021,
        "dvar2": 525.442626953,
        "max": 172.39781189,
        "mean": 44.870552063,
        "median": 39.249382019,
        "min": 3.11935544014,
        "var": 695.951538086
    },
    "hfc": {
        "dmean": 33.1503143311,
        "dmean2": 48.3031806946,
        "dvar": 5115.70263672,
        "dvar2": 11163.421875,
        "max": 547.40032959,
        "mean": 38.4047012329,
        "median": 8.66668319702,
        "min": 8.12892064772e-09,
        "var": 6120.09912109
    },
    "melbands_crest": {
        "dmean": 3.27269697189,
        "dmean2": 5.1315369606,
        "dvar": 11.0705413818,
        "dvar2": 26.0033493042,
        "max": 34.8839645386,
        "mean": 15.0907411575,
        "median": 14.821846962,
        "min": 1.96836221218,
        "var": 48.9481773376
    },
    "melbands_flatness_db": {
        "dmean": 0.0398634783924,
        "dmean2": 0.0534913949668,
        "dvar": 0.00159529736266,
        "dvar2": 0.00298606790602,
        "max": 0.672936677933,
        "mean": 0.205542862415,
        "median": 0.193148434162,
        "min": 0.00846770405769,
        "var": 0.012195777148
    },
    "melbands_kurtosis": {
        "dmean": 16.8210220337,
        "dmean2": 25.4872207642,
        "dvar": 1359.73986816,
        "dvar2": 2926.09594727,
        "max": 779.172790527,
        "mean": 30.1591930389,
        "median": 8.71533203125,
        "min": -1.76394867897,
        "var": 3382.47680664
    },
    "melbands_skewness": {
        "dmean": 1.12821388245,
        "dmean2": 1.68165540695,
        "dvar": 2.05911517143,
        "dvar2": 4.46659660339,
        "max": 19.5303440094,
        "mean": 3.42799782753,
        "median": 2.48691725731,
        "min": -1.75365245342,
        "var": 8.39348316193
    },
    "melbands_spread": {
        "dmean": 12.3640842438,
        "dmean2": 17.9826087952,
        "dvar": 391.904174805,
        "dvar2": 694.095153809,
        "max": 210.949447632,
        "mean": 27.5822124481,
        "median": 17.7385940552,
        "min": 0.302901029587,
        "var": 1017.09381104
    },
    "pitch_salience": {
        "dmean": 0.0776566937566,
        "dmean2": 0.120252601802,
        "dvar": 0.00574568286538,
        "dvar2": 0.01356655173,
        "max": 0.860268115997,
        "mean": 0.536372840405,
        "median": 0.560640335083,
        "min": 0.0790504217148,
        "var": 0.0246983896941
    },
    "silence_rate_20dB": {
        "dmean": 0,
        "dmean2": 0,
        "dvar": 0,
        "dvar2": 0,
        "max": 1,
        "mean": 1,
        "median": 1,
        "min": 1,
        "var": 0
    },
    "silence_rate_30dB": {
        "dmean": 0.0375314392149,
        "dmean2": 0.0750701352954,
        "dvar": 0.036119338125,
        "dvar2": 0.0763914957643,
        "max": 1,
        "mean": 0.952123045921,
        "median": 1,
        "min": 0,
        "var": 0.0455816835165
    },
    "silence_rate_60dB": {
        "dmean": 0.0702263489366,
        "dmean2": 0.140369549394,
        "dvar": 0.065300911665,
        "dvar2": 0.137878417969,
        "max": 1,
        "mean": 0.202340647578,
        "median": 0,
        "min": 0,
        "var": 0.161385476589
    },
    "spectral_centroid": {
        "dmean": 405.955932617,
        "dmean2": 568.882751465,
        "dvar": 245234.96875,
        "dvar2": 434699.25,
        "max": 4698.53027344,
        "mean": 1408.89343262,
        "median": 1192.12670898,
        "min": 122.369064331,
        "var": 808516.5
    },
    "spectral_complexity": {
        "dmean": 4.66724681854,
        "dmean2": 6.65202665329,
        "dvar": 41.9683914185,
        "dvar2": 66.4583816528,
        "max": 63,
        "mean": 15.2032108307,
        "median": 12,
        "min": 0,
        "var": 143.475021362
    },
    "spectral_decrease": {
        "dmean": 3.2659119853e-09,
        "dmean2": 4.94500485004e-09,
        "dvar": 5.96603619757e-17,
        "dvar2": 1.42376907836e-16,
        "max": 1.2344769651e-09,
        "mean": -7.19418258299e-09,
        "median": -2.82235435023e-09,
        "min": -8.6682760525e-08,
        "var": 1.01198712125e-16
    },
    "spectral_energy": {
        "dmean": 0.0143410712481,
        "dmean2": 0.0210611019284,
        "dvar": 0.000916036718991,
        "dvar2": 0.00211276835762,
        "max": 0.332064092159,
        "mean": 0.0306359585375,
        "median": 0.0147888381034,
        "min": 7.39232893648e-13,
        "var": 0.00161753850989
    },
    "spectral_energyband_high": {
        "dmean": 0.00255873356946,
        "dmean2": 0.00370601983741,
        "dvar": 3.09725910483e-05,
        "dvar2": 6.65359111736e-05,
        "max": 0.042844671756,
        "mean": 0.00268036988564,
        "median": 0.000222851915169,
        "min": 5.3618589603e-13,
        "var": 3.84921986551e-05
    },
    "spectral_energyband_low": {
        "dmean": 0.00973871443421,
        "dmean2": 0.0149580091238,
        "dvar": 0.000727656704839,
        "dvar2": 0.0017976682866,
        "max": 0.312974363565,
        "mean": 0.0193010009825,
        "median": 0.00170398328919,
        "min": 1.79796702158e-14,
        "var": 0.00111915194429
    },
    "spectral_energyband_middle_high": {
        "dmean": 0.0019533673767,
        "dmean2": 0.00294997193851,
        "dvar": 3.34032702085e-05,
        "dvar2": 7.84300500527e-05,
        "max": 0.0981365442276,
        "mean": 0.00330300582573,
        "median": 0.00143866438884,
        "min": 9.91313422408e-14,
        "var": 4.53833272331e-05
    },
    "spectral_energyband_middle_low": {
        "dmean": 0.00323508051224,
        "dmean2": 0.00515255751088,
        "dvar": 5.5893415265e-05,
        "dvar2": 0.000138636489282,
        "max": 0.14282797277,
        "mean": 0.00657107075676,
        "median": 0.00286785769276,
        "min": 1.02787338035e-14,
        "var": 0.000104153259599
    },
    "spectral_entropy": {
        "dmean": 0.278007000685,
        "dmean2": 0.360475182533,
        "dvar": 0.0849827826023,
        "dvar2": 0.140555605292,
        "max": 8.89059257507,
        "mean": 7.76053285599,
        "median": 7.81512451172,
        "min": 5.11117839813,
        "var": 0.383213758469
    },
    "spectral_flux": {
        "dmean": 0.0331567786634,
        "dmean2": 0.0506067462265,
        "dvar": 0.0026026898995,
        "dvar2": 0.00549722509459,
        "max": 0.521527826786,
        "mean": 0.0800040140748,
        "median": 0.0576281808317,
        "min": 1.31846045406e-05,
        "var": 0.00513316364959
    },
    "spectral_kurtosis": {
        "dmean": 2.33819794655,
        "dmean2": 3.42095947266,
        "dvar": 9.9502248764,
        "dvar2": 21.9129676819,
        "max": 61.9514465332,
        "mean": 5.24665498734,
        "median": 3.89435625076,
        "min": -0.61691904068,
        "var": 23.5777645111
    },
    "spectral_rms": {
        "dmean": 0.00111480103806,
        "dmean2": 0.0015370324254,
        "dvar": 2.86279646389e-06,
        "dvar2": 5.62345485378e-06,
        "max": 0.0179990269244,
        "mean": 0.00450229085982,
        "median": 0.00379843846895,
        "min": 2.68552202698e-08,
        "var": 9.61804926192e-06
    },
    "spectral_rolloff": {
        "dmean": 1755.90100098,
        "dmean2": 2755.3203125,
        "dvar": 10425670,
        "dvar2": 18476124,
        "max": 18690.8203125,
        "mean": 3021.99023438,
        "median": 1098.19335938,
        "min": 64.599609375,
        "var": 19909944
    },
    "spectral_skewness": {
        "dmean": 0.340346038342,
        "dmean2": 0.474495500326,
        "dvar": 0.134206801653,
        "dvar2": 0.26417016983,
        "max": 6.15545511246,
        "mean": 1.73623025417,
        "median": 1.62226438522,
        "min": 0.204699084163,
        "var": 0.448029905558
    },
    "spectral_spread": {
        "dmean": 1312542.5,
        "dmean2": 1702000.875,
        "dvar": 1.97719569203e+12,
        "dvar2": 3.30755919053e+12,
        "max": 15328063,
        "mean": 6121764,
        "median": 5644876.5,
        "min": 1100745.125,
        "var": 7.53998495744e+12
    },
    "spectral_strongpeak": {
        "dmean": 0.411579817533,
        "dmean2": 0.692898392677,
        "dvar": 1.13575792313,
        "dvar2": 2.96853351593,
        "max": 21.0968704224,
        "mean": 0.675590991974,
        "median": 0.384471237659,
        "min": 0,
        "var": 1.22454226017
    },
    "zerocrossingrate": {
        "dmean": 0.0354146063328,
        "dmean2": 0.0371275134385,
        "dvar": 0.00198965496384,
        "dvar2": 0.00220433715731,
        "max": 0.55078125,
        "mean": 0.0985668376088,
        "median": 0.0654296875,
        "min": 0.001953125,
        "var": 0.00907477736473
    },
    "barkbands": {
        "dmean": [0.000338135258062, 0.00646345596761, 0.00422967225313, 0.00116883998271, 0.000923845684156, 0.000689485576004, 0.000341272359947, 0.000467893289169, 0.000644968589768, 0.000443439319497, 0.000324159249431, 0.000351946655428, 0.00027286101249, 0.00020103402494, 0.000191259154235, 0.000258962303633, 0.000119646087114, 0.000174474975211, 0.000173542517587, 0.000182275864063, 0.000240122360992, 0.000214771571336, 0.000204706171644, 0.00033997790888, 0.000284515321255, 0.000611195282545, 0.000671036134008],
        "dmean2": [0.00047573831398, 0.00978521071374, 0.00673942780122, 0.00200840039179, 0.00150318292435, 0.00112550368067, 0.000578650448006, 0.000737282098271, 0.000947089865804, 0.000675423187204, 0.000533334270585, 0.000567381153814, 0.000426662736572, 0.000320695893606, 0.000303955050185, 0.000424648751505, 0.000184005286428, 0.000276158272754, 0.000276312086498, 0.00028497268795, 0.000354607123882, 0.000307872862322, 0.000288248149445, 0.000490080681629, 0.00040742821875, 0.000922872393858, 0.00104315497447],
        "dvar": [1.52693303335e-06, 0.000342221814208, 0.000144992460264, 9.51451784204e-06, 8.72573764354e-06, 5.16495674674e-06, 8.56576946262e-07, 3.53888412974e-06, 6.54350287732e-06, 3.46598903889e-06, 8.12433825104e-07, 1.38586153753e-06, 9.6130906968e-07, 6.30029319382e-07, 7.37584798571e-07, 9.65709773482e-07, 1.00189552654e-07, 2.15822424821e-07, 3.18800829291e-07, 2.26829797612e-07, 2.60753353132e-07, 1.8450155892e-07, 1.43567916666e-07, 4.94347091262e-07, 4.21422782892e-07, 2.51083542935e-06, 3.34167521032e-06],
        "dvar2": [3.19629907608e-06, 0.000832229794469, 0.000384889775887, 2.59140833805e-05, 2.32062720897e-05, 1.27418406919e-05, 2.23010329137e-06, 8.51526874612e-06, 1.40668125823e-05, 7.56025565352e-06, 2.14420583688e-06, 3.55793554263e-06, 2.46114746005e-06, 1.47345235746e-06, 1.96061023416e-06, 2.44119246418e-06, 2.33060546861e-07, 5.37758353403e-07, 8.21788603389e-07, 5.8757888155e-07, 5.7833375422e-07, 3.94219824784e-07, 2.93993934974e-07, 1.04440562154e-06, 8.77801653587e-07, 5.62886089028e-06, 7.79784841143e-06],
        "max": [0.0223473962396, 0.239668428898, 0.126594737172, 0.0426500067115, 0.100882858038, 0.0583606436849, 0.0151500897482, 0.0557452589273, 0.0602668970823, 0.0436698272824, 0.0142113603652, 0.0178752914071, 0.0380960218608, 0.027663147077, 0.0374188311398, 0.0179996974766, 0.00665287626907, 0.0105111654848, 0.00884988997132, 0.00929564982653, 0.00768468668684, 0.00838177185506, 0.00615375861526, 0.0125662088394, 0.00597992353141, 0.0144019601867, 0.0141203748062],
        "mean": [0.00046545828809, 0.0117655983195, 0.00603826669976, 0.00138532929122, 0.00132876518182, 0.00111263839062, 0.000544667826034, 0.000686117855366, 0.00113256566692, 0.000702401739545, 0.000470412429422, 0.000449278391898, 0.000347527995473, 0.000282638182398, 0.000274780613836, 0.000272997480351, 0.000171788662556, 0.000209617937799, 0.000202302806429, 0.000209394856938, 0.000281844317215, 0.000257826934103, 0.00023425782274, 0.000367479515262, 0.000309791066684, 0.000567941751797, 0.000564233749174],
        "median": [6.02888121648e-06, 0.000524971750565, 0.000575154554099, 0.000290303549264, 0.000555084086955, 0.00019913855067, 0.000132390021463, 0.000161501899129, 0.000158125680173, 0.000191533414181, 0.000153418746777, 0.000138420524308, 9.52282134676e-05, 9.30405440158e-05, 8.7864093075e-05, 6.18236590526e-05, 4.68126418127e-05, 4.74241205666e-05, 3.78885051759e-05, 3.81717982236e-05, 3.09827628371e-05, 2.9107741284e-05, 2.7922067602e-05, 2.63495967374e-05, 2.40064528043e-05, 1.85748958756e-05, 7.31763202566e-06],
        "min": [1.66266638315e-14, 8.14919048312e-15, 1.61201360115e-15, 9.02274318492e-16, 9.07470759744e-16, 1.51894479728e-15, 3.52493904494e-15, 1.92312626158e-15, 1.03179126772e-15, 4.14047407606e-15, 1.93644437237e-15, 1.63980792852e-15, 4.27420067316e-15, 7.1341646444e-15, 7.42452160949e-15, 1.12921782317e-14, 7.61033353306e-15, 1.39627443654e-14, 2.68475579902e-14, 2.83883769899e-14, 1.39660189948e-14, 4.48774725064e-14, 5.08561732494e-14, 6.37593276787e-14, 7.4935087161e-14, 1.24272906419e-13, 1.63473618323e-13],
        "var": [2.12584950532e-06, 0.000485437747557, 0.000154415334691, 9.13379972189e-06, 8.33544891066e-06, 1.02099365904e-05, 1.3583700138e-06, 4.46976264357e-06, 1.70989205799e-05, 6.42008217255e-06, 9.40855841236e-07, 1.35290235903e-06, 9.43016857491e-07, 9.08652737053e-07, 8.33156207136e-07, 8.60999364249e-07, 1.52410947862e-07, 2.25243397267e-07, 2.96266250643e-07, 2.50334238672e-07, 3.91998753457e-07, 2.96630958019e-07, 2.15980335838e-07, 6.93219419645e-07, 5.65782670492e-07, 2.71106387117e-06, 3.22004621012e-06]
    },
    "erbbands": {
        "dmean": [0.177639350295, 1.59688353539, 4.57502603531, 4.76082229614, 2.74292063713, 3.28892993927, 4.34722566605, 5.80743932724, 5.45157289505, 8.15251159668, 7.68437814713, 17.0898113251, 15.2413845062, 13.4146690369, 12.6673974991, 14.2801465988, 12.216340065, 9.31108188629, 9.81684684753, 12.8328418732, 10.5476455688, 6.59209823608, 8.40057468414, 9.72865772247, 9.0271654129, 7.9945898056, 8.93737030029, 9.68445110321, 8.01823711395, 5.88438606262, 6.35911941528, 6.5657992363, 5.77798128128, 3.13404536247, 2.12200856209, 2.06385374069, 1.20486760139, 0.547782063484, 0.119271583855, 0.00562020111829],
        "dmean2": [0.256281137466, 2.49199175835, 7.31045103073, 7.94955396652, 4.66708564758, 5.31856441498, 7.36920309067, 9.08846092224, 9.06458568573, 13.0782957077, 12.2980327606, 25.3747158051, 22.3942089081, 21.6430683136, 20.7197761536, 22.8809566498, 18.8479824066, 14.6242818832, 15.3951978683, 20.2660827637, 17.1561088562, 9.99356746674, 13.2129535675, 15.447259903, 14.2534885406, 12.4115924835, 13.3356847763, 14.2862930298, 11.5404014587, 8.23630332947, 9.10324287415, 9.37821102142, 8.45467472076, 4.50373649597, 3.06243371964, 3.11437940598, 1.82665741444, 0.844358980656, 0.185749724507, 0.00876931659877],
        "dvar": [0.316365450621, 22.0413379669, 195.509307861, 161.757659912, 63.7900238037, 132.947235107, 113.956504822, 553.145202637, 257.396942139, 961.776245117, 906.874328613, 5192.45263672, 4376.40722656, 2669.27319336, 1586.02832031, 2239.77270508, 1818.47033691, 1013.19586182, 2234.87084961, 1970.03894043, 1345.57495117, 269.998535156, 472.394866943, 880.033569336, 749.758178711, 442.908294678, 413.834197998, 502.067169189, 280.87677002, 107.882484436, 153.079101562, 178.110870361, 152.779907227, 46.6044006348, 25.9307975769, 27.8084831238, 9.97637462616, 2.22317361832, 0.106347247958, 0.000238569700741],
        "dvar2": [0.749283432961, 57.6352005005, 521.445800781, 429.225585938, 176.918670654, 348.681060791, 316.660766602, 1323.29711914, 655.21295166, 2274.8190918, 2380.51977539, 11481.2822266, 9348.32421875, 6966.56445312, 4151.56738281, 5859.42675781, 4595.95703125, 2165.68994141, 6028.82568359, 4588.69824219, 3337.22558594, 615.837280273, 1159.66882324, 2186.85229492, 1960.2265625, 1130.80456543, 988.506896973, 1109.81469727, 607.891235352, 216.09413147, 331.736083984, 379.664093018, 328.164123535, 98.9251937866, 54.2026100159, 62.7017860413, 22.275352478, 5.13398933411, 0.249399155378, 0.000561593857128],
        "max": [10.1054811478, 54.0946960449, 157.564071655, 149.518539429, 207.778869629, 403.016448975, 255.188522339, 637.690002441, 366.377502441, 832.106384277, 944.713745117, 1695.15795898, 1539.09912109, 1516.88928223, 623.890441895, 916.139648438, 1581.06030273, 1285.28540039, 1970.07800293, 958.301513672, 598.515319824, 264.471221924, 423.747070312, 636.838317871, 500.12399292, 419.012512207, 301.94934082, 626.622802734, 326.088348389, 166.278045654, 232.202438354, 281.550598145, 179.56086731, 65.8652114868, 52.5646095276, 50.5334129333, 28.7062988281, 13.3787288666, 2.61879372597, 0.135756969452],
        "mean": [0.319778591394, 2.67828178406, 6.96204662323, 6.4053440094, 3.37624454498, 4.76193761826, 6.19038152695, 10.1041545868, 9.26062965393, 12.117562294, 12.5949220657, 29.8679523468, 26.0157356262, 19.6470947266, 17.4343833923, 18.7860279083, 16.5389137268, 14.2501192093, 14.5769329071, 16.3320159912, 12.8039875031, 9.52481651306, 10.7160367966, 11.3369350433, 10.5780830383, 9.22910022736, 10.2491998672, 11.5721673965, 9.51569652557, 6.9705452919, 7.04919624329, 7.13139343262, 6.15847969055, 3.46540331841, 2.2527384758, 1.98184454441, 1.10895586014, 0.475923985243, 0.0996874049306, 0.00470026629046],
        "median": [0.00715552736074, 0.128168150783, 0.577474176884, 1.2101944685, 1.22235000134, 1.90969157219, 2.10524177551, 1.52013671398, 2.18705606461, 2.95399975777, 3.23875331879, 3.92321419716, 6.50382137299, 6.39173173904, 5.73191976547, 6.46090078354, 4.9838051796, 5.38922929764, 4.50041627884, 4.74638748169, 3.25933432579, 2.56543087959, 2.64102315903, 2.30092811584, 2.13489794731, 1.60747373104, 1.32343447208, 1.17116320133, 0.987998425961, 0.903480231762, 0.809639930725, 0.621470153332, 0.401194810867, 0.296370238066, 0.152958840132, 0.0787678956985, 0.0320514924824, 0.00894434563816, 0.00132630905136, 9.53970156843e-05],
        "min": [4.85933233756e-13, 1.02624126645e-12, 1.77710504732e-12, 2.70927898172e-12, 3.05065239563e-12, 3.3148093645e-12, 2.51904573589e-12, 1.65724933776e-11, 3.37827855967e-11, 7.48595282984e-11, 2.52808798201e-11, 2.79637996786e-11, 6.4333240124e-11, 1.5568302203e-10, 5.93878557442e-11, 7.21917872704e-11, 2.40750114289e-10, 4.19175111288e-10, 2.30603133811e-10, 3.65496882759e-10, 7.16338433016e-10, 4.25179752517e-10, 6.54666876265e-10, 1.02223651766e-09, 1.7106787098e-09, 1.20976939577e-09, 8.77225070361e-10, 5.73838254692e-10, 1.61634716722e-09, 1.48615508788e-09, 1.60733759635e-09, 1.04129471712e-09, 1.18550402828e-09, 8.23489942903e-10, 6.27151219845e-10, 5.06346853335e-10, 1.87210608127e-10, 9.88547091407e-11, 1.88073532442e-11, 2.53906943214e-12],
        "var": [0.445815712214, 26.6890106201, 205.022857666, 180.452590942, 52.3455848694, 133.534896851, 170.092575073, 1167.3527832, 424.770874023, 1331.54736328, 1028.52185059, 13367.4423828, 8921.42773438, 3383.91210938, 1723.79394531, 2070.38110352, 1845.6361084, 1520.53649902, 2624.47949219, 2220.04614258, 1388.87768555, 427.013671875, 539.456604004, 857.937805176, 729.477355957, 496.796936035, 519.426330566, 830.725341797, 427.054412842, 180.60383606, 207.581481934, 249.9868927, 205.16607666, 64.2422103882, 33.1887664795, 30.9768238068, 10.689499855, 2.20150876045, 0.101315774024, 0.000225387717364]
    },
    "gfcc": {
        "mean": [-23.4639511108, 58.4778442383, -92.4984741211, 11.5888528824, -47.7167816162, 14.4604291916, -28.1596508026, 4.30437707901, -21.5671195984, -1.93645060062, -16.3966445923, -1.52530252934, -12.1827898026],
        "cov": [[11906.7822266, -2585.40063477, 1561.28979492, 928.933166504, 262.601165771, 313.576049805, 274.512390137, 251.415603638, -176.351882935, 289.556793213, -158.946624756, 189.705413818, -175.01071167], [-2585.40063477, 3688.7097168, -530.967407227, 289.005065918, 412.693084717, 163.615493774, 128.069351196, -10.4688444138, 242.95703125, -181.231872559, 191.859588623, -207.467666626, 64.1071853638], [1561.28979492, -530.967407227, 1720.78198242, 469.674682617, 449.221160889, 258.41583252, 286.745483398, 114.387489319, 58.0358924866, 120.344314575, -9.05732536316, 79.9320068359, -17.6364307404], [928.933166504, 289.005065918, 469.674682617, 765.186889648, 334.072814941, 262.714813232, 220.338287354, 101.362472534, 85.9930114746, 1.18696713448, 31.8285236359, -25.7905654907, 12.4807949066], [262.601165771, 412.693084717, 449.221160889, 334.072814941, 681.390686035, 231.686355591, 262.617614746, 92.1098861694, 108.829971313, 52.5495147705, 21.3998470306, 6.47529888153, 11.1295146942], [313.576049805, 163.615493774, 258.41583252, 262.714813232, 231.686355591, 303.877105713, 136.837860107, 63.465473175, 48.2372779846, 16.3490257263, 9.76929664612, -8.91481113434, -2.61295676231], [274.512390137, 128.069351196, 286.745483398, 220.338287354, 262.617614746, 136.837860107, 255.31427002, 97.2487945557, 88.6863174438, 53.9177017212, 34.4093399048, 8.52678966522, 2.44543123245], [251.415603638, -10.4688444138, 114.387489319, 101.362472534, 92.1098861694, 63.465473175, 97.2487945557, 142.385696411, 62.2205924988, 55.0902328491, 4.30343437195, 24.0836772919, -7.81967544556], [-176.351882935, 242.95703125, 58.0358924866, 85.9930114746, 108.829971313, 48.2372779846, 88.6863174438, 62.2205924988, 133.979110718, 37.1795425415, 38.0604171753, -11.9901475906, 15.0269756317], [289.556793213, -181.231872559, 120.344314575, 1.18696713448, 52.5495147705, 16.3490257263, 53.9177017212, 55.0902328491, 37.1795425415, 119.760734558, 19.8158493042, 46.2786369324, -8.95011711121], [-158.946624756, 191.859588623, -9.05732536316, 31.8285236359, 21.3998470306, 9.76929664612, 34.4093399048, 4.30343437195, 38.0604171753, 19.8158493042, 85.5307159424, 16.5752849579, 22.6182365417], [189.705413818, -207.467666626, 79.9320068359, -25.7905654907, 6.47529888153, -8.91481113434, 8.52678966522, 24.0836772919, -11.9901475906, 46.2786369324, 16.5752849579, 81.1918258667, 18.249250412], [-175.01071167, 64.1071853638, -17.6364307404, 12.4807949066, 11.1295146942, -2.61295676231, 2.44543123245, -7.81967544556, 15.0269756317, -8.95011711121, 22.6182365417, 18.249250412, 62.9814529419]],
        "icov": [[0.00013256528473, 6.6975109803e-05, -3.22741252603e-05, -0.000196008084458, 7.42990596336e-06, 5.95816982241e-06, 9.57512270361e-07, -6.92205576343e-05, 0.000215636799112, -0.000187065656064, 6.47597189527e-05, -7.76277665864e-05, 0.00024150632089], [6.6975109803e-05, 0.000566666538361, 0.000148464678205, -9.20949169085e-05, -0.000422134966357, -6.56139964121e-05, 0.000229683922953, -0.00020327141101, -0.00039224565262, 0.000693266745657, -0.00125778419897, 0.000966550316662, 7.05988131813e-05], [-3.22741252603e-05, 0.000148464678205, 0.000974458584096, -0.000351334281731, -0.000317978090607, -0.000193319792743, -0.000481910159579, 0.000462998694275, -0.000239807282924, -0.000139786861837, 0.000305804016534, -0.000803794537205, 0.000386496074498], [-0.000196008084458, -9.20949169085e-05, -0.000351334281731, 0.0026962608099, -0.000288207927952, -0.00109962734859, -0.000575845537242, -0.000944770989008, -1.21254370242e-05, 0.00115774199367, -0.000980954151601, 0.00144771160558, -0.00107302493416], [7.42990596336e-06, -0.000422134966357, -0.000317978090607, -0.000288207927952, 0.00320668006316, -0.000860346306581, -0.00224619195797, 0.000929070753045, -0.000579159590416, -0.000702582357917, 0.00192589999642, -0.00128361408133, -0.000262748508248], [5.95816982241e-06, -6.56139964121e-05, -0.000193319792743, -0.00109962734859, -0.000860346306581, 0.00556004559621, -0.00083085737424, -0.000771592953242, 0.000524142000359, 3.14128337777e-05, 7.29896564735e-05, 0.000647136417683, 0.000231967424043], [9.57512270361e-07, 0.000229683922953, -0.000481910159579, -0.000575845537242, -0.00224619195797, -0.00083085737424, 0.00990274455398, -0.00339656509459, -0.0015412789071, -0.000583812070545, -0.00305547309108, 0.00161121645942, 0.00021949368238], [-6.92205576343e-05, -0.00020327141101, 0.000462998694275, -0.000944770989008, 0.000929070753045, -0.000771592953242, -0.00339656509459, 0.0138827245682, -0.00566940847784, -0.00205837120302, 0.00463058799505, -0.00636984594166, 0.00323369423859], [0.000215636799112, -0.00039224565262, -0.000239807282924, -1.21254370242e-05, -0.000579159590416, 0.000524142000359, -0.0015412789071, -0.00566940847784, 0.0164528470486, -0.00536733446643, -0.00403588265181, 0.00815230887383, -0.00518733356148], [-0.000187065656064, 0.000693266745657, -0.000139786861837, 0.00115774199367, -0.000702582357917, 3.14128337777e-05, -0.000583812070545, -0.00205837120302, -0.00536733446643, 0.0170878767967, -0.00339262699708, -0.00763975642622, 0.0055394875817], [6.47597189527e-05, -0.00125778419897, 0.000305804016534, -0.000980954151601, 0.00192589999642, 7.29896564735e-05, -0.00305547309108, 0.00463058799505, -0.00403588265181, -0.00339262699708, 0.0202245786786, -0.00739573594183, -0.00254287407734], [-7.76277665864e-05, 0.000966550316662, -0.000803794537205, 0.00144771160558, -0.00128361408133, 0.000647136417683, 0.00161121645942, -0.00636984594166, 0.00815230887383, -0.00763975642622, -0.00739573594183, 0.0275809112936, -0.0106777492911], [0.00024150632089, 7.05988131813e-05, 0.000386496074498, -0.00107302493416, -0.000262748508248, 0.000231967424043, 0.00021949368238, 0.00323369423859, -0.00518733356148, 0.0055394875817, -0.00254287407734, -0.0106777492911, 0.023278824985]]
    },
    "melbands": {
        "dmean": [0.00159263552632, 0.00221626949497, 0.000743547570892, 0.00020788263646, 0.000151574931806, 0.000132579196361, 7.75063817855e-05, 9.8037198768e-05, 6.02256513957e-05, 0.000113295391202, 7.37338050385e-05, 5.26110379724e-05, 4.15536342189e-05, 3.50177979271e-05, 4.54332766822e-05, 2.05622400244e-05, 1.84703567356e-05, 1.66162808455e-05, 1.48732342495e-05, 2.08430610655e-05, 1.11248882604e-05, 7.11151278665e-06, 6.68843404128e-06, 8.90191313374e-06, 7.98742621555e-06, 6.99326210452e-06, 7.05171351001e-06, 4.96578286402e-06, 5.5165928643e-06, 5.87346403336e-06, 5.43124133401e-06, 4.54349901702e-06, 4.1799517021e-06, 3.05143043988e-06, 3.74745218323e-06, 3.40922110809e-06, 4.5571141527e-06, 4.65440371045e-06, 3.08919061354e-06, 2.47088837568e-06],
        "dmean2": [0.0023945288267, 0.00354132219218, 0.00123658415396, 0.000341908482369, 0.000250042794505, 0.000210724771023, 0.000128378465888, 0.000156125883223, 9.6230651252e-05, 0.000166630517924, 0.000108573287434, 8.5525061877e-05, 6.76240524626e-05, 5.66446760786e-05, 7.32859698473e-05, 3.21105435432e-05, 2.93072298518e-05, 2.64930858975e-05, 2.33959690377e-05, 3.413565355e-05, 1.79295329872e-05, 1.08628419184e-05, 1.04027758425e-05, 1.44391442518e-05, 1.28105339172e-05, 1.12999669e-05, 1.13913320092e-05, 7.74247018853e-06, 8.37933657749e-06, 8.68744700711e-06, 8.07700052974e-06, 6.69390101393e-06, 6.07667016084e-06, 4.3174345592e-06, 5.46408364244e-06, 4.85303644382e-06, 6.58108274365e-06, 6.96280085322e-06, 4.478228675e-06, 3.55993824996e-06],
        "dvar": [2.2574351533e-05, 4.7009823902e-05, 3.96569294026e-06, 5.88680109104e-07, 1.20666896919e-07, 2.40638769355e-07, 4.83438569177e-08, 1.46530069856e-07, 4.7788972779e-08, 2.34065382188e-07, 1.07610695466e-07, 4.23231405478e-08, 1.42433593808e-08, 1.31486501687e-08, 3.17200736788e-08, 3.83753917532e-09, 4.71618166742e-09, 6.42370068249e-09, 3.05586067562e-09, 6.25643403751e-09, 1.4383825242e-09, 3.07895736684e-10, 3.08305270202e-10, 6.26749374621e-10, 6.21392715061e-10, 5.35087085751e-10, 4.53416748591e-10, 1.56149829178e-10, 1.89496626724e-10, 1.4862114317e-10, 2.09868580847e-10, 1.0633847275e-10, 6.16113826624e-11, 2.95178152754e-11, 5.82181386433e-11, 4.59380450346e-11, 8.80382017288e-11, 1.07688587214e-10, 4.54571935649e-11, 2.96189774096e-11],
        "dvar2": [5.27347801835e-05, 0.00012530508684, 1.06175666588e-05, 1.57928400313e-06, 3.25992687067e-07, 5.79751883834e-07, 1.22160116689e-07, 3.42657415331e-07, 1.26066481698e-07, 5.09108360802e-07, 2.2851934034e-07, 1.10402794462e-07, 3.7434826794e-08, 3.26160609632e-08, 8.50507220207e-08, 9.07177977183e-09, 1.04073683005e-08, 1.69887162116e-08, 7.31502147744e-09, 1.55619748199e-08, 3.67567309922e-09, 7.05130787093e-10, 7.27223892216e-10, 1.61728974657e-09, 1.55067603202e-09, 1.42388467683e-09, 1.21656340557e-09, 3.96172705752e-10, 4.67477723198e-10, 3.2832300767e-10, 4.59585869361e-10, 2.39005981673e-10, 1.28333968452e-10, 6.05738653681e-11, 1.31860813934e-10, 9.93363655222e-11, 1.87611662317e-10, 2.39154557269e-10, 9.84145265281e-11, 6.34975821923e-11],
        "max": [0.0788897946477, 0.0803810507059, 0.0229238159955, 0.0259595308453, 0.00668267114088, 0.0129387620836, 0.00486628804356, 0.0112220458686, 0.00684374850243, 0.0115394825116, 0.00790603086352, 0.00617828406394, 0.00174083688762, 0.0019581115339, 0.00594753213227, 0.00218004151247, 0.00296620442532, 0.00292431144044, 0.00185955606867, 0.00165384088177, 0.000653951487038, 0.000308829097776, 0.000339021498803, 0.000554990896489, 0.000535391212907, 0.000345888955053, 0.000394357601181, 0.000242986381636, 0.000205211093999, 0.000148163351696, 0.00054791214643, 0.000200115231564, 0.000137644616188, 9.43823179114e-05, 0.000162127689691, 0.0001378129964, 0.000173278778675, 0.000181773590157, 6.66658961563e-05, 5.47969939362e-05],
        "mean": [0.00306125357747, 0.00374194909818, 0.00102670013439, 0.000276471837424, 0.00022675152286, 0.000227810582146, 0.000131417866214, 0.000141180469655, 9.80474360404e-05, 0.000195896762307, 0.000123011821415, 7.53832864575e-05, 5.90107993048e-05, 4.5580938604e-05, 5.3952804592e-05, 2.8840458981e-05, 2.66965398623e-05, 2.3521903131e-05, 2.09429963434e-05, 2.24712966883e-05, 1.32775121529e-05, 1.00077895695e-05, 9.10522885533e-06, 1.000195698e-05, 9.04318858375e-06, 7.75013631937e-06, 7.78385219746e-06, 5.61260139875e-06, 6.16501938566e-06, 6.77636671753e-06, 6.48249351798e-06, 5.36436573384e-06, 4.69345877718e-06, 3.5795264921e-06, 4.05120181313e-06, 3.77853939426e-06, 4.84421843794e-06, 4.85049622512e-06, 3.34657079293e-06, 2.72549414149e-06],
        "median": [0.000107414227386, 0.000288524955977, 0.000222275586566, 0.000112616995466, 8.1882950326e-05, 3.63791405107e-05, 3.17084777635e-05, 3.19950704579e-05, 2.60307151621e-05, 2.39428609348e-05, 3.09970673698e-05, 2.30765799643e-05, 1.92071620404e-05, 1.46698002936e-05, 1.47301198012e-05, 8.47106821311e-06, 9.60011857387e-06, 6.42164332021e-06, 6.45646241537e-06, 5.45902412341e-06, 3.04797799799e-06, 2.58674981524e-06, 2.42703617914e-06, 2.05519700103e-06, 1.74415902165e-06, 1.43075476444e-06, 1.43712657064e-06, 9.23932248043e-07, 7.49211210405e-07, 7.74082025146e-07, 6.15530495907e-07, 5.12341898684e-07, 5.29847966391e-07, 4.60961388171e-07, 4.53970443459e-07, 4.01571696784e-07, 3.79683058327e-07, 2.95995903343e-07, 2.36907624185e-07, 2.41581005866e-07],
        "min": [4.09325198926e-15, 1.05029258487e-15, 4.89531786316e-16, 2.29152190734e-16, 1.00898498502e-16, 3.62024158058e-16, 5.91186274959e-16, 7.73655594764e-16, 1.70950465816e-16, 1.66575672992e-16, 3.45334723791e-16, 6.6955243975e-16, 2.21716419363e-16, 1.77232393025e-16, 3.08202890496e-16, 5.41979007619e-16, 8.12237786693e-16, 2.16139130921e-16, 7.16406331925e-16, 4.13286539086e-16, 9.30038576195e-16, 3.19118630557e-16, 6.17481248136e-16, 7.20205221754e-16, 7.80943995638e-16, 1.1995878593e-15, 1.11380332701e-15, 7.99059753979e-16, 6.58977921618e-16, 2.39809003411e-16, 3.55489801795e-16, 9.59561062539e-16, 8.8964601016e-16, 7.68858317789e-16, 9.48080483851e-16, 6.07921475475e-16, 6.87884879707e-16, 6.68886777733e-16, 9.63211562783e-16, 6.35060464045e-16],
        "var": [3.4394528484e-05, 5.23401722603e-05, 4.27617760579e-06, 4.96420682339e-07, 1.82201716825e-07, 4.9960914339e-07, 8.1184353462e-08, 1.99336540163e-07, 5.59182637971e-08, 6.09351104686e-07, 2.15371116496e-07, 5.43842695322e-08, 1.60576032471e-08, 1.38398847938e-08, 2.5898922118e-08, 5.09596276288e-09, 6.7072796206e-09, 7.84877585147e-09, 4.04325950498e-09, 5.67865621193e-09, 1.47664347416e-09, 4.93819374281e-10, 4.0790376632e-10, 5.78788239558e-10, 5.91993676302e-10, 4.6043735491e-10, 4.42223258013e-10, 1.82130990845e-10, 2.18589757406e-10, 2.0603217743e-10, 3.69927449784e-10, 1.57064139472e-10, 8.97892732388e-11, 4.93557729409e-11, 7.25181581451e-11, 6.27213281312e-11, 1.2219798784e-10, 1.37607647499e-10, 5.8983748441e-11, 4.11010149526e-11]
    },
    "mfcc": {
        "mean": [-678.573852539, 107.561439514, 9.49822330475, 8.60099697113, 4.27346515656, 7.87522506714, 4.2442445755, 5.75627803802, 0.84899353981, 2.12226033211, -2.27485060692, -1.66681921482, -3.64008402824],
        "cov": [[9129.90917969, -1879.53466797, 380.658050537, 459.847595215, -9.80634593964, 156.351318359, 234.100265503, 114.156570435, 156.230712891, 92.6182174683, 151.675827026, 151.167678833, 76.0158691406], [-1879.53466797, 2608.63500977, -288.141357422, 142.5597229, 275.659423828, 141.99559021, 72.6732711792, 129.107650757, 26.8957576752, 116.467414856, 60.5694961548, 16.3980121613, 60.2582473755], [380.658050537, -288.141357422, 1007.31243896, 301.844177246, 183.455352783, 184.872344971, 164.642501831, 109.345703125, 113.867294312, 58.5782432556, 81.8241958618, 78.4012527466, 36.4552116394], [459.847595215, 142.5597229, 301.844177246, 530.880371094, 259.314880371, 212.753479004, 202.675552368, 156.523925781, 153.758895874, 91.8021469116, 81.6790084839, 97.6455154419, 55.5589637756], [-9.80634593964, 275.659423828, 183.455352783, 259.314880371, 367.301300049, 237.855514526, 175.568649292, 134.060409546, 132.801528931, 77.1044845581, 58.854385376, 59.0634078979, 36.0883369446], [156.351318359, 141.99559021, 184.872344971, 212.753479004, 237.855514526, 298.816467285, 194.783859253, 125.128822327, 113.670570374, 76.4460906982, 61.4347915649, 63.8851737976, 41.1355781555], [234.100265503, 72.6732711792, 164.642501831, 202.675552368, 175.568649292, 194.783859253, 221.20098877, 125.756309509, 102.506324768, 63.1061210632, 58.5000076294, 58.5031661987, 45.6389465332], [114.156570435, 129.107650757, 109.345703125, 156.523925781, 134.060409546, 125.128822327, 125.756309509, 153.718582153, 95.2610015869, 66.6592788696, 48.7537155151, 40.0894546509, 33.4163742065], [156.230712891, 26.8957576752, 113.867294312, 153.758895874, 132.801528931, 113.670570374, 102.506324768, 95.2610015869, 152.210479736, 78.3728179932, 55.2584266663, 56.3749771118, 36.4942131042], [92.6182174683, 116.467414856, 58.5782432556, 91.8021469116, 77.1044845581, 76.4460906982, 63.1061210632, 66.6592788696, 78.3728179932, 104.934333801, 64.8198242188, 34.7897872925, 26.9548606873], [151.675827026, 60.5694961548, 81.8241958618, 81.6790084839, 58.854385376, 61.4347915649, 58.5000076294, 48.7537155151, 55.2584266663, 64.8198242188, 96.8730163574, 54.9306564331, 32.0202064514], [151.167678833, 16.3980121613, 78.4012527466, 97.6455154419, 59.0634078979, 63.8851737976, 58.5031661987, 40.0894546509, 56.3749771118, 34.7897872925, 54.9306564331, 88.6016387939, 48.1763000488], [76.0158691406, 60.2582473755, 36.4552116394, 55.5589637756, 36.0883369446, 41.1355781555, 45.6389465332, 33.4163742065, 36.4942131042, 26.9548606873, 32.0202064514, 48.1763000488, 81.246925354]],
