{
"lowlevel": {
    "average_loudness": 0.955301702023,
    "barkbands_crest": {
        "dmean": 2.52443027496,
        "dmean2": 3.90066671371,
        "dvar": 7.60868930817,
        "dvar2": 15.0960474014,
        "max": 25.0532684326,
        "mean": 8.13555526733,
        "median": 6.85910654068,
        "min": 2.13839745522,
        "var": 17.8115367889
    },
    "barkbands_flatness_db": {
        "dmean": 0.0254147965461,
        "dmean2": 0.0383824817836,
        "dvar": 0.000710218970198,
        "dvar2": 0.0017094417708,
        "max": 0.338979274035,
        "mean": 0.108352288604,
        "median": 0.0992027670145,
        "min": 0.0229183640331,
        "var": 0.00191062351223
    },
    "barkbands_kurtosis": {
        "dmean": 3.14240169525,
        "dmean2": 4.93605852127,
        "dvar": 27.9323711395,
        "dvar2": 68.4189758301,
        "max": 191.844329834,
        "mean": 3.15117096901,
        "median": 1.40298056602,
        "min": -1.89043712616,
        "var": 40.0578041077
    },
    "barkbands_skewness": {
        "dmean": 0.777694523335,
        "dmean2": 1.09130454063,
        "dvar": 0.770204544067,
        "dvar2": 1.51779043674,
        "max": 12.6318340302,
        "mean": 0.805679500103,
        "median": 0.958500027657,
        "min": -3.38594222069,
        "var": 2.67875885963
    },
    "barkbands_spread": {
        "dmean": 12.8265743256,
        "dmean2": 19.6819171906,
        "dvar": 213.370635986,
        "dvar2": 500.26461792,
        "max": 108.736579895,
        "mean": 36.4559555054,
        "median": 32.5605773926,
        "min": 0.859699547291,
        "var": 551.197692871
    },
    "dissonance": {
        "dmean": 0.015556874685,
        "dmean2": 0.0251710191369,
        "dvar": 0.000301469437545,
        "dvar2": 0.000739986018743,
        "max": 0.500000059605,
        "mean": 0.471218019724,
        "median": 0.478321552277,
        "min": 0.302892327309,
        "var": 0.000631976232398
    },
    "dynamic_complexity": 3.19623279572,
    "erbbands_crest": {
        "dmean": 2.09312462807,
        "dmean2": 3.29901623726,
        "dvar": 4.44777536392,
        "dvar2": 9.97429943085,
        "max": 34.4715156555,
        "mean": 7.44165468216,
        "median": 6.55169773102,
        "min": 1.91090333462,
        "var": 13.0111703873
    },
    "erbbands_flatness_db": {
        "dmean": 0.0227139182389,
        "dmean2": 0.0311682093889,
        "dvar": 0.000536965264473,
        "dvar2": 0.0010427570669,
        "max": 0.374748855829,
        "mean": 0.125959560275,
        "median": 0.120631173253,
        "min": 0.0303011219949,
        "var": 0.00193408690393
    },
    "erbbands_kurtosis": {
        "dmean": 1.46486330032,
        "dmean2": 2.14856696129,
        "dvar": 3.77291584015,
        "dvar2": 7.28284072876,
        "max": 66.1508178711,
        "mean": 1.4118257761,
        "median": 0.438348889351,
        "min": -1.76130259037,
        "var": 10.0432100296
    },
    "erbbands_skewness": {
        "dmean": 0.494143396616,
        "dmean2": 0.691744089127,
        "dvar": 0.267504364252,
        "dvar2": 0.508701503277,
        "max": 5.48061037064,
        "mean": -0.143338695168,
        "median": -0.075215741992,
        "min": -2.72767877579,
        "var": 1.36278855801
    },
    "erbbands_spread": {
        "dmean": 14.5883045197,
        "dmean2": 21.12616539,
        "dvar": 230.999923706,
        "dvar2": 497.000610352,
        "max": 145.040313721,
        "mean": 46.4026756287,
        "median": 41.6520004272,
        "min": 1.57599627972,
        "var": 596.975341797
    },
    "hfc": {
        "dmean": 29.6527614594,
        "dmean2": 42.1743240356,
        "dvar": 2870.21289062,
        "dvar2": 5987.953125,
        "max": 514.524841309,
        "mean": 47.1451797485,
        "median": 12.6414680481,
        "min": 1.14223544373e-16,
        "var": 4754.14941406
    },
    "melbands_crest": {
        "dmean": 3.47123718262,
        "dmean2": 5.49600219727,
        "dvar": 12.6412401199,
        "dvar2": 28.1256122589,
        "max": 38.3841590881,
        "mean": 12.4039354324,
        "median": 11.3014535904,
        "min": 1.57011568546,
        "var": 29.6604652405
    },
    "melbands_flatness_db": {
        "dmean": 0.0363755449653,
        "dmean2": 0.0520047657192,
        "dvar": 0.00166302721482,
        "dvar2": 0.00341518595815,
        "max": 0.43872359395,
        "mean": 0.151081770658,
        "median": 0.146980196238,
        "min": 0.00363764865324,
        "var": 0.00602750387043
    },
    "melbands_kurtosis": {
        "dmean": 9.48968410492,
        "dmean2": 14.5894289017,
        "dvar": 421.175384521,
        "dvar2": 1002.40332031,
        "max": 837.59588623,
        "mean": 12.287727356,
        "median": 5.61057710648,
        "min": -1.82625842094,
        "var": 500.459197998
    },
    "melbands_skewness": {
        "dmean": 0.993432819843,
        "dmean2": 1.4280718565,
        "dvar": 1.57807731628,
        "dvar2": 3.15389919281,
        "max": 25.9308223724,
        "mean": 2.4149992466,
        "median": 2.0259039402,
        "min": -1.80406165123,
        "var": 3.64091396332
    },
    "melbands_spread": {
        "dmean": 22.2115459442,
        "dmean2": 31.459482193,
        "dvar": 1094.24475098,
        "dvar2": 1877.60205078,
        "max": 243.550186157,
        "mean": 60.4058380127,
        "median": 28.4677753448,
        "min": 0.591274142265,
        "var": 3781.76391602
    },
    "pitch_salience": {
        "dmean": 0.0833582803607,
        "dmean2": 0.132631212473,
        "dvar": 0.0075659849681,
        "dvar2": 0.0175638701767,
        "max": 0.858806192875,
        "mean": 0.584315538406,
        "median": 0.603011548519,
        "min": 0.0291675683111,
        "var": 0.014223922044
    },
    "silence_rate_20dB": {
        "dmean": 0,
        "dmean2": 0,
        "dvar": 0,
        "dvar2": 0,
        "max": 1,
        "mean": 1,
        "median": 1,
        "min": 1,
        "var": 0
    },
    "silence_rate_30dB": {
        "dmean": 0,
        "dmean2": 0,
        "dvar": 0,
        "dvar2": 0,
        "max": 1,
        "mean": 1,
        "median": 1,
        "min": 1,
        "var": 0
    },
    "silence_rate_60dB": {
        "dmean": 0.0522183328867,
        "dmean2": 0.104351937771,
        "dvar": 0.0494852848351,
        "dvar2": 0.111992366612,
        "max": 1,
        "mean": 0.0761445313692,
        "median": 0,
        "min": 0,
        "var": 0.0703472718596
    },
    "spectral_centroid": {
        "dmean": 480.879516602,
        "dmean2": 680.603942871,
        "dvar": 381862.6875,
        "dvar2": 664311.4375,
        "max": 10875.6572266,
        "mean": 2121.38037109,
        "median": 1768.94702148,
        "min": 225.369064331,
        "var": 1661112
    },
    "spectral_complexity": {
        "dmean": 4.56683397293,
        "dmean2": 6.80435180664,
        "dvar": 35.1752624512,
        "dvar2": 73.3957214355,
        "max": 55,
        "mean": 15.5293226242,
        "median": 13,
        "min": 0,
        "var": 84.6571807861
    },
    "spectral_decrease": {
        "dmean": 1.88784299304e-09,
        "dmean2": 2.66195776533e-09,
        "dvar": 1.4760561575e-17,
        "dvar2": 3.05935065658e-17,
        "max": -9.46763206907e-29,
        "mean": -3.464220244e-09,
        "median": -1.87261317564e-09,
        "min": -3.24752953418e-08,
        "var": 2.16888278624e-17
    },
    "spectral_energy": {
        "dmean": 0.00931782275438,
        "dmean2": 0.0130156241357,
        "dvar": 0.000227581418585,
        "dvar2": 0.000459384813439,
        "max": 0.126545459032,
        "mean": 0.0173509344459,
        "median": 0.00982412043959,
        "min": 1.07177565786e-20,
        "var": 0.00037364588934
    },
    "spectral_energyband_high": {
        "dmean": 0.00297372392379,
        "dmean2": 0.00424358760938,
        "dvar": 2.8508291507e-05,
        "dvar2": 5.79690822633e-05,
        "max": 0.0488636232913,
        "mean": 0.00488175079226,
        "median": 0.000922395731322,
        "min": 7.58463310179e-21,
        "var": 5.68626455788e-05
    },
    "spectral_energyband_low": {
        "dmean": 0.00542628858238,
        "dmean2": 0.00814684759825,
        "dvar": 0.000206116397749,
        "dvar2": 0.0004538531648,
        "max": 0.114276103675,
        "mean": 0.00637858174741,
        "median": 0.00152418413199,
        "min": 7.09160142265e-23,
        "var": 0.000240711742663
    },
    "spectral_energyband_middle_high": {
        "dmean": 0.00125664309599,
        "dmean2": 0.00196792907082,
        "dvar": 8.55447342474e-06,
        "dvar2": 2.13351777347e-05,
        "max": 0.0713015422225,
        "mean": 0.00237812916748,
        "median": 0.00126512767747,
        "min": 1.75627104787e-21,
        "var": 1.21510938698e-05
    },
    "spectral_energyband_middle_low": {
        "dmean": 0.00199125870131,
        "dmean2": 0.00311036664061,
        "dvar": 1.55607194756e-05,
        "dvar2": 3.81963473046e-05,
        "max": 0.0503629222512,
        "mean": 0.00419346056879,
        "median": 0.00279078213498,
        "min": 2.87366957373e-22,
        "var": 2.05616870517e-05
    },
    "spectral_entropy": {
        "dmean": 0.24654777348,
        "dmean2": 0.339914888144,
        "dvar": 0.0841968655586,
        "dvar2": 0.160865142941,
        "max": 9.80441379547,
        "mean": 7.94154214859,
        "median": 8.01047897339,
        "min": 5.68288087845,
        "var": 0.250364631414
    },
    "spectral_flux": {
        "dmean": 0.0299713332206,
        "dmean2": 0.0439075753093,
        "dvar": 0.00150853674859,
        "dvar2": 0.00297115463763,
        "max": 0.331236988306,
        "mean": 0.0755403488874,
        "median": 0.0576998889446,
        "min": 1.03526597017e-10,
        "var": 0.00306616653688
    },
    "spectral_kurtosis": {
        "dmean": 1.26281130314,
        "dmean2": 1.95045495033,
        "dvar": 3.92126083374,
        "dvar2": 9.65256214142,
        "max": 35.25756073,
        "mean": 2.58059763908,
        "median": 1.73438882828,
        "min": -1.24352920055,
        "var": 7.05442810059
    },
    "spectral_rms": {
        "dmean": 0.000959366385359,
        "dmean2": 0.00127623206936,
        "dvar": 1.51643916979e-06,
        "dvar2": 2.71937460639e-06,
        "max": 0.0111112101004,
        "mean": 0.00364608922973,
        "median": 0.00309588573873,
        "min": 3.23362777527e-12,
        "var": 3.63380127055e-06
    },
    "spectral_rolloff": {
        "dmean": 1645.0135498,
        "dmean2": 2502.40307617,
        "dvar": 6728894.5,
        "dvar2": 11595932,
        "max": 18863.0859375,
        "mean": 4492.21679688,
        "median": 2217.91992188,
        "min": 43.06640625,
        "var": 19298422
    },
    "spectral_skewness": {
        "dmean": 0.237051084638,
        "dmean2": 0.347332090139,
        "dvar": 0.082585118711,
        "dvar2": 0.184944197536,
        "max": 4.31887769699,
        "mean": 1.20445919037,
        "median": 1.05648636818,
        "min": 0.0196526441723,
        "var": 0.254299074411
    },
    "spectral_spread": {
        "dmean": 1089057.375,
        "dmean2": 1490657.25,
        "dvar": 1.71316805632e+12,
        "dvar2": 3.18803751731e+12,
        "max": 43028892,
        "mean": 6576421,
        "median": 6280227,
        "min": 1565731,
        "var": 5.22583015424e+12
    },
    "spectral_strongpeak": {
        "dmean": 0.957254230976,
        "dmean2": 1.67141139507,
        "dvar": 5.43422174454,
        "dvar2": 13.8425998688,
        "max": 22.5386505127,
        "mean": 1.18415617943,
        "median": 0.308757722378,
        "min": 0,
        "var": 6.72602367401
    },
    "zerocrossingrate": {
        "dmean": 0.0365897752345,
        "dmean2": 0.0362734310329,
        "dvar": 0.00180361280218,
        "dvar2": 0.00186740164645,
        "max": 0.49072265625,
        "mean": 0.139187455177,
        "median": 0.09814453125,
        "min": 0.0068359375,
        "var": 0.0112108914182
    },
    "barkbands": {
        "dmean": [0.000127758758026, 0.00362662132829, 0.00218808045611, 0.000560834130738, 0.000774451589677, 0.000376260140911, 0.000299751845887, 0.000285919581074, 0.000257484760368, 0.000263745838311, 0.000146191305248, 0.000136451752041, 8.91003292054e-05, 8.01664573373e-05, 0.000127934370539, 0.000188877078472, 0.000130676940898, 0.000171396124642, 0.000238350534346, 0.000323225161992, 0.000460163748357, 0.000406253588153, 0.000364279723726, 0.000693456095178, 0.000501852191519, 0.000514250481501, 0.00020486926951],
        "dmean2": [0.000205541509786, 0.00555329537019, 0.00369125558063, 0.0010265664896, 0.00125944300089, 0.000584513647482, 0.000483616546262, 0.000426914601121, 0.000413166941144, 0.000391878187656, 0.000227183263632, 0.000210277794395, 0.000143274955917, 0.000131021472043, 0.000214867221075, 0.000321023690049, 0.000212939892663, 0.000283791276161, 0.000377862219466, 0.000503155752085, 0.000696967123076, 0.000621533254161, 0.000526564544998, 0.000996979651973, 0.00072795455344, 0.000757771369535, 0.000305022957036],
        "dvar": [1.52208045279e-07, 0.000105909370177, 4.18960335082e-05, 2.93811990559e-06, 6.26097198619e-06, 3.72457492404e-07, 3.12483166454e-07, 3.04349470071e-07, 2.83080623831e-07, 2.83359696596e-07, 2.76722346371e-07, 8.11936899936e-07, 2.5277364557e-07, 3.83958820294e-08, 2.12726050108e-07, 6.51739924251e-07, 1.3084128625e-07, 1.43537135955e-07, 2.34131150023e-07, 4.43716572818e-07, 6.13986230746e-07, 4.35368889384e-07, 3.65728624274e-07, 1.74973001776e-06, 1.0490796285e-06, 1.39399367072e-06, 2.08322532558e-07],
        "dvar2": [3.55201677849e-07, 0.000233043785556, 0.000110779874376, 8.41186647449e-06, 1.55640645971e-05, 8.3267377704e-07, 7.36117101496e-07, 6.39727602447e-07, 6.21365416009e-07, 6.48778893719e-07, 4.92634285365e-07, 1.34819890718e-06, 4.8968450983e-07, 9.06645070131e-08, 5.82491850309e-07, 1.75551872417e-06, 3.3635930663e-07, 3.83755860867e-07, 5.99717793648e-07, 1.06337358829e-06, 1.26406712297e-06, 1.00743011444e-06, 7.44356896121e-07, 3.53994096258e-06, 2.29209058489e-06, 3.0944718219e-06, 4.56228804069e-07],
        "max": [0.00348041998222, 0.0943413674831, 0.0652199909091, 0.0163407269865, 0.044714987278, 0.0194559078664, 0.0205664299428, 0.0225919988006, 0.0220736917108, 0.0136301694438, 0.0263366419822, 0.0694520622492, 0.0321079492569, 0.00544883357361, 0.00698755588382, 0.0112966988236, 0.00621074298397, 0.00526065239683, 0.00697285309434, 0.0139905298129, 0.0127293486148, 0.0092180063948, 0.00609898287803, 0.0131818102673, 0.0103787779808, 0.0137119116262, 0.00389545410872],
        "mean": [0.000107417516119, 0.00367122865282, 0.00223454856314, 0.000545793387573, 0.0012057647109, 0.000745007244404, 0.000530821678694, 0.00051357166376, 0.000427027785918, 0.000465492077637, 0.000234032107983, 0.000183109834325, 0.000124539350509, 0.000111077577458, 0.000154190085595, 0.000186492150533, 0.000161235075211, 0.000233941391343, 0.000363750616089, 0.000663060811348, 0.000787568627857, 0.000681487901602, 0.000584185996559, 0.00101853325032, 0.00067354174098, 0.000545950315427, 0.000197625122382],
        "median": [1.76944831765e-06, 0.000506153271999, 0.000572293880396, 0.000206195662031, 0.000708969426341, 0.000366945052519, 0.000243231697823, 0.000216281288886, 0.000205672899028, 0.000248818658292, 7.45752768125e-05, 4.44234974566e-05, 2.78988336504e-05, 3.7394624087e-05, 4.36852060375e-05, 4.24003483204e-05, 4.53206157545e-05, 5.59786494705e-05, 7.32369517209e-05, 0.000131965760374, 0.000171434527147, 0.00013566960115, 0.000112948313472, 0.000139160139952, 7.92387800175e-05, 4.11534929299e-05, 9.30111764319e-06],
        "min": [3.91874606386e-23, 2.39871649132e-23, 1.92557539085e-23, 2.99194549296e-24, 4.53832404526e-23, 5.74088538174e-23, 2.92837253367e-23, 4.01458225089e-23, 7.26053819431e-23, 1.09448000873e-22, 7.82571601214e-23, 1.34665309171e-22, 8.67987125003e-23, 8.43668247234e-23, 2.15406232562e-22, 1.54013946718e-22, 2.51968509258e-22, 2.30484532526e-22, 2.26356934591e-22, 5.32635450083e-22, 3.92559552222e-22, 5.5833671508e-22, 6.88914828615e-22, 6.91679249662e-22, 1.32691311604e-21, 1.70360957161e-21, 2.06211825209e-21],
        "var": [1.4451252639e-07, 0.000113594185677, 3.24691209244e-05, 1.82929022685e-06, 6.37762150291e-06, 1.08951223865e-06, 1.02718706785e-06, 8.3339818957e-07, 6.77994137277e-07, 5.40903613455e-07, 8.15649457309e-07, 2.07297580346e-06, 7.4324657362e-07, 7.11603220793e-08, 1.87958235642e-07, 4.75779188491e-07, 1.3872869431e-07, 2.04826022809e-07, 5.20118533132e-07, 2.03285890166e-06, 1.75809964276e-06, 1.3049162817e-06, 8.43424970753e-07, 3.10808695758e-06, 1.49737468291e-06, 1.6045466964e-06, 2.35168570839e-07]
    },
    "erbbands": {
        "dmean": [0.0899965241551, 0.940370023251, 2.65879511833, 2.1838748455, 1.75691068172, 3.25906991959, 2.80148696899, 3.02188873291, 4.77182817459, 4.74637699127, 6.37724351883, 6.20856237411, 7.93208932877, 6.9973025322, 4.82038259506, 5.95307397842, 4.11703634262, 3.95750784874, 4.75698566437, 8.33034801483, 10.4812803268, 7.20669078827, 9.75977134705, 11.3582515717, 10.2498474121, 13.6216449738, 16.8704051971, 20.4091720581, 14.8577136993, 11.0014657974, 10.668841362, 12.970454216, 11.9457454681, 6.35055971146, 3.30253696442, 2.36725974083, 0.887647807598, 0.26524361968, 0.0350913517177, 0.00119860447012],
        "dmean2": [0.138090342283, 1.53474748135, 4.47830724716, 3.88211297989, 3.01886796951, 5.29938650131, 4.50143957138, 4.711373806, 7.618268013, 7.18170881271, 9.71569252014, 10.156411171, 11.7258310318, 10.9609889984, 7.5588555336, 8.95808410645, 6.47330760956, 6.34816455841, 7.89077806473, 14.0310869217, 17.8130702972, 11.7323656082, 16.1405887604, 18.0975227356, 16.3248329163, 21.0812034607, 26.102722168, 30.6973133087, 22.8294086456, 16.3652057648, 15.5510435104, 18.8222484589, 17.3690700531, 9.16844654083, 4.87711048126, 3.48823213577, 1.31047487259, 0.390605121851, 0.0525471307337, 0.0017997979885],
        "dvar": [0.0707180649042, 7.63027620316, 61.7678031921, 45.1282196045, 22.1798019409, 139.114227295, 25.9887065887, 24.683588028, 83.0656356812, 91.6595611572, 179.776382446, 140.693496704, 272.034759521, 351.690765381, 166.642990112, 1793.56555176, 727.09173584, 100.360435486, 230.42829895, 956.75982666, 2166.29541016, 443.444763184, 476.169464111, 549.972412109, 372.921600342, 720.267944336, 1174.68322754, 1073.58178711, 601.05859375, 335.031677246, 315.36807251, 555.037597656, 542.496948242, 145.460891724, 55.332862854, 28.8430080414, 4.19257926941, 0.356748878956, 0.00616445112973, 7.185481536e-06],
        "dvar2": [0.138425603509, 18.9670162201, 159.604217529, 127.667671204, 59.4742012024, 337.603515625, 66.6591033936, 57.3373756409, 199.948104858, 191.81867981, 402.112640381, 337.139678955, 614.123901367, 797.605407715, 347.182434082, 2919.67919922, 1195.67675781, 241.796813965, 611.128356934, 2629.48657227, 5881.92919922, 1138.40307617, 1270.70532227, 1361.64868164, 991.891601562, 1745.6463623, 2506.72290039, 2280.21386719, 1405.76245117, 725.074523926, 644.920654297, 1152.50695801, 1118.94091797, 312.448791504, 126.097259521, 64.1979980469, 9.327709198, 0.77634704113, 0.0135874524713, 1.61790048878e-05],
        "max": [2.18200516701, 24.736114502, 65.9974212646, 66.7035675049, 78.1289291382, 213.366088867, 151.118179321, 131.547149658, 367.369567871, 415.64175415, 451.968444824, 329.363616943, 289.698516846, 683.623352051, 379.172271729, 3287.23413086, 1795.59509277, 328.008789062, 253.620361328, 496.996276855, 688.548217773, 359.196350098, 317.936706543, 366.300506592, 259.548492432, 552.007629395, 781.154418945, 394.407501221, 321.872680664, 212.97013855, 152.226257324, 235.075195312, 234.27444458, 113.38949585, 96.4504699707, 64.8421173096, 24.3566951752, 6.15289258957, 0.6710973382, 0.0256141815335],
        "mean": [0.0889241099358, 0.871217906475, 2.54742312431, 2.42410349846, 2.9556157589, 4.14261817932, 4.55836009979, 5.81156826019, 8.54944705963, 8.88823509216, 11.3072128296, 10.3896274567, 13.5411968231, 12.1971721649, 7.73350429535, 8.50701618195, 6.10659122467, 5.96276283264, 6.16703224182, 9.43657016754, 10.978178978, 8.87843894958, 13.2089366913, 18.8548927307, 17.0885066986, 27.729681015, 31.5359020233, 35.8403015137, 23.5899505615, 17.9855079651, 16.8548774719, 19.3092575073, 16.9777355194, 8.77902698517, 4.17624759674, 2.59790372849, 0.929698765278, 0.264733284712, 0.0336101427674, 0.00115508574527],
        "median": [0.00926904007792, 0.136533766985, 0.713155329227, 0.602244615555, 1.65828633308, 1.80656695366, 2.55063056946, 2.40129113197, 3.89259839058, 4.04384994507, 4.50731945038, 5.43242549896, 7.34374046326, 4.60367012024, 3.0729174614, 2.15802574158, 1.60947287083, 2.17753553391, 2.02075624466, 2.63966679573, 2.8806271553, 2.54418826103, 3.09260177612, 3.3742480278, 4.77951049805, 5.58970117569, 6.86777734756, 7.49853420258, 5.03268671036, 3.64242506027, 3.13709688187, 2.95102930069, 2.21194934845, 1.10409140587, 0.462899267673, 0.213786631823, 0.0656360536814, 0.0161247327924, 0.00161367678083, 7.87496901467e-05],
        "min": [9.9762242985e-22, 4.90760845211e-21, 2.47476057222e-20, 1.07890063946e-20, 8.55776181706e-20, 1.81559888902e-19, 4.87987499256e-19, 2.51519593937e-19, 3.90924135776e-19, 4.03511885994e-19, 9.96059874363e-19, 2.05853201216e-18, 2.79718961671e-18, 4.39470678333e-18, 3.48653029955e-18, 4.96727127717e-18, 3.92868315238e-18, 5.23762657499e-18, 9.32780557503e-18, 8.05245188915e-18, 1.09926719939e-17, 1.34372951065e-17, 1.26616006968e-17, 1.24532173569e-17, 1.38191357393e-17, 2.26315804958e-17, 1.99785343386e-17, 1.4715308178e-17, 1.67677037508e-17, 2.11052519402e-17, 2.19295357663e-17, 1.64381980082e-17, 1.20148149409e-17, 1.59311859235e-17, 8.01367118049e-18, 6.86321142735e-18, 3.26707576753e-18, 1.06218510612e-18, 2.66890238231e-19, 3.17740978979e-20],
        "var": [0.0813278630376, 6.72140216827, 48.615650177, 31.6899795532, 20.196182251, 145.989776611, 47.3697090149, 65.4560699463, 297.236358643, 267.050323486, 414.859405518, 270.230438232, 452.020812988, 884.426513672, 366.231994629, 4771.09570312, 2039.62255859, 218.19593811, 237.31237793, 755.060913086, 1550.22875977, 430.007232666, 656.237304688, 1548.05651855, 800.579528809, 3211.26977539, 3948.8046875, 3619.05834961, 1455.1282959, 810.305969238, 696.496948242, 1042.8873291, 925.545471191, 232.010406494, 67.9523696899, 33.8214874268, 4.79459762573, 0.411785691977, 0.00687676761299, 7.74078762333e-06]
    },
    "gfcc": {
        "mean": [-1.2847661972, 38.1823959351, -87.6306304932, 31.7195568085, -69.4582214355, 8.82199573517, -30.28099823, 9.9234380722, -22.3494644165, 1.56196510792, -19.5951156616, -1.36652076244, -8.96367645264],
        "cov": [[5613.35205078, -3179.07446289, 795.079956055, 500.013000488, -15.2243251801, 106.661270142, -41.3548355103, 132.440841675, -174.525772095, 173.474472046, -56.2852783203, 95.9591369629, -169.977798462], [-3179.07446289, 4312.21289062, -948.390197754, -265.190765381, 310.327423096, -28.2428779602, 182.15524292, -60.5420532227, 302.265930176, -186.883743286, 16.5395240784, -164.517944336, 179.224319458], [795.079956055, -948.390197754, 921.921203613, 137.84022522, 74.9857940674, 130.193908691, 41.2106208801, 52.104473114, -48.6277275085, 56.7661705017, -77.4041442871, 37.307056427, -65.7551345825], [500.013000488, -265.190765381, 137.84022522, 568.759399414, 93.090385437, 38.8718414307, 42.4417114258, 49.3739738464, -33.6135597229, -22.4304294586, -6.7087430954, -64.0555114746, -44.3533172607], [-15.2243251801, 310.327423096, 74.9857940674, 93.090385437, 315.285583496, 89.1660919189, 54.416343689, -1.98194801807, 36.4953155518, -24.0179977417, -47.1127243042, -30.3110980988, -9.24508953094], [106.661270142, -28.2428779602, 130.193908691, 38.8718414307, 89.1660919189, 145.688201904, 48.6314849854, 24.1705551147, -8.53645324707, 5.91654586792, -27.4866199493, 2.31499862671, -10.2262783051], [-41.3548355103, 182.15524292, 41.2106208801, 42.4417114258, 54.416343689, 48.6314849854, 109.563331604, 38.7480354309, 30.9636173248, -2.28302884102, 2.63126039505, -7.90151929855, 9.90137672424], [132.440841675, -60.5420532227, 52.104473114, 49.3739738464, -1.98194801807, 24.1705551147, 38.7480354309, 97.9184494019, 27.2247180939, 26.3569545746, 1.59592413902, 6.06127882004, -0.564228236675], [-174.525772095, 302.265930176, -48.6277275085, -33.6135597229, 36.4953155518, -8.53645324707, 30.9636173248, 27.2247180939, 99.6072769165, 28.6794090271, 13.1944570541, -1.13490653038, 22.7064704895], [173.474472046, -186.883743286, 56.7661705017, -22.4304294586, -24.0179977417, 5.91654586792, -2.28302884102, 26.3569545746, 28.6794090271, 87.6703338623, 37.1369247437, 30.3770256042, -5.5583114624], [-56.2852783203, 16.5395240784, -77.4041442871, -6.7087430954, -47.1127243042, -27.4866199493, 2.63126039505, 1.59592413902, 13.1944570541, 37.1369247437, 86.6257247925, 31.4651279449, 9.81996250153], [95.9591369629, -164.517944336, 37.307056427, -64.0555114746, -30.3110980988, 2.31499862671, -7.90151929855, 6.06127882004, -1.13490653038, 30.3770256042, 31.4651279449, 75.8057632446, 24.2221298218], [-169.977798462, 179.224319458, -65.7551345825, -44.3533172607, -9.24508953094, -10.2262783051, 9.90137672424, -0.564228236675, 22.7064704895, -5.5583114624, 9.81996250153, 24.2221298218, 66.6130065918]],
        "icov": [[0.000347980385413, 0.000246957497438, 8.2712227595e-05, -0.000191829851246, -0.000154385736096, 5.76689308218e-05, -0.000203481919016, -9.13518670131e-05, -2.34965464188e-05, -0.000341000268236, 0.000409957079682, -0.000288350362098, 0.000218291970668], [0.000246957497438, 0.000805872317869, 0.000372167880414, 0.000210253798286, -0.000484809424961, -0.000294449913781, -0.000527257856447, 0.000184798729606, -0.00156020489521, 0.00116194214206, -0.000590282783378, 0.00118045788258, -0.000776681292336], [8.2712227595e-05, 0.000372167880414, 0.00205146009102, -0.00038883369416, -0.000194680746063, -0.000551772187464, -0.0013022122439, 0.000318022503052, -3.42796520272e-05, -0.00134641933255, 0.00263738888316, -0.00180518941488, 0.00122734904289], [-0.000191829851246, 0.000210253798286, -0.00038883369416, 0.00290280976333, -0.00105084734969, 1.00214174381e-06, -3.81530117011e-05, -0.00174711202271, 0.000834721897263, 0.00164917053189, -0.0029875410255, 0.00390181178227, -0.000786341144703], [-0.000154385736096, -0.000484809424961, -0.000194680746063, -0.00105084734969, 0.00551088480279, -0.00267902342603, -0.000603033404332, 0.00221537682228, -0.00281122513115, 0.000665739062242, 0.00232797698118, -0.00141037709545, 0.00166402594186], [5.76689308218e-05, -0.000294449913781, -0.000551772187464, 1.00214174381e-06, -0.00267902342603, 0.0119257047772, -0.00458650570363, -0.00136175379157, 0.00495102070272, -0.00398353347555, 0.00383460358717, -0.00242817774415, 0.000822178961243], [-0.000203481919016, -0.000527257856447, -0.0013022122439, -3.81530117011e-05, -0.000603033404332, -0.00458650570363, 0.0160852279514, -0.00499880313873, -0.00313232070766, 0.00437089381739, -0.00558680715039, 0.00300692673773, -0.00246989121661], [-9.13518670131e-05, 0.000184798729606, 0.000318022503052, -0.00174711202271, 0.00221537682228, -0.00136175379157, -0.00499880313873, 0.0158158857375, -0.00466182036325, -0.00331272464246, 0.00362801877782, -0.00257750228047, 0.00111079786438], [-2.34965464188e-05, -0.00156020489521, -3.42796520272e-05, 0.000834721897263, -0.00281122513115, 0.00495102070272, -0.00313232070766, -0.00466182036325, 0.0229359529912, -0.012131000869, 0.00205810018815, 0.00188095297199, -0.00436202716082], [-0.000341000268236, 0.00116194214206, -0.00134641933255, 0.00164917053189, 0.000665739062242, -0.00398353347555, 0.00437089381739, -0.00331272464246, -0.012131000869, 0.0270593799651, -0.0123105691746, -0.000776905333623, 0.00306602031924], [0.000409957079682, -0.000590282783378, 0.00263738888316, -0.0029875410255, 0.00232797698118, 0.00383460358717, -0.00558680715039, 0.00362801877782, 0.00205810018815, -0.0123105691746, 0.0257523562759, -0.0127237690613, 0.00412295991555], [-0.000288350362098, 0.00118045788258, -0.00180518941488, 0.00390181178227, -0.00141037709545, -0.00242817774415, 0.00300692673773, -0.00257750228047, 0.00188095297199, -0.000776905333623, -0.0127237690613, 0.0304378941655, -0.0140313617885], [0.000218291970668, -0.000776681292336, 0.00122734904289, -0.000786341144703, 0.00166402594186, 0.000822178961243, -0.00246989121661, 0.00111079786438, -0.00436202716082, 0.00306602031924, 0.00412295991555, -0.0140313617885, 0.0253175310791]]
    },
    "melbands": {
        "dmean": [0.000836705730762, 0.00135263451375, 0.000353901006747, 0.000185638520634, 0.00010322923481, 7.30936371838e-05, 6.78039941704e-05, 5.29145290784e-05, 5.46259798284e-05, 3.70684319932e-05, 3.92739275412e-05, 2.84259240289e-05, 1.71966275957e-05, 1.50189043779e-05, 1.46514767039e-05, 6.88275349603e-06, 8.03724014986e-06, 6.89193575454e-06, 1.10958699224e-05, 1.1590925169e-05, 1.2698727005e-05, 8.08880849945e-06, 6.67090762363e-06, 9.50659705268e-06, 9.96665767161e-06, 9.10716880753e-06, 9.6049552667e-06, 9.88086503639e-06, 1.05271874418e-05, 1.31348388095e-05, 1.15543161883e-05, 8.29294913274e-06, 7.67172696214e-06, 6.34251819065e-06, 6.31693455944e-06, 5.50253344045e-06, 9.97814822767e-06, 1.06827865238e-05, 5.75799776925e-06, 5.06685137225e-06],
        "dmean2": [0.00128212326672, 0.00223902403377, 0.000625948712695, 0.000305631925585, 0.000165739460499, 0.0001132923353, 0.000107836531242, 7.96568056103e-05, 8.39499698486e-05, 6.05984278081e-05, 5.78706785745e-05, 4.46345002274e-05, 2.6933830668e-05, 2.37693784584e-05, 2.20898000407e-05, 1.10054925244e-05, 1.29245627249e-05, 1.13970963866e-05, 1.88703234016e-05, 1.95266002265e-05, 2.17341366806e-05, 1.32496406877e-05, 1.10379942271e-05, 1.5896763216e-05, 1.58962720889e-05, 1.4583563825e-05, 1.52360762513e-05, 1.53485943883e-05, 1.6430283722e-05, 2.02587052627e-05, 1.74489559868e-05, 1.2884726857e-05, 1.17443833005e-05, 9.50443427428e-06, 9.36584547162e-06, 8.01425449026e-06, 1.47281652971e-05, 1.57543090609e-05, 8.54157769936e-06, 7.34437480787e-06],
        "dvar": [5.77150240133e-06, 1.53113178385e-05, 1.12037878353e-06, 4.58019627558e-07, 4.02993265425e-08, 1.40735343379e-08, 1.57631045994e-08, 1.1629690988e-08, 1.46384486754e-08, 5.13063547203e-09, 6.76102329678e-09, 5.54434276268e-09, 2.83669376877e-09, 5.00372809853e-09, 8.41835046117e-09, 2.03698569123e-09, 4.07712252848e-10, 4.19567519616e-10, 1.92848026437e-09, 1.87454807232e-09, 3.42355277461e-09, 5.19528420284e-10, 2.56579091307e-10, 5.03936503637e-10, 4.52298781761e-10, 3.10262787684e-10, 4.39573683009e-10, 4.18380607936e-10, 5.27806298667e-10, 6.27144169929e-10, 3.43337941411e-10, 2.01815592016e-10, 1.73972683482e-10, 1.2574391528e-10, 1.13250984979e-10, 8.20656459455e-11, 3.69644898024e-10, 4.67866134723e-10, 1.21808563236e-10, 9.36234700877e-11],
        "dvar2": [1.11192184704e-05, 3.89876513509e-05, 3.14782664645e-06, 1.1495610579e-06, 1.00344799137e-07, 3.23863744711e-08, 3.75058171187e-08, 2.34856152304e-08, 3.22577911049e-08, 1.24073826768e-08, 1.51633923196e-08, 1.28780550668e-08, 5.37881650331e-09, 9.46112788114e-09, 1.34896556148e-08, 4.42156133929e-09, 9.28909782427e-10, 1.09671782766e-09, 5.31593835618e-09, 5.16890974467e-09, 9.3483141228e-09, 1.3275686106e-09, 6.75474343126e-10, 1.35293043435e-09, 1.12015541287e-09, 8.20112533439e-10, 1.18442733399e-09, 1.00891595078e-09, 1.17546450351e-09, 1.31515898172e-09, 7.3023870284e-10, 4.8394649399e-10, 4.05468408848e-10, 2.71300870658e-10, 2.40671538254e-10, 1.68873914852e-10, 7.9011169829e-10, 9.93712001573e-10, 2.7010371717e-10, 2.01033967251e-10],
        "max": [0.0211889129132, 0.0314448736608, 0.0105541842058, 0.0122337304056, 0.00403923075646, 0.00347648304887, 0.00472023803741, 0.00523614045233, 0.00499421590939, 0.00175361335278, 0.00142761331517, 0.00255533959717, 0.00248542707413, 0.00469025503844, 0.00680397171527, 0.00284465053119, 0.000642670318484, 0.000337420409778, 0.000724106852431, 0.000812502636109, 0.000894046097528, 0.000413365778513, 0.000251988647506, 0.000333761039656, 0.000344380590832, 0.000208051686059, 0.000425132719101, 0.000427988969022, 0.000499736692291, 0.000487847661134, 0.000316587771522, 0.000157840826432, 0.000209381745663, 0.000138370320201, 8.86105190148e-05, 0.000103050733742, 0.000197243149159, 0.000231888174312, 0.000121820965433, 9.39714882406e-05],
        "mean": [0.00089838472195, 0.00132925610524, 0.000431973749073, 0.000267404131591, 0.000162679585628, 0.000141773227369, 0.000124009980937, 9.84418511507e-05, 9.49759560172e-05, 6.0764112277e-05, 6.57905693515e-05, 4.89055782964e-05, 2.72712622973e-05, 2.05697906495e-05, 2.00167414732e-05, 1.03288903119e-05, 1.1642345271e-05, 8.82808762981e-06, 1.24735597637e-05, 1.24580810734e-05, 1.30110256578e-05, 9.6028952612e-06, 8.46004877531e-06, 1.27729545056e-05, 1.58509883477e-05, 1.31176602736e-05, 1.57119375217e-05, 1.95854354388e-05, 1.94406111405e-05, 2.13212042581e-05, 2.04108073376e-05, 1.29040772663e-05, 1.15317570817e-05, 9.89106956695e-06, 9.50724097493e-06, 8.90818955668e-06, 1.37342121889e-05, 1.42952394526e-05, 8.17341333459e-06, 6.79984168528e-06],
        "median": [0.000125525461044, 0.000353908835677, 0.000185253564268, 0.000135078895255, 8.81361120264e-05, 6.0693044361e-05, 5.62364875805e-05, 4.4456039177e-05, 3.77652759198e-05, 3.10346513288e-05, 3.41886625392e-05, 1.81088471436e-05, 1.01436153273e-05, 5.64234505873e-06, 5.00384066981e-06, 2.23442384595e-06, 4.07702191296e-06, 2.78214952232e-06, 3.34534706781e-06, 3.43111469192e-06, 3.22305777445e-06, 2.5484237085e-06, 2.2735021048e-06, 2.60728575086e-06, 2.5339700187e-06, 3.02952821585e-06, 3.52738970832e-06, 3.3244007227e-06, 3.60277090294e-06, 4.12241570302e-06, 3.92147103412e-06, 2.803469215e-06, 2.20298920794e-06, 1.9989440716e-06, 1.74356637217e-06, 1.60136028171e-06, 1.96390624296e-06, 1.74195201907e-06, 1.04285572888e-06, 8.11942811652e-07],
        "min": [1.08772322575e-23, 1.07165491797e-23, 3.35717980904e-24, 1.09035715342e-23, 1.39698068196e-23, 7.23222392539e-24, 5.80540371193e-24, 5.12414185646e-24, 7.20171315215e-24, 1.33249524727e-23, 1.35508554147e-23, 1.72409416254e-23, 1.11070597825e-23, 1.48542035137e-23, 1.18311938615e-23, 7.91635250139e-24, 8.89262388072e-24, 1.28892993046e-23, 1.52285937438e-23, 9.52647046262e-24, 1.32555153581e-23, 1.51534594758e-23, 1.02762993191e-23, 1.22626005914e-23, 1.00924978836e-23, 7.22347940225e-24, 1.30174284594e-23, 1.60760259935e-23, 1.33875659404e-23, 1.11808466761e-23, 7.32944629879e-24, 8.18130484704e-24, 1.32328742612e-23, 1.02259005736e-23, 1.24474914437e-23, 1.25978049449e-23, 8.89349872746e-24, 7.71313088815e-24, 1.00663810657e-23, 1.50633699827e-23],
        "var": [6.9823463491e-06, 1.28325918922e-05, 7.90988849531e-07, 4.46099761575e-07, 6.06059273878e-08, 4.02475066608e-08, 5.49643068837e-08, 3.62903911366e-08, 3.57897995684e-08, 9.33030630534e-09, 1.14243867699e-08, 1.37077238449e-08, 7.45270689606e-09, 1.15769243081e-08, 2.1078323087e-08, 6.71381217288e-09, 8.64591453986e-10, 4.88254492392e-10, 1.55222890097e-09, 1.44751532982e-09, 2.41122899425e-09, 5.16909126613e-10, 2.99051644559e-10, 7.32986504826e-10, 1.24293586534e-09, 5.5596388604e-10, 1.10147901911e-09, 1.7714744116e-09, 1.76929049189e-09, 1.63340807546e-09, 1.39176059566e-09, 4.47991865826e-10, 4.02943789446e-10, 2.63938149114e-10, 2.31078836621e-10, 1.99532598777e-10, 5.8913901535e-10, 7.39578953635e-10, 2.01297228886e-10, 1.44831133198e-10]
    },
    "mfcc": {
        "mean": [-653.492004395, 77.2776641846, 27.7358264923, 23.0957164764, -7.06067228317, -0.00622679665685, -0.556959092617, 2.3793694973, 5.50350427628, 2.99194264412, -4.42477798462, -0.79174554348, -3.08387923241],
        "cov": [[4734.52832031, -2575.50854492, 385.216400146, 287.429840088, 96.1727905273, 27.601480484, 158.904281616, -31.7028007507, -46.8925590515, -3.54964351654, 107.954803467, 76.0410461426, -45.8350486755], [-2575.50854492, 3386.84106445, -666.677734375, -151.125671387, 6.98729801178, 65.6979446411, -132.059906006, 114.739463806, 178.446563721, 79.6292877197, -69.2620697021, -49.9883575439, 91.207359314], [385.216400146, -666.677734375, 630.982666016, 83.3966903687, 52.2915458679, 48.8550186157, 85.4304275513, 18.996717453, 25.9865283966, 14.6304197311, 35.133190155, 8.24532318115, -31.906627655], [287.429840088, -151.125671387, 83.3966903687, 379.971282959, 113.70135498, 63.1031761169, 74.695892334, 46.2540626526, 20.3222179413, 50.7545051575, 20.9739551544, 2.46939396858, -13.2772474289], [96.1727905273, 6.98729801178, 52.2915458679, 113.70135498, 205.864562988, 105.985076904, 51.6763916016, 43.1763801575, 47.6529006958, 19.5986785889, 9.51612281799, -2.51997637749, -11.4766492844], [27.601480484, 65.6979446411, 48.8550186157, 63.1031761169, 105.985076904, 143.744018555, 62.111656189, 41.0836791992, 38.7696228027, 14.486574173, 3.89773440361, -3.70427751541, -1.12413072586], [158.904281616, -132.059906006, 85.4304275513, 74.695892334, 51.6763916016, 62.111656189, 113.052337646, 49.177532196, 17.8540477753, 18.1343002319, 10.9256219864, 0.00935395341367, -3.56998324394], [-31.7028007507, 114.739463806, 18.996717453, 46.2540626526, 43.1763801575, 41.0836791992, 49.177532196, 83.0173187256, 50.1329154968, 16.856803894, -0.181712955236, -6.64544487, 5.66497278214], [-46.8925590515, 178.446563721, 25.9865283966, 20.3222179413, 47.6529006958, 38.7696228027, 17.8540477753, 50.1329154968, 103.201828003, 44.3958206177, 0.894440531731, -7.04158639908, 7.29627275467], [-3.54964351654, 79.6292877197, 14.6304197311, 50.7545051575, 19.5986785889, 14.486574173, 18.1343002319, 16.856803894, 44.3958206177, 73.1750717163, 23.9075584412, -2.47918438911, -0.176348879933], [107.954803467, -69.2620697021, 35.133190155, 20.9739551544, 9.51612281799, 3.89773440361, 10.9256219864, -0.181712955236, 0.894440531731, 23.9075584412, 64.1379165649, 30.1636295319, 1.45783352852], [76.0410461426, -49.9883575439, 8.24532318115, 2.46939396858, -2.51997637749, -3.70427751541, 0.00935395341367, -6.64544487, -7.04158639908, -2.47918438911, 30.1636295319, 69.9279632568, 33.1141586304], [-45.8350486755, 91.207359314, -31.906627655, -13.2772474289, -11.4766492844, -1.12413072586, -3.56998324394, 5.66497278214, 7.29627275467, -0.176348879933, 1.45783352852, 33.1141586304, 76.7823791504]],
