{
"lowlevel": {
    "average_loudness": 0.21608389914,
    "barkbands_crest": {
        "dmean": 2.50692033768,
        "dmean2": 4.07480239868,
        "dvar": 6.03235578537,
        "dvar2": 14.9559745789,
        "max": 25.7495708466,
        "mean": 12.1418647766,
        "median": 11.4051837921,
        "min": 2.51771306992,
        "var": 18.6319942474
    },
    "barkbands_flatness_db": {
        "dmean": 0.0246513206512,
        "dmean2": 0.038465809077,
        "dvar": 0.000818868691567,
        "dvar2": 0.0017854529433,
        "max": 0.68131428957,
        "mean": 0.260241925716,
        "median": 0.258281588554,
        "min": 0.0452241785824,
        "var": 0.00852633453906
    },
    "barkbands_kurtosis": {
        "dmean": 5.05550718307,
        "dmean2": 7.8299331665,
        "dvar": 117.957672119,
        "dvar2": 267.159301758,
        "max": 285.96862793,
        "mean": 10.1213531494,
        "median": 6.44694137573,
        "min": -1.93005383015,
        "var": 217.268051147
    },
    "barkbands_skewness": {
        "dmean": 0.605481803417,
        "dmean2": 0.931196212769,
        "dvar": 0.592524349689,
        "dvar2": 1.29491984844,
        "max": 14.5441503525,
        "mean": 2.06923389435,
        "median": 1.88488936424,
        "min": -8.22210788727,
        "var": 1.86761653423
    },
    "barkbands_spread": {
        "dmean": 3.11293721199,
        "dmean2": 5.09367322922,
        "dvar": 50.1837615967,
        "dvar2": 126.990730286,
        "max": 107.392372131,
        "mean": 8.77489566803,
        "median": 5.39830589294,
        "min": 0.149961546063,
        "var": 121.318000793
    },
    "dissonance": {
        "dmean": 0.0301701445132,
        "dmean2": 0.0503541864455,
        "dvar": 0.000882505904883,
        "dvar2": 0.00241967546754,
        "max": 0.499999970198,
        "mean": 0.416489601135,
        "median": 0.430330097675,
        "min": 0.0950652062893,
        "var": 0.00354662095197
    },
    "dynamic_complexity": 4.38299512863,
    "erbbands_crest": {
        "dmean": 2.38141942024,
        "dmean2": 3.78081083298,
        "dvar": 6.77581834793,
        "dvar2": 15.664935112,
        "max": 33.2701416016,
        "mean": 11.1144714355,
        "median": 10.1639661789,
        "min": 2.52909040451,
        "var": 24.2190341949
    },
    "erbbands_flatness_db": {
        "dmean": 0.0180753078312,
        "dmean2": 0.0273656379431,
        "dvar": 0.000494034844451,
        "dvar2": 0.000974881113507,
        "max": 0.480869442225,
        "mean": 0.241830557585,
        "median": 0.249372214079,
        "min": 0.0369940921664,
        "var": 0.00799546856433
    },
    "erbbands_kurtosis": {
        "dmean": 1.812322855,
        "dmean2": 2.86228752136,
        "dvar": 19.5340251923,
        "dvar2": 47.7554664612,
        "max": 200.701080322,
        "mean": 2.80901408195,
        "median": 1.25812411308,
        "min": -1.82069444656,
        "var": 36.0982780457
    },
    "erbbands_skewness": {
        "dmean": 0.405738562346,
        "dmean2": 0.62837934494,
        "dvar": 0.232141271234,
        "dvar2": 0.533149778843,
        "max": 6.72198534012,
        "mean": 1.09921097755,
        "median": 1.06430363655,
        "min": -7.37471294403,
        "var": 0.927786409855
    },
    "erbbands_spread": {
        "dmean": 6.667781353,
        "dmean2": 10.3018598557,
        "dvar": 140.548187256,
        "dvar2": 307.489532471,
        "max": 164.133178711,
        "mean": 25.7488327026,
        "median": 18.2852325439,
        "min": 0.458340376616,
        "var": 506.015258789
    },
    "hfc": {
        "dmean": 5.37112760544,
        "dmean2": 8.72501087189,
        "dvar": 375.264007568,
        "dvar2": 951.128967285,
        "max": 497.82598877,
        "mean": 10.5578279495,
        "median": 6.39532899857,
        "min": 1.2268427855e-16,
        "var": 369.667297363
    },
    "melbands_crest": {
        "dmean": 3.01449537277,
        "dmean2": 4.8482208252,
        "dvar": 9.4251537323,
        "dvar2": 21.4693107605,
        "max": 36.4878311157,
        "mean": 15.1011667252,
        "median": 13.8019475937,
        "min": 1.49618434906,
        "var": 31.7988471985
    },
    "melbands_flatness_db": {
        "dmean": 0.0288477763534,
        "dmean2": 0.0448786355555,
        "dvar": 0.00122921552975,
        "dvar2": 0.00268469331786,
        "max": 0.83474624157,
        "mean": 0.355471104383,
        "median": 0.351315677166,
        "min": 0.00121183984447,
        "var": 0.0142240291461
    },
    "melbands_kurtosis": {
        "dmean": 9.23532676697,
        "dmean2": 14.2031993866,
        "dvar": 627.923339844,
        "dvar2": 1290.7557373,
        "max": 946.262573242,
        "mean": 18.6025066376,
        "median": 10.2569084167,
        "min": -1.91815292835,
        "var": 1427.05053711
    },
    "melbands_skewness": {
        "dmean": 0.74135184288,
        "dmean2": 1.12435400486,
        "dvar": 0.976032078266,
        "dvar2": 2.0527613163,
        "max": 22.5633735657,
        "mean": 2.63380765915,
        "median": 2.24988222122,
        "min": -6.40103006363,
        "var": 3.61693000793
    },
    "melbands_spread": {
        "dmean": 3.06240296364,
        "dmean2": 5.06556367874,
        "dvar": 82.748626709,
        "dvar2": 207.538619995,
        "max": 249.975387573,
        "mean": 8.30115795135,
        "median": 6.06233787537,
        "min": 0.22978708148,
        "var": 120.443496704
    },
    "pitch_salience": {
        "dmean": 0.0737340971828,
        "dmean2": 0.120301641524,
        "dvar": 0.00570752611384,
        "dvar2": 0.0139074651524,
        "max": 0.985217571259,
        "mean": 0.547181069851,
        "median": 0.567867517471,
        "min": 0.0528096184134,
        "var": 0.0172073561698
    },
    "silence_rate_20dB": {
        "dmean": 0.00418981676921,
        "dmean2": 0.00838039722294,
        "dvar": 0.00417264131829,
        "dvar2": 0.0112240267918,
        "max": 1,
        "mean": 0.997085630894,
        "median": 1,
        "min": 0,
        "var": 0.00290536717512
    },
    "silence_rate_30dB": {
        "dmean": 0.0408051721752,
        "dmean2": 0.0816177800298,
        "dvar": 0.0391437038779,
        "dvar2": 0.0878860205412,
        "max": 1,
        "mean": 0.936703085899,
        "median": 1,
        "min": 0,
        "var": 0.0592907741666
    },
    "silence_rate_60dB": {
        "dmean": 0.0191274248064,
        "dmean2": 0.0382583364844,
        "dvar": 0.0187619272619,
        "dvar2": 0.0422613024712,
        "max": 1,
        "mean": 0.103460840881,
        "median": 0,
        "min": 0,
        "var": 0.0927443355322
    },
    "spectral_centroid": {
        "dmean": 118.402038574,
        "dmean2": 195.194046021,
        "dvar": 78270.6875,
        "dvar2": 189834.8125,
        "max": 10850.6201172,
        "mean": 569.294189453,
        "median": 425.345123291,
        "min": 111.034507751,
        "var": 262452.09375
    },
    "spectral_complexity": {
        "dmean": 1.89233994484,
        "dmean2": 3.14920759201,
        "dvar": 8.97374916077,
        "dvar2": 20.7861785889,
        "max": 56,
        "mean": 10.4730415344,
        "median": 10,
        "min": 0,
        "var": 31.6655597687
    },
    "spectral_decrease": {
        "dmean": 4.30955404696e-09,
        "dmean2": 6.78646872032e-09,
        "dvar": 1.30126614427e-16,
        "dvar2": 3.06419356746e-16,
        "max": -6.16258348904e-30,
        "mean": -8.94446294808e-09,
        "median": -4.60832172422e-09,
        "min": -3.52030468775e-07,
        "var": 1.94244652724e-16
    },
    "spectral_energy": {
        "dmean": 0.0166827216744,
        "dmean2": 0.0262574870139,
        "dvar": 0.00192349799909,
        "dvar2": 0.0045297392644,
        "max": 1.33526182175,
        "mean": 0.0347160696983,
        "median": 0.0180712342262,
        "min": 1.11510853207e-20,
        "var": 0.00286534545012
    },
    "spectral_energyband_high": {
        "dmean": 0.00032502101385,
        "dmean2": 0.000541046319995,
        "dvar": 3.82553707823e-06,
        "dvar2": 9.98021005216e-06,
        "max": 0.05377978459,
        "mean": 0.00035119210952,
        "median": 5.36589595868e-06,
        "min": 8.08805086051e-21,
        "var": 3.2151654068e-06
    },
    "spectral_energyband_low": {
        "dmean": 0.0119664194062,
        "dmean2": 0.018810864538,
        "dvar": 0.0014557512477,
        "dvar2": 0.00340159283951,
        "max": 1.32508850098,
        "mean": 0.0183961410075,
        "median": 0.00396932754666,
        "min": 2.61744143016e-23,
        "var": 0.002043945482
    },
    "spectral_energyband_middle_high": {
        "dmean": 0.0005683923373,
        "dmean2": 0.00093875057064,
        "dvar": 8.20184868644e-06,
        "dvar2": 2.2103309675e-05,
        "max": 0.0737260505557,
        "mean": 0.00112735130824,
        "median": 0.000668607710395,
        "min": 1.64506049192e-21,
        "var": 6.45567570245e-06
    },
    "spectral_energyband_middle_low": {
        "dmean": 0.0069611244835,
        "dmean2": 0.011287287809,
        "dvar": 0.000296233862173,
        "dvar2": 0.00072543969145,
        "max": 0.337626427412,
        "mean": 0.0171267669648,
        "median": 0.0109969042242,
        "min": 3.29816786995e-22,
        "var": 0.000458642811282
    },
    "spectral_entropy": {
        "dmean": 0.206560596824,
        "dmean2": 0.318359524012,
        "dvar": 0.0728287324309,
        "dvar2": 0.152120381594,
        "max": 9.81805324554,
        "mean": 6.46594524384,
        "median": 6.44150066376,
        "min": 3.872423172,
        "var": 0.833024382591
    },
    "spectral_flux": {
        "dmean": 0.0337011180818,
        "dmean2": 0.0554491169751,
        "dvar": 0.00381182041019,
        "dvar2": 0.00910801161081,
        "max": 0.784910678864,
        "mean": 0.0708927288651,
        "median": 0.0496038608253,
        "min": 1.05598696454e-10,
        "var": 0.00539610022679
    },
    "spectral_kurtosis": {
        "dmean": 12.8114051819,
        "dmean2": 21.5679645538,
        "dvar": 392.255065918,
        "dvar2": 1043.44458008,
        "max": 290.168762207,
        "mean": 37.8198814392,
        "median": 16.0720920563,
        "min": -1.23767590523,
        "var": 2026.87963867
    },
    "spectral_rms": {
        "dmean": 0.00106336828321,
        "dmean2": 0.00162310630549,
        "dvar": 3.60244621334e-06,
        "dvar2": 7.78203502705e-06,
        "max": 0.0360928587615,
        "mean": 0.00486475089565,
        "median": 0.00419886549935,
        "min": 3.29834922395e-12,
        "var": 1.02035392047e-05
    },
    "spectral_rolloff": {
        "dmean": 219.881546021,
        "dmean2": 395.55178833,
        "dvar": 628494,
        "dvar2": 1568660.875,
        "max": 19379.8828125,
        "mean": 598.327209473,
        "median": 409.130859375,
        "min": 43.06640625,
        "var": 891122
    },
    "spectral_skewness": {
        "dmean": 0.77702575922,
        "dmean2": 1.30421829224,
        "dvar": 0.988527476788,
        "dvar2": 2.5619571209,
        "max": 14.012717247,
        "mean": 3.98527193069,
        "median": 3.04913043976,
        "min": -0.0716314762831,
        "var": 7.20261907578
    },
    "spectral_spread": {
        "dmean": 543658.0625,
        "dmean2": 829870.6875,
        "dvar": 833899266048,
        "dvar2": 1.45853212262e+12,
        "max": 42343976,
        "mean": 3095851.25,
        "median": 2183841.5,
        "min": 318025.1875,
        "var": 5.43891180749e+12
    },
    "spectral_strongpeak": {
        "dmean": 0.337815493345,
        "dmean2": 0.567582190037,
        "dvar": 0.474416255951,
        "dvar2": 1.25501823425,
        "max": 12.8615589142,
        "mean": 0.735072314739,
        "median": 0.544249773026,
        "min": 0,
        "var": 0.560700893402
    },
    "zerocrossingrate": {
        "dmean": 0.00581783615053,
        "dmean2": 0.00742291565984,
        "dvar": 0.0001262568112,
        "dvar2": 0.000195412081666,
        "max": 0.51318359375,
        "mean": 0.0290386378765,
        "median": 0.02099609375,
        "min": 0.001953125,
        "var": 0.000766170327552
    },
    "barkbands": {
        "dmean": [0.000389805238228, 0.00694735022262, 0.00432599941269, 0.00307253864594, 0.00313938152976, 0.00184670614544, 0.000511963735335, 0.0002670167014, 0.000228913515457, 0.000121738135931, 0.000121647048218, 5.59406107641e-05, 6.01545289101e-05, 5.02754010085e-05, 4.6639568609e-05, 0.000226994918194, 3.36644006893e-05, 3.8828500692e-05, 3.84954073525e-05, 4.30100808444e-05, 4.60137125629e-05, 5.75245248911e-05, 0.000115557428217, 5.10340032633e-05, 3.59573350579e-05, 1.37660763357e-05, 3.82174647484e-07],
        "dmean2": [0.000635936041363, 0.0109902461991, 0.00712602352723, 0.00507272500545, 0.00521148275584, 0.00281737325713, 0.000801697489806, 0.000408580555813, 0.000302672619, 0.000184111660928, 0.000171798295924, 9.05563938431e-05, 9.53321869019e-05, 8.3051083493e-05, 7.84668009146e-05, 0.000403068523156, 5.77514110773e-05, 7.04820995452e-05, 7.00504751876e-05, 7.35533321858e-05, 7.94713705545e-05, 9.63905185927e-05, 0.00020552330534, 8.07217438705e-05, 5.75516023673e-05, 2.24719842663e-05, 6.20560740572e-07],
        "dvar": [2.34321714743e-06, 0.000747326528654, 0.000240334047703, 7.51436891733e-05, 0.000103520709672, 1.14701024359e-05, 2.56919156527e-06, 5.46090291209e-07, 1.54175012312e-07, 1.56597963041e-07, 8.67573319852e-08, 3.14868309204e-08, 2.0346632823e-08, 8.72625349757e-09, 1.51062646836e-08, 6.02078216616e-06, 4.35670735044e-08, 5.02939805358e-08, 4.3155264251e-08, 4.46672316912e-08, 6.67086652584e-08, 1.00321599916e-07, 8.44623457397e-07, 7.14784675893e-08, 3.835603124e-08, 8.72720562484e-09, 1.90370497144e-11],
        "dvar2": [6.0429279074e-06, 0.00170764292125, 0.000610966759268, 0.000175001681782, 0.00026149241603, 2.63361725956e-05, 7.19897025192e-06, 1.37223980801e-06, 2.45483136041e-07, 3.90667935335e-07, 1.61901880347e-07, 7.08323497634e-08, 4.69708609785e-08, 2.35502817247e-08, 3.99318800248e-08, 1.65435685631e-05, 1.18711540154e-07, 1.44124484791e-07, 1.23200578628e-07, 1.17826303381e-07, 1.77054062078e-07, 2.58868112724e-07, 2.33105993175e-06, 1.71467505083e-07, 9.46229334886e-08, 2.16966036248e-08, 4.66227161044e-11],
        "max": [0.0796557590365, 1.2464004755, 0.253333508968, 0.201844722033, 0.279125779867, 0.0915852412581, 0.0504380464554, 0.0225899070501, 0.0153006967157, 0.0174528770149, 0.0123710865155, 0.0092758256942, 0.00467549776658, 0.00150786840823, 0.0027909129858, 0.0589638091624, 0.00831047911197, 0.00602220790461, 0.0045804604888, 0.00756580894813, 0.0066009471193, 0.00735066412017, 0.0255181267858, 0.00779106607661, 0.0046297069639, 0.00283491029404, 0.000190139820916],
        "mean": [0.000754323380534, 0.0105267232284, 0.00490093231201, 0.00429771980271, 0.00511220889166, 0.00510453199968, 0.00135402882006, 0.000582105538342, 0.000519071414601, 0.000273314566584, 0.00025089571136, 9.99826879706e-05, 0.000106334860902, 8.90566661838e-05, 6.96343558957e-05, 0.000172336935066, 4.53674983873e-05, 4.02728037443e-05, 4.16744514951e-05, 5.33320853719e-05, 5.11268444825e-05, 6.26336186542e-05, 9.65460203588e-05, 6.14776290604e-05, 3.83258957299e-05, 1.17976560432e-05, 3.30270808035e-07],
        "median": [1.62624237419e-05, 0.00144283333793, 0.000768791185692, 0.000774238957092, 0.00241104257293, 0.00270475773141, 0.000611216411926, 0.000247374118771, 0.000243516420596, 0.000108499298221, 0.000111302957521, 4.62447678728e-05, 4.12185690948e-05, 4.02332443628e-05, 2.98106551782e-05, 2.06390323001e-05, 1.43621964526e-05, 7.66324137658e-06, 5.89994897382e-06, 3.61327738574e-06, 1.42849080476e-06, 4.63318883703e-07, 3.20798221765e-07, 3.01688316995e-07, 8.59937898667e-08, 3.01028961758e-08, 1.96480653969e-09],
        "min": [2.32722328966e-24, 1.60661952089e-23, 5.48113257608e-24, 1.11715815048e-23, 5.33760832739e-23, 3.16466319606e-23, 4.49904287425e-23, 1.14325269103e-22, 6.75551827803e-23, 2.68293708013e-23, 1.18433606211e-22, 1.60745404107e-22, 1.55981264841e-22, 1.5712231112e-22, 1.54082041191e-22, 8.14145033193e-23, 1.29586509067e-22, 2.36393870634e-22, 2.87666699274e-22, 3.95606322365e-22, 4.88183125452e-22, 4.73827119154e-22, 7.76867493158e-22, 9.18675653836e-22, 1.05765855651e-21, 1.87254404611e-21, 2.51401655269e-21],
        "var": [5.02197599417e-06, 0.00110067683272, 0.000240732799284, 0.000117924333608, 0.000108621759864, 4.58838294435e-05, 4.76031391372e-06, 1.12373970751e-06, 6.77713387631e-07, 2.71976034583e-07, 2.69067385261e-07, 7.4551557816e-08, 3.98902493259e-08, 1.91376710035e-08, 1.69143756779e-08, 3.80993947147e-06, 3.43167840811e-08, 3.39551782247e-08, 3.12580397122e-08, 5.06756592245e-08, 5.99116845024e-08, 1.0130619188e-07, 5.51679249838e-07, 7.46691597442e-08, 3.74134678793e-08, 7.95948285059e-09, 1.75236700151e-11]
    },
    "erbbands": {
        "dmean": [0.213199213147, 1.56409692764, 4.57547426224, 8.10937690735, 10.4618320465, 10.5644578934, 12.2364187241, 14.8810815811, 9.1961889267, 8.50745296478, 4.76143741608, 4.93953704834, 4.85407352448, 3.20552635193, 4.15809774399, 2.5346031189, 2.66898775101, 2.46042871475, 2.04316210747, 3.59661984444, 14.8202190399, 2.52531504631, 1.88126993179, 2.31072235107, 1.79380178452, 2.00179171562, 2.04197692871, 1.652821064, 1.96137726307, 3.61595964432, 2.64485120773, 1.19827508926, 0.844402909279, 0.43429389596, 0.220477089286, 0.0904872789979, 0.0209443252534, 0.00228280108422, 5.95791934757e-05, 2.08611472772e-05],
        "dmean2": [0.329747498035, 2.51053881645, 7.56831359863, 13.1349248886, 17.4054164886, 17.5814552307, 18.8575534821, 23.2723999023, 14.5686216354, 13.1382322311, 6.94505834579, 6.55003881454, 6.90653610229, 4.78356695175, 5.98267412186, 4.10739612579, 4.21865081787, 4.02713489532, 3.38564586639, 6.2216963768, 26.2949085236, 4.34123134613, 3.39682817459, 4.23907613754, 3.20965147018, 3.4314904213, 3.51949596405, 2.84044528008, 3.33226466179, 6.35825061798, 4.64426898956, 1.97422719002, 1.31786394119, 0.689500749111, 0.358893692493, 0.149812981486, 0.0341856367886, 0.00345405656844, 9.15967248147e-05, 3.27494744852e-05],
        "dvar": [1.09441959858, 33.7959136963, 303.600158691, 536.91229248, 1330.13964844, 829.767211914, 619.772949219, 850.520202637, 407.543457031, 1161.36328125, 115.987419128, 78.6281967163, 149.069763184, 88.48878479, 112.680427551, 76.5785369873, 41.7975730896, 22.8091068268, 18.7492046356, 310.360290527, 26945.5410156, 342.22845459, 105.975074768, 203.407485962, 72.9091186523, 92.2563018799, 117.532485962, 90.9170150757, 116.669242859, 749.433837891, 399.32043457, 50.1018600464, 17.8169651031, 5.7712893486, 1.53874242306, 0.285845071077, 0.0260842964053, 0.000497536035255, 2.30839148685e-07, 3.25396709577e-09],
        "dvar2": [2.46515893936, 81.1823043823, 767.387573242, 1289.19006348, 3405.07641602, 2087.64355469, 1354.55505371, 2067.73193359, 1127.23828125, 3186.67333984, 258.674530029, 122.648750305, 350.872680664, 196.351425171, 231.456344604, 170.390457153, 94.5843963623, 60.7979927063, 46.0826225281, 837.900878906, 73984.890625, 907.527770996, 298.516235352, 589.890930176, 200.945648193, 240.861206055, 314.126220703, 237.998657227, 306.69128418, 2073.93701172, 1087.74279785, 126.088027954, 42.1823997498, 14.1227798462, 3.78780579567, 0.720383226871, 0.0648279413581, 0.00113135506399, 5.26428379999e-07, 7.61513430092e-09],
        "max": [59.5839576721, 186.561187744, 356.685882568, 325.177032471, 961.432739258, 887.758178711, 426.150115967, 738.864074707, 599.839233398, 1052.89672852, 328.642364502, 405.83883667, 306.130157471, 626.524108887, 384.312591553, 477.967254639, 229.458618164, 88.4805908203, 116.723220825, 335.222137451, 3994.11694336, 690.602783203, 270.700958252, 294.011993408, 256.22265625, 246.363082886, 301.219482422, 286.534881592, 244.145507812, 753.31451416, 509.054107666, 190.508285522, 102.644088745, 64.0509109497, 32.0924263, 13.5572853088, 5.16055202484, 0.756258606911, 0.0166586134583, 0.00143845367711],
        "mean": [0.310198754072, 2.27883052826, 5.5302977562, 11.1389198303, 14.4729223251, 18.3666610718, 27.1371707916, 40.839756012, 25.9708499908, 18.8072414398, 12.1828041077, 12.0136070251, 12.028219223, 6.9435338974, 8.98948192596, 5.03760147095, 4.86241483688, 4.52575826645, 3.61126613617, 4.43451786041, 11.0722475052, 2.93891406059, 2.1004216671, 2.31893110275, 2.11739420891, 2.50399136543, 2.32041096687, 1.86828076839, 2.13919186592, 3.12270736694, 2.33009886742, 1.32228648663, 1.00974822044, 0.487571686506, 0.222738191485, 0.0784459635615, 0.0176194980741, 0.00210573640652, 6.49748471915e-05, 4.11188593716e-05],
        "median": [0.0280435979366, 0.343590199947, 1.02248859406, 2.31784439087, 4.38998317719, 8.07317352295, 14.364151001, 20.3698501587, 11.4034729004, 6.76375484467, 5.90079307556, 6.21765232086, 5.19933748245, 3.48318147659, 4.36534833908, 2.57355880737, 2.12662768364, 2.16217708588, 1.67756700516, 1.68428397179, 1.29392147064, 0.814775466919, 0.495822310448, 0.386209368706, 0.252161771059, 0.18710000813, 0.0798382908106, 0.0399648100138, 0.0183365345001, 0.013436508365, 0.00866136420518, 0.00631704647094, 0.0044327378273, 0.00140788033605, 0.000464745564386, 0.000191758997971, 5.75704398216e-05, 1.23619083752e-05, 1.06973666334e-05, 2.10636044358e-05],
        "min": [2.23667714076e-22, 4.45215343643e-21, 9.16022072163e-21, 1.67925112205e-20, 7.9977631273e-20, 2.43329187554e-19, 1.9461932594e-19, 2.73778869125e-19, 3.8464994498e-19, 1.99293638279e-18, 2.04838746912e-18, 1.4151984946e-18, 1.35676397459e-18, 2.33484942103e-18, 6.75968853292e-18, 5.11347090094e-18, 6.62199770252e-18, 8.17976573877e-18, 6.57252857957e-18, 7.30230164396e-18, 5.00519668107e-18, 7.74008781034e-18, 1.22575246219e-17, 1.40223922138e-17, 1.45812668685e-17, 1.8356807043e-17, 2.28760123668e-17, 1.75059541757e-17, 1.9036005044e-17, 1.84281778406e-17, 2.23720922832e-17, 1.71490869528e-17, 1.73654757466e-17, 1.01618468236e-17, 9.03683155968e-18, 6.00548923863e-18, 3.44483253847e-18, 1.41746662384e-18, 3.90041094623e-19, 3.45461416893e-20],
        "var": [1.63978981972, 45.730846405, 315.018249512, 697.667907715, 1354.00878906, 1151.21130371, 1407.63427734, 3262.7097168, 1919.50561523, 1602.97302246, 385.110595703, 375.823699951, 375.386108398, 166.601257324, 304.745605469, 187.163955688, 80.5636062622, 48.3100013733, 34.0924453735, 223.482086182, 17064.7265625, 256.794616699, 77.8545684814, 128.227737427, 72.2185668945, 101.305839539, 110.944259644, 82.1734390259, 111.447143555, 497.557281494, 273.80960083, 44.8420295715, 19.3159351349, 5.73267793655, 1.47167086601, 0.248640999198, 0.0239599142224, 0.000538381340448, 2.49324926926e-07, 4.43694281316e-09]
    },
    "gfcc": {
        "mean": [-113.019500732, 169.530593872, -89.4209213257, 6.87643241882, -53.1211357117, 1.61628866196, -40.9214324951, -2.61205887794, -18.8936080933, -4.45647668839, -6.67845964432, -5.63934469223, 0.732419848442],
        "cov": [[13310.5732422, -2330.55224609, -1122.7824707, 2702.08935547, -950.979431152, 950.687133789, -379.1199646, 518.878295898, -60.5425186157, 110.260360718, -21.4067554474, -202.378616333, -13.4837617874], [-2330.55224609, 3654.85864258, -38.2678909302, -1608.93994141, 1200.86633301, -804.713256836, 367.284942627, -466.886413574, 260.168060303, -345.962097168, 175.535202026, -187.092056274, 171.326873779], [-1122.7824707, -38.2678909302, 1105.86022949, -62.2565116882, 14.4687843323, 249.075637817, 79.6660308838, 44.3877639771, 5.96365451813, 75.9037780762, -32.0496406555, 72.6598434448, -64.9198760986], [2702.08935547, -1608.93994141, -62.2565116882, 1405.52648926, -409.40057373, 505.005187988, -34.188457489, 294.142272949, -42.072845459, 127.983047485, -2.23186302185, 1.68285953999, -16.6674175262], [-950.979431152, 1200.86633301, 14.4687843323, -409.40057373, 757.880187988, -242.526580811, 215.725204468, -99.7230072021, 113.667160034, -103.433807373, 58.6199035645, -40.5056228638, 64.9445114136], [950.687133789, -804.713256836, 249.075637817, 505.005187988, -242.526580811, 473.546875, -35.8260955811, 168.417800903, -27.8301811218, 93.7445602417, -10.2286672592, 23.1918830872, -25.7333469391], [-379.1199646, 367.284942627, 79.6660308838, -34.188457489, 215.725204468, -35.8260955811, 213.314346313, -1.40504133701, 52.9302406311, -17.5814380646, 33.9849128723, -2.72931146622, 10.5314025879], [518.878295898, -466.886413574, 44.3877639771, 294.142272949, -99.7230072021, 168.417800903, -1.40504133701, 194.797821045, 21.6017017365, 70.2685852051, 0.855983376503, 22.3473796844, -13.1961660385], [-60.5425186157, 260.168060303, 5.96365451813, -42.072845459, 113.667160034, -27.8301811218, 52.9302406311, 21.6017017365, 125.537620544, 15.850066185, 42.9967536926, -14.8614740372, 29.2055625916], [110.260360718, -345.962097168, 75.9037780762, 127.983047485, -103.433807373, 93.7445602417, -17.5814380646, 70.2685852051, 15.850066185, 125.104301453, 15.6193447113, 43.0448646545, -23.0081424713], [-21.4067554474, 175.535202026, -32.0496406555, -2.23186302185, 58.6199035645, -10.2286672592, 33.9849128723, 0.855983376503, 42.9967536926, 15.6193447113, 107.698684692, 12.6396903992, 37.5108375549], [-202.378616333, -187.092056274, 72.6598434448, 1.68285953999, -40.5056228638, 23.1918830872, -2.72931146622, 22.3473796844, -14.8614740372, 43.0448646545, 12.6396903992, 104.494003296, 7.2996969223], [-13.4837617874, 171.326873779, -64.9198760986, -16.6674175262, 64.9445114136, -25.7333469391, 10.5314025879, -13.1961660385, 29.2055625916, -23.0081424713, 37.5108375549, 7.2996969223, 97.6571960449]],
        "icov": [[0.000211263570236, -0.000462320400402, 0.00027414035867, -0.000653896655422, 0.000218484841753, -0.000330563809257, 0.000547460454982, -0.0002151918452, 0.000112187641207, -0.000217497887206, 0.000444646866526, -0.000353781157173, 0.000361227663234], [-0.000462320400402, 0.00385182024911, -0.00104710937012, 0.00330484192818, -0.00189389765728, 0.00146663945634, -0.00276855332777, 0.00198478158563, -0.0022544125095, 0.00308905611746, -0.0038658787962, 0.00414520641789, -0.00216361600906], [0.00027414035867, -0.00104710937012, 0.00181832746603, -0.000723297940567, 0.000369833811419, -0.00184524001088, 0.000342774379533, -0.000120775701362, 0.000126172148157, -0.00101198966149, 0.00162706512492, -0.00186962855514, 0.00141335383523], [-0.000653896655422, 0.00330484192818, -0.000723297940567, 0.00485582044348, -0.00119434972294, 0.000243482994847, -0.00341277313419, 0.000425555626862, -0.0010639821412, 0.00203442736529, -0.00336206448264, 0.00396775407717, -0.00246398127638], [0.000218484841753, -0.00189389765728, 0.000369833811419, -0.00119434972294, 0.00368375191465, -0.00017957680393, -0.000758440990467, -0.00103468354791, -1.33170688059e-05, -0.00037953077117, 0.00159797072411, -0.00159341411199, 0.0002595227852], [-0.000330563809257, 0.00146663945634, -0.00184524001088, 0.000243482994847, -0.00017957680393, 0.00603428296745, -0.00084826751845, -0.0013844803907, 0.000376621144824, 0.000255141843809, -0.00193828111514, 0.00243019498885, -0.00167955155484], [0.000547460454982, -0.00276855332777, 0.000342774379533, -0.00341277313419, -0.000758440990467, -0.00084826751845, 0.00989091116935, -0.0016631038161, -5.28886048414e-05, -0.000870853662491, 0.00135844759643, -0.00360324070789, 0.00312573183328], [-0.0002151918452, 0.00198478158563, -0.000120775701362, 0.000425555626862, -0.00103468354791, -0.0013844803907, -0.0016631038161, 0.0111129926518, -0.00428517209366, -0.000511750928126, -0.000650998903438, 0.000389534223359, -0.00013322068844], [0.000112187641207, -0.0022544125095, 0.000126172148157, -0.0010639821412, -1.33170688059e-05, 0.000376621144824, -5.28886048414e-05, -0.00428517209366, 0.0149493040517, -0.00608889060095, -0.000664093648084, 0.00181741465349, -0.00237847934477], [-0.000217497887206, 0.00308905611746, -0.00101198966149, 0.00203442736529, -0.00037953077117, 0.000255141843809, -0.000870853662491, -0.000511750928126, -0.00608889060095, 0.0176144950092, -0.00572554254904, -0.00196766597219, 0.00288674258627], [0.000444646866526, -0.0038658787962, 0.00162706512492, -0.00336206448264, 0.00159797072411, -0.00193828111514, 0.00135844759643, -0.000650998903438, -0.000664093648084, -0.00572554254904, 0.0169549975544, -0.00558129884303, -0.00170219677966], [-0.000353781157173, 0.00414520641789, -0.00186962855514, 0.00396775407717, -0.00159341411199, 0.00243019498885, -0.00360324070789, 0.000389534223359, 0.00181741465349, -0.00196766597219, -0.00558129884303, 0.0183702837676, -0.00598195148632], [0.000361227663234, -0.00216361600906, 0.00141335383523, -0.00246398127638, 0.0002595227852, -0.00167955155484, 0.00312573183328, -0.00013322068844, -0.00237847934477, 0.00288674258627, -0.00170219677966, -0.00598195148632, 0.0161267388612]]
    },
    "melbands": {
        "dmean": [0.00188034074381, 0.00225798413157, 0.00146518670954, 0.000737162539735, 0.00042869662866, 0.000339557998814, 0.000133122710395, 8.62090964802e-05, 3.70296438632e-05, 3.10871218971e-05, 2.44822476816e-05, 1.29720128825e-05, 1.70945331774e-05, 7.4053600656e-06, 6.5573080974e-06, 5.13646909894e-06, 4.64304957859e-06, 3.70764405488e-06, 3.21043103213e-06, 7.64557717048e-06, 1.84950276889e-05, 2.13130510929e-06, 1.38025632168e-06, 2.06436857297e-06, 1.93668893189e-06, 1.34273921049e-06, 1.37087943131e-06, 1.36099072279e-06, 1.37040399295e-06, 1.20485924526e-06, 8.84035046056e-07, 1.08913502572e-06, 1.19859691949e-06, 2.64502909886e-06, 1.72698571532e-06, 9.92152877188e-07, 6.83638972987e-07, 6.54020197999e-07, 4.8868093927e-07, 3.22794335261e-07],
        "dmean2": [0.00295959808864, 0.00367964222096, 0.00238254596479, 0.00123084383085, 0.000669252185617, 0.000524350150954, 0.000211723934626, 0.000133319554152, 5.25139075762e-05, 4.13242523791e-05, 3.49082620232e-05, 1.96323071577e-05, 2.41475881921e-05, 1.1863868167e-05, 1.05088493001e-05, 8.20351669972e-06, 7.6180481301e-06, 6.1691416704e-06, 5.4905513025e-06, 1.35542495627e-05, 3.26660556311e-05, 3.67066013496e-06, 2.40237409344e-06, 3.76917023459e-06, 3.56037230631e-06, 2.44357624979e-06, 2.37649078372e-06, 2.3405182219e-06, 2.36603409576e-06, 2.1300888875e-06, 1.50233381646e-06, 1.87489433756e-06, 1.9919141323e-06, 4.72001556773e-06, 3.03700198856e-06, 1.7164016981e-06, 1.11615327114e-06, 1.02778756172e-06, 7.65358493027e-07, 5.18574267971e-07],
        "dvar": [6.6586304456e-05, 6.78087817505e-05, 1.61208190548e-05, 6.98923622622e-06, 7.20842820101e-07, 4.17626210947e-07, 9.81275576351e-08, 1.11477270082e-07, 5.36427657849e-09, 2.83577716864e-09, 3.88611454127e-09, 1.69304659181e-09, 1.84664938896e-09, 4.90834650702e-10, 2.71452998968e-10, 1.25587262811e-10, 7.61528617943e-11, 5.26779661558e-11, 1.03835558207e-10, 3.96261778945e-09, 4.17672190167e-08, 2.05843425638e-10, 3.5719878444e-11, 1.46848547211e-10, 1.4513562574e-10, 4.43660524985e-11, 6.35049790532e-11, 4.45005317318e-11, 5.73771030687e-11, 4.52675015528e-11, 2.42674300793e-11, 3.40975581103e-11, 4.95295297831e-11, 4.60032012484e-10, 1.6389654911e-10, 5.05138361695e-11, 1.33952467174e-11, 1.01001949859e-11, 7.04295519474e-12, 3.32976571663e-12],
        "dvar2": [0.000150568041136, 0.000168840197148, 3.91654248233e-05, 1.77695892489e-05, 1.64315838447e-06, 1.00454144558e-06, 2.7660445312e-07, 3.05860794469e-07, 1.10795408403e-08, 4.54453630283e-09, 9.23613452386e-09, 3.83427822825e-09, 3.46675133045e-09, 1.13048859163e-09, 6.04861716269e-10, 3.16979359427e-10, 2.00937974593e-10, 1.32670180397e-10, 2.84068324419e-10, 1.09780184943e-08, 1.141471202e-07, 5.63605662141e-10, 9.44794034674e-11, 4.24330737214e-10, 4.21578022491e-10, 1.26037513759e-10, 1.69678993078e-10, 1.18788368031e-10, 1.56312060517e-10, 1.21907747785e-10, 6.25747370586e-11, 9.02228292077e-11, 1.2058486154e-10, 1.28527721799e-09, 4.47338721621e-10, 1.33220656728e-10, 3.29219117245e-11, 2.408926357e-11, 1.6878810849e-11, 8.29058349749e-12],
        "max": [0.427358478308, 0.173485919833, 0.0659037232399, 0.0718226805329, 0.0122057842091, 0.0167848542333, 0.00890015158802, 0.0102910827845, 0.00217905989848, 0.00218169041909, 0.00158018944785, 0.00279036373831, 0.00184318050742, 0.00100321625359, 0.000549482530914, 0.000312674848828, 0.000158957016538, 0.000165094010299, 0.000232832186157, 0.0013613171177, 0.00512253958732, 0.000581313972361, 0.000162941098097, 0.000345340085914, 0.000253957376117, 0.000141414828249, 0.000439855677541, 0.000169004691998, 0.000219717243453, 0.00020590701024, 0.000148446386447, 0.000122693381854, 0.000241757428739, 0.000607624417171, 0.000320461665979, 0.000190461680177, 9.68785898294e-05, 8.90622322913e-05, 6.90756060067e-05, 5.23949202034e-05],
        "mean": [0.00284096249379, 0.00305641116574, 0.00206496356986, 0.00114137516357, 0.000961760117207, 0.00095938652521, 0.000370097899577, 0.000182999312528, 9.47883891058e-05, 7.26081125322e-05, 5.85420530115e-05, 2.60003307631e-05, 3.56733471563e-05, 1.38158029586e-05, 1.1714262655e-05, 9.54254937824e-06, 8.20227887743e-06, 6.0730021687e-06, 4.63857077193e-06, 7.2532957347e-06, 1.36268581628e-05, 2.70220925813e-06, 1.7243420416e-06, 2.04914454116e-06, 1.8627775944e-06, 1.49604181843e-06, 1.63290360433e-06, 1.6650744783e-06, 1.53039945872e-06, 1.24257644529e-06, 1.014587383e-06, 1.1661023791e-06, 1.28443639369e-06, 2.08803089663e-06, 1.49877689637e-06, 8.94747302027e-07, 8.08443189726e-07, 7.75519254148e-07, 5.62712727969e-07, 3.51959073441e-07],
        "median": [0.000368444190826, 0.000607759924605, 0.000513750128448, 0.000479112321045, 0.000522511545569, 0.00048210832756, 0.000163977572811, 6.52230301057e-05, 4.54115725006e-05, 3.63408253179e-05, 2.36825144384e-05, 1.20858094306e-05, 1.58490875037e-05, 6.37337325315e-06, 5.10471818416e-06, 4.27220811616e-06, 3.69709891856e-06, 2.61732111539e-06, 2.00713134291e-06, 1.82526673598e-06, 1.31599244924e-06, 8.22190202143e-07, 4.14475920252e-07, 3.94894016154e-07, 2.74053974181e-07, 1.87945531138e-07, 1.47053967225e-07, 1.11271617698e-07, 4.84063136241e-08, 3.25948370516e-08, 1.8965488735e-08, 1.04965218739e-08, 7.53958673272e-09, 7.05012270785e-09, 5.36089928005e-09, 2.74943490197e-09, 3.92954024875e-09, 3.46890893788e-09, 1.72847980373e-09, 7.57633178416e-10],
        "min": [3.78939906559e-24, 5.36030472338e-24, 4.84717634251e-24, 1.14882239612e-23, 8.45852634635e-24, 6.02153976705e-24, 6.34341118803e-24, 2.29931386415e-23, 1.45644470146e-23, 9.38141393051e-24, 6.61555084539e-24, 8.15838291572e-24, 2.0766660778e-23, 2.13017246197e-23, 1.248086026e-23, 1.49160233874e-23, 1.454750386e-23, 9.60534156479e-24, 1.33313911554e-23, 6.45977211585e-24, 5.52156682507e-24, 7.84114960243e-24, 7.50257129077e-24, 1.37837003326e-23, 1.08845449981e-23, 1.03550339483e-23, 9.96019565464e-24, 1.28980556606e-23, 1.50686001305e-23, 1.18098701624e-23, 9.00122083952e-24, 1.13452184675e-23, 7.82089165438e-24, 1.16637794337e-23, 1.37615648956e-23, 1.01331754962e-23, 1.09127183764e-23, 1.27964148773e-23, 1.00491728539e-23, 7.96122527626e-24],
        "var": [9.79620017461e-05, 7.89550176705e-05, 2.10504204006e-05, 6.91615605319e-06, 1.61449179359e-06, 1.75949003278e-06, 3.74344978127e-07, 1.49040630504e-07, 2.17668265634e-08, 1.27758390533e-08, 9.39813915579e-09, 2.88719981256e-09, 5.74549829935e-09, 1.0782903459e-09, 5.85791803953e-10, 2.44858827658e-10, 1.63754537708e-10, 9.60442281261e-11, 9.31758489808e-11, 2.49194620494e-09, 2.67371458307e-08, 1.56525875594e-10, 3.65173759287e-11, 9.41670144639e-11, 9.00887212052e-11, 3.53650199403e-11, 6.56666804266e-11, 4.4790803011e-11, 5.24579130134e-11, 3.75542826003e-11, 2.30077536884e-11, 3.09419954936e-11, 6.01332525441e-11, 2.88419066408e-10, 1.12500807281e-10, 3.71425876167e-11, 1.35956679942e-11, 1.10598787073e-11, 7.19939169044e-12, 3.18069442312e-12]
    },
    "mfcc": {
        "mean": [-757.042053223, 193.640487671, 25.7773933411, 10.7331171036, 8.48573303223, -0.384489834309, -5.30921554565, -5.19516277313, -5.20559597015, -2.06968688965, -7.2878203392, -2.96701455116, 0.19647796452],
        "cov": [[12153.0390625, -2925.14135742, -332.308685303, 1157.32104492, 123.276786804, 219.708084106, 149.845611572, 191.088806152, 42.8056755066, 336.535064697, 103.496833801, 77.3273239136, -114.216148376], [-2925.14135742, 4142.77832031, -623.730285645, -538.919555664, 284.552886963, -147.557266235, -43.1751060486, -111.181549072, -11.1955595016, -172.391708374, -59.2984352112, -95.4383392334, -6.79470825195], [-332.308685303, -623.730285645, 1057.51660156, -26.5680141449, -58.9120025635, 192.671127319, 41.8505401611, 71.6170959473, 26.4228534698, 46.6155471802, 29.5775279999, 40.2129402161, 37.0561714172], [1157.32104492, -538.919555664, -26.5680141449, 477.145263672, 74.8373794556, 53.7846336365, 103.81124115, 87.3784255981, 54.2431869507, 74.233505249, 51.0182685852, 26.3003807068, -11.4984674454], [123.276786804, 284.552886963, -58.9120025635, 74.8373794556, 253.390563965, 68.9092330933, 67.4055099487, 56.2001991272, 49.1712684631, 39.8802986145, 26.0013751984, 11.1742744446, 7.55389642715], [219.708084106, -147.557266235, 192.671127319, 53.7846336365, 68.9092330933, 190.041107178, 82.8703231812, 59.9330940247, 33.4659004211, 42.6296806335, 32.4887962341, 16.8200035095, 7.65324306488], [149.845611572, -43.1751060486, 41.8505401611, 103.81124115, 67.4055099487, 82.8703231812, 152.053939819, 79.1320495605, 32.9848899841, 35.3408355713, 33.0686950684, 16.5031604767, -0.952159225941], [191.088806152, -111.181549072, 71.6170959473, 87.3784255981, 56.2001991272, 59.9330940247, 79.1320495605, 123.135147095, 56.3513298035, 31.721616745, 30.9764671326, 19.6854686737, 7.78081798553], [42.8056755066, -11.1955595016, 26.4228534698, 54.2431869507, 49.1712684631, 33.4659004211, 32.9848899841, 56.3513298035, 96.9573745728, 56.7208518982, 15.2512655258, 11.6531000137, 10.9955720901], [336.535064697, -172.391708374, 46.6155471802, 74.233505249, 39.8802986145, 42.6296806335, 35.3408355713, 31.721616745, 56.7208518982, 106.189498901, 52.8100700378, 17.4114761353, 1.23098433018], [103.496833801, -59.2984352112, 29.5775279999, 51.0182685852, 26.0013751984, 32.4887962341, 33.0686950684, 30.9764671326, 15.2512655258, 52.8100700378, 100.388763428, 48.471912384, -3.4350965023], [77.3273239136, -95.4383392334, 40.2129402161, 26.3003807068, 11.1742744446, 16.8200035095, 16.5031604767, 19.6854686737, 11.6531000137, 17.4114761353, 48.471912384, 79.1226577759, 41.8469924927], [-114.216148376, -6.79470825195, 37.0561714172, -11.4984674454, 7.55389642715, 7.65324306488, -0.952159225941, 7.78081798553, 10.9955720901, 1.23098433018, -3.4350965023, 41.8469924927, 81.2643203735]],
