{
"lowlevel": {
    "average_loudness": 0.00636092899367,
    "barkbands_crest": {
        "dmean": 1.75374495983,
        "dmean2": 2.79441785812,
        "dvar": 2.72312831879,
        "dvar2": 7.39333343506,
        "max": 26.0552940369,
        "mean": 13.9571332932,
        "median": 13.6839256287,
        "min": 4.40556526184,
        "var": 12.4977989197
    },
    "barkbands_flatness_db": {
        "dmean": 0.0147865433246,
        "dmean2": 0.0224241651595,
        "dvar": 0.000191650862689,
        "dvar2": 0.000468768936116,
        "max": 0.656306266785,
        "mean": 0.415303140879,
        "median": 0.421288847923,
        "min": 0.0651087611914,
        "var": 0.00722954748198
    },
    "barkbands_kurtosis": {
        "dmean": 3.09347581863,
        "dmean2": 4.68934679031,
        "dvar": 25.1617794037,
        "dvar2": 63.0691146851,
        "max": 174.848556519,
        "mean": 8.18650245667,
        "median": 5.43079614639,
        "min": -1.34658110142,
        "var": 91.044921875
    },
    "barkbands_skewness": {
        "dmean": 0.39242041111,
        "dmean2": 0.581147372723,
        "dvar": 0.146508589387,
        "dvar2": 0.359192967415,
        "max": 9.98108196259,
        "mean": 1.60979950428,
        "median": 1.5164437294,
        "min": -1.82819569111,
        "var": 1.08775889874
    },
    "barkbands_spread": {
        "dmean": 0.408495128155,
        "dmean2": 0.612048149109,
        "dvar": 0.630198717117,
        "dvar2": 1.72334480286,
        "max": 28.6151027679,
        "mean": 2.20228075981,
        "median": 1.79317498207,
        "min": 0.124162450433,
        "var": 2.8056178093
    },
    "dissonance": {
        "dmean": 0.0500632040203,
        "dmean2": 0.0835885182023,
        "dvar": 0.001982354559,
        "dvar2": 0.0052467957139,
        "max": 0.497995823622,
        "mean": 0.346843481064,
        "median": 0.355041801929,
        "min": 0.0842133760452,
        "var": 0.0049449885264
    },
    "dynamic_complexity": 7.41158628464,
    "erbbands_crest": {
        "dmean": 2.19787764549,
        "dmean2": 3.41284251213,
        "dvar": 3.65059685707,
        "dvar2": 9.81516075134,
        "max": 26.8972110748,
        "mean": 13.0350856781,
        "median": 12.7148723602,
        "min": 2.92235040665,
        "var": 14.5225667953
    },
    "erbbands_flatness_db": {
        "dmean": 0.0129890926182,
        "dmean2": 0.019924974069,
        "dvar": 0.000136487593409,
        "dvar2": 0.00033531349618,
        "max": 0.520661771297,
        "mean": 0.352176457644,
        "median": 0.359893321991,
        "min": 0.0442597940564,
        "var": 0.00545372581109
    },
    "erbbands_kurtosis": {
        "dmean": 1.91302001476,
        "dmean2": 2.87891077995,
        "dvar": 5.70418691635,
        "dvar2": 13.9026451111,
        "max": 47.5965576172,
        "mean": 4.77322769165,
        "median": 3.68272638321,
        "min": -1.62039041519,
        "var": 23.7471218109
    },
    "erbbands_skewness": {
        "dmean": 0.339796721935,
        "dmean2": 0.499338597059,
        "dvar": 0.0851630568504,
        "dvar2": 0.205859005451,
        "max": 5.77750968933,
        "mean": 1.41666865349,
        "median": 1.33192706108,
        "min": -0.841477692127,
        "var": 0.660306215286
    },
    "erbbands_spread": {
        "dmean": 1.74162745476,
        "dmean2": 2.64996600151,
        "dvar": 4.39911270142,
        "dvar2": 10.2398614883,
        "max": 98.554725647,
        "mean": 9.07343959808,
        "median": 7.43518257141,
        "min": 0.79123044014,
        "var": 51.9468994141
    },
    "hfc": {
        "dmean": 0.813633322716,
        "dmean2": 1.17768919468,
        "dvar": 7.05535840988,
        "dvar2": 12.6888208389,
        "max": 170.968475342,
        "mean": 4.13668489456,
        "median": 1.334446311,
        "min": 1.16700520173e-16,
        "var": 73.6200485229
    },
    "melbands_crest": {
        "dmean": 1.67886638641,
        "dmean2": 2.70394015312,
        "dvar": 2.56043982506,
        "dvar2": 6.95563554764,
        "max": 29.9969387054,
        "mean": 14.9151668549,
        "median": 14.8419494629,
        "min": 1.9877884388,
        "var": 10.2950468063
    },
    "melbands_flatness_db": {
        "dmean": 0.0149785317481,
        "dmean2": 0.0223703794181,
        "dvar": 0.00021967451903,
        "dvar2": 0.000516605039593,
        "max": 0.820828318596,
        "mean": 0.553171634674,
        "median": 0.561648905277,
        "min": 0.00446333596483,
        "var": 0.00905604846776
    },
    "melbands_kurtosis": {
        "dmean": 3.5654540062,
        "dmean2": 5.36422777176,
        "dvar": 37.4813766479,
        "dvar2": 102.92124176,
        "max": 200.430496216,
        "mean": 10.2940979004,
        "median": 7.36924219131,
        "min": -1.25556528568,
        "var": 130.301589966
    },
    "melbands_skewness": {
        "dmean": 0.380483359098,
        "dmean2": 0.564806103706,
        "dvar": 0.135506391525,
        "dvar2": 0.33618208766,
        "max": 10.5250806808,
        "mean": 1.86780035496,
        "median": 1.78141951561,
        "min": -1.09119260311,
        "var": 1.04366517067
    },
    "melbands_spread": {
        "dmean": 0.467801958323,
        "dmean2": 0.676018416882,
        "dvar": 1.96124625206,
        "dvar2": 2.39265632629,
        "max": 133.950683594,
        "mean": 2.54892301559,
        "median": 2.16347289085,
        "min": 0.34746992588,
        "var": 4.62718105316
    },
    "pitch_salience": {
        "dmean": 0.0596996694803,
        "dmean2": 0.0968481898308,
        "dvar": 0.0024784328416,
        "dvar2": 0.00669426983222,
        "max": 0.886536598206,
        "mean": 0.51390093565,
        "median": 0.527516484261,
        "min": 0.0958223566413,
        "var": 0.0169826131314
    },
    "silence_rate_20dB": {
        "dmean": 0.00096052250592,
        "dmean2": 0.00192122953013,
        "dvar": 0.000959625118412,
        "dvar2": 0.00249400734901,
        "max": 1,
        "mean": 0.999039590359,
        "median": 1,
        "min": 0,
        "var": 0.000959532568231
    },
    "silence_rate_30dB": {
        "dmean": 0.00787628442049,
        "dmean2": 0.0157540831715,
        "dvar": 0.00781394541264,
        "dvar2": 0.0162748154253,
        "max": 1,
        "mean": 0.96014213562,
        "median": 1,
        "min": 0,
        "var": 0.0382679514587
    },
    "silence_rate_60dB": {
        "dmean": 0.0276630483568,
        "dmean2": 0.0553314127028,
        "dvar": 0.0268960632384,
        "dvar2": 0.0609094463289,
        "max": 1,
        "mean": 0.345562815666,
        "median": 0,
        "min": 0,
        "var": 0.226136729121
    },
    "spectral_centroid": {
        "dmean": 17.5160522461,
        "dmean2": 24.2024307251,
        "dvar": 10889.7646484,
        "dvar2": 11365.5810547,
        "max": 10860.5673828,
        "mean": 259.316864014,
        "median": 250.488311768,
        "min": 136.632339478,
        "var": 15995.9912109
    },
    "spectral_complexity": {
        "dmean": 0.79396790266,
        "dmean2": 1.35312199593,
        "dvar": 0.784862816334,
        "dvar2": 1.82800197601,
        "max": 17,
        "mean": 5.063580513,
        "median": 5,
        "min": 0,
        "var": 7.51367807388
    },
    "spectral_decrease": {
        "dmean": 9.48342293583e-10,
        "dmean2": 1.29269150939e-09,
        "dvar": 9.74831441995e-18,
        "dvar2": 1.63264789946e-17,
        "max": -9.85127370287e-29,
        "mean": -5.14086861969e-09,
        "median": -1.64105795619e-09,
        "min": -1.7816606146e-07,
        "var": 1.03894195957e-16
    },
    "spectral_energy": {
        "dmean": 0.00365086179227,
        "dmean2": 0.00498334970325,
        "dvar": 0.00014432167518,
        "dvar2": 0.000242128560785,
        "max": 0.687946259975,
        "mean": 0.0197780132294,
        "median": 0.00633289664984,
        "min": 1.09569022485e-20,
        "var": 0.00153843965381
    },
    "spectral_energyband_high": {
        "dmean": 8.52118660077e-08,
        "dmean2": 1.44438530469e-07,
        "dvar": 1.41730824668e-13,
        "dvar2": 4.13550026472e-13,
        "max": 1.61117040989e-05,
        "mean": 3.82839488111e-07,
        "median": 3.14212300623e-08,
        "min": 7.81681316777e-21,
        "var": 1.85347505573e-12
    },
    "spectral_energyband_low": {
        "dmean": 0.00170348200481,
        "dmean2": 0.00160983379465,
        "dvar": 5.19963978149e-05,
        "dvar2": 6.33704330539e-05,
        "max": 0.361042410135,
        "mean": 0.010637502186,
        "median": 0.00249718921259,
        "min": 7.9879701853e-23,
        "var": 0.000546684488654
    },
    "spectral_energyband_middle_high": {
        "dmean": 6.7601671617e-05,
        "dmean2": 9.70072142081e-05,
        "dvar": 5.49284528972e-08,
        "dvar2": 1.12240272188e-07,
        "max": 0.00752318184823,
        "mean": 0.000176897505298,
        "median": 2.34549715969e-05,
        "min": 1.70716871006e-21,
        "var": 2.54239211017e-07
    },
    "spectral_energyband_middle_low": {
        "dmean": 0.00281416508369,
        "dmean2": 0.00434328475967,
        "dvar": 8.39044369059e-05,
        "dvar2": 0.000173636100953,
        "max": 0.542188167572,
        "mean": 0.0112963151187,
        "median": 0.00338294543326,
        "min": 4.12538180399e-22,
        "var": 0.000671051326208
    },
    "spectral_entropy": {
        "dmean": 0.111538030207,
        "dmean2": 0.168324515224,
        "dvar": 0.0110208941624,
        "dvar2": 0.0251334737986,
        "max": 9.79674053192,
        "mean": 5.08615589142,
        "median": 5.04530525208,
        "min": 3.59107041359,
        "var": 0.319276750088
    },
    "spectral_flux": {
        "dmean": 0.00842594075948,
        "dmean2": 0.0140028763562,
        "dvar": 0.00025429908419,
        "dvar2": 0.000621962826699,
        "max": 0.477640867233,
        "mean": 0.0276974868029,
        "median": 0.0195536985993,
        "min": 1.04675219881e-10,
        "var": 0.000839915301185
    },
    "spectral_kurtosis": {
        "dmean": 35.3340988159,
        "dmean2": 61.1574821472,
        "dvar": 1583.35705566,
        "dvar2": 4762.00244141,
        "max": 678.374694824,
        "mean": 148.731842041,
        "median": 125.450653076,
        "min": -1.2243489027,
        "var": 11569.015625
    },
    "spectral_rms": {
        "dmean": 0.000312466057949,
        "dmean2": 0.000422819575761,
        "dvar": 3.14592313089e-07,
        "dvar2": 5.01315241763e-07,
        "max": 0.0259068924934,
        "mean": 0.00333790807053,
        "median": 0.00248564593494,
        "min": 3.26950467568e-12,
        "var": 8.15401108412e-06
    },
    "spectral_rolloff": {
        "dmean": 29.5612602234,
        "dmean2": 48.4549636841,
        "dvar": 32733.8984375,
        "dvar2": 35003.8984375,
        "max": 18174.0234375,
        "mean": 292.218536377,
        "median": 279.931640625,
        "min": 64.599609375,
        "var": 41021.4179688
    },
    "spectral_skewness": {
        "dmean": 1.29803955555,
        "dmean2": 2.24345684052,
        "dvar": 1.41165626049,
        "dvar2": 4.10015106201,
        "max": 20.9015636444,
        "mean": 9.09056854248,
        "median": 8.66443920135,
        "min": 0.0282119195908,
        "var": 15.3659057617
    },
    "spectral_spread": {
        "dmean": 228453.875,
        "dmean2": 397602.65625,
        "dvar": 134302957568,
        "dvar2": 216007802880,
        "max": 40523180,
        "mean": 1029244.875,
        "median": 835766.25,
        "min": 150189.578125,
        "var": 945721638912
    },
    "spectral_strongpeak": {
        "dmean": 0.131469741464,
        "dmean2": 0.219170942903,
        "dvar": 0.0488437712193,
        "dvar2": 0.118264764547,
        "max": 6.88138914108,
        "mean": 0.461104631424,
        "median": 0.310848385096,
        "min": 0,
        "var": 0.246121957898
    },
    "zerocrossingrate": {
        "dmean": 0.00122771470342,
        "dmean2": 0.00166123511735,
        "dvar": 2.05586839002e-05,
        "dvar2": 2.26052325161e-05,
        "max": 0.49560546875,
        "mean": 0.0108840009198,
        "median": 0.01025390625,
        "min": 0.0029296875,
        "var": 4.74417138321e-05
    },
    "barkbands": {
        "dmean": [5.25316545463e-06, 7.37299633329e-05, 0.00128530024085, 0.000490908103529, 0.00239029643126, 0.000671396730468, 0.000169090591953, 0.000102708792838, 9.48141168919e-05, 7.19938689144e-05, 2.9238701245e-05, 9.45905685512e-06, 3.71174428437e-06, 1.52275970322e-06, 8.81268761077e-07, 1.2932878235e-06, 8.57980921865e-07, 2.81612301478e-07, 2.28423701287e-07, 8.26555819344e-08, 2.17983195938e-08, 1.41334988157e-08, 1.41086511363e-08, 8.86260664856e-09, 3.10594661102e-09, 1.03838260213e-09, 7.83543951943e-10],
        "dmean2": [8.51157346915e-06, 0.000117701019917, 0.00115930847824, 0.000645867490675, 0.00388062512502, 0.000736447866075, 0.000298996077618, 0.000122965473565, 0.000127574370708, 9.54675342655e-05, 4.30149011663e-05, 1.53578203026e-05, 6.13410657024e-06, 2.64023492491e-06, 1.49778747982e-06, 2.23807001021e-06, 1.49353741108e-06, 4.88161560952e-07, 3.91359691321e-07, 1.4029090778e-07, 3.73687605304e-08, 2.38102515482e-08, 2.39686954728e-08, 1.51850194641e-08, 5.20703924423e-09, 1.65158875465e-09, 1.30572008761e-09],
        "dvar": [3.86411014297e-10, 2.43259741239e-08, 3.30012553604e-05, 2.74249987342e-06, 6.62940437905e-05, 4.05049104302e-06, 3.25708157334e-07, 1.05585556298e-07, 8.81749926407e-08, 6.67872299687e-08, 8.28367241468e-09, 1.31779998025e-09, 1.9315593569e-10, 2.38316050921e-11, 2.69342499692e-11, 8.92239927774e-12, 4.58372185694e-12, 1.24933884852e-12, 3.84451910411e-13, 7.93683424104e-14, 2.18843006732e-14, 8.16638864008e-15, 3.19302854929e-15, 9.42142465253e-16, 1.3982066828e-16, 1.56576157882e-17, 3.6295142587e-18],
        "dvar2": [1.19656196063e-09, 5.96999427671e-08, 4.15959366364e-05, 4.11355495089e-06, 0.000152405234985, 7.28286113372e-06, 1.08034282675e-06, 1.7567293753e-07, 1.60710641239e-07, 1.21576405832e-07, 1.62768110101e-08, 3.55946982999e-09, 5.05225861147e-10, 6.66568952812e-11, 7.08390637816e-11, 2.56965421164e-11, 1.30408687321e-11, 3.67165846338e-12, 1.06147187394e-12, 2.21819375476e-13, 6.29565640614e-14, 2.29456803899e-14, 9.23224153783e-15, 2.6887167792e-15, 3.54407849554e-16, 3.13647399905e-17, 8.50220735899e-18],
        "max": [0.000732230721042, 0.00856595113873, 0.283338189125, 0.0779308751225, 0.409935444593, 0.0909333303571, 0.019990593195, 0.00913821626455, 0.00921519752592, 0.0104518216103, 0.0034346608445, 0.0010117321508, 0.00042486237362, 0.000136555434437, 0.000182652845979, 5.94112789258e-05, 5.30169454578e-05, 3.9422968257e-05, 1.46559123095e-05, 9.033875358e-06, 6.82997506374e-06, 4.8444917411e-06, 2.93420725939e-06, 2.339492994e-06, 1.32192610636e-06, 4.99528653108e-07, 1.2907921132e-07],
        "mean": [8.53324308991e-06, 0.000350834074197, 0.00797987449914, 0.0024114754051, 0.00570700084791, 0.00234297290444, 0.000329438888002, 0.000242788126343, 0.000186575998669, 0.00013490676065, 5.33535603608e-05, 1.59358351084e-05, 6.14572991253e-06, 2.20228139369e-06, 1.38195764521e-06, 1.86297415894e-06, 1.35459674766e-06, 5.37745847851e-07, 3.78597917461e-07, 2.08006255775e-07, 8.0293808935e-08, 5.84697339434e-08, 5.23082022141e-08, 3.53989655366e-08, 1.44083092124e-08, 5.51793055692e-09, 3.0762032921e-09],
        "median": [8.85016788743e-07, 5.25031719008e-05, 0.00163876079023, 0.000516667903867, 0.00125315156765, 0.000518375600222, 6.43098610453e-05, 2.42901041929e-05, 2.58574727923e-05, 8.94222739589e-06, 6.73690283293e-06, 1.51054814523e-06, 5.41437259471e-07, 3.48403517592e-07, 1.52742188675e-07, 3.4788075709e-07, 2.15917367541e-07, 8.16631384737e-08, 4.82415778436e-08, 1.6086037391e-08, 2.82599676993e-09, 1.87708781851e-09, 3.79858766664e-09, 3.09782999253e-09, 1.7991711454e-09, 1.75461289942e-09, 2.19734341833e-09],
        "min": [5.60204333806e-23, 2.03414111076e-23, 2.04760444205e-23, 2.78443728845e-23, 4.02638897428e-23, 8.93233829413e-23, 4.61327371986e-23, 2.87985033048e-23, 1.68605109296e-22, 6.65133310274e-23, 7.5923299356e-23, 4.93436188085e-23, 1.95941790234e-22, 8.93712699537e-23, 1.28047170073e-22, 1.22686450014e-22, 1.76693924935e-22, 2.28848068977e-22, 3.95990226258e-22, 2.8843031663e-22, 3.15127363903e-22, 5.80086102486e-22, 9.37177963538e-22, 8.40338358068e-22, 1.2130048325e-21, 1.82137173728e-21, 2.20045229458e-21],
        "var": [4.94907559379e-10, 4.79309676393e-07, 0.000329453876475, 2.89813324343e-05, 0.000317291385727, 3.34438991558e-05, 8.62863146267e-07, 4.98721590247e-07, 3.02338094116e-07, 2.193412314e-07, 2.8257113982e-08, 3.03477620811e-09, 3.66119939921e-10, 3.58563179148e-11, 3.71605385352e-11, 1.31433102249e-11, 8.42437751503e-12, 2.38259021887e-12, 8.6884492656e-13, 4.35312349318e-13, 1.53772624517e-13, 8.90513249079e-14, 3.98948181348e-14, 1.79477523203e-14, 4.02389947263e-15, 6.54050995662e-16, 2.54170930105e-17]
    },
    "erbbands": {
        "dmean": [0.00280853104778, 0.0287403352559, 0.868316233158, 2.31586956978, 2.42991948128, 12.1001958847, 9.16188430786, 3.54165148735, 3.22670507431, 1.50929629803, 2.62140822411, 1.63139629364, 1.944637537, 1.95705378056, 0.619934678078, 0.43004578352, 0.164328292012, 0.110190048814, 0.0470023937523, 0.0534050576389, 0.0422037765384, 0.0549115948379, 0.0131806870922, 0.021101474762, 0.00352956680581, 0.00354770175181, 0.0018599354662, 0.000612236442976, 0.000588890979998, 0.00056172296172, 0.000250830926234, 0.000222407776164, 0.000100069584732, 5.66223352507e-05, 1.3269513147e-05, 6.4096548158e-06, 2.20905781134e-06, 5.61418687539e-07, 1.66427491877e-06, 3.99437158194e-06],
        "dmean2": [0.00385561166331, 0.0400806553662, 0.857341945171, 2.36407804489, 3.95096182823, 20.242017746, 11.6461219788, 3.85521960258, 5.74266672134, 1.6269338131, 3.48784923553, 2.25677800179, 2.37634944916, 2.96410274506, 0.963273823261, 0.700720965862, 0.266613513231, 0.192410632968, 0.0810824111104, 0.091068893671, 0.0729145258665, 0.0956087633967, 0.0234784055501, 0.0358125604689, 0.00594151578844, 0.00603351835161, 0.00319164805114, 0.00105914799497, 0.000993856112473, 0.000969959422946, 0.000428360683145, 0.00038273941027, 0.000169702834683, 9.57000302151e-05, 2.12975610339e-05, 9.98977975541e-06, 3.38279119205e-06, 8.91604202025e-07, 2.27968666877e-06, 5.45970351595e-06],
        "dvar": [3.87505860999e-05, 0.00757069932297, 14.6007976532, 85.5727386475, 55.8714752197, 1611.49975586, 1136.65234375, 76.600944519, 118.33934021, 26.0090503693, 88.2632904053, 23.3752670288, 52.0820579529, 52.2300682068, 4.40550947189, 2.71262121201, 0.30190384388, 0.229057773948, 0.0357131808996, 0.0342034958303, 0.00936403125525, 0.0199880748987, 0.0046383808367, 0.00295790703967, 0.000269233627478, 0.000151253727381, 6.55622934573e-05, 1.79881972144e-05, 1.38272171171e-05, 6.52826565783e-06, 1.71101714841e-06, 6.70596705277e-07, 1.90461506122e-07, 3.65226817678e-08, 5.66022961834e-09, 5.31972133011e-10, 6.95393534422e-11, 3.10507370684e-12, 2.93769383819e-11, 1.72572525714e-10],
        "dvar2": [7.11617249181e-05, 0.0116641521454, 18.7397899628, 105.027366638, 155.168228149, 3940.31518555, 1950.56140137, 119.259597778, 399.903137207, 35.5161819458, 169.490493774, 45.3488006592, 72.6768875122, 116.063529968, 10.6958189011, 7.29914522171, 0.749915361404, 0.666728258133, 0.0941160991788, 0.0886476412416, 0.0270845554769, 0.0563875734806, 0.0135726183653, 0.00819414015859, 0.000730808707885, 0.000428641506005, 0.000186486722669, 5.20754547324e-05, 3.87907130062e-05, 1.90533301065e-05, 4.95691983815e-06, 1.93439154828e-06, 4.99881878113e-07, 9.96955193955e-08, 1.16444631715e-08, 1.02821595682e-09, 1.45299647314e-10, 5.96799996574e-12, 4.89926502145e-11, 2.89918838936e-10],
        "max": [0.263223320246, 4.15389966965, 188.390884399, 460.527008057, 484.480102539, 1895.32653809, 1909.29541016, 466.128051758, 385.917572021, 236.251556396, 320.220672607, 139.39894104, 399.627471924, 202.069946289, 58.6591682434, 46.3196601868, 17.9272174835, 15.6235408783, 6.70460653305, 6.82941389084, 2.17580318451, 3.64808320999, 2.61367917061, 1.15006542206, 0.741439759731, 0.402123898268, 0.32607331872, 0.229094624519, 0.195604622364, 0.122747160494, 0.0734134539962, 0.0509935356677, 0.034661155194, 0.0162428449839, 0.00952049810439, 0.00283952476457, 0.000837437168229, 0.000217468972551, 0.000317590631312, 0.000755606102757],
        "mean": [0.0109829688445, 0.17958265543, 5.20107126236, 13.7551956177, 7.04391860962, 23.2843055725, 29.631483078, 12.8032283783, 6.05056810379, 4.79177999496, 5.84860897064, 3.48273277283, 3.94225525856, 3.32601428032, 1.17934966087, 0.782751083374, 0.331426113844, 0.163827568293, 0.0879779458046, 0.0888486877084, 0.0748592317104, 0.0879061892629, 0.0283554587513, 0.0360903404653, 0.00999098084867, 0.00868038088083, 0.00569081446156, 0.00261891097762, 0.00228724582121, 0.00208161841147, 0.00108880293556, 0.00087340810569, 0.000442038523033, 0.000241041212576, 7.78392568463e-05, 3.78502736567e-05, 1.37556353366e-05, 2.88683281724e-06, 9.36961259868e-06, 2.16680818994e-05],
        "median": [0.00256801280193, 0.0702990293503, 1.09157836437, 2.85725927353, 1.92955267429, 5.13355731964, 5.07817745209, 3.69905233383, 1.44823634624, 0.81887036562, 0.548871397972, 0.574093461037, 0.380403935909, 0.277672529221, 0.179998159409, 0.0843652933836, 0.0336837172508, 0.0181897468865, 0.0181601643562, 0.0180332139134, 0.0156107526273, 0.0131994299591, 0.00474044820294, 0.00501648848876, 0.000939815770835, 0.000765402219258, 0.000339375284966, 0.000109459506348, 8.01760324975e-05, 0.000125883467263, 8.43623856781e-05, 9.08432411961e-05, 4.42547570856e-05, 3.21936386172e-05, 1.65971487149e-05, 1.19499864013e-05, 5.48531170352e-06, 1.53061944275e-06, 3.27726388605e-06, 6.97497944202e-06],
        "min": [1.4081801781e-21, 2.75695319781e-21, 2.38640685837e-20, 5.05220786268e-20, 9.22981569172e-20, 1.18159351308e-19, 4.0285117548e-19, 9.65426067558e-19, 4.77220657909e-19, 7.02501643377e-19, 1.35375034882e-18, 3.19359586615e-18, 2.6640598602e-18, 2.56563074398e-18, 2.271858997e-18, 3.61453980807e-18, 8.67992132333e-18, 4.91911240832e-18, 5.90307600699e-18, 5.60356217899e-18, 8.35217995693e-18, 8.24424364034e-18, 1.10636333371e-17, 1.73551260628e-17, 2.26276927469e-17, 1.53522140886e-17, 1.09474334862e-17, 1.3329038671e-17, 2.08582640811e-17, 2.36610166942e-17, 2.70250990341e-17, 1.96414251518e-17, 1.34963467032e-17, 1.15308993934e-17, 9.39221812933e-18, 6.50542810187e-18, 3.63073559087e-18, 1.1749902078e-18, 3.38955712461e-19, 3.09965804339e-20],
        "var": [0.000397556577809, 0.0799556821585, 139.065490723, 960.336730957, 500.57144165, 5359.30908203, 7722.54394531, 721.538635254, 273.312316895, 208.436950684, 318.256591797, 86.9111328125, 211.844192505, 124.083534241, 11.2145709991, 6.59727573395, 0.891847550869, 0.314573645592, 0.0557900369167, 0.0549633614719, 0.0188212431967, 0.0363285429776, 0.00747767696157, 0.0062145604752, 0.00150010071229, 0.000669164175633, 0.000485332100652, 0.000158571798238, 0.000131540262373, 7.09450032446e-05, 2.38833308686e-05, 1.01997902675e-05, 3.5171374293e-06, 7.47761248476e-07, 1.58867877076e-07, 2.0116393884e-08, 1.83287696132e-09, 6.06314790041e-11, 3.19080289968e-10, 1.84161308425e-09]
    },
    "gfcc": {
        "mean": [-280.518371582, 227.284622192, -41.0573043823, -11.6010446548, -34.6367225647, -19.201757431, -34.2935600281, -12.5278844833, -18.0136051178, -27.7725944519, -7.68056821823, -9.77933311462, -3.55885267258],
        "cov": [[8649.25585938, 1104.85192871, -1742.79858398, -118.479057312, -204.375152588, -68.2935409546, 460.99319458, -36.4491920471, 41.8823318481, -240.437179565, 49.5789337158, -292.156219482, 257.52923584], [1104.85192871, 1043.36328125, 236.887023926, -614.550109863, 64.6462554932, -185.293182373, 66.5900268555, -222.892822266, -60.0144081116, -95.9798431396, 10.1685209274, -153.357543945, -49.9722213745], [-1742.79858398, 236.887023926, 1019.68688965, -243.33505249, 28.9559383392, -80.1222457886, -104.6925354, -176.247085571, -37.3374099731, 20.5166702271, -37.0619163513, -56.2773933411, -121.079734802], [-118.479057312, -614.550109863, -243.33505249, 728.392089844, 142.856399536, 122.460632324, -17.429983139, 242.481170654, 116.739265442, -11.3534879684, 46.6878662109, 115.850601196, 93.1665496826], [-204.375152588, 64.6462554932, 28.9559383392, 142.856399536, 298.342468262, 40.8144454956, 1.13042473793, 81.4438858032, 39.870639801, -55.8101119995, 38.7312011719, 42.8694267273, 18.4426441193], [-68.2935409546, -185.293182373, -80.1222457886, 122.460632324, 40.8144454956, 144.122711182, 39.3639945984, 72.252204895, 26.4016551971, -3.94232654572, -1.24828255177, 30.865278244, 20.3815994263], [460.99319458, 66.5900268555, -104.6925354, -17.429983139, 1.13042473793, 39.3639945984, 103.592643738, 22.720161438, -0.955300271511, -19.9516410828, -10.427075386, -26.8231315613, 2.6929473877], [-36.4491920471, -222.892822266, -176.247085571, 242.481170654, 81.4438858032, 72.252204895, 22.720161438, 188.99017334, 75.1686706543, -17.56757164, 28.15508461, 74.115020752, 53.9358139038], [41.8823318481, -60.0144081116, -37.3374099731, 116.739265442, 39.870639801, 26.4016551971, -0.955300271511, 75.1686706543, 73.0331344604, -1.51228094101, 13.7730541229, 23.6262435913, 27.4277019501], [-240.437179565, -95.9798431396, 20.5166702271, -11.3534879684, -55.8101119995, -3.94232654572, -19.9516410828, -17.56757164, -1.51228094101, 79.1238555908, -1.6725666523, -6.108045578, -27.9956588745], [49.5789337158, 10.1685209274, -37.0619163513, 46.6878662109, 38.7312011719, -1.24828255177, -10.427075386, 28.15508461, 13.7730541229, -1.6725666523, 61.5165748596, 40.8788223267, 23.5021591187], [-292.156219482, -153.357543945, -56.2773933411, 115.850601196, 42.8694267273, 30.865278244, -26.8231315613, 74.115020752, 23.6262435913, -6.108045578, 40.8788223267, 103.621711731, 49.4850540161], [257.52923584, -49.9722213745, -121.079734802, 93.1665496826, 18.4426441193, 20.3815994263, 2.6929473877, 53.9358139038, 27.4277019501, -27.9956588745, 23.5021591187, 49.4850540161, 82.181388855]],
        "icov": [[0.00059848750243, -0.00111227214802, 0.000968509062659, -0.000853170349728, 0.000872254429851, -0.000335290678777, -0.000713337503839, 0.000648973393254, -0.000363927101716, 0.000335679651471, -0.000472520565381, 0.00146627880167, -0.00118477200158], [-0.00111227214802, 0.0129936505109, -0.00216083973646, 0.00954799726605, -0.00712894462049, 0.00849555525929, -0.00581425335258, 0.00505872536451, -0.00910959765315, 0.00903060566634, -0.0101620247588, 0.00679262634367, -0.0013253610814], [0.000968509062659, -0.00216083973646, 0.00319537846372, -0.00143342418596, 0.00114594295155, -0.000923556799535, 0.000330450042384, 0.00245846179314, -0.00180374598131, 0.000910171715077, 0.000277093640761, 0.00112067162991, 0.000489483005367], [-0.000853170349728, 0.00954799726605, -0.00143342418596, 0.00983300060034, -0.005777831655, 0.00510113267228, -0.00247290288098, 0.00104743987322, -0.00739269237965, 0.00598657503724, -0.00733228959143, 0.00529118394479, -0.001937269466], [0.000872254429851, -0.00712894462049, 0.00114594295155, -0.005777831655, 0.00935133639723, -0.00536355609074, 0.00296336296014, -0.00332240387797, 0.00337919662707, 4.59234433947e-06, 0.00170518294908, -0.0028017074801, 0.00255841272883], [-0.000335290678777, 0.00849555525929, -0.000923556799535, 0.00510113267228, -0.00536355609074, 0.0166774019599, -0.0100009934977, 0.00329282181337, -0.00723763275892, 0.00483968667686, -0.00401559192687, 0.00207670615055, -0.00173082808033], [-0.000713337503839, -0.00581425335258, 0.000330450042384, -0.00247290288098, 0.00296336296014, -0.0100009934977, 0.0226435381919, -0.00989110488445, 0.00961223430932, -0.00308446376584, 0.00594386132434, 0.000815783801954, 0.00310522736982], [0.000648973393254, 0.00505872536451, 0.00245846179314, 0.00104743987322, -0.00332240387797, 0.00329282181337, -0.00989110488445, 0.0236314292997, -0.0184779558331, 0.00757474964485, -0.00461191358045, -0.0032160775736, 0.000223555936827], [-0.000363927101716, -0.00910959765315, -0.00180374598131, -0.00739269237965, 0.00337919662707, -0.00723763275892, 0.00961223430932, -0.0184779558331, 0.037483625114, -0.0131680369377, 0.00775995152071, -0.00103377387859, -0.00441919546574], [0.000335679651471, 0.00903060566634, 0.000910171715077, 0.00598657503724, 4.59234433947e-06, 0.00483968667686, -0.00308446376584, 0.00757474964485, -0.0131680369377, 0.028717963025, -0.0132361594588, 0.00725909648463, 0.00651396298781], [-0.000472520565381, -0.0101620247588, 0.000277093640761, -0.00733228959143, 0.00170518294908, -0.00401559192687, 0.00594386132434, -0.00461191358045, 0.00775995152071, -0.0132361594588, 0.0369205549359, -0.0209760125726, 0.00244062766433], [0.00146627880167, 0.00679262634367, 0.00112067162991, 0.00529118394479, -0.0028017074801, 0.00207670615055, 0.000815783801954, -0.0032160775736, -0.00103377387859, 0.00725909648463, -0.0209760125726, 0.0386825464666, -0.0170899722725], [-0.00118477200158, -0.0013253610814, 0.000489483005367, -0.001937269466, 0.00255841272883, -0.00173082808033, 0.00310522736982, 0.000223555936827, -0.00441919546574, 0.00651396298781, 0.00244062766433, -0.0170899722725, 0.0308855809271]]
    },
    "melbands": {
        "dmean": [1.94967251446e-05, 0.000336099881679, 0.000335342687322, 0.000507231801748, 0.000380228797439, 9.15277923923e-05, 4.2002156988e-05, 1.69804297911e-05, 2.53711768892e-05, 8.94252480066e-06, 9.832266187e-06, 8.03685452411e-06, 2.488236305e-06, 1.08965059553e-06, 9.32822672439e-07, 3.15139544682e-07, 2.03702640533e-07, 8.00662363076e-08, 7.70623103108e-08, 1.22657226598e-07, 3.08658769654e-08, 7.119815848e-08, 1.57495918529e-08, 1.14632330295e-08, 1.93044442653e-08, 2.62949351182e-09, 2.14118567321e-09, 3.00493874228e-09, 1.77895220776e-09, 6.16339479453e-10, 3.41120298675e-10, 4.21562840192e-10, 2.67300181989e-10, 4.37221286953e-10, 1.90145912904e-10, 8.18306811201e-11, 1.95599439423e-10, 9.72141950273e-11, 4.77058566262e-11, 4.74006944806e-11],
        "dmean2": [2.83187564492e-05, 0.00032467575511, 0.000341793434927, 0.000858419924043, 0.000553037622012, 0.000104121856566, 7.3820585385e-05, 1.76295525307e-05, 3.4081924241e-05, 1.24021635202e-05, 1.20836239148e-05, 1.22109731819e-05, 3.74550268134e-06, 1.75342881903e-06, 1.5392407704e-06, 5.33976503903e-07, 3.559304389e-07, 1.38037165698e-07, 1.30908333063e-07, 2.11838170117e-07, 5.35748796437e-08, 1.23776771943e-07, 2.77143357152e-08, 2.00665226657e-08, 3.27246993947e-08, 4.5248644831e-09, 3.52371065659e-09, 5.13196019014e-09, 3.03780556266e-09, 1.04411657098e-09, 5.93515514513e-10, 7.11245951024e-10, 4.61921001449e-10, 7.53896167716e-10, 3.22045945467e-10, 1.41547579213e-10, 3.39628436485e-10, 1.64392027768e-10, 8.07906103129e-11, 8.00999752637e-11],
        "dvar": [1.81247505893e-09, 2.18491959458e-06, 1.73871569586e-06, 2.52345353147e-06, 2.02824980988e-06, 5.4989293119e-08, 1.97262739476e-08, 3.20821191835e-09, 8.09168909655e-09, 6.58195442593e-10, 1.29913868552e-09, 9.95560855976e-10, 6.04713085162e-11, 1.56044448196e-11, 1.22962820481e-11, 1.5251201994e-12, 6.84747235042e-13, 7.77460506998e-14, 2.58681910528e-13, 7.98739329885e-14, 5.88653424101e-15, 3.44004067853e-14, 2.98974784173e-15, 2.76725917978e-15, 2.42001908184e-15, 2.17024055358e-16, 1.41522807458e-16, 8.75585170592e-17, 4.34653765743e-17, 1.6156073171e-17, 5.00587786431e-18, 6.18863488447e-18, 3.82695730783e-18, 2.57777044665e-18, 8.69453677758e-19, 3.2626394428e-19, 3.76389279944e-19, 1.37879518057e-19, 5.8568045058e-20, 2.42881424349e-20],
        "dvar2": [3.49908479969e-09, 2.77874801213e-06, 2.11872884393e-06, 6.94609389029e-06, 3.65500500266e-06, 9.66696589444e-08, 6.49428102406e-08, 3.69039865333e-09, 1.53556189986e-08, 1.27478738676e-09, 1.83503323647e-09, 2.22797047478e-09, 1.32087826787e-10, 4.05374102341e-11, 3.40496623952e-11, 4.33329153809e-12, 1.98695140202e-12, 2.06473821872e-13, 6.7917687533e-13, 2.28602618606e-13, 1.73303635575e-14, 9.68069279795e-14, 8.98800636375e-15, 8.04555854312e-15, 6.67598715906e-15, 6.16564546729e-16, 3.65508348677e-16, 2.4752679705e-16, 1.20267706786e-16, 4.63164828574e-17, 1.43749762955e-17, 1.70022111088e-17, 1.15090585165e-17, 7.52444678773e-18, 2.51070946683e-18, 9.22305969406e-19, 1.10099673065e-18, 3.617012923e-19, 1.57136308567e-19, 6.59813281806e-20],
        "max": [0.00250182673335, 0.0730579644442, 0.0656554624438, 0.0580065324903, 0.085116930306, 0.0112446052954, 0.0053125442937, 0.00258293841034, 0.00294753350317, 0.000748285907321, 0.00197740225121, 0.000921405211557, 0.000240466673858, 0.000129807449412, 9.55309151323e-05, 4.33917048213e-05, 2.47439365921e-05, 9.95995560515e-06, 1.99126934604e-05, 5.6891958593e-06, 2.37296740124e-06, 4.86856151838e-06, 1.85054989288e-06, 1.93966843653e-06, 1.04273931356e-06, 5.66854907902e-07, 4.36618535105e-07, 2.54438020875e-07, 2.45353476203e-07, 2.04700938866e-07, 1.04199465056e-07, 1.0074007406e-07, 1.0856703625e-07, 7.29324085569e-08, 4.9432877347e-08, 3.1831980607e-08, 3.02856832946e-08, 2.80018745968e-08, 2.03967598367e-08, 1.25283667884e-08],
        "mean": [9.73806963884e-05, 0.00206476543099, 0.00204890803434, 0.00103653466795, 0.00111832318362, 0.000324224674841, 8.29797645565e-05, 5.01394315506e-05, 5.33491038368e-05, 1.89713009604e-05, 1.92225415958e-05, 1.32421664603e-05, 4.68195776193e-06, 1.97293184101e-06, 1.62949629612e-06, 4.85456894239e-07, 2.78136184306e-07, 1.3746758043e-07, 1.153892768e-07, 1.72267903054e-07, 5.43405569431e-08, 1.08019506229e-07, 3.02886213888e-08, 2.18528750651e-08, 3.15056816191e-08, 6.50621201359e-09, 5.76948444575e-09, 6.24675910998e-09, 4.40504965837e-09, 2.05505035211e-09, 1.28355126527e-09, 1.34812205843e-09, 1.01683717002e-09, 1.36240974058e-09, 7.02289670862e-10, 3.70409841688e-10, 6.3203697831e-10, 3.65805608027e-10, 1.83658643849e-10, 1.83031756418e-10],
        "median": [1.12687266665e-05, 0.000463142903754, 0.000442083983216, 0.000248001597356, 0.000208696437767, 8.7661879661e-05, 1.93842497538e-05, 7.60550665291e-06, 4.58412341686e-06, 3.35552022079e-06, 1.6108683667e-06, 9.43730924519e-07, 6.57112082081e-07, 2.7796681934e-07, 1.17291975243e-07, 5.67403830587e-08, 2.78433454071e-08, 3.03816989344e-08, 1.12305560407e-08, 3.08587004838e-08, 1.15694973601e-08, 1.50727039738e-08, 4.89691132088e-09, 3.51710927049e-09, 4.0786742872e-09, 2.45663461795e-10, 1.5460413505e-10, 5.66638291843e-10, 2.9261565393e-10, 6.24692242379e-11, 5.2044372284e-11, 4.49247236634e-11, 2.95021160279e-11, 8.49163794836e-11, 4.29027265103e-11, 4.12128178806e-11, 5.6170026963e-11, 2.95497029623e-11, 1.78203007906e-11, 1.91575765668e-11],
        "min": [1.22490960815e-23, 8.27282927812e-24, 1.10561411776e-23, 6.26030508609e-24, 1.38498100319e-23, 1.9301298004e-23, 8.38115644649e-24, 7.04789553083e-24, 1.35350434867e-23, 2.23665842898e-23, 1.36098685213e-23, 1.06396628516e-23, 1.02715369658e-23, 4.07719485091e-24, 1.97614200597e-23, 1.38584875019e-23, 9.00733766698e-24, 9.34169399507e-24, 8.84222592407e-24, 6.01261932793e-24, 1.11632187903e-23, 7.23744224027e-24, 1.08130410679e-23, 1.1667407405e-23, 1.40790088348e-23, 1.58275616297e-23, 1.4632467335e-23, 8.77876206424e-24, 5.1382253902e-24, 8.41592943519e-24, 7.44098965307e-24, 1.08559022475e-23, 1.31612512131e-23, 1.28652926895e-23, 1.52715235543e-23, 1.442409446e-23, 1.17962709893e-23, 8.4520987077e-24, 1.17361100901e-23, 8.58088340592e-24],
        "var": [3.89477037288e-08, 2.11737042264e-05, 2.07330231206e-05, 9.10904782359e-06, 1.2218685697e-05, 5.09511039581e-07, 5.2463864364e-08, 2.44820430595e-08, 2.83597874073e-08, 2.40627184844e-09, 5.15177189797e-09, 2.2520567633e-09, 1.89043919407e-10, 3.83944785687e-11, 2.81831849525e-11, 2.32405436042e-12, 9.05407910104e-13, 1.13972741835e-13, 3.41796008814e-13, 1.15810234124e-13, 1.25987324821e-14, 5.88273800874e-14, 6.5219851343e-15, 4.15760023523e-15, 4.79475239419e-15, 8.07238704118e-16, 7.37262400669e-16, 2.79404670261e-16, 2.36730885681e-16, 1.06548512663e-16, 3.92131189779e-17, 4.42020371581e-17, 3.27178354191e-17, 2.24485121913e-17, 1.0241991526e-17, 3.87786241632e-18, 3.81584579066e-18, 2.2336604167e-18, 7.13829209782e-19, 4.62995943108e-19]
    },
    "mfcc": {
        "mean": [-908.869567871, 219.306716919, 70.4001846313, 18.8285160065, 8.43691253662, -4.02625370026, -6.12992429733, -0.669658005238, -6.31606245041, -14.3821172714, -14.0104837418, -7.73608064651, -6.97624349594],
        "cov": [[4484.27832031, 2428.77050781, -1162.33764648, -695.231567383, -120.483757019, -141.74307251, -19.9663944244, 223.701660156, 115.677131653, -6.66133785248, -52.3442459106, 35.4966430664, -87.6948242188], [2428.77050781, 2033.33300781, -206.834671021, -598.389831543, -166.531188965, -102.177276611, -48.0410575867, 5.74979543686, -36.6272659302, -91.8057250977, -84.4447250366, -43.6962394714, -101.270278931], [-1162.33764648, -206.834671021, 779.374145508, 149.362991333, -109.748596191, 9.62979316711, -48.0143356323, -192.847229004, -126.919303894, -35.5222587585, -18.6856975555, -68.1650619507, -34.8164329529], [-695.231567383, -598.389831543, 149.362991333, 405.336517334, 188.660125732, 21.7057094574, 7.76659011841, 53.0923423767, 53.0136680603, 21.3265094757, 18.3663082123, 44.6873779297, 60.5260314941], [-120.483757019, -166.531188965, -109.748596191, 188.660125732, 292.040863037, 61.4076156616, 30.2541027069, 145.503265381, 102.351982117, -9.74754428864, -0.899773478508, 69.6596298218, 74.1180038452], [-141.74307251, -102.177276611, 9.62979316711, 21.7057094574, 61.4076156616, 82.2890930176, 37.9793624878, 13.4438247681, 11.5573158264, 7.14914941788, 4.83901453018, 6.65023565292, 10.9724798203], [-19.9663944244, -48.0410575867, -48.0143356323, 7.76659011841, 30.2541027069, 37.9793624878, 65.1908721924, 56.0370941162, 25.5982227325, 5.28204298019, 2.32104086876, 11.6369333267, 12.2688083649], [223.701660156, 5.74979543686, -192.847229004, 53.0923423767, 145.503265381, 13.4438247681, 56.0370941162, 192.591888428, 126.437675476, 2.375685215, -5.08884477615, 60.2444877625, 55.5137405396], [115.677131653, -36.6272659302, -126.919303894, 53.0136680603, 102.351982117, 11.5573158264, 25.5982227325, 126.437675476, 116.419952393, 30.9932785034, 0.524194896221, 41.3550376892, 41.4040756226], [-6.66133785248, -91.8057250977, -35.5222587585, 21.3265094757, -9.74754428864, 7.14914941788, 5.28204298019, 2.375685215, 30.9932785034, 59.4936904907, 34.1892700195, 2.40523910522, -6.48296499252], [-52.3442459106, -84.4447250366, -18.6856975555, 18.3663082123, -0.899773478508, 4.83901453018, 2.32104086876, -5.08884477615, 0.524194896221, 34.1892700195, 55.0183410645, 15.7724294662, -7.94147729874], [35.4966430664, -43.6962394714, -68.1650619507, 44.6873779297, 69.6596298218, 6.65023565292, 11.6369333267, 60.2444877625, 41.3550376892, 2.40523910522, 15.7724294662, 61.2616691589, 45.4831123352], [-87.6948242188, -101.270278931, -34.8164329529, 60.5260314941, 74.1180038452, 10.9724798203, 12.2688083649, 55.5137405396, 41.4040756226, -6.48296499252, -7.94147729874, 45.4831123352, 66.7584686279]],
