{
"lowlevel": {
    "average_loudness": 0.334760457277,
    "barkbands_crest": {
        "dmean": 2.14123511314,
        "dmean2": 3.32550525665,
        "dvar": 5.01543903351,
        "dvar2": 12.9469766617,
        "max": 26.5698032379,
        "mean": 11.3309183121,
        "median": 10.7205810547,
        "min": 3.62866520882,
        "var": 15.5188674927
    },
    "barkbands_flatness_db": {
        "dmean": 0.0219456292689,
        "dmean2": 0.0339669212699,
        "dvar": 0.000666047562845,
        "dvar2": 0.00162311270833,
        "max": 0.442577570677,
        "mean": 0.218342661858,
        "median": 0.216480880976,
        "min": 0.0284701380879,
        "var": 0.00401000492275
    },
    "barkbands_kurtosis": {
        "dmean": 7.23404026031,
        "dmean2": 11.6393871307,
        "dvar": 254.183624268,
        "dvar2": 700.451538086,
        "max": 327.039855957,
        "mean": 15.046172142,
        "median": 8.89535236359,
        "min": -1.96592855453,
        "var": 533.950500488
    },
    "barkbands_skewness": {
        "dmean": 0.730767786503,
        "dmean2": 1.14064872265,
        "dvar": 0.92078691721,
        "dvar2": 2.51075530052,
        "max": 14.0131425858,
        "mean": 2.5350253582,
        "median": 2.39576888084,
        "min": -5.71908664703,
        "var": 3.92882061005
    },
    "barkbands_spread": {
        "dmean": 7.85200309753,
        "dmean2": 12.7398271561,
        "dvar": 208.925552368,
        "dvar2": 566.537719727,
        "max": 146.425125122,
        "mean": 23.051158905,
        "median": 10.0288352966,
        "min": 0.429817974567,
        "var": 782.981506348
    },
    "dissonance": {
        "dmean": 0.0279151480645,
        "dmean2": 0.0461170040071,
        "dvar": 0.000781913520768,
        "dvar2": 0.00203715334646,
        "max": 0.500000178814,
        "mean": 0.392971038818,
        "median": 0.396975159645,
        "min": 0.14602252841,
        "var": 0.00578840030357
    },
    "dynamic_complexity": 7.30844688416,
    "erbbands_crest": {
        "dmean": 2.21218347549,
        "dmean2": 3.40409421921,
        "dvar": 5.35082960129,
        "dvar2": 13.8120927811,
        "max": 30.3868083954,
        "mean": 10.2731523514,
        "median": 9.48613929749,
        "min": 1.77169239521,
        "var": 20.5274982452
    },
    "erbbands_flatness_db": {
        "dmean": 0.0169277731329,
        "dmean2": 0.0256158132106,
        "dvar": 0.000401333265472,
        "dvar2": 0.000958305667154,
        "max": 0.398479133844,
        "mean": 0.173984661698,
        "median": 0.175685718656,
        "min": 0.0223296657205,
        "var": 0.00344536802731
    },
    "erbbands_kurtosis": {
        "dmean": 2.09418582916,
        "dmean2": 3.25806450844,
        "dvar": 13.9323120117,
        "dvar2": 35.8353118896,
        "max": 115.934387207,
        "mean": 3.44359278679,
        "median": 1.9511179924,
        "min": -1.90774834156,
        "var": 34.0362892151
    },
    "erbbands_skewness": {
        "dmean": 0.467192530632,
        "dmean2": 0.71231842041,
        "dvar": 0.305347830057,
        "dvar2": 0.806655406952,
        "max": 9.59061908722,
        "mean": 0.962904691696,
        "median": 1.0958340168,
        "min": -4.40938425064,
        "var": 1.835064888
    },
    "erbbands_spread": {
        "dmean": 13.2940092087,
        "dmean2": 21.002784729,
        "dvar": 433.077087402,
        "dvar2": 1160.09545898,
        "max": 213.406936646,
        "mean": 53.6424026489,
        "median": 34.9988479614,
        "min": 1.58263862133,
        "var": 2046.8828125
    },
    "hfc": {
        "dmean": 7.37469673157,
        "dmean2": 10.9401454926,
        "dvar": 628.893371582,
        "dvar2": 1512.22790527,
        "max": 621.194763184,
        "mean": 17.387014389,
        "median": 6.20216464996,
        "min": 9.54635711534e-17,
        "var": 1094.53466797
    },
    "melbands_crest": {
        "dmean": 2.50459933281,
        "dmean2": 3.91178679466,
        "dvar": 6.75098657608,
        "dvar2": 17.9109592438,
        "max": 39.587097168,
        "mean": 15.1544589996,
        "median": 14.7616949081,
        "min": 1.64716386795,
        "var": 28.9786148071
    },
    "melbands_flatness_db": {
        "dmean": 0.0271654129028,
        "dmean2": 0.0417836420238,
        "dvar": 0.00106994737871,
        "dvar2": 0.0026342254132,
        "max": 0.596441566944,
        "mean": 0.313551038504,
        "median": 0.317230403423,
        "min": 0.00298680574633,
        "var": 0.00875274185091
    },
    "melbands_kurtosis": {
        "dmean": 23.4504375458,
        "dmean2": 38.4312400818,
        "dvar": 2380.02832031,
        "dvar2": 6703.20117188,
        "max": 777.848754883,
        "mean": 46.6812438965,
        "median": 21.1351394653,
        "min": -1.86669373512,
        "var": 5254.13476562
    },
    "melbands_skewness": {
        "dmean": 1.10121393204,
        "dmean2": 1.72008264065,
        "dvar": 2.53099656105,
        "dvar2": 7.0109462738,
        "max": 22.2834262848,
        "mean": 4.2656955719,
        "median": 3.38837862015,
        "min": -1.77556276321,
        "var": 10.7810163498
    },
    "melbands_spread": {
        "dmean": 6.89060306549,
        "dmean2": 11.3545970917,
        "dvar": 341.390594482,
        "dvar2": 929.523620605,
        "max": 280.703369141,
        "mean": 18.2643280029,
        "median": 7.23233604431,
        "min": 0.39629805088,
        "var": 1062.09643555
    },
    "pitch_salience": {
        "dmean": 0.0658375769854,
        "dmean2": 0.103469371796,
        "dvar": 0.00520446011797,
        "dvar2": 0.0137525033206,
        "max": 0.90095025301,
        "mean": 0.513117134571,
        "median": 0.5156904459,
        "min": 0.021176295355,
        "var": 0.0174531191587
    },
    "silence_rate_20dB": {
        "dmean": 0.00164009106811,
        "dmean2": 0.00328048109077,
        "dvar": 0.00163736729883,
        "dvar2": 0.00491017242894,
        "max": 1,
        "mean": 0.999180018902,
        "median": 1,
        "min": 0,
        "var": 0.000819294422399
    },
    "silence_rate_30dB": {
        "dmean": 0.0317084267735,
        "dmean2": 0.0634226351976,
        "dvar": 0.0307036340237,
        "dvar2": 0.0637754499912,
        "max": 1,
        "mean": 0.945061981678,
        "median": 1,
        "min": 0,
        "var": 0.0519168563187
    },
    "silence_rate_60dB": {
        "dmean": 0.0209567192942,
        "dmean2": 0.0419172607362,
        "dvar": 0.0205203220248,
        "dvar2": 0.0481884777546,
        "max": 1,
        "mean": 0.250728875399,
        "median": 0,
        "min": 0,
        "var": 0.187863782048
    },
    "spectral_centroid": {
        "dmean": 214.804443359,
        "dmean2": 350.673309326,
        "dvar": 189128.65625,
        "dvar2": 511087.96875,
        "max": 11747.8564453,
        "mean": 1060.08422852,
        "median": 478.995147705,
        "min": 125.114128113,
        "var": 3358156.75
    },
    "spectral_complexity": {
        "dmean": 1.04765379429,
        "dmean2": 1.80043745041,
        "dvar": 2.73747873306,
        "dvar2": 6.96775817871,
        "max": 39,
        "mean": 7.64313030243,
        "median": 8,
        "min": 0,
        "var": 24.9227352142
    },
    "spectral_decrease": {
        "dmean": 2.79522427427e-09,
        "dmean2": 4.00550526081e-09,
        "dvar": 6.95364021812e-17,
        "dvar2": 1.44615827674e-16,
        "max": 2.22382910697e-11,
        "mean": -7.94160737172e-09,
        "median": -3.68473651591e-09,
        "min": -1.32399975428e-07,
        "var": 1.50460421184e-16
    },
    "spectral_energy": {
        "dmean": 0.0109980637208,
        "dmean2": 0.0157024171203,
        "dvar": 0.00102509045973,
        "dvar2": 0.00211710832082,
        "max": 0.503946065903,
        "mean": 0.0315504558384,
        "median": 0.015001391992,
        "min": 9.36928739028e-21,
        "var": 0.00229007191956
    },
    "spectral_energyband_high": {
        "dmean": 0.00068903277861,
        "dmean2": 0.00101899937727,
        "dvar": 6.07665333519e-06,
        "dvar2": 1.38806435643e-05,
        "max": 0.0532780699432,
        "mean": 0.00122689653654,
        "median": 0.000100358549389,
        "min": 6.52044949177e-21,
        "var": 1.08677622848e-05
    },
    "spectral_energyband_low": {
        "dmean": 0.00935691781342,
        "dmean2": 0.0139245074242,
        "dvar": 0.00100390822627,
        "dvar2": 0.00214386847802,
        "max": 0.489087373018,
        "mean": 0.0177108086646,
        "median": 0.00467672804371,
        "min": 9.80077002114e-24,
        "var": 0.00151269603521
    },
    "spectral_energyband_middle_high": {
        "dmean": 0.000546011375263,
        "dmean2": 0.000925002794247,
        "dvar": 1.2210440218e-05,
        "dvar2": 3.60932244803e-05,
        "max": 0.0666837841272,
        "mean": 0.00114594306797,
        "median": 0.000532639096491,
        "min": 9.60322561896e-22,
        "var": 8.73709450389e-06
    },
    "spectral_energyband_middle_low": {
        "dmean": 0.00343743525445,
        "dmean2": 0.00501757021993,
        "dvar": 6.2630744651e-05,
        "dvar2": 0.000163314602105,
        "max": 0.192485928535,
        "mean": 0.0135185765103,
        "median": 0.00768004404381,
        "min": 1.55273183292e-22,
        "var": 0.000265422859229
    },
    "spectral_entropy": {
        "dmean": 0.223531767726,
        "dmean2": 0.346071839333,
        "dvar": 0.0969046652317,
        "dvar2": 0.230779826641,
        "max": 9.82269477844,
        "mean": 6.77447748184,
        "median": 6.53895330429,
        "min": 4.31276941299,
        "var": 1.15777039528
    },
    "spectral_flux": {
        "dmean": 0.0200599897653,
        "dmean2": 0.0305910799652,
        "dvar": 0.00154076854233,
        "dvar2": 0.00295063923113,
        "max": 0.58478975296,
        "mean": 0.0520602427423,
        "median": 0.0307749807835,
        "min": 6.3559602026e-11,
        "var": 0.00455158716068
    },
    "spectral_kurtosis": {
        "dmean": 2.25534892082,
        "dmean2": 3.58127903938,
        "dvar": 11.3940849304,
        "dvar2": 26.6049098969,
        "max": 65.6601638794,
        "mean": 9.19357299805,
        "median": 5.32135248184,
        "min": -1.35593807697,
        "var": 110.672286987
    },
    "spectral_rms": {
        "dmean": 0.000667031796183,
        "dmean2": 0.000928329129238,
        "dvar": 1.66658981016e-06,
        "dvar2": 3.14249086841e-06,
        "max": 0.022173287347,
        "mean": 0.0043829632923,
        "median": 0.00382563774474,
        "min": 3.02337039952e-12,
        "var": 1.15705142889e-05
    },
    "spectral_rolloff": {
        "dmean": 770.391906738,
        "dmean2": 1393.41247559,
        "dvar": 4789524,
        "dvar2": 12876479,
        "max": 19724.4140625,
        "mean": 2287.83886719,
        "median": 452.197265625,
        "min": 21.533203125,
        "var": 19372480
    },
    "spectral_skewness": {
        "dmean": 0.300008237362,
        "dmean2": 0.469310939312,
        "dvar": 0.142340898514,
        "dvar2": 0.320326149464,
        "max": 7.08572053909,
        "mean": 2.35411524773,
        "median": 2.20460271835,
        "min": -0.206977576017,
        "var": 1.76717627048
    },
    "spectral_spread": {
        "dmean": 803563,
        "dmean2": 1272634,
        "dvar": 1.49904608461e+12,
        "dvar2": 3.57957553357e+12,
        "max": 47232476,
        "mean": 7312349.5,
        "median": 5496858,
        "min": 1399705.375,
        "var": 4.25808007004e+13
    },
    "spectral_strongpeak": {
        "dmean": 0.57356607914,
        "dmean2": 0.960682809353,
        "dvar": 8.63457775116,
        "dvar2": 20.440164566,
        "max": 65.0268325806,
        "mean": 1.15598547459,
        "median": 0.458928406239,
        "min": 0,
        "var": 16.1436271667
    },
    "zerocrossingrate": {
        "dmean": 0.0137062212452,
        "dmean2": 0.017580261454,
        "dvar": 0.000357775570592,
        "dvar2": 0.00054780265782,
        "max": 0.52587890625,
        "mean": 0.0856132432818,
        "median": 0.0419921875,
        "min": 0.001953125,
        "var": 0.0112670687959
    },
    "barkbands": {
        "dmean": [1.25686574393e-05, 0.00526303704828, 0.00524313002825, 0.00163657357916, 0.0012075061677, 0.00105416961014, 0.000571932119783, 0.000361013895599, 0.000167129954207, 0.000182057992788, 0.000152825552505, 7.88633551565e-05, 3.49883594026e-05, 1.45984213304e-05, 1.09852780952e-05, 0.000238866632571, 1.58909515449e-05, 1.40213969644e-05, 2.12140093936e-05, 1.78950067493e-05, 3.91895737266e-05, 8.20244749775e-05, 0.000265842769295, 0.000135686757858, 0.000146465754369, 8.78817591001e-05, 1.24178598071e-06],
        "dmean2": [2.13274779526e-05, 0.00814477726817, 0.00865884870291, 0.00291212298907, 0.00157301290892, 0.00128451071214, 0.0007081622025, 0.000500544265378, 0.000218812201638, 0.000268175528618, 0.000225095092901, 0.000119249722047, 5.30553697899e-05, 2.12447957892e-05, 1.82995718205e-05, 0.000463743461296, 2.76957707683e-05, 2.43691047217e-05, 3.69844492525e-05, 3.12084812322e-05, 6.98507355992e-05, 0.000136233109515, 0.000364649458788, 0.000199854039238, 0.000231499550864, 0.000149625586346, 2.27755845117e-06],
        "dvar": [1.56870005874e-09, 0.000456768058939, 0.00034946546657, 3.80863675673e-05, 7.41175563235e-06, 6.50789434076e-06, 1.25407336782e-06, 4.26616253435e-07, 1.6178753981e-07, 1.59715241921e-07, 1.14019911734e-07, 4.21082191338e-08, 1.2520086301e-08, 1.80885195711e-09, 2.68505573331e-09, 1.08489157356e-05, 7.89918175315e-09, 3.06553893381e-09, 7.15276637919e-09, 7.41027328388e-09, 6.03856449288e-08, 1.33855834861e-07, 1.9059115175e-06, 3.54583249873e-07, 6.21470690021e-07, 5.96923825924e-07, 8.70204602821e-11],
        "dvar2": [4.36883240695e-09, 0.00101256836206, 0.0009470396908, 0.000109306703962, 1.37599035952e-05, 8.99206861504e-06, 1.80433335117e-06, 7.99211477442e-07, 2.58262616626e-07, 3.41764661016e-07, 2.36486641825e-07, 9.38399011829e-08, 2.53691041507e-08, 3.93715060554e-09, 7.10964220829e-09, 3.21662118949e-05, 2.31850894039e-08, 8.39323988089e-09, 1.97052418827e-08, 2.0771965481e-08, 1.74951452436e-07, 3.29571776092e-07, 3.65589653484e-06, 7.18951923773e-07, 1.36498999836e-06, 1.56365592829e-06, 2.57196486331e-10],
        "max": [0.000798678782303, 0.384008973837, 0.307536363602, 0.158789530396, 0.129039853811, 0.108790844679, 0.0395103134215, 0.0269364845008, 0.0145110255107, 0.0115628121421, 0.0112336641178, 0.0046615563333, 0.00309616350569, 0.00187577179167, 0.0024331859313, 0.061629075557, 0.00220802938566, 0.000871833763085, 0.00122024887241, 0.00173549295869, 0.00529754767194, 0.00894946884364, 0.0363831073046, 0.0201345644891, 0.0232226066291, 0.0442097634077, 0.000365953077562],
        "mean": [2.07268785744e-05, 0.00624432647601, 0.00949593354017, 0.00288835447282, 0.00428115017712, 0.00278086401522, 0.00197062920779, 0.000874454854056, 0.000499456189573, 0.000413352769101, 0.000307508162223, 0.000171603285708, 8.22218353278e-05, 3.82768885174e-05, 2.1834150175e-05, 0.000162912881933, 2.20743459067e-05, 1.77559886652e-05, 2.38661014009e-05, 1.77895999514e-05, 3.56767668563e-05, 0.000102049802081, 0.000510355341248, 0.000257329171291, 0.000227126365644, 8.05933377706e-05, 2.29978309108e-06],
        "median": [3.25771588905e-06, 0.000401559227612, 0.00273523665965, 0.000645968248136, 0.00156469829381, 0.000616437289864, 0.000623543513939, 0.000317377911415, 9.93404100882e-05, 0.000113677095214, 8.4100625827e-05, 2.34114431805e-05, 1.17020335892e-05, 8.71468546393e-06, 3.44107047567e-06, 1.56794544637e-06, 4.212069598e-06, 2.2571507543e-06, 2.96005600831e-06, 2.29062447943e-06, 4.44328225058e-06, 8.88739123184e-06, 7.74033287598e-06, 5.3691960602e-06, 1.01395125967e-05, 5.70492829866e-06, 1.90311823189e-07],
        "min": [2.03836086579e-25, 2.08420640477e-24, 7.4652017664e-25, 6.64822388636e-25, 5.22713119751e-24, 3.69468763645e-24, 6.1632550788e-24, 5.80249636507e-24, 1.26100527993e-23, 1.16483927017e-23, 1.32137499063e-23, 8.2457082402e-24, 2.67169896767e-23, 2.01436657667e-23, 3.97328317369e-23, 4.47427295737e-23, 3.98242859593e-23, 7.59566271516e-23, 1.02954987736e-22, 1.3480393412e-22, 2.15455306021e-22, 2.87874478925e-22, 3.96456323146e-22, 5.37091390859e-22, 7.4314347489e-22, 1.25413798385e-21, 1.79635073544e-21],
        "var": [2.43623876628e-09, 0.000495492131449, 0.000380644632969, 3.7465357309e-05, 5.62068198633e-05, 3.46725937561e-05, 1.18354846563e-05, 2.07660536944e-06, 1.05040692233e-06, 5.75703779759e-07, 3.88678557783e-07, 1.63609982451e-07, 5.19680654065e-08, 7.52523110492e-09, 5.90678572721e-09, 5.77808350499e-06, 5.48904965925e-09, 3.18652859654e-09, 5.66657210044e-09, 5.2762128e-09, 3.59936258576e-08, 1.60345422273e-07, 4.45623618361e-06, 1.21007678899e-06, 1.36580024446e-06, 4.89763124278e-07, 5.71602210009e-11]
    },
    "erbbands": {
        "dmean": [0.0681523308158, 1.47493350506, 5.58349275589, 5.84620571136, 4.15521717072, 4.06826543808, 3.24881839752, 10.7250003815, 10.6964950562, 10.0620775223, 5.50152587891, 4.81614160538, 4.2202296257, 4.81141042709, 5.8758764267, 4.0089302063, 1.77767550945, 0.901188254356, 0.406277149916, 2.22771382332, 15.1700754166, 1.63431096077, 0.784095346928, 0.968125998974, 0.96387308836, 0.836848556995, 1.28716385365, 2.15727210045, 2.71837663651, 3.75878667831, 9.05647754669, 3.4109108448, 2.0525739193, 1.71013057232, 1.0369644165, 0.542282521725, 0.0785584226251, 0.00756330508739, 0.00023209072242, 2.06325148611e-05],
        "dmean2": [0.10376265645, 2.27034926414, 9.02540874481, 9.89963245392, 6.59478282928, 5.11348438263, 4.2464594841, 13.0405216217, 12.4287748337, 14.7012643814, 7.03822374344, 6.28452920914, 6.04464387894, 7.32083654404, 8.73347949982, 6.00267457962, 2.69823598862, 1.30608808994, 0.642550647259, 4.13485002518, 29.56457901, 3.02360153198, 1.37881028652, 1.69147014618, 1.67162120342, 1.43814527988, 2.28239488602, 3.79384875298, 4.51986122131, 5.47917032242, 12.4777898788, 5.11938714981, 2.91456532478, 2.62438058853, 1.69986855984, 0.923594176769, 0.135817080736, 0.0133337089792, 0.000401884550229, 3.11219373543e-05],
        "dvar": [0.0681685134768, 35.296836853, 414.581878662, 453.666412354, 151.374511719, 92.5996170044, 57.6595954895, 812.203918457, 507.36706543, 373.753234863, 119.065101624, 127.878997803, 83.5366287231, 173.087402344, 152.766952515, 107.035453796, 28.3936481476, 6.1396446228, 2.416639328, 616.988952637, 44630.34375, 251.108673096, 11.101313591, 17.5180797577, 17.2401790619, 13.4936037064, 37.7012939453, 228.853988647, 137.378356934, 272.23550415, 2305.61181641, 224.883102417, 114.221435547, 103.47051239, 33.337474823, 20.7493591309, 0.145350009203, 0.00177663611248, 1.06172694814e-06, 4.03590094677e-09],
        "dvar2": [0.146825358272, 78.6920394897, 1072.00341797, 1271.43334961, 393.078094482, 155.714065552, 91.0172195435, 1104.60192871, 613.825622559, 800.174682617, 187.555297852, 210.376617432, 159.004043579, 399.670135498, 326.396759033, 236.932861328, 57.8059616089, 13.1541414261, 6.45099544525, 1816.5826416, 132381.1875, 742.107116699, 31.1198883057, 47.6166610718, 48.089969635, 37.3508720398, 106.579986572, 665.714477539, 341.427978516, 565.290161133, 4460.91943359, 473.515167236, 215.322280884, 203.726577759, 82.1424102783, 54.0852127075, 0.38412976265, 0.00490076979622, 2.88202363663e-06, 9.27153021024e-09],
        "max": [3.77753400803, 107.248703003, 300.530456543, 471.078460693, 565.88079834, 370.731414795, 320.286315918, 1334.0625, 1048.81079102, 552.68762207, 380.563018799, 389.937530518, 379.539489746, 419.049316406, 466.776672363, 239.886825562, 151.650863647, 103.48260498, 83.2786178589, 480.105255127, 3919.78271484, 310.576599121, 57.3677711487, 86.9822769165, 83.4547576904, 57.2282409668, 105.178718567, 321.614685059, 340.51260376, 422.108123779, 1324.64416504, 513.139038086, 518.826171875, 409.878631592, 156.483184814, 255.806976318, 6.55683755875, 1.49669229984, 0.026186093688, 0.00185312551912],
        "mean": [0.0960552915931, 1.79230999947, 9.1631526947, 12.2960195541, 11.7907848358, 13.4517068863, 10.1210651398, 28.4336338043, 35.5900917053, 24.8911113739, 15.9078426361, 15.0896072388, 11.5947971344, 9.77990531921, 12.6967544556, 9.36747550964, 4.37155294418, 2.65695881844, 0.932679355145, 2.79330873489, 9.46532821655, 1.58609390259, 0.996011376381, 1.1512901783, 1.08156216145, 0.918718874454, 1.20714151859, 2.23735404015, 3.44957256317, 5.36167764664, 18.2249603271, 6.16871738434, 4.63492059708, 3.4981200695, 1.02377057076, 0.48541790247, 0.0722169205546, 0.00841512531042, 0.000423224351835, 5.59932850592e-05],
        "median": [0.00518294982612, 0.151807844639, 2.22750234604, 3.7691822052, 1.62614834309, 5.25320529938, 3.68367433548, 5.9738073349, 9.87047195435, 9.76904296875, 5.64106559753, 4.21838951111, 3.68676805496, 2.61513710022, 4.35186100006, 1.67268276215, 0.970039725304, 0.747196018696, 0.234048441052, 0.19966301322, 0.168142706156, 0.202311903238, 0.15805581212, 0.18657194078, 0.123896956444, 0.121042951941, 0.154818087816, 0.227153971791, 0.323203712702, 0.329850792885, 0.231332212687, 0.153879165649, 0.104184836149, 0.0940238088369, 0.0880274251103, 0.0379998125136, 0.00832993444055, 0.00100267084781, 6.60000005155e-05, 3.86007523048e-05],
        "min": [6.41583982095e-23, 4.63411075492e-22, 1.27655163001e-21, 4.5928706719e-21, 9.34121090927e-21, 2.07551781061e-20, 2.6707949457e-20, 4.72943552531e-20, 1.19210387674e-19, 1.34792996999e-19, 1.97810575819e-19, 2.77967401554e-19, 5.16193479265e-19, 5.23717203924e-19, 8.19651459521e-19, 6.19291202862e-19, 1.39803294592e-18, 1.45001835229e-18, 2.15602703467e-18, 2.85630263162e-18, 3.61558081487e-18, 3.53990909166e-18, 4.06142082528e-18, 5.36938693399e-18, 6.17700348428e-18, 6.36015946988e-18, 7.86758529405e-18, 8.59767723657e-18, 9.80120352114e-18, 8.60667282573e-18, 1.07988850831e-17, 9.43546726766e-18, 9.05024925639e-18, 8.36368769361e-18, 5.1861242421e-18, 3.59756523472e-18, 2.24301169353e-18, 8.62346800428e-19, 2.38400250928e-19, 2.58346486785e-20],
        "var": [0.0840590149164, 38.3085899353, 450.599304199, 535.684997559, 672.066101074, 554.067199707, 342.162841797, 4434.90722656, 4125.68310547, 1714.93798828, 738.937866211, 837.439575195, 415.246643066, 478.206481934, 581.171386719, 431.386901855, 116.119499207, 28.7099952698, 5.08287191391, 522.774902344, 23245.6074219, 137.174499512, 9.97717571259, 14.227889061, 13.6549968719, 10.7801427841, 25.1192092896, 138.354721069, 170.369888306, 474.689788818, 5647.45654297, 523.221313477, 576.008361816, 357.95300293, 30.4058437347, 17.1428203583, 0.108345940709, 0.0011927948799, 9.65968411037e-07, 6.49713127743e-09]
    },
    "gfcc": {
        "mean": [-123.704864502, 87.462020874, -41.7320404053, 19.823928833, -67.7468032837, 15.5558948517, -33.7618598938, 3.65322875977, -26.5369110107, -1.71574521065, -19.5580692291, 3.58570766449, -20.3188076019],
        "cov": [[44361.5351562, 5601.3984375, -3347.60717773, 51.3504333496, -3863.79272461, 1373.07348633, -1318.7388916, 234.7996521, -346.216369629, -360.576293945, 85.0044555664, -1.7946138382, -676.842163086], [5601.3984375, 3932.9921875, -1300.90893555, -1251.45593262, -644.896606445, -186.082733154, -161.127532959, -243.776657104, 202.396850586, -140.609146118, 142.708648682, -110.982833862, -145.012710571], [-3347.60717773, -1300.90893555, 1444.36901855, 717.443481445, 460.354125977, 2.38029456139, 196.085189819, 30.6891403198, -127.984840393, 73.9909820557, -83.5506820679, 56.4959220886, 73.3650588989], [51.3504333496, -1251.45593262, 717.443481445, 1072.88061523, 202.867477417, 115.520568848, 93.6649398804, 77.4150924683, -71.0038909912, -2.72879290581, -28.8627643585, 119.139877319, 45.5571060181], [-3863.79272461, -644.896606445, 460.354125977, 202.867477417, 916.502441406, -175.981765747, 133.8490448, 68.2996444702, -50.5304946899, 90.5355300903, -154.984344482, -38.1957130432, 99.0340805054], [1373.07348633, -186.082733154, 2.38029456139, 115.520568848, -175.981765747, 406.879119873, -20.6382713318, 81.1089172363, 29.8719272614, -42.2140617371, 100.579803467, -59.2460594177, -35.3984298706], [-1318.7388916, -161.127532959, 196.085189819, 93.6649398804, 133.8490448, -20.6382713318, 220.604629517, -6.24198389053, 6.49167585373, 32.7527694702, -41.117931366, 33.3895568848, 23.9925460815], [234.7996521, -243.776657104, 30.6891403198, 77.4150924683, 68.2996444702, 81.1089172363, -6.24198389053, 210.990814209, -18.6934547424, 21.2623996735, 2.65048074722, -57.3404502869, 18.3311367035], [-346.216369629, 202.396850586, -127.984840393, -71.0038909912, -50.5304946899, 29.8719272614, 6.49167585373, -18.6934547424, 181.370529175, -32.0064888, 67.9785232544, 10.2425756454, -30.3434257507], [-360.576293945, -140.609146118, 73.9909820557, -2.72879290581, 90.5355300903, -42.2140617371, 32.7527694702, 21.2623996735, -32.0064888, 128.790969849, -53.6632156372, 6.70519351959, 36.6379737854], [85.0044555664, 142.708648682, -83.5506820679, -28.8627643585, -154.984344482, 100.579803467, -41.117931366, 2.65048074722, 67.9785232544, -53.6632156372, 204.351852417, -10.4779653549, -33.2862930298], [-1.7946138382, -110.982833862, 56.4959220886, 119.139877319, -38.1957130432, -59.2460594177, 33.3895568848, -57.3404502869, 10.2425756454, 6.70519351959, -10.4779653549, 145.047363281, 12.245308876], [-676.842163086, -145.012710571, 73.3650588989, 45.5571060181, 99.0340805054, -35.3984298706, 23.9925460815, 18.3311367035, -30.3434257507, 36.6379737854, -33.2862930298, 12.245308876, 137.07862854]],
        "icov": [[0.000153187735123, -0.000319042097544, 0.000215097505134, -0.000497386266943, 0.000381325720809, -0.000490132078994, 0.00055881444132, -0.000354460236849, 0.000536594947334, -0.000266768096481, 0.000623023719527, -0.000299029634334, 0.0003846664913], [-0.000319042097544, 0.00118878751528, -0.000253261503531, 0.00138225813862, -0.000597224221565, 0.00129810289945, -0.00129935494624, 0.00105968303978, -0.00130700413138, 0.000832822290249, -0.00138748285826, 0.000974685477559, -0.000725046498701], [0.000215097505134, -0.000253261503531, 0.00171342352405, -0.00134756043553, 0.000196692388272, -0.000640238285996, 7.74538348196e-05, 7.72115799919e-06, 0.00130907457788, -0.00066774582956, 0.000563827925362, -4.86735480081e-05, 0.000612454023212], [-0.000497386266943, 0.00138225813862, -0.00134756043553, 0.0037165414542, -0.00134730408899, 0.00103187386412, -0.00174115935806, 0.000570459291339, -0.00153429619968, 0.00181833212264, -0.00193029479124, -0.000791881408077, -0.00126289506443], [0.000381325720809, -0.000597224221565, 0.000196692388272, -0.00134730408899, 0.00291206710972, -0.000206104916288, 0.000803127826657, -0.00119806756265, 0.000712570326868, -0.000857727020048, 0.00226414180361, 0.000727158796508, 0.000327929563355], [-0.000490132078994, 0.00129810289945, -0.000640238285996, 0.00103187386412, -0.000206104916288, 0.00560108851641, -0.0022673860658, 0.000282164925011, -0.00226540863514, 0.00118829822168, -0.00311680091545, 0.0032166170422, -0.000955961411819], [0.00055881444132, -0.00129935494624, 7.74538348196e-05, -0.00174115935806, 0.000803127826657, -0.0022673860658, 0.00791145395488, -0.0011996574467, 0.000952505273744, -0.00174193247221, 0.00308448914438, -0.00246067438275, 0.00117704889271], [-0.000354460236849, 0.00105968303978, 7.72115799919e-06, 0.000570459291339, -0.00119806756265, 0.000282164925011, -0.0011996574467, 0.00744365947321, -0.00109132926445, -0.000571728451177, -0.00174714659806, 0.00345663866028, -0.00149171752855], [0.000536594947334, -0.00130700413138, 0.00130907457788, -0.00153429619968, 0.000712570326868, -0.00226540863514, 0.000952505273744, -0.00109132926445, 0.00922922138125, -0.000250486016739, -2.15803247556e-05, -0.00246565509588, 0.00228048022836], [-0.000266768096481, 0.000832822290249, -0.00066774582956, 0.00181833212264, -0.000857727020048, 0.00118829822168, -0.00174193247221, -0.000571728451177, -0.000250486016739, 0.0106272073463, 0.000440566567704, -0.00042733643204, -0.00212592701428], [0.000623023719527, -0.00138748285826, 0.000563827925362, -0.00193029479124, 0.00226414180361, -0.00311680091545, 0.00308448914438, -0.00174714659806, -2.15803247556e-05, 0.000440566567704, 0.00977055355906, -0.00121030292939, 0.00155950326007], [-0.000299029634334, 0.000974685477559, -4.86735480081e-05, -0.000791881408077, 0.000727158796508, 0.0032166170422, -0.00246067438275, 0.00345663866028, -0.00246565509588, -0.00042733643204, -0.00121030292939, 0.0119922487065, -0.00167917401996], [0.0003846664913, -0.000725046498701, 0.000612454023212, -0.00126289506443, 0.000327929563355, -0.000955961411819, 0.00117704889271, -0.00149171752855, 0.00228048022836, -0.00212592701428, 0.00155950326007, -0.00167917401996, 0.00963072571903]]
    },
    "melbands": {
        "dmean": [0.00104692019522, 0.00250645866618, 0.000937251490541, 0.000278484163573, 0.000137925060699, 0.000238468972384, 0.000153636559844, 0.000104038699646, 4.22851662734e-05, 2.73553359875e-05, 2.10929447348e-05, 1.98957404791e-05, 2.18224577111e-05, 1.14422728075e-05, 6.05466539128e-06, 3.01031286654e-06, 1.75247180323e-06, 5.62446246022e-07, 7.45682370962e-07, 8.87649639481e-06, 1.73831431312e-05, 9.1739303798e-07, 7.37899540582e-07, 7.61183287068e-07, 8.11617951513e-07, 7.74383636326e-07, 5.26920644006e-07, 6.09036703736e-07, 7.38106280096e-07, 9.90507487586e-07, 1.49781226355e-06, 1.72821694377e-06, 1.43888951243e-06, 2.74891704066e-06, 6.5581407398e-06, 2.36559981204e-06, 2.26229667533e-06, 1.03158697584e-06, 1.95172583517e-06, 1.27722694288e-06],
        "dmean2": [0.00161750603002, 0.00392419565469, 0.00156688224524, 0.000384403916541, 0.000173654319951, 0.000288082199404, 0.00018001839635, 0.000152595937834, 5.36108091183e-05, 3.59561672667e-05, 3.03000942949e-05, 3.03062915918e-05, 3.23889580613e-05, 1.71755382326e-05, 9.13744497666e-06, 4.47779530077e-06, 2.54539872913e-06, 8.73313865668e-07, 1.28424676404e-06, 1.69358663697e-05, 3.39239013556e-05, 1.58895409186e-06, 1.31227761813e-06, 1.31236254219e-06, 1.42467592923e-06, 1.35512914312e-06, 8.94228094239e-07, 1.0664847423e-06, 1.32427987865e-06, 1.75349578058e-06, 2.6471068395e-06, 2.90604680231e-06, 2.39654377765e-06, 3.84500253858e-06, 8.83835218701e-06, 3.69692838831e-06, 3.35956860908e-06, 1.51259041559e-06, 2.78668221654e-06, 2.02149476536e-06],
        "dvar": [1.73261396412e-05, 8.3763145085e-05, 1.09063657874e-05, 4.33808907019e-07, 1.15950179236e-07, 3.53357677341e-07, 1.017081388e-07, 3.92631100965e-08, 6.92333568253e-09, 4.15399803444e-09, 2.06605776931e-09, 3.33542304887e-09, 2.33968533436e-09, 6.38765207395e-10, 1.85328322133e-10, 1.05459835309e-10, 2.75964043284e-11, 4.16947769713e-12, 2.07033799826e-11, 1.3154127565e-08, 5.91893360991e-08, 3.26829362185e-11, 1.02760959464e-11, 8.52450748878e-12, 1.52461463593e-11, 1.04980668256e-11, 5.52832085665e-12, 8.76340059547e-12, 1.35448648825e-11, 2.94928526046e-11, 1.22203427932e-10, 5.90889143171e-11, 8.32707375276e-11, 2.09794445705e-10, 1.37175049097e-09, 2.2545719458e-10, 1.47684170448e-10, 3.3461941551e-11, 1.38145619943e-10, 5.44930524315e-11],
        "dvar2": [3.70346788259e-05, 0.000198088324396, 3.02946373267e-05, 9.29999941945e-07, 1.62536949233e-07, 4.76025746821e-07, 1.26197789996e-07, 8.48029984013e-08, 1.08989182124e-08, 6.89068180293e-09, 3.94513799407e-09, 7.65033636441e-09, 4.94734120338e-09, 1.41407019427e-09, 4.05396688441e-10, 2.02169239683e-10, 5.99406566049e-11, 1.09426157371e-11, 5.82169243368e-11, 3.88991416855e-08, 1.75561723381e-07, 9.54231624273e-11, 2.91275371878e-11, 2.32310368858e-11, 4.16359099975e-11, 2.92786385414e-11, 1.49570911212e-11, 2.46793488423e-11, 3.8489027937e-11, 8.38219632593e-11, 3.5539263199e-10, 1.45438910915e-10, 1.90926899291e-10, 4.06258665597e-10, 2.60491961335e-09, 4.70132210939e-10, 2.88709250951e-10, 6.55372839331e-11, 2.50554244019e-10, 1.16131312899e-10],
        "max": [0.0699280723929, 0.132896870375, 0.0741868242621, 0.0311652366072, 0.0162681527436, 0.026003299281, 0.01443572063, 0.00658633839339, 0.00286107207648, 0.00209932774305, 0.00187578296755, 0.00186846149154, 0.00158912385814, 0.000528752221726, 0.000310894072754, 0.000361740560038, 0.00023757739109, 0.000127880164655, 0.000165426448802, 0.00215880712494, 0.00453267293051, 0.000142798802699, 5.75549820496e-05, 6.62886304781e-05, 8.40430220705e-05, 5.04730014654e-05, 6.16743345745e-05, 4.81285824208e-05, 6.35958422208e-05, 0.000136109942105, 0.000231487763813, 0.000315097742714, 0.000310659495881, 0.000429844600148, 0.00106964283623, 0.000592619995587, 0.000508736702614, 0.000268698320724, 0.000444681412773, 0.000250847660936],
        "mean": [0.00132099096663, 0.00412147957832, 0.002120727906, 0.000930747715756, 0.000441238662461, 0.00063255924033, 0.000516528612934, 0.00024628531537, 0.000122171710245, 8.32517980598e-05, 5.4866039136e-05, 3.81371537514e-05, 4.35603906226e-05, 2.60434717347e-05, 1.33214844027e-05, 8.16777992441e-06, 4.57687065136e-06, 1.26770100906e-06, 1.26395173083e-06, 8.36562867335e-06, 1.03347465483e-05, 1.26727934457e-06, 8.25117581371e-07, 1.06052789306e-06, 8.88112879238e-07, 8.60856857798e-07, 5.65824791465e-07, 6.3604522893e-07, 6.31371165127e-07, 9.7071995242e-07, 1.57628028319e-06, 2.29322654377e-06, 1.54448207468e-06, 3.99534292228e-06, 1.24619500639e-05, 4.78150332128e-06, 4.08743972002e-06, 2.00742670131e-06, 4.91821356263e-06, 2.10842449633e-06],
        "median": [8.10060810181e-05, 0.000965394894592, 0.000681909907144, 0.000275071884971, 0.000156567257363, 0.000136212853249, 0.000150661624502, 9.81677731033e-05, 3.96019095206e-05, 2.02882074518e-05, 1.54315494001e-05, 6.51839127386e-06, 1.22061665024e-05, 6.44912097414e-06, 2.60593515122e-06, 1.30049716063e-06, 1.09628581413e-06, 2.76188757198e-07, 1.91574898167e-07, 2.38402634523e-07, 1.35236035703e-07, 1.9537857554e-07, 8.82610606823e-08, 1.28512127162e-07, 1.21008966403e-07, 8.66975824465e-08, 7.26115274574e-08, 7.63971357287e-08, 7.05232636733e-08, 1.05772357983e-07, 1.27299557562e-07, 1.66741415342e-07, 1.44910956124e-07, 1.48767028918e-07, 1.2181513398e-07, 7.78750575137e-08, 5.96870819436e-08, 5.51031149598e-08, 5.34923465523e-08, 6.28082545973e-08],
        "min": [1.08779629399e-24, 6.08053443402e-25, 1.39147007439e-24, 1.12303224543e-24, 9.91923365771e-25, 9.75314293842e-25, 1.65366495675e-24, 1.53995144612e-24, 1.35919945109e-24, 1.7165086733e-24, 1.67779354943e-24, 1.73632683139e-24, 2.16434106488e-24, 1.30074485801e-24, 2.47254409017e-24, 3.0446177356e-24, 2.11229478337e-24, 2.72606623574e-24, 2.9200427936e-24, 3.16502295607e-24, 3.24903782577e-24, 2.42449062813e-24, 3.05490803168e-24, 3.56132083966e-24, 3.87190366108e-24, 3.07243849315e-24, 4.00191306586e-24, 4.25092134933e-24, 3.5669245131e-24, 3.85812304993e-24, 4.84521010671e-24, 4.48332332188e-24, 4.2360142448e-24, 3.5543181214e-24, 5.91196895947e-24, 4.77990938426e-24, 4.68131794276e-24, 5.29323853023e-24, 5.92357231452e-24, 6.62723703084e-24],
        "var": [2.00683443836e-05, 9.99605763354e-05, 1.41957943924e-05, 2.97188739751e-06, 7.14813097602e-07, 1.92575453184e-06, 8.4524617705e-07, 1.66903177501e-07, 4.36765219547e-08, 2.65027235713e-08, 9.96791804653e-09, 9.07599417843e-09, 7.72273445193e-09, 2.59162713512e-09, 6.86825596397e-10, 6.22150830853e-10, 1.1160115887e-10, 9.83190438786e-12, 2.69815038367e-11, 8.52787351846e-09, 3.07068326322e-08, 2.24763627849e-11, 8.34049409398e-12, 1.14542143131e-11, 1.16218900822e-11, 8.78794519793e-12, 4.4445055275e-12, 6.46884889405e-12, 8.78625817935e-12, 2.00885696966e-11, 7.59380405779e-11, 8.61815757647e-11, 9.58483015179e-11, 4.172240331e-10, 3.07968139879e-09, 5.97915217337e-10, 4.07215428044e-10, 1.47987691546e-10, 6.62054910894e-10, 1.40885941802e-10]
    },
    "mfcc": {
        "mean": [-777.54675293, 133.56791687, 61.0995597839, 17.3961257935, -3.30396533012, 8.34735870361, -1.70410370827, 6.90448284149, -5.47276353836, -6.0145483017, 0.0863165184855, -1.79717874527, 0.144324138761],
        "cov": [[17779.8378906, 3752.52490234, 436.627593994, -1118.28344727, -1087.90368652, -172.607772827, -473.643157959, 386.060668945, -455.275177002, -81.4375, -25.7798042297, 433.938232422, 393.563049316], [3752.52490234, 4060.95483398, -449.225646973, -858.262145996, -632.30279541, -270.185119629, -473.161102295, -147.826919556, -286.778167725, -88.1949996948, -32.5960693359, 87.420539856, 22.1421432495], [436.627593994, -449.225646973, 1043.83129883, 390.485961914, 107.055213928, 157.441253662, 167.966140747, 120.466239929, -15.1133098602, 6.13095235825, 9.36123943329, 21.9046783447, 2.1054956913], [-1118.28344727, -858.262145996, 390.485961914, 874.700134277, 282.003234863, 183.955871582, 139.752624512, 90.0012588501, 122.609725952, -4.0167593956, -32.9916114807, -94.2083740234, -8.14168548584], [-1087.90368652, -632.30279541, 107.055213928, 282.003234863, 520.774841309, 72.725982666, 198.065673828, 3.29327487946, 136.889678955, 54.4860420227, 29.7674655914, 1.53559362888, -55.4744987488], [-172.607772827, -270.185119629, 157.441253662, 183.955871582, 72.725982666, 257.276916504, 43.7747268677, 77.2703704834, 11.5490369797, 22.5629749298, -17.6752433777, -14.4723148346, 22.4301586151], [-473.643157959, -473.161102295, 167.966140747, 139.752624512, 198.065673828, 43.7747268677, 310.516479492, 7.86799526215, 127.49962616, 23.9119930267, 50.6204376221, -9.5690574646, -44.6044120789], [386.060668945, -147.826919556, 120.466239929, 90.0012588501, 3.29327487946, 77.2703704834, 7.86799526215, 209.029296875, -35.364315033, 66.8372268677, -35.9585418701, 46.1249732971, 39.2077331543], [-455.275177002, -286.778167725, -15.1133098602, 122.609725952, 136.889678955, 11.5490369797, 127.49962616, -35.364315033, 287.177459717, -21.894443512, 64.5767822266, -74.19871521, -35.3907318115], [-81.4375, -88.1949996948, 6.13095235825, -4.0167593956, 54.4860420227, 22.5629749298, 23.9119930267, 66.8372268677, -21.894443512, 176.259796143, -16.0721569061, 57.1695327759, -0.769444465637], [-25.7798042297, -32.5960693359, 9.36123943329, -32.9916114807, 29.7674655914, -17.6752433777, 50.6204376221, -35.9585418701, 64.5767822266, -16.0721569061, 142.766265869, -5.93639326096, -10.1156377792], [433.938232422, 87.420539856, 21.9046783447, -94.2083740234, 1.53559362888, -14.4723148346, -9.5690574646, 46.1249732971, -74.19871521, 57.1695327759, -5.93639326096, 172.992782593, 20.1600341797], [393.563049316, 22.1421432495, 2.1054956913, -8.14168548584, -55.4744987488, 22.4301586151, -44.6044120789, 39.2077331543, -35.3907318115, -0.769444465637, -10.1156377792, 20.1600341797, 114.515640259]],
