{
"lowlevel": {
    "average_loudness": 0.0674288570881,
    "barkbands_crest": {
        "dmean": 2.35239124298,
        "dmean2": 3.83661532402,
        "dvar": 4.80553627014,
        "dvar2": 12.8646745682,
        "max": 26.3866024017,
        "mean": 10.5655488968,
        "median": 9.64304637909,
        "min": 2.66490125656,
        "var": 17.6398773193
    },
    "barkbands_flatness_db": {
        "dmean": 0.0189593341202,
        "dmean2": 0.0305028501898,
        "dvar": 0.000374705618015,
        "dvar2": 0.00101481331512,
        "max": 0.493834346533,
        "mean": 0.22392976284,
        "median": 0.222572520375,
        "min": 0.0179526433349,
        "var": 0.00391117110848
    },
    "barkbands_kurtosis": {
        "dmean": 2.10009336472,
        "dmean2": 3.47558498383,
        "dvar": 26.8146419525,
        "dvar2": 77.254776001,
        "max": 202.160736084,
        "mean": 2.99209618568,
        "median": 1.3724155426,
        "min": -1.90153706074,
        "var": 55.13671875
    },
    "barkbands_skewness": {
        "dmean": 0.439988404512,
        "dmean2": 0.705788135529,
        "dvar": 0.252537429333,
        "dvar2": 0.682628691196,
        "max": 13.1064920425,
        "mean": 1.03396844864,
        "median": 0.945864140987,
        "min": -8.73511505127,
        "var": 1.29056096077
    },
    "barkbands_spread": {
        "dmean": 3.1445441246,
        "dmean2": 5.14912843704,
        "dvar": 22.3492221832,
        "dvar2": 62.9007759094,
        "max": 107.904304504,
        "mean": 12.5190458298,
        "median": 10.1756057739,
        "min": 0.216839909554,
        "var": 81.9330749512
    },
    "dissonance": {
        "dmean": 0.0317632481456,
        "dmean2": 0.0540328063071,
        "dvar": 0.000889579183422,
        "dvar2": 0.0024426500313,
        "max": 0.500000059605,
        "mean": 0.429026335478,
        "median": 0.436875104904,
        "min": 0.171122670174,
        "var": 0.00210518669337
    },
    "dynamic_complexity": 6.27468538284,
    "erbbands_crest": {
        "dmean": 2.78290915489,
        "dmean2": 4.47935295105,
        "dvar": 6.96231794357,
        "dvar2": 17.2870006561,
        "max": 33.146270752,
        "mean": 11.7439670563,
        "median": 10.599319458,
        "min": 2.44376373291,
        "var": 25.6866836548
    },
    "erbbands_flatness_db": {
        "dmean": 0.0169543717057,
        "dmean2": 0.0264887697995,
        "dvar": 0.00029083766276,
        "dvar2": 0.000703054305632,
        "max": 0.550244927406,
        "mean": 0.262922972441,
        "median": 0.260750412941,
        "min": 0.0302862711251,
        "var": 0.00424071820453
    },
    "erbbands_kurtosis": {
        "dmean": 1.08429563046,
        "dmean2": 1.73543965816,
        "dvar": 3.07914495468,
        "dvar2": 7.21627664566,
        "max": 68.2858886719,
        "mean": 0.927050411701,
        "median": 0.240431308746,
        "min": -1.89390611649,
        "var": 7.66071891785
    },
    "erbbands_skewness": {
        "dmean": 0.384171813726,
        "dmean2": 0.603891968727,
        "dvar": 0.149340763688,
        "dvar2": 0.369091242552,
        "max": 4.24209403992,
        "mean": 0.38241237402,
        "median": 0.42961320281,
        "min": -5.61553668976,
        "var": 0.676153600216
    },
    "erbbands_spread": {
        "dmean": 4.39455461502,
        "dmean2": 7.10750770569,
        "dvar": 30.3010444641,
        "dvar2": 79.7554626465,
        "max": 121.073799133,
        "mean": 20.9629821777,
        "median": 17.9914550781,
        "min": 0.500923991203,
        "var": 176.594848633
    },
    "hfc": {
        "dmean": 3.6491253376,
        "dmean2": 5.82019901276,
        "dvar": 336.936401367,
        "dvar2": 1026.59680176,
        "max": 1002.29193115,
        "mean": 11.6694250107,
        "median": 5.44145774841,
        "min": 1.08080636446e-16,
        "var": 470.708129883
    },
    "melbands_crest": {
        "dmean": 2.86624526978,
        "dmean2": 4.69205904007,
        "dvar": 7.5945687294,
        "dvar2": 20.5251960754,
        "max": 39.0105514526,
        "mean": 13.4855699539,
        "median": 12.2700023651,
        "min": 1.56801378727,
        "var": 31.1311340332
    },
    "melbands_flatness_db": {
        "dmean": 0.0206945892423,
        "dmean2": 0.0329624377191,
        "dvar": 0.00046381726861,
        "dvar2": 0.00120751408394,
        "max": 0.54727268219,
        "mean": 0.306452095509,
        "median": 0.304970145226,
        "min": 0.00301479920745,
        "var": 0.00515525043011
    },
    "melbands_kurtosis": {
        "dmean": 3.21684217453,
        "dmean2": 5.30542898178,
        "dvar": 75.831703186,
        "dvar2": 221.023147583,
        "max": 301.526733398,
        "mean": 5.89073038101,
        "median": 2.8329012394,
        "min": -1.86434316635,
        "var": 189.846038818
    },
    "melbands_skewness": {
        "dmean": 0.483833223581,
        "dmean2": 0.77208340168,
        "dvar": 0.312523275614,
        "dvar2": 0.847634911537,
        "max": 14.7039175034,
        "mean": 1.54097700119,
        "median": 1.32928049564,
        "min": -6.22909545898,
        "var": 1.78905141354
    },
    "melbands_spread": {
        "dmean": 4.4106054306,
        "dmean2": 7.18746900558,
        "dvar": 63.5341567993,
        "dvar2": 177.052780151,
        "max": 242.795715332,
        "mean": 17.1065044403,
        "median": 13.5522556305,
        "min": 0.548264741898,
        "var": 231.607452393
    },
    "pitch_salience": {
        "dmean": 0.0630574375391,
        "dmean2": 0.103649146855,
        "dvar": 0.00343401404098,
        "dvar2": 0.00947367679328,
        "max": 0.932266533375,
        "mean": 0.533582806587,
        "median": 0.538988173008,
        "min": 0.0667069032788,
        "var": 0.0144928880036
    },
    "silence_rate_20dB": {
        "dmean": 0.000287583592581,
        "dmean2": 0.000575208512601,
        "dvar": 0.00028744150768,
        "dvar2": 0.000718419149052,
        "max": 1,
        "mean": 0.999784350395,
        "median": 1,
        "min": 0,
        "var": 0.000215585780097
    },
    "silence_rate_30dB": {
        "dmean": 0.00632683886215,
        "dmean2": 0.0126545876265,
        "dvar": 0.00628575589508,
        "dvar2": 0.0152245676145,
        "max": 1,
        "mean": 0.985118627548,
        "median": 1,
        "min": 0,
        "var": 0.0146638620645
    },
    "silence_rate_60dB": {
        "dmean": 0.031777985394,
        "dmean2": 0.0635605379939,
        "dvar": 0.0307655166835,
        "dvar2": 0.0714482218027,
        "max": 1,
        "mean": 0.239539906383,
        "median": 0,
        "min": 0,
        "var": 0.182154402137
    },
    "spectral_centroid": {
        "dmean": 157.227401733,
        "dmean2": 254.293960571,
        "dvar": 65351.703125,
        "dvar2": 160884.203125,
        "max": 11764.6582031,
        "mean": 970.98260498,
        "median": 760.024047852,
        "min": 229.321395874,
        "var": 891676.0625
    },
    "spectral_complexity": {
        "dmean": 1.50492489338,
        "dmean2": 2.52761006355,
        "dvar": 2.16076612473,
        "dvar2": 5.45969152451,
        "max": 40,
        "mean": 11.2563619614,
        "median": 11,
        "min": 0,
        "var": 38.7232398987
    },
    "spectral_decrease": {
        "dmean": 1.16341358769e-09,
        "dmean2": 1.78594694589e-09,
        "dvar": 8.25554706341e-18,
        "dvar2": 1.90700302913e-17,
        "max": 3.3087286259e-28,
        "mean": -4.6587973479e-09,
        "median": -2.38495445615e-09,
        "min": -1.7593031032e-07,
        "var": 4.52372470773e-17
    },
    "spectral_energy": {
        "dmean": 0.00466974964365,
        "dmean2": 0.00717282993719,
        "dvar": 0.000130309839733,
        "dvar2": 0.000303591339616,
        "max": 0.679205715656,
        "mean": 0.0186417512596,
        "median": 0.00957550667226,
        "min": 1.01563683224e-20,
        "var": 0.000709680083673
    },
    "spectral_energyband_high": {
        "dmean": 0.000101511730463,
        "dmean2": 0.000182065865374,
        "dvar": 2.24234781854e-06,
        "dvar2": 7.17229704605e-06,
        "max": 0.0911302790046,
        "mean": 0.000122867655591,
        "median": 5.96539939579e-06,
        "min": 7.06404569081e-21,
        "var": 1.77622018782e-06
    },
    "spectral_energyband_low": {
        "dmean": 0.00175283511635,
        "dmean2": 0.00288724387065,
        "dvar": 6.59076322336e-05,
        "dvar2": 0.000167009697179,
        "max": 0.522702991962,
        "mean": 0.00459274370223,
        "median": 0.000803818344139,
        "min": 1.70465868088e-23,
        "var": 0.000197457295144
    },
    "spectral_energyband_middle_high": {
        "dmean": 0.00139953859616,
        "dmean2": 0.00216366699897,
        "dvar": 1.76913399628e-05,
        "dvar2": 4.50488441857e-05,
        "max": 0.169705510139,
        "mean": 0.00389710324816,
        "median": 0.00154707778711,
        "min": 1.17249509584e-21,
        "var": 4.29371320934e-05
    },
    "spectral_energyband_middle_low": {
        "dmean": 0.0029460825026,
        "dmean2": 0.00441972073168,
        "dvar": 3.42362436641e-05,
        "dvar2": 7.14850393706e-05,
        "max": 0.269439458847,
        "mean": 0.0104438960552,
        "median": 0.00569395814091,
        "min": 1.56820966254e-22,
        "var": 0.00021771567117
    },
    "spectral_entropy": {
        "dmean": 0.147069498897,
        "dmean2": 0.235300958157,
        "dvar": 0.0226222537458,
        "dvar2": 0.0592071600258,
        "max": 9.82141780853,
        "mean": 6.58771467209,
        "median": 6.5576210022,
        "min": 4.88343286514,
        "var": 0.226579681039
    },
    "spectral_flux": {
        "dmean": 0.0128664001822,
        "dmean2": 0.0210406910628,
        "dvar": 0.000382251484552,
        "dvar2": 0.000930109061301,
        "max": 0.761772572994,
        "mean": 0.0473798662424,
        "median": 0.0375196784735,
        "min": 6.43488665131e-11,
        "var": 0.0014593442902
    },
    "spectral_kurtosis": {
        "dmean": 9.5529794693,
        "dmean2": 16.7440128326,
        "dvar": 131.836654663,
        "dvar2": 392.044677734,
        "max": 197.239929199,
        "mean": 21.968000412,
        "median": 16.2010211945,
        "min": -1.77462768555,
        "var": 409.27142334
    },
    "spectral_rms": {
        "dmean": 0.000449962040875,
        "dmean2": 0.000685033213813,
        "dvar": 4.03878459565e-07,
        "dvar2": 9.3709866178e-07,
        "max": 0.02574178949,
        "mean": 0.00352867576294,
        "median": 0.00305646145716,
        "min": 3.14780124709e-12,
        "var": 5.73556098971e-06
    },
    "spectral_rolloff": {
        "dmean": 266.889007568,
        "dmean2": 475.684143066,
        "dvar": 420050.21875,
        "dvar2": 1159759,
        "max": 19982.8125,
        "mean": 1138.84484863,
        "median": 839.794921875,
        "min": 21.533203125,
        "var": 2624285
    },
    "spectral_skewness": {
        "dmean": 0.685370028019,
        "dmean2": 1.19226145744,
        "dvar": 0.474511682987,
        "dvar2": 1.42609107494,
        "max": 11.8326501846,
        "mean": 2.94637560844,
        "median": 2.76073622704,
        "min": -0.653562664986,
        "var": 1.69285428524
    },
    "spectral_spread": {
        "dmean": 351484.375,
        "dmean2": 596913.6875,
        "dvar": 549773312000,
        "dvar2": 1.45009895014e+12,
        "max": 42457344,
        "mean": 2393844.25,
        "median": 1927973.5,
        "min": 410010.625,
        "var": 1.0554758398e+13
    },
    "spectral_strongpeak": {
        "dmean": 0.469547897577,
        "dmean2": 0.779675781727,
        "dvar": 1.10894906521,
        "dvar2": 2.74343729019,
        "max": 32.7198066711,
        "mean": 1.09863770008,
        "median": 0.641966402531,
        "min": 0,
        "var": 2.22740316391
    },
    "zerocrossingrate": {
        "dmean": 0.00465550506487,
        "dmean2": 0.0061285123229,
        "dvar": 5.32239100721e-05,
        "dvar2": 9.99696421786e-05,
        "max": 0.529296875,
        "mean": 0.04044758901,
        "median": 0.033203125,
        "min": 0.0029296875,
        "var": 0.00172460637987
    },
    "barkbands": {
        "dmean": [0.000299424689729, 0.00117666600272, 0.000463598698843, 0.000423421210144, 0.000794517109171, 0.000712697976269, 0.00101173948497, 0.00103960803244, 0.000794835621491, 0.000359754805686, 0.000319616141496, 0.000404579448514, 0.000219306646613, 0.000252614612691, 0.000122429890325, 0.000115789393021, 0.000260090833763, 9.58741511567e-05, 7.410467515e-05, 7.27635851945e-05, 2.14909196075e-05, 1.75729201146e-05, 1.58655420819e-05, 1.51848362293e-05, 4.05195823987e-05, 9.35117043355e-07, 5.54149266918e-07],
        "dmean2": [0.000520728237461, 0.0019776171539, 0.000736303278245, 0.000732295098715, 0.0012535022106, 0.00114636134822, 0.00149833050091, 0.00150074565317, 0.00119761913083, 0.000546042690985, 0.000486758799525, 0.000603396736551, 0.000342273182468, 0.000401585915824, 0.00019546940166, 0.000184831398656, 0.000435082329204, 0.000155558605911, 0.000122995945276, 0.000121296689031, 3.9286325773e-05, 3.24749053107e-05, 2.72902943834e-05, 2.61470631813e-05, 7.7944030636e-05, 1.56956502906e-06, 8.95192783901e-07],
        "dvar": [2.8677170576e-06, 2.56658950093e-05, 1.81169380085e-05, 3.10852419716e-06, 5.37338246431e-06, 2.80444783129e-06, 7.27374754206e-06, 1.0632208614e-05, 4.18349100073e-06, 1.56735336532e-06, 1.67305290688e-06, 1.94087738237e-06, 6.195978699e-07, 9.37873380735e-07, 6.82040592892e-07, 4.13897367935e-07, 3.15560441777e-06, 7.55393386953e-07, 1.81284960377e-07, 2.19650178224e-06, 5.46961906878e-08, 5.14840827748e-08, 3.54032323457e-08, 3.49041684444e-08, 1.98618363356e-06, 6.12768030761e-11, 1.40086536121e-11],
        "dvar2": [8.11569316284e-06, 6.48117129458e-05, 4.47614766017e-05, 9.22142862692e-06, 1.3679089534e-05, 7.17886541679e-06, 1.54875888256e-05, 1.78567188414e-05, 9.61502246355e-06, 3.78976369575e-06, 4.02268960897e-06, 4.23497431257e-06, 1.60100148605e-06, 2.4680525712e-06, 1.69863187693e-06, 1.05420224372e-06, 8.44714941195e-06, 2.01969282898e-06, 4.61596755486e-07, 5.94463926973e-06, 1.50653477249e-07, 1.4780539459e-07, 9.48694420799e-08, 9.47186151734e-08, 6.47079423288e-06, 1.71671607485e-10, 3.46522255334e-11],
        "max": [0.0613953843713, 0.303873479366, 0.376432538033, 0.130084335804, 0.156786248088, 0.0529054999352, 0.165079936385, 0.228050366044, 0.0708771422505, 0.0430749207735, 0.0455169901252, 0.0496874675155, 0.0233260430396, 0.0347953774035, 0.0521312132478, 0.0354754365981, 0.0667990371585, 0.0659827962518, 0.0222924631089, 0.136774927378, 0.0100592160597, 0.00837937928736, 0.00807117670774, 0.00730108609423, 0.0891648009419, 0.000268539326498, 0.000175623674295],
        "mean": [0.000327274843585, 0.00322060310282, 0.000703281257302, 0.000734465778805, 0.00151576672215, 0.00164726772346, 0.00257780752145, 0.00213351310231, 0.00170522741973, 0.00068048783578, 0.000581210071687, 0.000842961715534, 0.0004184533027, 0.000405662722187, 0.000174957705894, 0.000185839700862, 0.00033658745815, 0.000142120741657, 0.000108779822767, 9.73894275376e-05, 1.88119756785e-05, 1.72559412022e-05, 1.91470498976e-05, 1.66849913512e-05, 2.78596999124e-05, 1.36845778798e-06, 1.03673494323e-06],
        "median": [1.08472249849e-05, 0.000166065699887, 0.000155678804731, 0.000189838843653, 0.000550762866624, 0.000566482194699, 0.000620279111899, 0.000427107443102, 0.000430137792137, 0.000189971979125, 0.000106481616967, 0.000153395783855, 7.87987737567e-05, 7.09678133717e-05, 2.25615021918e-05, 2.89321433229e-05, 1.73042280949e-05, 1.36025728352e-05, 8.1073048932e-06, 3.62594164471e-06, 1.02787657852e-06, 3.42311182067e-07, 2.20225913949e-07, 5.38009601314e-08, 3.07004341948e-08, 1.7086506432e-08, 4.26168433876e-09],
        "min": [9.05510506833e-26, 3.59687598395e-24, 1.65601803022e-24, 1.33223145218e-24, 1.21076178225e-23, 8.78209342385e-24, 1.07161973477e-23, 9.23354589813e-24, 1.32035002366e-23, 9.66622742717e-24, 1.39522846412e-23, 2.11305591582e-23, 2.37864566108e-23, 3.06132872836e-23, 5.02859794241e-23, 5.84776341262e-23, 5.50647315494e-23, 9.6091929415e-23, 1.1704942669e-22, 1.66105455211e-22, 2.22198690987e-22, 2.57418616724e-22, 3.75880558818e-22, 6.21259794977e-22, 8.27809631306e-22, 1.28754145954e-21, 1.85970396541e-21],
        "var": [2.5424899377e-06, 0.00013760656293, 1.75940767804e-05, 3.53021277988e-06, 9.24281448533e-06, 8.21656067274e-06, 4.00477983931e-05, 6.03901607974e-05, 1.30213329612e-05, 2.61566992776e-06, 2.92694858217e-06, 5.94137645749e-06, 1.13787950795e-06, 1.71530780335e-06, 8.00645238996e-07, 5.5378734487e-07, 3.05911976284e-06, 7.31718273528e-07, 2.36123952391e-07, 1.74709919065e-06, 4.33879989714e-08, 4.10820142349e-08, 4.09256379896e-08, 4.26726067815e-08, 1.33877176722e-06, 6.17766879318e-11, 2.12624674811e-11]
    },
    "erbbands": {
        "dmean": [0.0443973839283, 0.241224974394, 0.467366456985, 1.08074426651, 1.42967104912, 2.75140833855, 6.4194188118, 6.07783412933, 13.5356836319, 14.8772783279, 22.6788215637, 20.681810379, 9.44248199463, 11.8104848862, 12.6874828339, 15.1610326767, 10.6133203506, 7.43309688568, 12.7066278458, 4.71920013428, 11.8982591629, 9.97210979462, 6.05246114731, 3.82630729675, 4.00013303757, 2.84305119514, 0.825721263885, 0.895340800285, 0.615768909454, 0.539990544319, 0.445107191801, 0.374651551247, 0.228209272027, 0.178309440613, 0.489988774061, 0.0199135839939, 0.00159862544388, 0.000449992134236, 0.000104999329778, 1.15159400593e-05],
        "dmean2": [0.0764065906405, 0.395493835211, 0.72774130106, 1.81790435314, 2.34610152245, 4.46502447128, 9.8881521225, 9.85123538971, 19.8966560364, 22.2031974792, 32.7300605774, 31.2715206146, 14.3179941177, 18.0500869751, 19.114824295, 22.8028678894, 16.3235664368, 11.8839302063, 20.160982132, 7.57539224625, 19.4122200012, 16.7413082123, 9.8901348114, 6.27899503708, 6.7069144249, 4.77005434036, 1.46966588497, 1.64122676849, 1.12890648842, 0.924124836922, 0.772940516472, 0.639896452427, 0.396119207144, 0.332344025373, 0.948932886124, 0.0375989563763, 0.00268936669454, 0.000719729519915, 0.000170519459061, 1.85622702702e-05],
        "dvar": [0.0411388240755, 1.02584218979, 12.6611862183, 49.7593231201, 14.7980327606, 79.4762115479, 310.586791992, 243.537353516, 1604.92370605, 1686.77331543, 4135.13134766, 3054.00073242, 1001.06671143, 1467.21032715, 2189.07543945, 2680.49291992, 1283.04467773, 542.539001465, 2926.04248047, 744.255187988, 4661.32324219, 4969.43115234, 3378.53637695, 744.722351074, 605.030944824, 8101.89697266, 87.0215072632, 126.686584473, 76.0934524536, 53.3595504761, 35.0134124756, 22.9971370697, 9.56303501129, 16.2643756866, 353.629669189, 0.353240400553, 0.000386028492358, 1.47848531924e-05, 6.0620794784e-07, 3.65414232206e-09],
        "dvar2": [0.108285501599, 2.52371001244, 29.9182281494, 140.440063477, 35.7980461121, 211.306930542, 761.093383789, 634.93572998, 3290.84594727, 3410.37744141, 7542.16894531, 7111.93310547, 2468.1730957, 3608.58666992, 5145.83642578, 6400.62158203, 3293.796875, 1409.34814453, 7590.77001953, 1772.47094727, 12086.8710938, 13545.6542969, 9128.25390625, 1934.90686035, 1677.3046875, 21900.0839844, 246.092498779, 339.581359863, 217.596603394, 137.974563599, 95.6670379639, 59.9593315125, 26.6368923187, 51.4609909058, 1158.41845703, 1.1626303196, 0.00119131384417, 3.27043162542e-05, 1.53426117322e-06, 1.03910542393e-08],
        "max": [11.9804134369, 55.9263534546, 301.165496826, 600.019470215, 195.990646362, 597.264831543, 646.845397949, 629.459472656, 2937.51660156, 2457.04370117, 3931.55664062, 1982.65661621, 1542.43029785, 1186.13452148, 1425.55700684, 2328.95922852, 1016.04669189, 704.199584961, 3169.58203125, 1349.96704102, 2405.77661133, 4637.88916016, 4540.95410156, 1907.51489258, 1149.44506836, 8539.22070312, 459.157318115, 636.594482422, 312.664703369, 640.948791504, 375.900512695, 283.245941162, 136.44493103, 237.099273682, 1208.7467041, 39.6103248596, 1.16279554367, 0.339364677668, 0.037747874856, 0.00214729341678],
        "mean": [0.106115877628, 0.665564000607, 0.869011461735, 1.95434939861, 2.57623624802, 4.98076629639, 12.691693306, 15.137919426, 34.608745575, 34.3037872314, 49.2576980591, 45.0015602112, 21.0977668762, 22.7297935486, 25.4476356506, 31.2614440918, 21.5749378204, 14.3988084793, 18.9814682007, 7.96816158295, 17.3902721405, 13.866528511, 9.14403057098, 6.04532051086, 6.54883003235, 3.44211506844, 0.990081489086, 0.742692887783, 0.559928715229, 0.759732604027, 0.470293194056, 0.418073147535, 0.240999698639, 0.146733865142, 0.321795940399, 0.0158963445574, 0.00238402048126, 0.000807970413007, 0.00018988121883, 3.39449688909e-05],
        "median": [0.00363963283598, 0.041149713099, 0.183439970016, 0.56659579277, 0.899438977242, 1.66587543488, 4.19070053101, 4.83774757385, 7.6558380127, 9.19568061829, 11.8963871002, 12.053319931, 7.59136343002, 7.16516113281, 6.12657165527, 6.94305753708, 4.87474060059, 4.44871664047, 3.00067019463, 1.67608761787, 1.74172711372, 1.09766721725, 1.0090265274, 0.65739184618, 0.424376487732, 0.211213350296, 0.0880516916513, 0.0352079570293, 0.0155489137396, 0.0101935137063, 0.00567284738645, 0.00185355020221, 0.000887292902917, 0.000474826432765, 0.000193447456695, 8.82382955751e-05, 3.73519833374e-05, 9.39719757298e-06, 6.89788430464e-06, 1.1815880498e-05],
        "min": [7.79569259717e-23, 3.75999253985e-22, 2.5914982941e-21, 4.67545100435e-21, 1.28362541769e-20, 3.92192307053e-20, 5.12397999798e-20, 7.32869615013e-20, 1.44796298941e-19, 2.354554104e-19, 2.10030321137e-19, 3.47541614575e-19, 5.65761863882e-19, 9.00216834931e-19, 8.14638228021e-19, 1.00401507711e-18, 1.42229280912e-18, 2.03355157125e-18, 2.53584748564e-18, 2.50237727652e-18, 3.12853232071e-18, 4.51561205115e-18, 5.40049885119e-18, 6.66006703585e-18, 7.02182455058e-18, 8.21332611058e-18, 7.50338015189e-18, 7.94127385174e-18, 8.47093000567e-18, 9.17786750848e-18, 1.17684449858e-17, 1.18650009515e-17, 9.23516217361e-18, 7.75930487033e-18, 6.61722859269e-18, 4.31788072958e-18, 2.32214537439e-18, 9.97491207016e-19, 2.30061753366e-19, 2.68604883474e-20],
        "var": [0.180774122477, 5.70122432709, 15.4535417557, 41.8056106567, 30.9442367554, 112.633743286, 655.880371094, 793.553344727, 8290.75097656, 7495.06152344, 21500.9707031, 9335.33203125, 1910.71716309, 2597.35766602, 4132.83544922, 6089.83544922, 2546.5234375, 1052.1060791, 4150.49853516, 928.454772949, 5548.37939453, 4386.59033203, 2997.44042969, 801.505187988, 1034.09008789, 5956.18652344, 62.3765640259, 113.322151184, 53.8620567322, 89.5147018433, 36.3622741699, 32.6241378784, 10.0364246368, 11.9448032379, 234.736221313, 0.228413984179, 0.000330087990733, 3.40687438438e-05, 9.22788615298e-07, 5.49049339327e-09]
    },
    "gfcc": {
        "mean": [-141.280990601, 171.554397583, -137.168533325, -5.56626749039, -42.6075363159, -12.1003112793, -22.5990562439, -2.46267700195, -11.9941320419, -5.60907173157, -3.68311238289, -7.4315071106, -8.08992862701],
        "cov": [[24903.6972656, -120.130172729, -2173.56713867, 133.396377563, -660.041931152, -278.896392822, -542.214416504, 588.418334961, -203.772445679, 62.9353103638, 95.255241394, 323.512481689, -278.651855469], [-120.130172729, 2204.18164062, -422.710357666, -417.962036133, 251.969558716, -374.26159668, 255.224334717, -390.971954346, 124.984329224, -184.75163269, 36.0620002747, -160.031600952, 100.260665894], [-2173.56713867, -422.710357666, 954.166992188, 201.276153564, 111.828384399, 336.608642578, -6.67347574234, 159.969970703, -10.0062789917, 106.444946289, 6.95332145691, 50.866027832, 35.8597640991], [133.396377563, -417.962036133, 201.276153564, 649.012451172, -118.707176208, 177.397277832, 58.0341911316, 70.6542816162, 42.2312316895, 1.54716098309, 20.4824352264, -20.2609863281, 33.3423461914], [-660.041931152, 251.969558716, 111.828384399, -118.707176208, 484.900787354, -16.1086883545, 72.7814788818, 87.8200531006, 19.30377388, 56.3662185669, -6.75321435928, 19.9640769958, -8.39842605591], [-278.896392822, -374.26159668, 336.608642578, 177.397277832, -16.1086883545, 378.144104004, 2.0270922184, 98.5364074707, 11.2396841049, 37.9050827026, 2.50513243675, 21.1156463623, 19.293050766], [-542.214416504, 255.224334717, -6.67347574234, 58.0341911316, 72.7814788818, 2.0270922184, 256.616577148, -36.0300750732, 49.7618904114, -24.0552120209, 3.05407071114, -21.63422966, 44.2210159302], [588.418334961, -390.971954346, 159.969970703, 70.6542816162, 87.8200531006, 98.5364074707, -36.0300750732, 303.677764893, -4.82931232452, 82.3058929443, 18.5358867645, 57.3579826355, -22.0139884949], [-203.772445679, 124.984329224, -10.0062789917, 42.2312316895, 19.30377388, 11.2396841049, 49.7618904114, -4.82931232452, 179.811538696, 8.68932723999, 21.2971172333, -4.73411798477, 11.9863071442], [62.9353103638, -184.75163269, 106.444946289, 1.54716098309, 56.3662185669, 37.9050827026, -24.0552120209, 82.3058929443, 8.68932723999, 183.826553345, 11.7863492966, 25.4305515289, 11.4175806046], [95.255241394, 36.0620002747, 6.95332145691, 20.4824352264, -6.75321435928, 2.50513243675, 3.05407071114, 18.5358867645, 21.2971172333, 11.7863492966, 145.928543091, 15.6445140839, -9.60973358154], [323.512481689, -160.031600952, 50.866027832, -20.2609863281, 19.9640769958, 21.1156463623, -21.63422966, 57.3579826355, -4.73411798477, 25.4305515289, 15.6445140839, 164.5884552, -8.74890613556], [-278.651855469, 100.260665894, 35.8597640991, 33.3423461914, -8.39842605591, 19.293050766, 44.2210159302, -22.0139884949, 11.9863071442, 11.4175806046, -9.60973358154, -8.74890613556, 149.571426392]],
        "icov": [[8.31588404253e-05, -0.000126592407469, 0.000275046331808, -0.000123465433717, 0.000135933674756, -0.000145900688949, 0.000171038278495, -0.000322603824316, 0.000152634413098, -0.000145833007991, 4.84375887027e-05, -0.000220971240196, 0.000118853611639], [-0.000126592407469, 0.00133070687298, -0.000391812296584, 0.000710623164196, -0.000849187897984, 0.000760390248615, -0.000835202925373, 0.00141438515857, -0.000827666430268, 0.000960493576713, -0.000663199112751, 0.000998382456601, -0.000874183548149], [0.000275046331808, -0.000391812296584, 0.00263932463713, -0.000663052371237, -3.26499830408e-05, -0.00181242101826, 0.000715850677807, -0.00114798545837, 0.000775161141064, -0.000941637321375, 0.000114076960017, -0.000925761181861, 0.000104364793515], [-0.000123465433717, 0.000710623164196, -0.000663052371237, 0.00250092986971, 0.000217601744225, -0.000112895053462, -0.00112003448885, 0.000331369636115, -0.000859873718582, 0.000750802573748, -0.000511597143486, 0.00104469258804, -0.000658374396153], [0.000135933674756, -0.000849187897984, -3.26499830408e-05, 0.000217601744225, 0.0033473582007, -7.4201321695e-05, -0.000529921380803, -0.00193513766862, 0.000325799919665, -0.00111849058885, 0.000681295990944, -0.000681732723024, 0.000914341944735], [-0.000145900688949, 0.000760390248615, -0.00181242101826, -0.000112895053462, -7.4201321695e-05, 0.00484588043764, -0.000672217982356, 0.000252646306762, -0.000825291266665, 0.000689801119734, -0.000142366799992, 0.000630639609881, -0.000673905422445], [0.000171038278495, -0.000835202925373, 0.000715850677807, -0.00112003448885, -0.000529921380803, -0.000672217982356, 0.00560433184728, -0.000473967695143, -0.000382504542358, 6.59383149468e-05, 0.000209030375117, -0.00053358101286, -0.000705346115865], [-0.000322603824316, 0.00141438515857, -0.00114798545837, 0.000331369636115, -0.00193513766862, 0.000252646306762, -0.000473967695143, 0.0067258705385, -0.000829246244393, -0.000257003179286, -0.000979668810032, 0.000293037446681, -0.000318670558045], [0.000152634413098, -0.000827666430268, 0.000775161141064, -0.000859873718582, 0.000325799919665, -0.000825291266665, -0.000382504542358, -0.000829246244393, 0.00671606138349, -0.00115219072904, -0.000451008207165, -0.000707644037902, 0.000440157280536], [-0.000145833007991, 0.000960493576713, -0.000941637321375, 0.000750802573748, -0.00111849058885, 0.000689801119734, 6.59383149468e-05, -0.000257003179286, -0.00115219072904, 0.00744564365596, -0.000831375014968, 0.00056177249644, -0.00156282237731], [4.84375887027e-05, -0.000663199112751, 0.000114076960017, -0.000511597143486, 0.000681295990944, -0.000142366799992, 0.000209030375117, -0.000979668810032, -0.000451008207165, -0.000831375014968, 0.00751943793148, -0.00108031427953, 0.000991647131741], [-0.000220971240196, 0.000998382456601, -0.000925761181861, 0.00104469258804, -0.000681732723024, 0.000630639609881, -0.00053358101286, 0.000293037446681, -0.000707644037902, 0.00056177249644, -0.00108031427953, 0.00768783828244, -0.00061647396069], [0.000118853611639, -0.000874183548149, 0.000104364793515, -0.000658374396153, 0.000914341944735, -0.000673905422445, -0.000705346115865, -0.000318670558045, 0.000440157280536, -0.00156282237731, 0.000991647131741, -0.00061647396069, 0.00802649743855]]
    },
    "melbands": {
        "dmean": [0.000367744476534, 0.000256951199844, 0.000184829696082, 0.000139865209348, 0.000204090378247, 0.00014332565479, 0.000199114001589, 0.000181848459761, 0.000173968306626, 0.000126963888761, 4.73966902064e-05, 5.04850831931e-05, 4.28090352216e-05, 4.71526000183e-05, 3.19757818943e-05, 2.15453001147e-05, 1.50528467202e-05, 2.53132711805e-05, 8.43416637508e-06, 5.36608558832e-06, 1.77145284397e-05, 1.32120821945e-05, 5.93671575189e-06, 4.77956700706e-06, 3.0673834317e-06, 3.13406508212e-06, 3.19500645674e-06, 1.55302529947e-06, 5.02238037825e-07, 5.37544906365e-07, 5.10889265115e-07, 3.56764047638e-07, 3.41146090932e-07, 2.73645355264e-07, 2.49772369898e-07, 2.77044023278e-07, 2.28636196198e-07, 1.84667030112e-07, 1.09378859747e-07, 1.00989986151e-07],
        "dmean2": [0.000626485329121, 0.000403960730182, 0.000310450879624, 0.000227940719924, 0.000316075515002, 0.000229989876971, 0.000295062694931, 0.000265760812908, 0.000252862490015, 0.000192409846932, 7.16283684596e-05, 7.68823811086e-05, 6.53150855214e-05, 6.94283226039e-05, 4.89823105454e-05, 3.40321748808e-05, 2.40537519858e-05, 4.01882643928e-05, 1.33417497636e-05, 8.60234467837e-06, 2.91089017992e-05, 2.22475136979e-05, 9.70611017692e-06, 7.73345163907e-06, 5.06638616571e-06, 5.23604649061e-06, 5.37717278348e-06, 2.59089415522e-06, 8.71739473496e-07, 9.73218448053e-07, 9.5433063052e-07, 6.59387978885e-07, 6.13684733253e-07, 4.6347943794e-07, 4.35606324345e-07, 4.80234916722e-07, 3.85927705793e-07, 3.18762516827e-07, 1.88400932188e-07, 1.85024006782e-07],
        "dvar": [2.55368172475e-06, 2.16806870412e-06, 1.03638808469e-06, 1.7485857029e-07, 3.25128638679e-07, 1.20710751617e-07, 3.08213230937e-07, 2.74503605624e-07, 2.11632254832e-07, 1.22375979572e-07, 2.74419456048e-08, 2.55525911541e-08, 3.17458983545e-08, 3.20294262224e-08, 1.11662847857e-08, 8.07157629623e-09, 2.58818433352e-09, 1.06759028284e-08, 3.33195981916e-09, 7.04069080815e-10, 1.21744552217e-08, 9.70449320903e-09, 2.87006507449e-09, 1.29809030192e-09, 6.28538665559e-10, 2.69924832486e-10, 2.20768425763e-09, 3.00039570966e-09, 3.18760504103e-11, 4.60462466767e-11, 5.80876839684e-11, 3.47298266534e-11, 1.9408200741e-11, 1.70725291543e-11, 1.48026313429e-11, 1.61610395205e-11, 1.17062670321e-11, 7.87132165003e-12, 2.34174788935e-12, 3.33422287176e-12],
        "dvar2": [6.65073184791e-06, 5.13079658049e-06, 2.88942419502e-06, 4.33628656538e-07, 8.07760898169e-07, 3.06315655507e-07, 6.50043318728e-07, 4.99052816849e-07, 4.08660810081e-07, 2.88260309844e-07, 6.71763018545e-08, 6.24070395361e-08, 7.66535279695e-08, 6.57965770756e-08, 2.75869975752e-08, 2.08566302007e-08, 6.70216460108e-09, 2.79559415617e-08, 8.07782907231e-09, 1.72290770539e-09, 3.1627134689e-08, 2.63650417054e-08, 7.72024399964e-09, 3.34008487535e-09, 1.62673308157e-09, 6.90995927144e-10, 6.01958527469e-09, 8.10553490993e-09, 8.8159375633e-11, 1.29645433278e-10, 1.52102094808e-10, 9.78468556179e-11, 5.51876218335e-11, 4.39706708544e-11, 3.82170337043e-11, 4.3987535836e-11, 2.87390285181e-11, 2.11995299787e-11, 6.3606598287e-12, 1.01294788529e-11],
        "max": [0.0962807759643, 0.113966941833, 0.0871528461576, 0.0278636775911, 0.026278808713, 0.0130184954032, 0.0380684286356, 0.0317852906883, 0.0257678255439, 0.0106680262834, 0.00767391221598, 0.00444404175505, 0.0067152986303, 0.00587261794135, 0.00573614332825, 0.00320676784031, 0.00175030087121, 0.00466615939513, 0.00285161519423, 0.00139350793324, 0.00401701359078, 0.00593455601484, 0.00352169224061, 0.00240225088783, 0.00177110137884, 0.00077007478103, 0.00401285849512, 0.00518076820299, 0.000266625458607, 0.000294843222946, 0.000445025332738, 0.00020924245473, 0.000176867557457, 0.000348687957739, 0.000280965905404, 0.000208826342714, 0.000225172756473, 0.000120370663353, 6.68692809995e-05, 9.31582326302e-05],
        "mean": [0.000949440349359, 0.000613005948253, 0.000341215229128, 0.000252537196502, 0.000405753089581, 0.000358445598977, 0.000499940942973, 0.000405511585996, 0.000380779179977, 0.000265515642241, 0.000100593249954, 9.48188098846e-05, 8.05135568953e-05, 9.94657821138e-05, 6.20164428256e-05, 3.95295137423e-05, 2.64501650236e-05, 3.66981694242e-05, 1.20615577544e-05, 9.30435453483e-06, 2.42209571297e-05, 1.69456270669e-05, 8.55000052979e-06, 7.28582790543e-06, 4.52687118013e-06, 4.79921163787e-06, 4.71738712804e-06, 1.68529049915e-06, 6.70546285164e-07, 4.32391601635e-07, 4.03412059313e-07, 2.82266000795e-07, 4.2244360543e-07, 3.83783060443e-07, 2.45761555107e-07, 2.76003731869e-07, 2.54458910831e-07, 1.82039869401e-07, 1.16248131121e-07, 7.68773062987e-08],
        "median": [4.30265026807e-05, 9.08670917852e-05, 0.000112787267426, 9.16589560802e-05, 0.000141710275784, 0.00011678050214, 0.000120579024951, 9.72754860413e-05, 9.37526565394e-05, 6.32303999737e-05, 3.25360451825e-05, 2.86354006676e-05, 1.76564426511e-05, 1.59238988999e-05, 1.3022224266e-05, 7.41880467103e-06, 6.53231745673e-06, 4.90546972287e-06, 1.75993807261e-06, 1.76923083473e-06, 1.52129814524e-06, 9.61860678217e-07, 6.04291813033e-07, 5.58467036171e-07, 3.29783745201e-07, 2.64367940872e-07, 1.31952319293e-07, 7.47240704868e-08, 4.57592825853e-08, 2.02497645319e-08, 1.10301181522e-08, 6.35626840051e-09, 4.85296691721e-09, 4.45510828229e-09, 2.50426390735e-09, 1.44617473552e-09, 6.5390137749e-10, 5.62713764474e-10, 4.1734310452e-10, 3.05216574237e-10],
        "min": [9.46504501938e-25, 1.29031483494e-24, 1.21478169909e-24, 1.80100888966e-24, 2.02673650731e-24, 1.57996256984e-24, 2.21581325287e-24, 2.29188961807e-24, 1.84497289677e-24, 2.16758545257e-24, 1.56675772854e-24, 3.10421440205e-24, 2.45333059397e-24, 3.09952679334e-24, 1.77557423914e-24, 3.08214089063e-24, 3.34924544605e-24, 3.47455955072e-24, 4.02840735379e-24, 2.30065287665e-24, 3.11605559867e-24, 3.44385747872e-24, 4.3224434233e-24, 4.67937261177e-24, 4.43320422756e-24, 4.45687163244e-24, 4.56790498814e-24, 4.86668171726e-24, 4.02692626744e-24, 5.18074538743e-24, 4.16962844419e-24, 4.21659248932e-24, 4.40459697569e-24, 4.59349405818e-24, 5.64224439977e-24, 5.68904238968e-24, 6.07230572731e-24, 6.4749916093e-24, 6.09861897167e-24, 6.19491206693e-24],
        "var": [1.26593804453e-05, 4.40162330051e-06, 9.80052504929e-07, 3.00989228208e-07, 6.3810540496e-07, 3.99290399855e-07, 1.58105819992e-06, 1.422472792e-06, 1.04777154775e-06, 3.58582155968e-07, 4.99206151972e-08, 4.46340528981e-08, 5.08918667208e-08, 1.08356459805e-07, 1.94759710581e-08, 1.33778490508e-08, 4.91305751638e-09, 1.66281406422e-08, 3.88814136443e-09, 9.83793713161e-10, 1.39385214482e-08, 8.39613800707e-09, 2.77001643845e-09, 1.75169201366e-09, 6.52465026452e-10, 4.70357752747e-10, 2.17946993786e-09, 2.20833129561e-09, 2.64880686829e-11, 3.17574785913e-11, 5.00823896243e-11, 2.54193610605e-11, 2.01518680215e-11, 2.72012308511e-11, 1.63057050501e-11, 1.78826432828e-11, 1.71219410178e-11, 8.28717042906e-12, 3.66802551874e-12, 2.12985987354e-12]
    },
    "mfcc": {
        "mean": [-769.71697998, 197.754425049, -21.1812801361, 4.57864618301, -2.36507344246, -8.74892807007, -1.44821631908, -0.666218161583, -6.30402946472, 2.82811546326, 1.25285995007, -0.396389603615, 0.878344416618],
        "cov": [[11110.4580078, 1759.86779785, -1389.46569824, 432.565093994, -148.023223877, -382.449890137, -208.900222778, 236.428405762, -231.285919189, -7.55846786499, 14.2470598221, 220.135528564, 330.816314697], [1759.86779785, 2125.85107422, -347.180633545, -146.440414429, 32.9737739563, -132.789978027, -31.8262863159, -111.100349426, -21.8104190826, -101.134132385, -10.6998558044, 12.7787380219, -11.9168233871], [-1389.46569824, -347.180633545, 758.455505371, -3.60794520378, 70.4080810547, 198.483718872, 84.671043396, 36.2472305298, 61.4790802002, 71.7742080688, -0.98797506094, -32.4748153687, -52.8487281799], [432.565093994, -146.440414429, -3.60794520378, 376.931274414, 9.08322048187, 14.9220571518, 40.2173461914, 37.0043983459, 33.4115257263, 56.8686180115, 15.7640352249, 8.00193405151, 38.2795295715], [-148.023223877, 32.9737739563, 70.4080810547, 9.08322048187, 286.189666748, 38.9323997498, 45.1993904114, 58.1809082031, 21.9929141998, 52.7440681458, 26.7205905914, 17.7434864044, 32.4098396301], [-382.449890137, -132.789978027, 198.483718872, 14.9220571518, 38.9323997498, 237.197036743, 54.8935203552, 22.8822612762, 68.7563934326, 27.283159256, 4.98810482025, -3.72305870056, -17.778169632], [-208.900222778, -31.8262863159, 84.671043396, 40.2173461914, 45.1993904114, 54.8935203552, 192.211196899, 32.8168296814, 37.807094574, 43.0876617432, -0.785772621632, 1.00186038017, -10.475944519], [236.428405762, -111.100349426, 36.2472305298, 37.0043983459, 58.1809082031, 22.8822612762, 32.8168296814, 214.852386475, 0.304014354944, 13.2350072861, 63.4138908386, -20.8966083527, 35.1098136902], [-231.285919189, -21.8104190826, 61.4790802002, 33.4115257263, 21.9929141998, 68.7563934326, 37.807094574, 0.304014354944, 215.517456055, 26.502073288, -33.9540939331, 48.8403739929, -15.6106071472], [-7.55846786499, -101.134132385, 71.7742080688, 56.8686180115, 52.7440681458, 27.283159256, 43.0876617432, 13.2350072861, 26.502073288, 203.974411011, 2.45944070816, -1.45018291473, 17.8677425385], [14.2470598221, -10.6998558044, -0.98797506094, 15.7640352249, 26.7205905914, 4.98810482025, -0.785772621632, 63.4138908386, -33.9540939331, 2.45944070816, 247.681182861, -38.6930351257, -12.458114624], [220.135528564, 12.7787380219, -32.4748153687, 8.00193405151, 17.7434864044, -3.72305870056, 1.00186038017, -20.8966083527, 48.8403739929, -1.45018291473, -38.6930351257, 195.675918579, 17.5647125244], [330.816314697, -11.9168233871, -52.8487281799, 38.2795295715, 32.4098396301, -17.778169632, -10.475944519, 35.1098136902, -15.6106071472, 17.8677425385, -12.458114624, 17.5647125244, 177.332962036]],
