{
"lowlevel": {
    "average_loudness": 0.579221069813,
    "barkbands_crest": {
        "dmean": 2.0923166275,
        "dmean2": 3.227653265,
        "dvar": 3.72950100899,
        "dvar2": 8.26418495178,
        "max": 25.1347808838,
        "mean": 9.21745204926,
        "median": 8.06376647949,
        "min": 2.53128957748,
        "var": 17.8237705231
    },
    "barkbands_flatness_db": {
        "dmean": 0.0158675890416,
        "dmean2": 0.0243784058839,
        "dvar": 0.000202386159799,
        "dvar2": 0.000474319123896,
        "max": 0.323469698429,
        "mean": 0.138796508312,
        "median": 0.134297505021,
        "min": 0.033028498292,
        "var": 0.00172947859392
    },
    "barkbands_kurtosis": {
        "dmean": 1.28062593937,
        "dmean2": 2.01325297356,
        "dvar": 4.33577871323,
        "dvar2": 10.2829341888,
        "max": 91.7670593262,
        "mean": 1.61604547501,
        "median": 0.682943582535,
        "min": -1.90480327606,
        "var": 12.14818573
    },
    "barkbands_skewness": {
        "dmean": 0.373828917742,
        "dmean2": 0.565941393375,
        "dvar": 0.126881271601,
        "dvar2": 0.269846141338,
        "max": 6.07524061203,
        "mean": 0.49663618207,
        "median": 0.549809277058,
        "min": -3.95731067657,
        "var": 0.739490330219
    },
    "barkbands_spread": {
        "dmean": 3.33453917503,
        "dmean2": 5.18575716019,
        "dvar": 16.9569206238,
        "dvar2": 33.8876686096,
        "max": 108.121017456,
        "mean": 17.129234314,
        "median": 15.1689853668,
        "min": 1.00934994221,
        "var": 148.33493042
    },
    "dissonance": {
        "dmean": 0.0272990763187,
        "dmean2": 0.0465334318578,
        "dvar": 0.000848838826641,
        "dvar2": 0.00245149526745,
        "max": 0.500000119209,
        "mean": 0.447818279266,
        "median": 0.458397269249,
        "min": 0.184537410736,
        "var": 0.00182883429807
    },
    "dynamic_complexity": 3.72786164284,
    "erbbands_crest": {
        "dmean": 3.0062019825,
        "dmean2": 4.69811725616,
        "dvar": 7.97683572769,
        "dvar2": 18.0070610046,
        "max": 32.7106246948,
        "mean": 12.2988977432,
        "median": 11.0845403671,
        "min": 2.61560893059,
        "var": 34.1640701294
    },
    "erbbands_flatness_db": {
        "dmean": 0.0168913435191,
        "dmean2": 0.0256910063326,
        "dvar": 0.000224503484787,
        "dvar2": 0.000506592390593,
        "max": 0.398233294487,
        "mean": 0.202780589461,
        "median": 0.201678574085,
        "min": 0.0447751693428,
        "var": 0.00214860914275
    },
    "erbbands_kurtosis": {
        "dmean": 1.54965829849,
        "dmean2": 2.39950656891,
        "dvar": 7.93590259552,
        "dvar2": 18.0780200958,
        "max": 90.4657363892,
        "mean": 2.09164357185,
        "median": 0.645327806473,
        "min": -1.73607683182,
        "var": 21.6538181305
    },
    "erbbands_skewness": {
        "dmean": 0.421560496092,
        "dmean2": 0.636300802231,
        "dvar": 0.188331872225,
        "dvar2": 0.374473810196,
        "max": 5.22108840942,
        "mean": 0.292603671551,
        "median": 0.299174934626,
        "min": -5.98273038864,
        "var": 0.792214989662
    },
    "erbbands_spread": {
        "dmean": 4.43015146255,
        "dmean2": 6.7672867775,
        "dvar": 23.5212402344,
        "dvar2": 53.8628921509,
        "max": 132.717895508,
        "mean": 21.389995575,
        "median": 19.8405666351,
        "min": 0.987347602844,
        "var": 148.183120728
    },
    "hfc": {
        "dmean": 4.98317480087,
        "dmean2": 7.19644260406,
        "dvar": 37.3647651672,
        "dvar2": 71.7920150757,
        "max": 129.226730347,
        "mean": 20.6419620514,
        "median": 17.0173397064,
        "min": 1.06257034068e-16,
        "var": 262.032043457
    },
    "melbands_crest": {
        "dmean": 2.44350171089,
        "dmean2": 3.74791932106,
        "dvar": 4.9385471344,
        "dvar2": 11.1810836792,
        "max": 30.7298603058,
        "mean": 11.5812530518,
        "median": 10.5371208191,
        "min": 1.52799808979,
        "var": 26.66289711
    },
    "melbands_flatness_db": {
        "dmean": 0.0167318377644,
        "dmean2": 0.0256316568702,
        "dvar": 0.000239655229961,
        "dvar2": 0.000559908454306,
        "max": 0.416010469198,
        "mean": 0.203131973743,
        "median": 0.203913703561,
        "min": 0.00260586338118,
        "var": 0.00333529291674
    },
    "melbands_kurtosis": {
        "dmean": 1.66406178474,
        "dmean2": 2.55812382698,
        "dvar": 6.55832242966,
        "dvar2": 13.555480957,
        "max": 256.843841553,
        "mean": 2.75172924995,
        "median": 1.55453014374,
        "min": -1.87921118736,
        "var": 57.1660118103
    },
    "melbands_skewness": {
        "dmean": 0.385380059481,
        "dmean2": 0.572512865067,
        "dvar": 0.124636538327,
        "dvar2": 0.262672454119,
        "max": 14.1376991272,
        "mean": 0.948569536209,
        "median": 0.927385747433,
        "min": -3.44036340714,
        "var": 1.0534825325
    },
    "melbands_spread": {
        "dmean": 5.63587999344,
        "dmean2": 8.80281066895,
        "dvar": 78.6468505859,
        "dvar2": 146.017074585,
        "max": 221.869476318,
        "mean": 27.2935180664,
        "median": 22.104888916,
        "min": 1.97472393513,
        "var": 561.011108398
    },
    "pitch_salience": {
        "dmean": 0.0567062236369,
        "dmean2": 0.0902656018734,
        "dvar": 0.00248986133374,
        "dvar2": 0.00604051817209,
        "max": 0.972701013088,
        "mean": 0.547879517078,
        "median": 0.544357478619,
        "min": 0.164106696844,
        "var": 0.0135782891884
    },
    "silence_rate_20dB": {
        "dmean": 0,
        "dmean2": 0,
        "dvar": 0,
        "dvar2": 0,
        "max": 1,
        "mean": 1,
        "median": 1,
        "min": 1,
        "var": 0
    },
    "silence_rate_30dB": {
        "dmean": 0.00109803921077,
        "dmean2": 0.00219625071622,
        "dvar": 0.00109682849143,
        "dvar2": 0.00313265854493,
        "max": 1,
        "mean": 0.999294161797,
        "median": 1,
        "min": 0,
        "var": 0.000705346465111
    },
    "silence_rate_60dB": {
        "dmean": 0.0058039217256,
        "dmean2": 0.0116087533534,
        "dvar": 0.00577009189874,
        "dvar2": 0.0138284377754,
        "max": 1,
        "mean": 0.0934044420719,
        "median": 0,
        "min": 0,
        "var": 0.0846827924252
    },
    "spectral_centroid": {
        "dmean": 193.229156494,
        "dmean2": 301.527801514,
        "dvar": 68066.0546875,
        "dvar2": 137209.6875,
        "max": 11859.8349609,
        "mean": 1549.38928223,
        "median": 1167.47277832,
        "min": 393.393981934,
        "var": 2764942.25
    },
    "spectral_complexity": {
        "dmean": 2.2047059536,
        "dmean2": 3.72076249123,
        "dvar": 5.30915260315,
        "dvar2": 14.8963670731,
        "max": 60,
        "mean": 17.3521289825,
        "median": 17,
        "min": 0,
        "var": 75.7541503906
    },
    "spectral_decrease": {
        "dmean": 1.18739418298e-09,
        "dmean2": 1.70451752712e-09,
        "dvar": 1.91527797854e-18,
        "dvar2": 3.73913016552e-18,
        "max": 1.41272548306e-19,
        "mean": -5.75366243538e-09,
        "median": -5.00379826462e-09,
        "min": -2.86367445312e-08,
        "var": 1.85572511034e-17
    },
    "spectral_energy": {
        "dmean": 0.00486398627982,
        "dmean2": 0.00697097089142,
        "dvar": 3.22046726069e-05,
        "dvar2": 6.20394202997e-05,
        "max": 0.118784800172,
        "mean": 0.0235880054533,
        "median": 0.0205169524997,
        "min": 9.93048177608e-21,
        "var": 0.000309354742058
    },
    "spectral_energyband_high": {
        "dmean": 0.000101313919004,
        "dmean2": 0.00015385322331,
        "dvar": 4.73350176833e-08,
        "dvar2": 1.08466785775e-07,
        "max": 0.00684133451432,
        "mean": 0.000236429375946,
        "median": 0.000109776585305,
        "min": 6.82635081815e-21,
        "var": 1.19713703839e-07
    },
    "spectral_energyband_low": {
        "dmean": 0.000883238040842,
        "dmean2": 0.00129571242724,
        "dvar": 2.82366522697e-06,
        "dvar2": 6.50077845421e-06,
        "max": 0.0448131561279,
        "mean": 0.0031228037551,
        "median": 0.000816109240986,
        "min": 1.20591399533e-23,
        "var": 2.48425585596e-05
    },
    "spectral_energyband_middle_high": {
        "dmean": 0.00312702916563,
        "dmean2": 0.0043925922364,
        "dvar": 1.93997148017e-05,
        "dvar2": 3.33410753228e-05,
        "max": 0.109250470996,
        "mean": 0.0101514235139,
        "median": 0.00744687579572,
        "min": 1.11446239819e-21,
        "var": 9.99336334644e-05
    },
    "spectral_energyband_middle_low": {
        "dmean": 0.00304123363458,
        "dmean2": 0.00457483297214,
        "dvar": 1.30640401039e-05,
        "dvar2": 3.03866308968e-05,
        "max": 0.0757898539305,
        "mean": 0.0115606319159,
        "median": 0.00971360038966,
        "min": 1.34530773676e-22,
        "var": 8.97487261682e-05
    },
    "spectral_entropy": {
        "dmean": 0.144685566425,
        "dmean2": 0.232876375318,
        "dvar": 0.0182033367455,
        "dvar2": 0.0463623851538,
        "max": 9.82594680786,
        "mean": 7.13106870651,
        "median": 7.07282924652,
        "min": 5.20268630981,
        "var": 0.372689247131
    },
    "spectral_flux": {
        "dmean": 0.0128867868334,
        "dmean2": 0.0216220598668,
        "dvar": 0.000173656488187,
        "dvar2": 0.000459095492261,
        "max": 0.200191318989,
        "mean": 0.0623309873044,
        "median": 0.0594802312553,
        "min": 6.36406899401e-11,
        "var": 0.000986294471659
    },
    "spectral_kurtosis": {
        "dmean": 2.58242702484,
        "dmean2": 4.38529205322,
        "dvar": 6.47715091705,
        "dvar2": 18.056394577,
        "max": 56.5166778564,
        "mean": 10.4681549072,
        "median": 9.6698179245,
        "min": -1.31318080425,
        "var": 31.8716373444
    },
    "spectral_rms": {
        "dmean": 0.000469458696898,
        "dmean2": 0.000670499401167,
        "dvar": 2.07544189834e-07,
        "dvar2": 3.97000945895e-07,
        "max": 0.0107651110739,
        "mean": 0.00437599373981,
        "median": 0.00447398470715,
        "min": 3.11259937096e-12,
        "var": 3.86325928048e-06
    },
    "spectral_rolloff": {
        "dmean": 303.709320068,
        "dmean2": 532.71862793,
        "dvar": 370843.21875,
        "dvar2": 790190.75,
        "max": 19853.6132812,
        "mean": 2088.89013672,
        "median": 1313.52539062,
        "min": 107.666015625,
        "var": 9333539
    },
    "spectral_skewness": {
        "dmean": 0.289825379848,
        "dmean2": 0.48424950242,
        "dvar": 0.0745767280459,
        "dvar2": 0.202912777662,
        "max": 6.16924905777,
        "mean": 2.3451962471,
        "median": 2.29387569427,
        "min": -0.103166677058,
        "var": 0.640957295895
    },
    "spectral_spread": {
        "dmean": 340167.96875,
        "dmean2": 563989.6875,
        "dvar": 334531035136,
        "dvar2": 793271992320,
        "max": 50196284,
        "mean": 4264649.5,
        "median": 3095658,
        "min": 1188460.5,
        "var": 3.73878706668e+13
    },
    "spectral_strongpeak": {
        "dmean": 0.938054978848,
        "dmean2": 1.4863755703,
        "dvar": 1.59130382538,
        "dvar2": 3.39206957817,
        "max": 14.2774276733,
        "mean": 2.13748121262,
        "median": 1.54394996166,
        "min": 0,
        "var": 4.31560230255
    },
    "zerocrossingrate": {
        "dmean": 0.00681594666094,
        "dmean2": 0.00823253113776,
        "dvar": 9.56548028626e-05,
        "dvar2": 0.000106963794678,
        "max": 0.52734375,
        "mean": 0.072216950357,
        "median": 0.05419921875,
        "min": 0.0185546875,
        "var": 0.00611309101805
    },
    "barkbands": {
        "dmean": [0.000252224417636, 0.000410270120483, 0.000471269653644, 0.0003711678728, 0.000522749091033, 0.000729556079023, 0.00101577013265, 0.00120339647401, 0.00077711394988, 0.00122178834863, 0.000880057108589, 0.00123803201132, 0.000460054085124, 0.0006309041637, 0.000402237579692, 0.000218280547415, 0.000208475932595, 0.000123909994727, 0.000187435973203, 0.000104182756331, 3.44337749993e-05, 4.10629763792e-05, 1.24665439216e-05, 5.8321124925e-06, 4.45838941232e-06, 3.99028613174e-06, 3.86397869079e-06],
        "dmean2": [0.000459572154796, 0.000684818078298, 0.000659101991914, 0.000547425472178, 0.000733328051865, 0.00118950859178, 0.0015641648788, 0.00185205007438, 0.00120554992463, 0.00180370395537, 0.00134323118255, 0.00165952672251, 0.000691628200002, 0.000963457510807, 0.000667557818815, 0.000370271154679, 0.000350278191036, 0.000208896541153, 0.000311087089358, 0.000162665353855, 5.49799260625e-05, 6.08627415204e-05, 2.02639166673e-05, 9.40027439356e-06, 7.41988515074e-06, 6.49957428323e-06, 6.43728935756e-06],
        "dvar": [1.57654937993e-06, 5.91160016938e-07, 1.00929855762e-06, 5.65973380162e-07, 6.28811278602e-07, 9.90278749669e-07, 2.3810634957e-06, 3.94792141378e-06, 1.69034433384e-06, 5.25544737684e-06, 4.23580195275e-06, 1.0540706171e-05, 1.59330943461e-06, 1.89775346371e-06, 1.06464835881e-06, 3.83429892281e-07, 3.33746754677e-07, 1.50248965269e-07, 2.87672463628e-07, 1.07718008735e-07, 1.23268062424e-08, 1.08203215277e-08, 1.69660163696e-09, 4.95199270478e-10, 1.16377248116e-10, 9.72716421299e-11, 1.01254518659e-10],
        "dvar2": [4.72478950542e-06, 1.72447573732e-06, 2.0719510303e-06, 1.27954194795e-06, 1.28481997308e-06, 2.61774675892e-06, 5.61269371246e-06, 8.79200069903e-06, 3.73421380573e-06, 1.11339495561e-05, 8.65512993187e-06, 1.51638423631e-05, 2.80866356661e-06, 3.88184616895e-06, 2.69038582701e-06, 1.01649345652e-06, 9.33090916533e-07, 4.20957292135e-07, 8.12547057194e-07, 2.7783946166e-07, 3.22164268596e-08, 2.24508003299e-08, 3.75912856398e-09, 1.37278699519e-09, 3.18623100126e-10, 2.61829613546e-10, 2.72980166249e-10],
        "max": [0.0422824434936, 0.020919078961, 0.0286573655903, 0.0268340762705, 0.023881258443, 0.0155557990074, 0.0419999696314, 0.0571983195841, 0.0386837460101, 0.0550102256238, 0.0421616770327, 0.106589123607, 0.0466313585639, 0.0342567674816, 0.025146106258, 0.0156037779525, 0.0174984782934, 0.010498682037, 0.0142587805167, 0.0084064649418, 0.0047088265419, 0.00275329919532, 0.00106708065141, 0.00105544540565, 0.000258553103777, 0.000278247258393, 0.000253039703239],
        "mean": [0.000233838887652, 0.0010023402283, 0.0013931079302, 0.00096739694709, 0.0015503608156, 0.00140109029599, 0.00210382882506, 0.00219147489406, 0.00154636264779, 0.00265802466311, 0.00158850487787, 0.00280156987719, 0.000821333262138, 0.00115549203474, 0.000631929375231, 0.000323615473462, 0.000324312102748, 0.000198858499061, 0.000327952671796, 0.000179948139703, 5.93984041188e-05, 7.36769288778e-05, 2.13302664633e-05, 1.04517594082e-05, 8.57016857481e-06, 7.96678614279e-06, 5.23054177393e-06],
        "median": [7.70773385739e-06, 0.00025207787985, 0.000211951963138, 0.000248033727985, 0.00066513044294, 0.000908935384359, 0.00104872183874, 0.00106519146357, 0.000816715939436, 0.000928639492486, 0.000400780700147, 0.000792655919213, 0.000304699642584, 0.000406451581512, 0.000163561548106, 7.92142163846e-05, 0.000105192542833, 7.05648417352e-05, 7.06029968569e-05, 3.77334727091e-05, 1.30549988171e-05, 1.641705785e-05, 6.82384006723e-06, 4.65289440399e-06, 5.70735664951e-06, 5.57681505597e-06, 2.22801668315e-06],
        "min": [1.00536125384e-25, 1.18216782269e-24, 8.37168183259e-25, 8.30640063445e-25, 4.70345614077e-24, 6.22100955782e-24, 6.27484418701e-24, 6.05560001992e-24, 4.24480412744e-24, 1.17482206827e-23, 1.28614951131e-23, 1.99394643883e-23, 1.74450104753e-23, 2.61228038657e-23, 3.86447243359e-23, 5.04280185632e-23, 4.21107393397e-23, 7.32087343179e-23, 1.01182966329e-22, 1.38128900794e-22, 1.8980465434e-22, 2.56767484622e-22, 3.44932447412e-22, 4.51997406775e-22, 8.13871203796e-22, 1.28342282306e-21, 1.57641803162e-21],
        "var": [1.34259448714e-06, 3.53049108526e-06, 6.95936887496e-06, 3.78146410185e-06, 5.29789622306e-06, 2.44419356932e-06, 9.6958483482e-06, 1.18043817565e-05, 5.38695485375e-06, 2.07533194043e-05, 1.0452128663e-05, 5.39138891327e-05, 4.08871801483e-06, 5.2895547924e-06, 1.90314483461e-06, 5.7805675624e-07, 5.17497539931e-07, 2.21425338509e-07, 5.34651007911e-07, 1.89643174053e-07, 2.08287627146e-08, 2.41382096533e-08, 3.20679571786e-09, 5.57626111952e-10, 1.18777945812e-10, 9.78632105908e-11, 9.35765631649e-11]
    },
    "erbbands": {
        "dmean": [0.00683934707195, 0.112308204174, 0.473797947168, 0.903524041176, 1.90382623672, 1.26706790924, 3.56674981117, 6.48677587509, 15.2911291122, 16.6659126282, 25.6202068329, 17.7148628235, 42.1804466248, 25.5561790466, 37.2533683777, 47.0400009155, 21.8510227203, 29.1239318848, 21.9672374725, 18.7132110596, 11.0688047409, 10.7785511017, 5.94346141815, 10.4787693024, 7.60708189011, 4.50609540939, 1.72288513184, 1.1258033514, 0.743191003799, 1.66815209389, 0.457664817572, 0.17496457696, 0.0765461102128, 0.0505004413426, 0.0328041501343, 0.0123890927061, 0.00817734096199, 0.0032944586128, 0.000709085550625, 4.71745661343e-05],
        "dmean2": [0.0115948710591, 0.18524505198, 0.672138571739, 1.27331888676, 2.69928026199, 1.84847438335, 5.49001741409, 10.859913826, 22.9195079803, 27.0144176483, 39.1228713989, 27.0666370392, 62.930431366, 39.7299804688, 53.1576118469, 63.1481895447, 31.8564758301, 44.725276947, 34.5340995789, 31.2916812897, 18.7338657379, 18.2386550903, 10.0223808289, 17.451757431, 12.3701610565, 7.17380523682, 2.7548520565, 1.7489746809, 1.12340629101, 2.53993320465, 0.727935791016, 0.278104454279, 0.126078307629, 0.0838684737682, 0.0548045821488, 0.0197975020856, 0.0134219871834, 0.00546443322673, 0.0011872878531, 7.75880762376e-05],
        "dvar": [0.000190110280528, 0.0456406883895, 0.96089309454, 4.20837306976, 10.009601593, 4.45206022263, 36.6663475037, 85.3649978638, 621.445129395, 980.154968262, 1675.18969727, 1012.53405762, 6907.81103516, 3352.04272461, 8327.2421875, 12040.4238281, 2644.93139648, 3924.37304688, 2468.00512695, 3236.96411133, 716.147277832, 1151.06958008, 250.525314331, 959.204101562, 500.048431396, 218.702468872, 32.6760749817, 13.6471128464, 4.06746149063, 23.0793800354, 2.44040489197, 0.418886572123, 0.0939638838172, 0.0196535550058, 0.00789015553892, 0.000819618755486, 0.000537066662218, 0.000107248641143, 3.80973119718e-06, 1.42695144589e-08],
        "dvar2": [0.00053528015269, 0.129771649837, 2.0456969738, 9.03606510162, 20.0354690552, 10.4169778824, 80.4643707275, 239.557723999, 1389.09179688, 2305.59082031, 3856.48266602, 2103.56567383, 14918.4658203, 7914.06152344, 13479.8261719, 18291.15625, 4837.28466797, 8530.85351562, 5198.06835938, 8565.06933594, 1950.76147461, 3254.12670898, 704.902038574, 2773.50244141, 1356.64599609, 549.852233887, 86.0770950317, 32.255317688, 9.24455165863, 47.7125892639, 4.82201433182, 1.1310005188, 0.269338607788, 0.0546694286168, 0.0214804038405, 0.00208282773383, 0.00146231462713, 0.000294118421152, 1.02548065115e-05, 3.83157541251e-08],
        "max": [0.365582495928, 6.35500526428, 30.1346931458, 68.0164337158, 99.9088363647, 50.0219688416, 178.525787354, 139.181640625, 763.314086914, 1182.56494141, 1414.35888672, 1104.87524414, 2106.41918945, 1433.15454102, 2303.70629883, 3177.75317383, 1863.59143066, 1651.37036133, 1555.96606445, 1763.54174805, 573.753051758, 1235.24755859, 347.911682129, 754.14855957, 673.194458008, 364.701721191, 298.918792725, 154.036743164, 58.0351715088, 138.742752075, 41.0372962952, 26.8364238739, 18.0774250031, 4.44760131836, 2.5469379425, 0.845780611038, 0.771299600601, 0.306864410639, 0.0553859584033, 0.00246161967516],
        "mean": [0.0140518695116, 0.287929862738, 1.49922525883, 2.86107039452, 5.50534009933, 3.34461426735, 6.75009202957, 12.366396904, 32.3727607727, 29.403886795, 50.6322593689, 39.8512268066, 92.6222457886, 51.8235321045, 78.4211120605, 104.566444397, 44.0565338135, 55.472454071, 40.8111877441, 30.4405193329, 17.8482246399, 16.9934082031, 10.3450307846, 18.2781257629, 14.1104593277, 7.68325328827, 3.0910718441, 2.01814079285, 1.39880478382, 2.8025405407, 0.810523927212, 0.315610766411, 0.138585194945, 0.0945993736386, 0.061301689595, 0.0271132588387, 0.0151424361393, 0.00529577210546, 0.000916555640288, 8.50638461998e-05],
        "median": [0.00439519667998, 0.0657537207007, 0.251344352961, 0.729427099228, 2.10034680367, 1.58076632023, 3.45108103752, 7.87708711624, 14.6776294708, 15.8017110825, 28.2020931244, 22.278339386, 32.4108581543, 28.0625, 21.7516288757, 33.3415298462, 20.2164764404, 20.5888519287, 15.0501852036, 9.12497138977, 6.86920070648, 5.53942155838, 4.44102907181, 4.92490243912, 3.14411950111, 1.91633975506, 0.865365922451, 0.470725029707, 0.486982554197, 0.444457620382, 0.26367893815, 0.125924453139, 0.0730416849256, 0.0598369948566, 0.0395698770881, 0.0185557883233, 0.00973185617477, 0.0029484492261, 0.00036014377838, 5.21421134181e-05],
        "min": [1.8244644065e-23, 3.91682136947e-22, 1.9755052122e-21, 4.96265029407e-21, 6.30133023608e-21, 1.89140743953e-20, 2.84551003135e-20, 3.77608143501e-20, 9.86222693552e-20, 8.60786311278e-20, 1.5957364794e-19, 1.77907020543e-19, 3.5173715219e-19, 5.61055102799e-19, 9.7061031865e-19, 1.05814391524e-18, 1.27409027089e-18, 1.35698679636e-18, 2.15291724916e-18, 2.29509325964e-18, 3.19087278757e-18, 3.03191741836e-18, 4.51340720123e-18, 5.68825926986e-18, 5.63289193556e-18, 6.12047023891e-18, 6.37982775689e-18, 9.41896336008e-18, 9.70490563577e-18, 1.0064627459e-17, 1.00489796834e-17, 9.55345382869e-18, 9.34171296267e-18, 7.81190942138e-18, 6.01115501224e-18, 4.24943484261e-18, 2.29588755982e-18, 8.93708577872e-19, 2.12478620654e-19, 2.6302634188e-20],
        "var": [0.000520226545632, 0.311854451895, 8.42457580566, 32.0615310669, 85.5936965942, 21.573589325, 111.425376892, 191.904754639, 2788.83935547, 2328.86279297, 5457.86328125, 3741.18920898, 27091.6757812, 6795.92382812, 28675.2265625, 56133.2539062, 7076.72949219, 11052, 6155.80273438, 5304.765625, 1156.86157227, 1658.8626709, 403.208679199, 1550.96606445, 1131.44287109, 322.661712646, 47.7486343384, 31.7363510132, 8.57166004181, 46.2064971924, 5.17880582809, 0.564130842686, 0.080104008317, 0.0194555092603, 0.00748072285205, 0.00110255659092, 0.000493338273373, 9.1145564511e-05, 3.45414105141e-06, 1.51960737327e-08]
    },
    "gfcc": {
        "mean": [-52.4506568909, 92.3594436646, -125.886642456, -11.0757417679, -52.0772895813, 2.19610691071, -28.3515281677, 2.55630922318, -21.6777629852, 1.46776068211, -14.4490251541, -0.470105558634, -19.2131538391],
        "cov": [[41837.0195312, 4344.11376953, -4902.39111328, -439.293609619, -1667.93273926, -203.221633911, -753.480285645, 211.781005859, -724.763977051, -16.7369804382, -466.179840088, -173.875823975, -542.055908203], [4344.11376953, 1251.11193848, -203.374664307, -132.581130981, -54.3933372498, 25.6674194336, -56.9185638428, 89.1276092529, -126.896186829, 3.66897916794, -44.8760261536, -96.3559417725, -29.2437419891], [-4902.39111328, -203.374664307, 1065.87243652, 133.962905884, 267.8331604, 140.61026001, 152.256408691, -37.3083839417, 87.7345504761, -7.32042837143, 34.2068557739, -16.2058391571, 45.0551261902], [-439.293609619, -132.581130981, 133.962905884, 561.629150391, 108.466392517, -31.4941272736, 64.9325256348, 28.5639247894, 46.4662399292, 9.69329071045, -45.1694869995, -46.1538238525, -26.4545326233], [-1667.93273926, -54.3933372498, 267.8331604, 108.466392517, 321.163543701, 43.2076339722, 31.4652233124, 4.99139785767, 43.4034957886, 2.33256912231, 2.24431657791, -34.4227485657, 25.8597774506], [-203.221633911, 25.6674194336, 140.61026001, -31.4941272736, 43.2076339722, 215.056335449, 68.44972229, -37.9069328308, -13.2661437988, -10.7377061844, -1.20462763309, 24.7515563965, -25.3011665344], [-753.480285645, -56.9185638428, 152.256408691, 64.9325256348, 31.4652233124, 68.44972229, 176.972320557, 30.9349098206, 4.09932041168, -17.5723056793, 15.3053073883, -1.54897475243, 14.3553714752], [211.781005859, 89.1276092529, -37.3083839417, 28.5639247894, 4.99139785767, -37.9069328308, 30.9349098206, 143.931686401, 4.11693191528, -4.85051345825, 7.96540498734, -20.5068645477, 11.4741001129], [-724.763977051, -126.896186829, 87.7345504761, 46.4662399292, 43.4034957886, -13.2661437988, 4.09932041168, 4.11693191528, 136.066574097, 23.6487140656, -14.3663539886, 16.8498668671, 15.7310523987], [-16.7369804382, 3.66897916794, -7.32042837143, 9.69329071045, 2.33256912231, -10.7377061844, -17.5723056793, -4.85051345825, 23.6487140656, 99.5769042969, 14.0523233414, -21.3530483246, 8.67312717438], [-466.179840088, -44.8760261536, 34.2068557739, -45.1694869995, 2.24431657791, -1.20462763309, 15.3053073883, 7.96540498734, -14.3663539886, 14.0523233414, 117.880844116, 32.0203971863, 5.83073329926], [-173.875823975, -96.3559417725, -16.2058391571, -46.1538238525, -34.4227485657, 24.7515563965, -1.54897475243, -20.5068645477, 16.8498668671, -21.3530483246, 32.0203971863, 127.61416626, -0.17653593421], [-542.055908203, -29.2437419891, 45.0551261902, -26.4545326233, 25.8597774506, -25.3011665344, 14.3553714752, 11.4741001129, 15.7310523987, 8.67312717438, 5.83073329926, -0.17653593421, 130.936233521]],
        "icov": [[0.000141318960232, -0.000403983751312, 0.000541945919394, -0.000177809139132, 0.000295096746413, -0.000249024800723, 8.09035191196e-05, 0.000114528840641, -5.65491391171e-05, 7.14244670235e-05, 0.000123145611724, 2.80356398434e-05, 0.000143712983117], [-0.000403983751312, 0.0022337695118, -0.00149873388, 0.000732486776542, -0.000808434851933, 0.00025425379863, 0.000237054671743, -0.00122636160813, 0.00101318932138, -0.000415835471358, 8.4753104602e-05, 0.000524143921211, -0.000316803809255], [0.000541945919394, -0.00149873388, 0.003588024294, -0.00079996191198, 0.00026504433481, -0.00155926577281, -0.000500647292938, 0.00103740347549, -0.00103624968324, 0.000657258729916, -0.000179179391125, 0.000599708640948, 0.000212659288081], [-0.000177809139132, 0.000732486776542, -0.00079996191198, 0.00259503931738, -0.00109784363303, 0.00123382685706, -0.00121006614063, -0.000408094841987, -2.40765948547e-05, -0.000612904084846, 0.000998675008304, 0.000183263633517, 0.000849999254569], [0.000295096746413, -0.000808434851933, 0.00026504433481, -0.00109784363303, 0.00513751199469, -0.00166223791894, 0.00114297773689, -0.000151587242726, -0.00112635456026, 0.000824608781841, -0.000515094085131, 0.00154106982518, -0.000614077900536], [-0.000249024800723, 0.00025425379863, -0.00155926577281, 0.00123382685706, -0.00166223791894, 0.00788453966379, -0.00357686798088, 0.00185347977094, 0.00124822091311, -0.00106147816405, 0.00130238314159, -0.00228909030557, 0.00175252603367], [8.09035191196e-05, 0.000237054671743, -0.000500647292938, -0.00121006614063, 0.00114297773689, -0.00357686798088, 0.00899859983474, -0.00267641781829, 8.23572918307e-05, 0.00165753101464, -0.00136406614911, 0.00107599236071, -0.00141077325679], [0.000114528840641, -0.00122636160813, 0.00103740347549, -0.000408094841987, -0.000151587242726, 0.00185347977094, -0.00267641781829, 0.00926386844367, -0.00146159157157, 0.00111976254266, -0.0012940436136, 0.000974757713266, -0.000209103323868], [-5.65491391171e-05, 0.00101318932138, -0.00103624968324, -2.40765948547e-05, -0.00112635456026, 0.00124822091311, 8.23572918307e-05, -0.00146159157157, 0.0105448774993, -0.0035838636104, 0.00311701046303, -0.00300656631589, -0.000245760544203], [7.14244670235e-05, -0.000415835471358, 0.000657258729916, -0.000612904084846, 0.000824608781841, -0.00106147816405, 0.00165753101464, 0.00111976254266, -0.0035838636104, 0.0126333814114, -0.00352726271376, 0.00374419940636, -0.0010391358519], [0.000123145611724, 8.4753104602e-05, -0.000179179391125, 0.000998675008304, -0.000515094085131, 0.00130238314159, -0.00136406614911, -0.0012940436136, 0.00311701046303, -0.00352726271376, 0.0115603134036, -0.00394722726196, 0.000747547368519], [2.80356398434e-05, 0.000524143921211, 0.000599708640948, 0.000183263633517, 0.00154106982518, -0.00228909030557, 0.00107599236071, 0.000974757713266, -0.00300656631589, 0.00374419940636, -0.00394722726196, 0.0114549817517, -0.000581856642384], [0.000143712983117, -0.000316803809255, 0.000212659288081, 0.000849999254569, -0.000614077900536, 0.00175252603367, -0.00141077325679, -0.000209103323868, -0.000245760544203, -0.0010391358519, 0.000747547368519, -0.000581856642384, 0.00895726401359]]
    },
    "melbands": {
        "dmean": [9.02284955373e-05, 0.000206529468414, 0.000168392070918, 0.00012074035476, 0.000103510872577, 0.000157418864546, 0.000218558256165, 0.000198919733521, 0.000206566095585, 0.000111396810098, 0.00021171401022, 0.000101042271126, 0.000117830386444, 0.000148500213982, 8.10202182038e-05, 5.05182943016e-05, 5.8992907725e-05, 3.82293546863e-05, 3.23960921378e-05, 1.95130560314e-05, 1.30255066324e-05, 1.32469522214e-05, 5.15184501637e-06, 7.23753009879e-06, 9.40683003137e-06, 6.06948242421e-06, 4.95596486871e-06, 2.70111195277e-06, 1.25835970266e-06, 8.89318926056e-07, 6.21222739028e-07, 4.35411891431e-07, 8.15333635273e-07, 7.69034613768e-07, 2.95524699823e-07, 1.60231877544e-07, 9.41196205417e-08, 5.97904517008e-08, 5.31639514634e-08, 4.32862172772e-08],
        "dmean2": [0.000150970096001, 0.000303299369989, 0.000240592897171, 0.000168845086591, 0.000159338800586, 0.000258545856923, 0.000330394628691, 0.000318959821016, 0.000314043922117, 0.000172775442479, 0.000314687902573, 0.000157128772116, 0.000175523833605, 0.000196973385755, 0.000114457172458, 7.53919666749e-05, 9.13394105737e-05, 5.95236051595e-05, 5.37321793672e-05, 3.32679883286e-05, 2.18859622692e-05, 2.23518236453e-05, 8.77400725585e-06, 1.20557579066e-05, 1.56620899361e-05, 9.98346968117e-06, 7.81888775236e-06, 4.32268234363e-06, 2.00306681108e-06, 1.41587372582e-06, 9.58592181632e-07, 6.61289277559e-07, 1.23419954434e-06, 1.17943363875e-06, 4.76229331525e-07, 2.59203886799e-07, 1.51786309743e-07, 9.97967646299e-08, 8.90641800311e-08, 7.23200699326e-08],
        "dvar": [2.86963839358e-08, 1.71506982838e-07, 1.01066802927e-07, 3.59027509944e-08, 2.96141582368e-08, 4.73103156651e-08, 1.16018433971e-07, 1.38868102795e-07, 1.03122118844e-07, 3.58647085363e-08, 1.73068087861e-07, 5.13954709902e-08, 6.55028600249e-08, 2.06305585948e-07, 2.5121986269e-08, 2.84995564925e-08, 1.73521481628e-08, 8.93886209496e-09, 8.72770655747e-09, 4.17287804311e-09, 1.02674468927e-09, 1.64811242431e-09, 2.04972747109e-10, 5.62262902903e-10, 8.95745699836e-10, 3.93094695683e-10, 2.64458899224e-10, 7.45007250336e-11, 1.70876524735e-11, 9.23647790196e-12, 4.38132082697e-12, 1.84286613747e-12, 4.80705622877e-12, 4.83523724532e-12, 1.46114132078e-12, 3.05666814559e-13, 1.43697472541e-13, 6.2050320123e-14, 4.11730992724e-14, 1.78120119023e-14],
        "dvar2": [8.17205361159e-08, 3.88298502685e-07, 2.23225853802e-07, 7.37475573942e-08, 6.61854073769e-08, 1.27433480657e-07, 2.6406198117e-07, 3.1707764947e-07, 2.3623816503e-07, 7.8185877328e-08, 3.70690855789e-07, 1.21220779192e-07, 1.25708368159e-07, 2.85612458129e-07, 4.69787764246e-08, 4.77904116281e-08, 3.77293041254e-08, 1.74951075849e-08, 2.17197655417e-08, 1.12145706055e-08, 2.816807676e-09, 4.63087923563e-09, 5.7608517956e-10, 1.5762027239e-09, 2.60011412401e-09, 1.07267672522e-09, 7.07997049876e-10, 1.73771538825e-10, 4.18231005384e-11, 2.32916654713e-11, 1.0702426792e-11, 4.03924463321e-12, 1.01996102536e-11, 1.0030403591e-11, 2.70966582505e-12, 7.9712495285e-13, 3.94846292164e-13, 1.76417298196e-13, 1.20257089334e-13, 4.93704672955e-14],
        "max": [0.00335371703841, 0.0135673796758, 0.00981119368225, 0.00583605328575, 0.00471250200644, 0.00357594201341, 0.00981623679399, 0.0142887793481, 0.0106440223753, 0.00599211221561, 0.010502290912, 0.00533792562783, 0.00585388718173, 0.0157398190349, 0.0039839418605, 0.00644750660285, 0.00379559886642, 0.00342179415748, 0.0019073348958, 0.0018033774104, 0.000710523396265, 0.00140945171006, 0.000313129567076, 0.000666561187245, 0.000794589868747, 0.000610512739513, 0.000413295842009, 0.000168377679074, 0.000184911928955, 0.000113307272841, 7.23863340681e-05, 4.57331225334e-05, 6.12829826423e-05, 6.21802028036e-05, 2.94834826491e-05, 1.96096152649e-05, 1.63168861036e-05, 1.45264402818e-05, 6.73245449434e-06, 5.33456159246e-06],
        "mean": [0.000208779674722, 0.000660215620883, 0.000557839986868, 0.00034394589602, 0.000200606504222, 0.000310364441248, 0.00046119975741, 0.000340878817951, 0.000409462896641, 0.000234512772295, 0.000459247996332, 0.000194516964257, 0.000229509794735, 0.000340256490745, 0.000159945120686, 8.50593569339e-05, 0.000107908745122, 6.88451909809e-05, 5.04419876961e-05, 2.88899318548e-05, 1.9766674086e-05, 2.00306967599e-05, 8.01741680334e-06, 1.17344934552e-05, 1.54726349137e-05, 1.02012163552e-05, 8.76267768035e-06, 4.15684235122e-06, 2.11535552808e-06, 1.45282945141e-06, 1.01928583263e-06, 7.1825024861e-07, 1.38779353165e-06, 1.2617192624e-06, 4.74855937682e-07, 2.72583406513e-07, 1.51287750327e-07, 9.67511297745e-08, 8.53139994206e-08, 7.71364696561e-08],
        "median": [6.30322028883e-05, 0.000124328958918, 0.000181636642083, 0.000142652148497, 9.88312240224e-05, 0.000197936038603, 0.000223444512812, 0.000176240107976, 0.000229681798373, 0.000126336555695, 0.000152394859469, 9.68458043644e-05, 6.36297772871e-05, 6.98344811099e-05, 6.8509070843e-05, 2.27141281357e-05, 3.71471505787e-05, 2.30902496696e-05, 1.33853463922e-05, 6.1086657297e-06, 6.69356495564e-06, 5.7674137679e-06, 2.83205417873e-06, 3.69783197129e-06, 3.21122138303e-06, 1.54610211212e-06, 1.68435269643e-06, 6.72204350849e-07, 4.37849195123e-07, 2.54521381748e-07, 2.05715764423e-07, 1.97934099333e-07, 2.41294856096e-07, 1.8524526979e-07, 1.06986092874e-07, 9.37568742643e-08, 5.6655768077e-08, 4.64425014002e-08, 4.18274268554e-08, 4.84402136181e-08],
        "min": [4.17595550308e-25, 1.39476445614e-24, 9.09011619442e-25, 1.14206459946e-24, 1.0969382058e-24, 1.10387761797e-24, 1.41077113416e-24, 1.07228778163e-24, 1.20444397275e-24, 8.74031357537e-25, 1.63145862088e-24, 1.46179998232e-24, 2.33999948366e-24, 2.16590636214e-24, 2.41131960924e-24, 2.58630453802e-24, 2.26008452131e-24, 1.96513337315e-24, 2.63944595569e-24, 2.82896919652e-24, 2.8868875614e-24, 2.46516271868e-24, 2.88457442401e-24, 2.31938142061e-24, 2.86315606157e-24, 3.67733861299e-24, 3.60367714824e-24, 3.75923657445e-24, 3.68002468437e-24, 3.4544988179e-24, 4.50664007809e-24, 4.60185203947e-24, 4.70307709311e-24, 4.40436505059e-24, 5.14211210788e-24, 5.49643371663e-24, 4.70469820227e-24, 5.07587895185e-24, 5.60540104562e-24, 5.69143184936e-24],
        "var": [1.17734749949e-07, 1.58606303557e-06, 8.15213127225e-07, 2.87086351136e-07, 9.41147249023e-08, 1.20141109505e-07, 4.94713617627e-07, 3.41940562976e-07, 3.30954009087e-07, 1.23535230045e-07, 6.80832386024e-07, 1.0487821811e-07, 1.83186330105e-07, 1.06554750801e-06, 8.02300164082e-08, 7.37061398581e-08, 4.71916727918e-08, 2.3226233381e-08, 1.49233230218e-08, 6.18356121862e-09, 1.70771397023e-09, 2.403596433e-09, 2.8656227391e-10, 8.63714488819e-10, 1.35142008695e-09, 7.94045773578e-10, 5.30559873813e-10, 1.18227941326e-10, 2.96364946473e-11, 1.6858504176e-11, 9.4289550126e-12, 3.75842369379e-12, 1.00547174753e-11, 9.59716854598e-12, 3.15971576161e-12, 6.10892955145e-13, 1.56952304885e-13, 5.14751239409e-14, 3.8017569507e-14, 1.60728736906e-14]
    },
    "mfcc": {
        "mean": [-686.596801758, 145.941726685, -22.2607631683, -2.60632562637, -10.7121829987, -2.34822463989, -2.98238921165, 1.72614479065, -7.12483358383, 2.22605633736, 3.37411832809, -4.43833875656, 2.18676805496],
        "cov": [[13383.5546875, 2943.74926758, -1128.93054199, 232.126571655, -312.323181152, -141.990219116, 79.6147155762, 63.9452629089, -116.831413269, 206.214508057, -28.283082962, -85.8090896606, -10.5479459763], [2943.74926758, 1625.87963867, 27.580450058, -145.652816772, 19.9795417786, -39.5421638489, 92.3104324341, -11.8757324219, -8.50643157959, 26.1219921112, -10.0525045395, 19.8732700348, -39.9747238159], [-1128.93054199, 27.580450058, 522.882324219, 41.4058876038, 22.8972797394, 87.4273071289, 59.3952980042, 25.3618583679, 39.9388465881, 0.754635632038, 17.9765033722, 8.66087055206, -9.35747814178], [232.126571655, -145.652816772, 41.4058876038, 433.204437256, 89.1209030151, 18.1085414886, -1.39854586124, 11.936009407, 44.5013389587, 99.1319046021, 24.8632392883, -56.9918823242, -21.3929157257], [-312.323181152, 19.9795417786, 22.8972797394, 89.1209030151, 221.920974731, 51.4798583984, 1.80933713913, -1.73144865036, 25.910490036, 36.3369979858, -12.4822387695, -11.9409837723, 0.381086707115], [-141.990219116, -39.5421638489, 87.4273071289, 18.1085414886, 51.4798583984, 221.665161133, 21.748922348, 23.7931251526, 18.3119945526, -0.798964619637, 11.0965194702, -22.2466049194, 22.5498313904], [79.6147155762, 92.3104324341, 59.3952980042, -1.39854586124, 1.80933713913, 21.748922348, 178.595474243, 32.0305023193, 8.92035865784, 4.84882450104, -5.68788051605, 20.2858448029, -16.1117668152], [63.9452629089, -11.8757324219, 25.3618583679, 11.936009407, -1.73144865036, 23.7931251526, 32.0305023193, 150.704528809, 10.5087594986, -28.2459697723, 27.2067565918, -7.82213068008, 16.1499824524], [-116.831413269, -8.50643157959, 39.9388465881, 44.5013389587, 25.910490036, 18.3119945526, 8.92035865784, 10.5087594986, 142.404220581, 32.724193573, -35.6376647949, 3.85898590088, -7.25386095047], [206.214508057, 26.1219921112, 0.754635632038, 99.1319046021, 36.3369979858, -0.798964619637, 4.84882450104, -28.2459697723, 32.724193573, 178.647491455, 11.3892374039, -49.3802070618, -43.4457359314], [-28.283082962, -10.0525045395, 17.9765033722, 24.8632392883, -12.4822387695, 11.0965194702, -5.68788051605, 27.2067565918, -35.6376647949, 11.3892374039, 141.258026123, -13.9544496536, -18.8058166504], [-85.8090896606, 19.8732700348, 8.66087055206, -56.9918823242, -11.9409837723, -22.2466049194, 20.2858448029, -7.82213068008, 3.85898590088, -49.3802070618, -13.9544496536, 147.908584595, 21.0148410797], [-10.5479459763, -39.9747238159, -9.35747814178, -21.3929157257, 0.381086707115, 22.5498313904, -16.1117668152, 16.1499824524, -7.25386095047, -43.4457359314, -18.8058166504, 21.0148410797, 149.208023071]],
