{
"lowlevel": {
    "average_loudness": 0.780844330788,
    "barkbands_crest": {
        "dmean": 2.36162805557,
        "dmean2": 3.64065957069,
        "dvar": 4.72566890717,
        "dvar2": 10.4812297821,
        "max": 25.09806633,
        "mean": 9.62295055389,
        "median": 8.66623401642,
        "min": 2.48436665535,
        "var": 16.6546154022
    },
    "barkbands_flatness_db": {
        "dmean": 0.0208703093231,
        "dmean2": 0.0300647541881,
        "dvar": 0.000447632191936,
        "dvar2": 0.000963379337918,
        "max": 0.449001431465,
        "mean": 0.154340341687,
        "median": 0.144729301333,
        "min": 0.0319081582129,
        "var": 0.00490447087213
    },
    "barkbands_kurtosis": {
        "dmean": 1.65517795086,
        "dmean2": 2.49083185196,
        "dvar": 6.85315322876,
        "dvar2": 13.4721727371,
        "max": 50.1797142029,
        "mean": 2.08371591568,
        "median": 0.727206707001,
        "min": -1.62292170525,
        "var": 19.5492572784
    },
    "barkbands_skewness": {
        "dmean": 0.44229260087,
        "dmean2": 0.651948809624,
        "dvar": 0.170690372586,
        "dvar2": 0.339081913233,
        "max": 6.47279691696,
        "mean": 1.00733804703,
        "median": 0.87245029211,
        "min": -2.21760249138,
        "var": 0.963669896126
    },
    "barkbands_spread": {
        "dmean": 3.74172377586,
        "dmean2": 5.84325790405,
        "dvar": 19.5315189362,
        "dvar2": 52.1361694336,
        "max": 102.249328613,
        "mean": 17.3793125153,
        "median": 16.2411766052,
        "min": 0.844823539257,
        "var": 69.153137207
    },
    "dissonance": {
        "dmean": 0.0238571669906,
        "dmean2": 0.0393967702985,
        "dvar": 0.000485201453557,
        "dvar2": 0.00132052076515,
        "max": 0.5,
        "mean": 0.436448723078,
        "median": 0.442980706692,
        "min": 0.139112964272,
        "var": 0.00156222609803
    },
    "dynamic_complexity": 2.39038467407,
    "erbbands_crest": {
        "dmean": 2.7259247303,
        "dmean2": 4.33007144928,
        "dvar": 6.0443854332,
        "dvar2": 14.8222494125,
        "max": 32.1522293091,
        "mean": 11.0850801468,
        "median": 10.3482103348,
        "min": 2.7253818512,
        "var": 19.0177268982
    },
    "erbbands_flatness_db": {
        "dmean": 0.0179598834366,
        "dmean2": 0.0260169506073,
        "dvar": 0.000364647828974,
        "dvar2": 0.000735979294404,
        "max": 0.506200969219,
        "mean": 0.191565424204,
        "median": 0.181272596121,
        "min": 0.0628988072276,
        "var": 0.00500831380486
    },
    "erbbands_kurtosis": {
        "dmean": 0.860640466213,
        "dmean2": 1.32502698898,
        "dvar": 1.08557450771,
        "dvar2": 2.41493153572,
        "max": 31.8784294128,
        "mean": 0.848547041416,
        "median": 0.498648643494,
        "min": -1.57385504246,
        "var": 2.49963951111
    },
    "erbbands_skewness": {
        "dmean": 0.344511479139,
        "dmean2": 0.525231122971,
        "dvar": 0.0898081213236,
        "dvar2": 0.209602460265,
        "max": 3.8913705349,
        "mean": 0.308901339769,
        "median": 0.315886318684,
        "min": -4.58225440979,
        "var": 0.363246262074
    },
    "erbbands_spread": {
        "dmean": 5.41052436829,
        "dmean2": 8.17070484161,
        "dvar": 37.7832641602,
        "dvar2": 80.7703781128,
        "max": 84.4363555908,
        "mean": 24.8680934906,
        "median": 22.3687400818,
        "min": 1.6687694788,
        "var": 146.099899292
    },
    "hfc": {
        "dmean": 5.97911310196,
        "dmean2": 9.06160449982,
        "dvar": 84.5465545654,
        "dvar2": 209.894287109,
        "max": 113.023231506,
        "mean": 20.9986286163,
        "median": 17.3384513855,
        "min": 1.09744262094e-16,
        "var": 205.814941406
    },
    "melbands_crest": {
        "dmean": 3.43545627594,
        "dmean2": 5.48018836975,
        "dvar": 9.58274364471,
        "dvar2": 23.620141983,
        "max": 32.3653373718,
        "mean": 13.5343046188,
        "median": 12.430809021,
        "min": 1.63126289845,
        "var": 30.2455863953
    },
    "melbands_flatness_db": {
        "dmean": 0.0246247220784,
        "dmean2": 0.0360266566277,
        "dvar": 0.000674401933793,
        "dvar2": 0.00152322906069,
        "max": 0.554667890072,
        "mean": 0.220978632569,
        "median": 0.203674301505,
        "min": 0.00326979276724,
        "var": 0.00716209039092
    },
    "melbands_kurtosis": {
        "dmean": 3.3693022728,
        "dmean2": 4.94506454468,
        "dvar": 31.1528530121,
        "dvar2": 58.7797966003,
        "max": 116.767776489,
        "mean": 5.53367424011,
        "median": 2.59018492699,
        "min": -1.78886258602,
        "var": 91.3579711914
    },
    "melbands_skewness": {
        "dmean": 0.546463191509,
        "dmean2": 0.795473217964,
        "dvar": 0.284270018339,
        "dvar2": 0.546132802963,
        "max": 9.08091068268,
        "mean": 1.61573398113,
        "median": 1.36210393906,
        "min": -1.40949690342,
        "var": 1.56254243851
    },
    "melbands_spread": {
        "dmean": 4.96475219727,
        "dmean2": 7.72680854797,
        "dvar": 28.0260753632,
        "dvar2": 70.5109786987,
        "max": 162.74571228,
        "mean": 21.7243423462,
        "median": 20.8840255737,
        "min": 1.22054195404,
        "var": 134.890625
    },
    "pitch_salience": {
        "dmean": 0.0662755891681,
        "dmean2": 0.10144738853,
        "dvar": 0.00342984916642,
        "dvar2": 0.00798146054149,
        "max": 0.921146452427,
        "mean": 0.511011779308,
        "median": 0.520434379578,
        "min": 0.0941295996308,
        "var": 0.0132190231234
    },
    "silence_rate_20dB": {
        "dmean": 0,
        "dmean2": 0,
        "dvar": 0,
        "dvar2": 0,
        "max": 1,
        "mean": 1,
        "median": 1,
        "min": 1,
        "var": 0
    },
    "silence_rate_30dB": {
        "dmean": 0.0323368422687,
        "dmean2": 0.0646791309118,
        "dvar": 0.0312907285988,
        "dvar2": 0.0640395432711,
        "max": 1,
        "mean": 0.95874029398,
        "median": 1,
        "min": 0,
        "var": 0.0395615845919
    },
    "silence_rate_60dB": {
        "dmean": 0.00168421049602,
        "dmean2": 0.0033687048126,
        "dvar": 0.00168127333745,
        "dvar2": 0.00386275793426,
        "max": 1,
        "mean": 0.0165038742125,
        "median": 0,
        "min": 0,
        "var": 0.0162304639816
    },
    "spectral_centroid": {
        "dmean": 166.406555176,
        "dmean2": 264.361236572,
        "dvar": 50331.8164062,
        "dvar2": 132587.578125,
        "max": 11693.1455078,
        "mean": 1068.7376709,
        "median": 1010.61383057,
        "min": 263.883453369,
        "var": 455452.96875
    },
    "spectral_complexity": {
        "dmean": 2.88774728775,
        "dmean2": 4.69159507751,
        "dvar": 16.5186500549,
        "dvar2": 38.9694595337,
        "max": 55,
        "mean": 17.1722793579,
        "median": 16,
        "min": 0,
        "var": 49.5523643494
    },
    "spectral_decrease": {
        "dmean": 2.87433055135e-09,
        "dmean2": 4.25439727891e-09,
        "dvar": 1.73427961086e-17,
        "dvar2": 3.8036305664e-17,
        "max": 4.84499901066e-17,
        "mean": -8.73670558121e-09,
        "median": -6.30685459413e-09,
        "min": -6.01115672794e-08,
        "var": 5.82275925105e-17
    },
    "spectral_energy": {
        "dmean": 0.0112406760454,
        "dmean2": 0.0166244935244,
        "dvar": 0.00025835231645,
        "dvar2": 0.000569435127545,
        "max": 0.230508178473,
        "mean": 0.0348790101707,
        "median": 0.0255308002234,
        "min": 9.96743913956e-21,
        "var": 0.000873226381373
    },
    "spectral_energyband_high": {
        "dmean": 0.00033365629497,
        "dmean2": 0.000519546680152,
        "dvar": 6.55859651033e-07,
        "dvar2": 1.72082502559e-06,
        "max": 0.00936239026487,
        "mean": 0.00055205571698,
        "median": 0.000179910450242,
        "min": 7.12372144057e-21,
        "var": 8.62399701873e-07
    },
    "spectral_energyband_low": {
        "dmean": 0.0075088753365,
        "dmean2": 0.0106054022908,
        "dvar": 0.00017182258307,
        "dvar2": 0.000300391897326,
        "max": 0.212489455938,
        "mean": 0.013913013041,
        "median": 0.00433091027662,
        "min": 1.15887705945e-23,
        "var": 0.000607543042861
    },
    "spectral_energyband_middle_high": {
        "dmean": 0.00221113953739,
        "dmean2": 0.0033529123757,
        "dvar": 7.2000802902e-06,
        "dvar2": 1.66704721778e-05,
        "max": 0.0639910772443,
        "mean": 0.00725228060037,
        "median": 0.00607117917389,
        "min": 1.23843225548e-21,
        "var": 2.61802142631e-05
    },
    "spectral_energyband_middle_low": {
        "dmean": 0.00548561057076,
        "dmean2": 0.00816819537431,
        "dvar": 9.56434523687e-05,
        "dvar2": 0.000234765058849,
        "max": 0.186353102326,
        "mean": 0.0143608432263,
        "median": 0.0107274483889,
        "min": 2.15513063261e-22,
        "var": 0.000169713777723
    },
    "spectral_entropy": {
        "dmean": 0.163985237479,
        "dmean2": 0.243186488748,
        "dvar": 0.038978330791,
        "dvar2": 0.0892560780048,
        "max": 9.81789016724,
        "mean": 7.20211410522,
        "median": 7.26395273209,
        "min": 4.53504800797,
        "var": 0.413756102324
    },
    "spectral_flux": {
        "dmean": 0.0240933764726,
        "dmean2": 0.0390975065529,
        "dvar": 0.000835065846331,
        "dvar2": 0.00188616011292,
        "max": 0.372281879187,
        "mean": 0.0844996497035,
        "median": 0.0672489404678,
        "min": 6.43194872363e-11,
        "var": 0.00302409962751
    },
    "spectral_kurtosis": {
        "dmean": 3.79140043259,
        "dmean2": 6.37671375275,
        "dvar": 86.0124282837,
        "dvar2": 241.751983643,
        "max": 209.458480835,
        "mean": 12.1614952087,
        "median": 5.57519006729,
        "min": -1.27031087875,
        "var": 606.498779297
    },
    "spectral_rms": {
        "dmean": 0.000830120348837,
        "dmean2": 0.00121023831889,
        "dvar": 9.13958615456e-07,
        "dvar2": 2.02155501938e-06,
        "max": 0.0149962007999,
        "mean": 0.00539675215259,
        "median": 0.00499080121517,
        "min": 3.11838597479e-12,
        "var": 4.90341199111e-06
    },
    "spectral_rolloff": {
        "dmean": 264.213592529,
        "dmean2": 457.435272217,
        "dvar": 221362.6875,
        "dvar2": 558810,
        "max": 19638.28125,
        "mean": 1284.72546387,
        "median": 1291.9921875,
        "min": 64.599609375,
        "var": 2023566.5
    },
    "spectral_skewness": {
        "dmean": 0.325183898211,
        "dmean2": 0.540472865105,
        "dvar": 0.250843912363,
        "dvar2": 0.718815863132,
        "max": 11.5560979843,
        "mean": 2.25248503685,
        "median": 1.92186546326,
        "min": -0.0669461712241,
        "var": 2.08706235886
    },
    "spectral_spread": {
        "dmean": 454579.78125,
        "dmean2": 665148.9375,
        "dvar": 442247905280,
        "dvar2": 956116107264,
        "max": 42542836,
        "mean": 4194664,
        "median": 4016135,
        "min": 442353.625,
        "var": 7.00548592435e+12
    },
    "spectral_strongpeak": {
        "dmean": 0.734314620495,
        "dmean2": 1.24981880188,
        "dvar": 0.988892734051,
        "dvar2": 2.4748878479,
        "max": 13.4453287125,
        "mean": 1.35316181183,
        "median": 1.00287532806,
        "min": 0,
        "var": 1.52406346798
    },
    "zerocrossingrate": {
        "dmean": 0.00713083893061,
        "dmean2": 0.00821927748621,
        "dvar": 5.71479431528e-05,
        "dvar2": 8.56227416079e-05,
        "max": 0.51904296875,
        "mean": 0.0514464080334,
        "median": 0.04833984375,
        "min": 0.00439453125,
        "var": 0.00137218029704
    },
    "barkbands": {
        "dmean": [0.000104235848994, 0.00499346293509, 0.00391430780292, 0.00127586338203, 0.00285637308843, 0.000595703779254, 0.00124713161495, 0.00121822371148, 0.000889490416739, 0.000778419082053, 0.000588800001424, 0.000249837292358, 0.000855114602018, 0.000442405143986, 0.000580150343012, 0.000269730808213, 0.000127783510834, 7.18120427337e-05, 6.89575244905e-05, 8.39337590151e-05, 0.000102837613667, 8.81046798895e-05, 3.96671894123e-05, 4.0655657358e-05, 2.85138830804e-05, 1.8775674107e-05, 5.84885447097e-06],
        "dmean2": [0.000147498314618, 0.00745660439134, 0.00580424908549, 0.00209894008003, 0.00481890747324, 0.000935772026423, 0.00169328146148, 0.00191278662533, 0.00120736425743, 0.00109200435691, 0.000853597535752, 0.000367481727153, 0.00130938529037, 0.000713262124918, 0.000940241850913, 0.000437009177404, 0.000212497121538, 0.000124770696857, 0.000119860531413, 0.000138475879794, 0.00017985109298, 0.000147200596984, 6.14639866399e-05, 6.68142893119e-05, 4.45238365501e-05, 2.67495652224e-05, 8.90080809768e-06],
        "dvar": [5.05776505122e-08, 0.000146865524584, 6.6502361733e-05, 1.65532546816e-05, 5.9451074776e-05, 3.41079066857e-06, 4.6486784413e-06, 4.75067736261e-06, 2.70758323495e-06, 1.4093138816e-06, 7.78538719715e-07, 4.88825946832e-07, 2.56099383478e-06, 5.34157152288e-07, 1.84926693692e-06, 3.22586600987e-07, 5.03505930283e-08, 1.80652701687e-08, 1.61168376422e-08, 3.69727075622e-08, 8.03892135082e-08, 5.65037048261e-08, 7.67972174742e-09, 8.78126815707e-09, 3.4089218115e-09, 1.59947499689e-09, 1.9354381986e-10],
        "dvar2": [7.59919842608e-08, 0.000244342867518, 0.000118290059618, 4.1576269723e-05, 0.0001571081375, 9.12450104806e-06, 1.02922231235e-05, 1.2711015188e-05, 5.33872253072e-06, 2.91956212095e-06, 1.59796195476e-06, 8.96902236036e-07, 5.10319205205e-06, 1.37495624131e-06, 4.76520835946e-06, 8.41510825467e-07, 1.37191335625e-07, 4.91948313197e-08, 4.46144952093e-08, 9.72032765389e-08, 2.25863828973e-07, 1.55922663225e-07, 1.68238702969e-08, 2.1665282901e-08, 7.76526398738e-09, 3.22649262863e-09, 4.12104156355e-10],
        "max": [0.00309662078507, 0.200131997466, 0.0932255536318, 0.0673724487424, 0.0900833457708, 0.0638896003366, 0.0841384232044, 0.0348048694432, 0.0380134060979, 0.0273955333978, 0.0207372307777, 0.0271857529879, 0.06281619519, 0.0140612199903, 0.03187539801, 0.0166093669832, 0.00462375301868, 0.00189730431885, 0.00204553059302, 0.00317254755646, 0.00313287624158, 0.00227306666784, 0.00177609513048, 0.00125460838899, 0.00105594843626, 0.000876706151757, 0.000375529460143],
        "mean": [0.000206724944292, 0.00734620867297, 0.00532895186916, 0.00155218562577, 0.00347891193815, 0.00112798798364, 0.00341255310923, 0.00235570897348, 0.00200402853079, 0.00172960350756, 0.00123809697106, 0.00048610731028, 0.00143216142897, 0.000752852240112, 0.00093632604694, 0.000431081542047, 0.000215346546611, 0.000110899592983, 0.000118996002129, 0.000126634025946, 0.000141724405694, 0.00011862685642, 7.32805638108e-05, 6.83283506078e-05, 5.43160567759e-05, 2.53295620496e-05, 6.04029764872e-06],
        "median": [4.64974509669e-05, 0.00163441710174, 0.00147170666605, 0.000223487440962, 0.00139842787758, 0.000545154151041, 0.00165728409775, 0.00123409857042, 0.000780846225098, 0.000854928628542, 0.000681327772327, 0.00016132555902, 0.000728025450371, 0.00032598094549, 0.000371943751816, 0.000196851557121, 0.000123705278384, 6.37440389255e-05, 6.37785269646e-05, 4.60016235593e-05, 5.1544579037e-05, 2.93454068014e-05, 1.90104110516e-05, 1.89455968211e-05, 1.75114710146e-05, 3.21253378388e-06, 2.24984489705e-07],
        "min": [1.78110809839e-24, 2.19842281422e-24, 4.48160656334e-25, 2.03237804608e-24, 4.22971716263e-24, 1.21822748297e-23, 6.09333399803e-24, 5.855019513e-24, 2.37382161887e-23, 1.70753928536e-23, 1.76184462785e-23, 3.06281052468e-23, 3.70309168722e-23, 4.48859709369e-23, 4.75908392968e-23, 6.23269913537e-23, 5.68200606595e-23, 1.22888915898e-22, 1.2855828883e-22, 1.46519604035e-22, 2.22739306832e-22, 2.95159666183e-22, 3.58230471329e-22, 6.25961658407e-22, 7.62982026614e-22, 1.42736184219e-21, 1.98158668607e-21],
        "var": [1.71015486217e-07, 0.000338707352057, 0.000123602323583, 2.40871268034e-05, 4.92749131809e-05, 4.78437186757e-06, 2.44396651397e-05, 9.15289183467e-06, 9.54597908276e-06, 5.39859729543e-06, 2.41692237068e-06, 1.30917123897e-06, 5.37827509106e-06, 1.14566864795e-06, 3.59179966836e-06, 6.08014886438e-07, 9.79096768106e-08, 2.2826512236e-08, 2.62474664225e-08, 4.61082549919e-08, 7.34052107987e-08, 5.48734639949e-08, 1.62043498619e-08, 1.35881377261e-08, 7.9630630978e-09, 2.56963339496e-09, 2.56398957621e-10]
    },
    "erbbands": {
        "dmean": [0.106377840042, 1.3542098999, 4.19088506699, 4.4566411972, 5.73334932327, 12.280632019, 5.39375305176, 5.27976560593, 16.2919483185, 24.6227817535, 19.7641963959, 23.4421787262, 14.1165723801, 23.9908123016, 26.2153625488, 15.5998353958, 38.1985092163, 27.1807556152, 32.2382621765, 17.0704154968, 9.65190505981, 5.7585735321, 3.80804347992, 4.19861936569, 3.84090852737, 3.74776315689, 3.63347029686, 4.1485004425, 2.87207627296, 2.48610258102, 1.21540176868, 0.991551876068, 0.605298340321, 0.397597372532, 0.185383349657, 0.0835237279534, 0.0346608124673, 0.00835090968758, 0.00102800189052, 5.54897524125e-05],
        "dmean2": [0.143910720944, 2.03077864647, 6.15440988541, 6.50095796585, 9.62616539001, 20.8950881958, 9.0625667572, 8.30102825165, 20.9858570099, 38.2348480225, 30.7869510651, 31.2038478851, 20.364610672, 33.7159996033, 37.8737068176, 22.929901123, 58.4271736145, 43.3713607788, 52.4733352661, 27.610370636, 15.4826879501, 9.65606212616, 6.50112628937, 7.33259963989, 6.58759641647, 6.2858877182, 6.29974937439, 7.26583099365, 4.73399066925, 4.20889949799, 1.86500656605, 1.65960288048, 0.940429747105, 0.651925086975, 0.266429066658, 0.116308137774, 0.0511055476964, 0.012782709673, 0.00155190005898, 8.26308169053e-05],
        "dvar": [0.0567581430078, 10.865190506, 70.5248031616, 117.077270508, 234.568481445, 1136.08850098, 237.117706299, 263.478668213, 1201.34387207, 1547.45385742, 1557.00695801, 1882.72351074, 516.132263184, 1549.8293457, 1631.71740723, 1308.74475098, 5498.86669922, 1736.73864746, 6433.05908203, 905.471252441, 305.451293945, 71.8916931152, 44.0909461975, 58.3149261475, 62.1111106873, 70.241355896, 83.7456283569, 132.675521851, 54.6482696533, 42.8530273438, 7.56265306473, 5.81664276123, 1.70734524727, 0.821638047695, 0.124549917877, 0.0266590230167, 0.00578487850726, 0.000414366397308, 6.08252275924e-06, 1.48112579978e-08],
        "dvar2": [0.100079953671, 17.6646099091, 124.659225464, 245.477035522, 584.158813477, 3065.49780273, 676.416442871, 695.580505371, 2599.55932617, 4176.55078125, 4032.99682617, 3496.07250977, 1115.49194336, 3164.72167969, 3260.66015625, 2390.76953125, 10775.2431641, 4434.42089844, 16629.3300781, 2320.67236328, 787.259216309, 198.838256836, 119.300086975, 161.928756714, 168.027648926, 188.156082153, 229.439804077, 373.925354004, 146.467468262, 115.217758179, 16.8879699707, 15.1499128342, 3.93287944794, 2.16270756721, 0.237386867404, 0.0517378114164, 0.0119352107868, 0.000885996909346, 1.29766685859e-05, 3.08677030603e-08],
        "max": [3.14399242401, 53.3660163879, 90.0401153564, 150.194763184, 157.246307373, 409.327026367, 484.63293457, 724.55871582, 1489.05493164, 708.657348633, 821.116882324, 1022.69567871, 642.681762695, 960.989318848, 1012.16577148, 1346.62817383, 3110.33056641, 794.475585938, 1864.12133789, 455.207672119, 510.390197754, 136.102844238, 108.389732361, 108.493453979, 116.599555969, 114.110458374, 115.375839233, 138.418701172, 76.5670928955, 67.16746521, 56.803604126, 26.5076694489, 23.3335094452, 16.7144432068, 7.13877820969, 2.91936969757, 1.69644570351, 0.572299420834, 0.0737221166492, 0.00248079933226],
        "mean": [0.157700538635, 1.85698091984, 5.79291200638, 6.40709543228, 6.78073835373, 14.4617300034, 8.75037288666, 10.7952032089, 46.3529129028, 54.6641426086, 42.3181037903, 55.3953361511, 32.8438720703, 53.3806190491, 56.8088989258, 33.898525238, 65.2143325806, 49.8693733215, 51.9337539673, 30.8748207092, 17.2614536285, 10.2150592804, 6.66157531738, 6.82003355026, 6.3165512085, 5.97621297836, 5.30987548828, 5.57128238678, 4.22289848328, 3.31966018677, 2.15418624878, 1.51121258736, 1.06403005123, 0.671491146088, 0.359252274036, 0.134231567383, 0.0431455820799, 0.00847250036895, 0.00107418815605, 9.39322635531e-05],
        "median": [0.0351264104247, 0.43185120821, 1.70603406429, 1.3885037899, 1.9855183363, 5.60830068588, 5.2761888504, 5.94332313538, 17.4195976257, 35.6599960327, 21.1137733459, 22.0715847015, 21.6296386719, 25.8603782654, 33.2146606445, 16.7259101868, 33.3720741272, 26.5336589813, 21.4400310516, 14.630314827, 9.86726951599, 6.71354484558, 4.18368721008, 3.85426044464, 3.34612083435, 2.27518510818, 1.83933091164, 1.93007838726, 1.17104673386, 0.8452450037, 0.561461567879, 0.413047909737, 0.277446120977, 0.198245763779, 0.115729019046, 0.0295627117157, 0.00370357371867, 0.00041309860535, 6.85183185851e-05, 3.97117437387e-05],
        "min": [1.06252962745e-22, 4.99417363023e-22, 1.21300644809e-21, 4.95622591183e-21, 1.1724854629e-20, 1.66485010146e-20, 3.28913184063e-20, 8.34432530833e-20, 8.08103630429e-20, 1.4618172307e-19, 2.6981075448e-19, 5.62979383398e-19, 1.02864344927e-18, 7.42705257785e-19, 1.21506855604e-18, 1.60958531816e-18, 1.9330673248e-18, 2.47767911099e-18, 2.43729532631e-18, 3.26551818643e-18, 4.22980377872e-18, 3.78527609035e-18, 6.9588959583e-18, 7.31043779247e-18, 8.57246146277e-18, 7.54460848798e-18, 1.08200385729e-17, 8.95938263892e-18, 1.08067739046e-17, 1.18987184876e-17, 1.06760082303e-17, 1.11931896734e-17, 1.13447837555e-17, 8.46105925942e-18, 6.69314681572e-18, 4.51457931616e-18, 2.22934232711e-18, 9.19008310497e-19, 2.55380588694e-19, 2.70655742093e-20],
        "var": [0.141939684749, 22.7267208099, 135.567657471, 225.003616333, 231.848922729, 898.179382324, 219.31652832, 378.149475098, 6283.61474609, 3392.15185547, 3600.41503906, 7254.24072266, 1806.9041748, 5701.57470703, 4752.97558594, 3663.87475586, 11418.6474609, 3788.57861328, 11436.2597656, 2082.92163086, 647.944946289, 138.894042969, 66.3178863525, 77.4207839966, 82.5289306641, 91.6131668091, 92.4772415161, 119.329719543, 60.4351158142, 42.3931159973, 14.3690767288, 7.0649189949, 3.44627594948, 1.40928447247, 0.332136243582, 0.0522855110466, 0.00865979120135, 0.000534956983756, 7.99910412752e-06, 2.34121539933e-08]
    },
    "gfcc": {
        "mean": [-5.45145225525, 113.62776947, -123.263923645, 8.10576152802, -56.204208374, 19.9193954468, -31.0117015839, 4.07481431961, -16.1620197296, 7.40467453003, -12.4627923965, -5.96078157425, -11.5700035095],
        "cov": [[11885.7861328, -1586.36181641, 64.8117904663, 1151.91540527, -673.312194824, 430.786651611, -424.849060059, 340.108337402, -381.555450439, 169.698898315, -444.718139648, 258.601257324, 12.7703886032], [-1586.36181641, 2163.19335938, -217.554336548, -434.206268311, 355.809936523, -55.673740387, 325.635284424, -103.361106873, 272.606018066, -125.390304565, 226.315536499, -163.076797485, 40.3849716187], [64.8117904663, -217.554336548, 738.51159668, 51.7866363525, 99.7120285034, 145.590805054, 138.795455933, 108.847747803, -0.415089637041, 43.5771141052, -20.4940547943, 12.4757118225, -24.5324287415], [1151.91540527, -434.206268311, 51.7866363525, 551.858703613, -101.75226593, 70.5111618042, -94.2009887695, 24.1387901306, -120.626441956, 45.5813102722, -39.4962921143, 54.7360801697, 41.1285667419], [-673.312194824, 355.809936523, 99.7120285034, -101.75226593, 284.179901123, 65.6217422485, 108.775527954, 26.9350242615, 100.51399231, -10.5962371826, 34.3086929321, -37.1002960205, -10.6690444946], [430.786651611, -55.673740387, 145.590805054, 70.5111618042, 65.6217422485, 205.151412964, 76.9539413452, 97.6817550659, 22.1579532623, 47.8396720886, -3.10556578636, -3.15678906441, 3.40826797485], [-424.849060059, 325.635284424, 138.795455933, -94.2009887695, 108.775527954, 76.9539413452, 222.498733521, 47.1905326843, 78.7989349365, -1.7905677557, 51.5070838928, -39.407749176, -4.81018543243], [340.108337402, -103.361106873, 108.847747803, 24.1387901306, 26.9350242615, 97.6817550659, 47.1905326843, 143.247467041, 40.1167411804, 21.4649238586, -19.6699333191, 15.2828845978, 2.17315721512], [-381.555450439, 272.606018066, -0.415089637041, -120.626441956, 100.51399231, 22.1579532623, 78.7989349365, 40.1167411804, 145.898300171, 13.7536535263, 28.2126159668, -26.1087055206, -3.60943984985], [169.698898315, -125.390304565, 43.5771141052, 45.5813102722, -10.5962371826, 47.8396720886, -1.7905677557, 21.4649238586, 13.7536535263, 91.1247177124, 28.7027187347, 4.57817649841, 0.7867000103], [-444.718139648, 226.315536499, -20.4940547943, -39.4962921143, 34.3086929321, -3.10556578636, 51.5070838928, -19.6699333191, 28.2126159668, 28.7027187347, 107.035072327, 5.18168115616, 8.67733860016], [258.601257324, -163.076797485, 12.4757118225, 54.7360801697, -37.1002960205, -3.15678906441, -39.407749176, 15.2828845978, -26.1087055206, 4.57817649841, 5.18168115616, 86.3190765381, 29.0111808777], [12.7703886032, 40.3849716187, -24.5324287415, 41.1285667419, -10.6690444946, 3.40826797485, -4.81018543243, 2.17315721512, -3.60943984985, 0.7867000103, 8.67733860016, 29.0111808777, 84.5860824585]],
        "icov": [[0.000206972661545, -0.000311961077387, 7.08696752554e-05, -0.000224497256568, 0.000412814639276, -0.000351089838659, 8.59450883581e-05, -0.000317205558531, 0.00042542166193, -0.00087018701015, 0.00133031699806, -0.000898695609067, 0.000524668896105], [-0.000311961077387, 0.00215079123154, 0.000108119114884, 0.000403022073442, -0.00112146825995, 0.000195062122657, -0.000659170385916, 0.00137353490572, -0.00257209781557, 0.00460429303348, -0.00529484730214, 0.00376546056941, -0.0022673450876], [7.08696752554e-05, 0.000108119114884, 0.0021359892562, -9.82680212473e-05, -0.000765528704505, -0.000164821569342, -0.00182871322613, -0.000663705635816, 0.00128756533377, -0.00144582113717, 0.0014819590142, -0.00118169409689, 0.000749757979065], [-0.000224497256568, 0.000403022073442, -9.82680212473e-05, 0.00302191521041, -0.000358046992915, -0.000623810221441, 0.000467732112156, 0.000147788261529, 0.00149220938329, -0.000147688435391, -0.00103652989492, 0.000635410600808, -0.00170015636832], [0.000412814639276, -0.00112146825995, -0.000765528704505, -0.000358046992915, 0.0070742983371, -0.00301202293485, 0.000544386159163, 0.000395853596274, -0.00252172723413, 0.000439727504272, 0.00174331339076, -0.00134793214966, 0.00163140671793], [-0.000351089838659, 0.000195062122657, -0.000164821569342, -0.000623810221441, -0.00301202293485, 0.0113738998771, -0.00315294670872, -0.00503199966624, 0.00225767004304, -0.00441272277385, 0.000354719290044, 0.0016958945198, -0.00115350214764], [8.59450883581e-05, -0.000659170385916, -0.00182871322613, 0.000467732112156, 0.000544386159163, -0.00315294670872, 0.0105794435367, -0.00169956462923, -0.00217080628499, 0.00351317366585, -0.00459275301546, 0.00327958771959, -0.000394051603507], [-0.000317205558531, 0.00137353490572, -0.000663705635816, 0.000147788261529, 0.000395853596274, -0.00503199966624, -0.00169956462923, 0.0146940434352, -0.0065155015327, 0.00298837921582, 1.5206939679e-05, -0.00169903622009, -0.00081837392645], [0.00042542166193, -0.00257209781557, 0.00128756533377, 0.00149220938329, -0.00252172723413, 0.00225767004304, -0.00217080628499, -0.0065155015327, 0.0174651499838, -0.0103452028707, 0.00691518746316, -0.0032588026952, 0.00169635831844], [-0.00087018701015, 0.00460429303348, -0.00144582113717, -0.000147688435391, 0.000439727504272, -0.00441272277385, 0.00351317366585, 0.00298837921582, -0.0103452028707, 0.0288740731776, -0.0202741269022, 0.0107360184193, -0.00437052547932], [0.00133031699806, -0.00529484730214, 0.0014819590142, -0.00103652989492, 0.00174331339076, 0.000354719290044, -0.00459275301546, 1.5206939679e-05, 0.00691518746316, -0.0202741269022, 0.0315288715065, -0.0155541226268, 0.00578892510384], [-0.000898695609067, 0.00376546056941, -0.00118169409689, 0.000635410600808, -0.00134793214966, 0.0016958945198, 0.00327958771959, -0.00169903622009, -0.0032588026952, 0.0107360184193, -0.0155541226268, 0.0250277817249, -0.00954925082624], [0.000524668896105, -0.0022673450876, 0.000749757979065, -0.00170015636832, 0.00163140671793, -0.00115350214764, -0.000394051603507, -0.00081837392645, 0.00169635831844, -0.00437052547932, 0.00578892510384, -0.00954925082624, 0.0169149413705]]
    },
    "melbands": {
        "dmean": [0.00116305414122, 0.00198589381762, 0.000703505182173, 0.000710836786311, 0.000249753327807, 0.000116630653793, 0.000247833813773, 0.000276983628282, 0.000162881973665, 0.000133111621835, 7.27436563466e-05, 0.000105357430584, 8.22493966552e-05, 4.35428228229e-05, 8.5243533249e-05, 5.50406912225e-05, 5.69610347156e-05, 4.99496200064e-05, 2.36972900893e-05, 2.90303414658e-05, 7.92907485447e-06, 5.76559978072e-06, 6.02586942478e-06, 3.50926961801e-06, 3.56012151315e-06, 3.00446299661e-06, 2.88529781756e-06, 2.5177655516e-06, 2.22957760343e-06, 2.87801822196e-06, 2.25039480028e-06, 1.61372872753e-06, 1.82079406841e-06, 1.0849115597e-06, 6.29286375897e-07, 7.87887358911e-07, 5.36729999112e-07, 4.49297232308e-07, 3.64119557617e-07, 3.41855496799e-07],
        "dmean2": [0.00163391744718, 0.00274844095111, 0.00100871687755, 0.00119414669462, 0.000422850920586, 0.00018336737412, 0.000321089610225, 0.00043510372052, 0.000246607261943, 0.000179012538865, 0.000105550949229, 0.000148234990775, 0.000119707932754, 6.2633145717e-05, 0.000130792788696, 8.3604521933e-05, 9.16054195841e-05, 8.11057907413e-05, 3.86570354749e-05, 4.70420563943e-05, 1.27645307657e-05, 9.62239664659e-06, 1.02109752333e-05, 6.12785470366e-06, 6.23787536824e-06, 5.15907004228e-06, 4.83950998387e-06, 4.27132090408e-06, 3.8991670408e-06, 5.05144953422e-06, 3.92665560867e-06, 2.66374945568e-06, 3.10323116537e-06, 1.83747602023e-06, 9.5934183264e-07, 1.31316801344e-06, 9.02107387901e-07, 6.96737231465e-07, 5.80092716973e-07, 5.66133735447e-07],
        "dvar": [7.13955614629e-06, 1.41820000863e-05, 2.44119723902e-06, 3.80647520615e-06, 4.3331777988e-07, 1.36140783979e-07, 2.50747433483e-07, 2.09222022818e-07, 9.32925630082e-08, 6.29036449595e-08, 1.32404611719e-08, 3.1382942467e-08, 1.50475276683e-08, 7.81022269081e-09, 2.71308362443e-08, 9.55698631344e-09, 8.7328908549e-09, 1.56807793417e-08, 2.64003108263e-09, 3.31803029496e-09, 2.75045014542e-10, 8.92105764261e-11, 9.83220171946e-11, 4.3732732713e-11, 4.373551174e-11, 3.48696557739e-11, 4.72894258474e-11, 3.0714007726e-11, 2.964877302e-11, 6.49116385643e-11, 3.34955500836e-11, 1.67597637157e-11, 2.41375374549e-11, 6.93897586959e-12, 1.80929772033e-12, 3.835940246e-12, 1.64798535061e-12, 9.78911613228e-13, 5.62344983947e-13, 6.09708139011e-13],
        "dvar2": [1.23081772472e-05, 2.29395991482e-05, 4.72537340102e-06, 9.99684652925e-06, 1.21153493637e-06, 3.57756505309e-07, 5.35909464361e-07, 5.65056950563e-07, 2.36571409573e-07, 1.19215997074e-07, 2.89573520718e-08, 6.37971524498e-08, 3.11732968328e-08, 1.44925467183e-08, 5.49587966248e-08, 1.88606392726e-08, 2.24265619408e-08, 4.03022255568e-08, 6.88470480625e-09, 8.70158611832e-09, 7.31140148424e-10, 2.4457733061e-10, 2.68103428347e-10, 1.20874935061e-10, 1.22392762592e-10, 9.72396607679e-11, 1.25110616311e-10, 8.17249878882e-11, 8.18057774299e-11, 1.83065451687e-10, 9.37007207935e-11, 4.45624023793e-11, 6.60687268783e-11, 1.82228572509e-11, 3.84068384734e-12, 9.40085943119e-12, 4.28748746575e-12, 2.22461675817e-12, 1.36016089884e-12, 1.65231305201e-12],
        "max": [0.0428011976182, 0.0455741733313, 0.0230234656483, 0.0205729156733, 0.0169256366789, 0.0151418196037, 0.0207617376, 0.00829337444156, 0.00600062310696, 0.0055373031646, 0.00317407469265, 0.00416315207258, 0.0027981789317, 0.00332658761181, 0.00585523573682, 0.00393759272993, 0.00178866123315, 0.00293702934869, 0.00123777426779, 0.00156095158309, 0.000480550806969, 0.000173775391886, 0.000162243231898, 0.000109146159957, 9.31687609409e-05, 0.000114490510896, 8.17160398583e-05, 8.46724433359e-05, 0.000106383820821, 8.544249431e-05, 7.34510103939e-05, 4.00390017603e-05, 4.64029180876e-05, 3.04309978674e-05, 2.27271557378e-05, 4.79996633658e-05, 1.54835197463e-05, 1.74971773959e-05, 1.71839474206e-05, 1.31340793814e-05],
        "mean": [0.00176959228702, 0.00294909928925, 0.00107406405732, 0.000843219051603, 0.000377069751266, 0.000230715828366, 0.000705804734025, 0.000584378489293, 0.000355479278369, 0.000311110197799, 0.000159340183018, 0.000222321090405, 0.000175704495632, 9.1292677098e-05, 0.000142481585499, 9.93021094473e-05, 9.55611540121e-05, 7.87086828495e-05, 3.99646851292e-05, 4.78503279737e-05, 1.35699310704e-05, 9.87406383501e-06, 9.54022289079e-06, 5.27607335243e-06, 5.33820730197e-06, 4.99356701766e-06, 4.11986911786e-06, 3.90815557694e-06, 3.18718412018e-06, 3.53491759597e-06, 3.10337077281e-06, 2.34926392295e-06, 2.26372935686e-06, 1.55846953476e-06, 1.19809556054e-06, 1.16511091619e-06, 8.12168423181e-07, 7.61881096878e-07, 6.31914701898e-07, 5.53494203359e-07],
        "median": [0.000415630987845, 0.000854146201164, 0.000269432261121, 0.000273442419712, 0.000233092578128, 0.000120307282486, 0.000296958198305, 0.000372760405298, 0.000167695732671, 0.000117016112199, 9.94339206954e-05, 9.43647246459e-05, 9.84359139693e-05, 4.768513827e-05, 6.80725788698e-05, 5.10935897182e-05, 4.04648963013e-05, 3.03447559418e-05, 1.77417896339e-05, 2.0818944904e-05, 6.7897185545e-06, 6.10236838838e-06, 5.32820149601e-06, 2.87467378257e-06, 2.84452880805e-06, 2.39496375798e-06, 1.6882829641e-06, 1.38609971145e-06, 1.01086243376e-06, 1.06110337583e-06, 1.0996814126e-06, 6.26926521363e-07, 5.49240041892e-07, 4.1378888227e-07, 3.40730196058e-07, 2.96400855859e-07, 2.26218546118e-07, 1.87730563539e-07, 1.69265092609e-07, 1.70667021848e-07],
        "min": [1.12554141476e-24, 1.44377224266e-24, 1.54517784684e-24, 8.19844304742e-25, 1.24842770138e-24, 2.09775390752e-24, 9.98868990219e-25, 2.45406522068e-24, 2.69798456245e-24, 3.63372998772e-24, 5.11503445731e-24, 2.78640699524e-24, 3.73817319942e-24, 3.44215906119e-24, 3.42904148763e-24, 2.92780695985e-24, 4.18782194324e-24, 3.40272784884e-24, 4.15817970587e-24, 3.95532057422e-24, 3.90265937563e-24, 3.17033494819e-24, 5.24053197214e-24, 4.8728411432e-24, 5.56214780219e-24, 4.56631622228e-24, 5.63392270608e-24, 4.46608434452e-24, 6.03803011541e-24, 6.05470347951e-24, 4.92427724081e-24, 5.26698997247e-24, 5.94427715227e-24, 6.07964923348e-24, 5.73413644003e-24, 5.34093897702e-24, 7.4574381918e-24, 7.01758512827e-24, 6.43055704666e-24, 6.62193825214e-24],
        "var": [1.80669521797e-05, 3.50393820554e-05, 5.46152659808e-06, 3.21879520016e-06, 3.74692717742e-07, 1.93192150277e-07, 1.35825450798e-06, 4.16111674895e-07, 2.39029020577e-07, 2.39759913256e-07, 4.52488535529e-08, 1.14775168925e-07, 4.59491076299e-08, 2.15076809695e-08, 5.77396583878e-08, 2.18889741888e-08, 1.88691320346e-08, 2.85769150565e-08, 5.07012565265e-09, 6.5493850343e-09, 5.83168846546e-10, 1.72416109168e-10, 1.64786240209e-10, 5.65258222174e-11, 5.44123669732e-11, 5.93624524536e-11, 4.94145696583e-11, 4.22505849751e-11, 3.4046338665e-11, 5.62072471899e-11, 3.31082557203e-11, 1.88648437149e-11, 2.20061243533e-11, 8.19733777385e-12, 4.0698117619e-12, 5.2186701141e-12, 1.97118862032e-12, 1.8435114546e-12, 1.2787614934e-12, 9.68129547883e-13]
    },
    "mfcc": {
        "mean": [-647.528869629, 147.406509399, -5.56717729568, 0.705264031887, -3.33168721199, 9.89852809906, -1.08284878731, -1.36265194416, 0.953947365284, 5.07079124451, 5.05713367462, 1.37598097324, 2.1372821331],
        "cov": [[7145.73535156, -1555.42614746, 392.380157471, 590.045410156, 38.7332839966, 117.645118713, -25.8539676666, 88.8760910034, 145.256332397, -11.3408632278, -141.967712402, -68.6208724976, -171.863327026], [-1555.42614746, 2081.5534668, -140.761459351, -286.048522949, 75.1782608032, 77.7932357788, 117.62953949, 106.352928162, 83.6271896362, 107.955223083, 140.313873291, 100.722923279, 116.194335938], [392.380157471, -140.761459351, 490.77722168, 46.8645591736, 33.2912559509, 66.5067443848, 143.111053467, 52.6361198425, 69.7775268555, 67.4270019531, 22.5393047333, 32.53099823, -4.49145364761], [590.045410156, -286.048522949, 46.8645591736, 317.277923584, 32.5757675171, 40.4285507202, 0.893470287323, -19.2221851349, -48.6656417847, -29.931142807, -22.3016872406, -49.5033950806, -32.6964111328], [38.7332839966, 75.1782608032, 33.2912559509, 32.5757675171, 170.210754395, 58.692363739, 28.7135810852, 42.4607315063, 45.7825431824, 27.8847579956, 20.0656490326, 28.5246124268, 23.0646362305], [117.645118713, 77.7932357788, 66.5067443848, 40.4285507202, 58.692363739, 126.521240234, 83.0156402588, 24.0688152313, 34.3161468506, 47.6315116882, 29.7585372925, 25.0853099823, 25.1357822418], [-25.8539676666, 117.62953949, 143.111053467, 0.893470287323, 28.7135810852, 83.0156402588, 177.071563721, 57.0997009277, 48.6638221741, 67.360824585, 30.5493869781, 31.5610733032, 18.8238754272], [88.8760910034, 106.352928162, 52.6361198425, -19.2221851349, 42.4607315063, 24.0688152313, 57.0997009277, 137.685577393, 88.5410003662, 24.0479373932, 23.910320282, 45.0276374817, 22.5739765167], [145.256332397, 83.6271896362, 69.7775268555, -48.6656417847, 45.7825431824, 34.3161468506, 48.6638221741, 88.5410003662, 152.477890015, 67.1339187622, 17.9070491791, 36.9351768494, 19.7226085663], [-11.3408632278, 107.955223083, 67.4270019531, -29.931142807, 27.8847579956, 47.6315116882, 67.360824585, 24.0479373932, 67.1339187622, 119.873092651, 46.9117088318, 18.5507297516, 21.0818443298], [-141.967712402, 140.313873291, 22.5393047333, -22.3016872406, 20.0656490326, 29.7585372925, 30.5493869781, 23.910320282, 17.9070491791, 46.9117088318, 90.6271133423, 50.0722465515, 15.4165763855], [-68.6208724976, 100.722923279, 32.53099823, -49.5033950806, 28.5246124268, 25.0853099823, 31.5610733032, 45.0276374817, 36.9351768494, 18.5507297516, 50.0722465515, 131.012374878, 51.9364471436], [-171.863327026, 116.194335938, -4.49145364761, -32.6964111328, 23.0646362305, 25.1357822418, 18.8238754272, 22.5739765167, 19.7226085663, 21.0818443298, 15.4165763855, 51.9364471436, 104.29069519]],
