{
"lowlevel": {
    "average_loudness": 0.840033829212,
    "barkbands_crest": {
        "dmean": 2.30713033676,
        "dmean2": 3.68243265152,
        "dvar": 7.50287055969,
        "dvar2": 18.0551700592,
        "max": 26.3961162567,
        "mean": 10.1621236801,
        "median": 9.25559329987,
        "min": 2.76514434814,
        "var": 17.3339481354
    },
    "barkbands_flatness_db": {
        "dmean": 0.0246779173613,
        "dmean2": 0.0370620116591,
        "dvar": 0.000758215028327,
        "dvar2": 0.00168437208049,
        "max": 0.490308761597,
        "mean": 0.174514248967,
        "median": 0.167426601052,
        "min": 0.0331721678376,
        "var": 0.00378809426911
    },
    "barkbands_kurtosis": {
        "dmean": 1.96246707439,
        "dmean2": 3.14549827576,
        "dvar": 22.0449180603,
        "dvar2": 54.6402435303,
        "max": 164.178436279,
        "mean": 2.41464018822,
        "median": 1.00770044327,
        "min": -1.920322299,
        "var": 31.6718196869
    },
    "barkbands_skewness": {
        "dmean": 0.448463261127,
        "dmean2": 0.681033372879,
        "dvar": 0.325457125902,
        "dvar2": 0.721775650978,
        "max": 10.5184669495,
        "mean": 1.19761753082,
        "median": 1.0968695879,
        "min": -2.13527488708,
        "var": 1.05093824863
    },
    "barkbands_spread": {
        "dmean": 4.1506896019,
        "dmean2": 6.34623003006,
        "dvar": 33.3810348511,
        "dvar2": 79.321144104,
        "max": 161.354537964,
        "mean": 18.8881988525,
        "median": 16.8908939362,
        "min": 0.918649733067,
        "var": 132.750793457
    },
    "dissonance": {
        "dmean": 0.0187725257128,
        "dmean2": 0.032261300832,
        "dvar": 0.00046255014604,
        "dvar2": 0.00132306152955,
        "max": 0.500000178814,
        "mean": 0.466047018766,
        "median": 0.475294917822,
        "min": 0.205602094531,
        "var": 0.0010927664116
    },
    "dynamic_complexity": 3.54871630669,
    "erbbands_crest": {
        "dmean": 2.43625235558,
        "dmean2": 3.66371250153,
        "dvar": 6.09518194199,
        "dvar2": 14.0030078888,
        "max": 32.1040382385,
        "mean": 10.2912540436,
        "median": 8.73330688477,
        "min": 1.95684540272,
        "var": 34.7762527466
    },
    "erbbands_flatness_db": {
        "dmean": 0.0239797867835,
        "dmean2": 0.0337850749493,
        "dvar": 0.00081208453048,
        "dvar2": 0.00158243381884,
        "max": 0.417225837708,
        "mean": 0.200386479497,
        "median": 0.195773139596,
        "min": 0.0224994085729,
        "var": 0.00344225252047
    },
    "erbbands_kurtosis": {
        "dmean": 0.735368609428,
        "dmean2": 1.14686667919,
        "dvar": 0.918632566929,
        "dvar2": 2.29106736183,
        "max": 23.3249816895,
        "mean": 0.415269255638,
        "median": -0.0663621425629,
        "min": -1.67968535423,
        "var": 2.79199647903
    },
    "erbbands_skewness": {
        "dmean": 0.337009191513,
        "dmean2": 0.511380732059,
        "dvar": 0.122276395559,
        "dvar2": 0.303598344326,
        "max": 3.76984190941,
        "mean": 0.194637164474,
        "median": 0.13396243751,
        "min": -2.86631989479,
        "var": 0.451331049204
    },
    "erbbands_spread": {
        "dmean": 6.51167488098,
        "dmean2": 10.1349086761,
        "dvar": 73.4599227905,
        "dvar2": 177.251098633,
        "max": 141.234130859,
        "mean": 28.8678531647,
        "median": 27.3685207367,
        "min": 4.00543165207,
        "var": 206.256103516
    },
    "hfc": {
        "dmean": 7.72234201431,
        "dmean2": 12.6114902496,
        "dvar": 293.267669678,
        "dvar2": 762.065551758,
        "max": 172.911270142,
        "mean": 18.866443634,
        "median": 11.3795557022,
        "min": 1.09293309694e-16,
        "var": 487.149383545
    },
    "melbands_crest": {
        "dmean": 2.5561170578,
        "dmean2": 3.8696167469,
        "dvar": 8.96860599518,
        "dvar2": 18.1085624695,
        "max": 39.793006897,
        "mean": 12.8864507675,
        "median": 11.8326892853,
        "min": 1.56942737103,
        "var": 25.9075546265
    },
    "melbands_flatness_db": {
        "dmean": 0.0296338703483,
        "dmean2": 0.0450688451529,
        "dvar": 0.00106725888327,
        "dvar2": 0.00251842429861,
        "max": 0.660207986832,
        "mean": 0.246324837208,
        "median": 0.234715938568,
        "min": 0.0042985258624,
        "var": 0.00581504078582
    },
    "melbands_kurtosis": {
        "dmean": 4.84890222549,
        "dmean2": 7.85586214066,
        "dvar": 124.04864502,
        "dvar2": 297.170593262,
        "max": 300.775817871,
        "mean": 8.52841949463,
        "median": 4.33369541168,
        "min": -1.715315938,
        "var": 342.4480896
    },
    "melbands_skewness": {
        "dmean": 0.598772764206,
        "dmean2": 0.916840493679,
        "dvar": 0.60984224081,
        "dvar2": 1.38572371006,
        "max": 16.3086853027,
        "mean": 2.08082604408,
        "median": 1.89353275299,
        "min": -1.0519605875,
        "var": 2.38354730606
    },
    "melbands_spread": {
        "dmean": 4.69581651688,
        "dmean2": 7.26842164993,
        "dvar": 28.5386066437,
        "dvar2": 65.8872756958,
        "max": 165.790893555,
        "mean": 20.7631950378,
        "median": 19.2797050476,
        "min": 0.880240023136,
        "var": 150.53616333
    },
    "pitch_salience": {
        "dmean": 0.0670776963234,
        "dmean2": 0.11078632623,
        "dvar": 0.00693614501506,
        "dvar2": 0.0178262740374,
        "max": 0.898009181023,
        "mean": 0.558362603188,
        "median": 0.560485124588,
        "min": 0.0177017748356,
        "var": 0.0168626923114
    },
    "silence_rate_20dB": {
        "dmean": 0,
        "dmean2": 0,
        "dvar": 0,
        "dvar2": 0,
        "max": 1,
        "mean": 1,
        "median": 1,
        "min": 1,
        "var": 0
    },
    "silence_rate_30dB": {
        "dmean": 0.0328860841691,
        "dmean2": 0.065776489675,
        "dvar": 0.0318002551794,
        "dvar2": 0.0889397412539,
        "max": 1,
        "mean": 0.980729997158,
        "median": 1,
        "min": 0,
        "var": 0.0188957676291
    },
    "silence_rate_60dB": {
        "dmean": 0.00210470939055,
        "dmean2": 0.00420969538391,
        "dvar": 0.00210014521144,
        "dvar2": 0.00511232065037,
        "max": 1,
        "mean": 0.0355146341026,
        "median": 0,
        "min": 0,
        "var": 0.0342525579035
    },
    "spectral_centroid": {
        "dmean": 176.255340576,
        "dmean2": 281.204040527,
        "dvar": 50494.203125,
        "dvar2": 125530.851562,
        "max": 12034.6992188,
        "mean": 1076.64172363,
        "median": 969.848022461,
        "min": 187.924209595,
        "var": 419184.59375
    },
    "spectral_complexity": {
        "dmean": 2.99750065804,
        "dmean2": 4.92310714722,
        "dvar": 13.5600271225,
        "dvar2": 33.2491950989,
        "max": 47,
        "mean": 17.1367321014,
        "median": 17,
        "min": 0,
        "var": 50.9741020203
    },
    "spectral_decrease": {
        "dmean": 3.29010352296e-09,
        "dmean2": 5.36527089423e-09,
        "dvar": 4.86994876317e-17,
        "dvar2": 1.26435086024e-16,
        "max": 1.84417905865e-16,
        "mean": -7.2141514984e-09,
        "median": -5.20636644907e-09,
        "min": -6.01120362376e-08,
        "var": 5.30273065228e-17
    },
    "spectral_energy": {
        "dmean": 0.0130114397034,
        "dmean2": 0.0212173145264,
        "dvar": 0.000758831563871,
        "dvar2": 0.00197424902581,
        "max": 0.23653241992,
        "mean": 0.0289391223341,
        "median": 0.020831277594,
        "min": 1.01181564555e-20,
        "var": 0.000839431886561
    },
    "spectral_energyband_high": {
        "dmean": 0.000400094955694,
        "dmean2": 0.000656892545521,
        "dvar": 1.12916723083e-06,
        "dvar2": 2.6061322842e-06,
        "max": 0.0139050371945,
        "mean": 0.000540034554433,
        "median": 7.59894610383e-05,
        "min": 6.99700367152e-21,
        "var": 2.06339564102e-06
    },
    "spectral_energyband_low": {
        "dmean": 0.00708542438224,
        "dmean2": 0.0113673927262,
        "dvar": 0.000309273396851,
        "dvar2": 0.000760802300647,
        "max": 0.159879148006,
        "mean": 0.0108578540385,
        "median": 0.00577407376841,
        "min": 1.7941803519e-23,
        "var": 0.000307781738229
    },
    "spectral_energyband_middle_high": {
        "dmean": 0.00156201457139,
        "dmean2": 0.00222005625255,
        "dvar": 5.68056975681e-06,
        "dvar2": 1.13864471132e-05,
        "max": 0.0597802139819,
        "mean": 0.00587696488947,
        "median": 0.00350575032644,
        "min": 1.20578840867e-21,
        "var": 4.39748000645e-05
    },
    "spectral_energyband_middle_low": {
        "dmean": 0.00705936737359,
        "dmean2": 0.0126362899318,
        "dvar": 0.000358116521966,
        "dvar2": 0.00103564804886,
        "max": 0.172408133745,
        "mean": 0.0124513618648,
        "median": 0.00774866109714,
        "min": 1.74688691001e-22,
        "var": 0.000268589501502
    },
    "spectral_entropy": {
        "dmean": 0.214451134205,
        "dmean2": 0.33132737875,
        "dvar": 0.055142018944,
        "dvar2": 0.130585640669,
        "max": 9.81745147705,
        "mean": 7.26153373718,
        "median": 7.29357290268,
        "min": 5.39681243896,
        "var": 0.224900856614
    },
    "spectral_flux": {
        "dmean": 0.0319005995989,
        "dmean2": 0.049650657922,
        "dvar": 0.00302899838425,
        "dvar2": 0.00516719417647,
        "max": 0.399979799986,
        "mean": 0.0683232173324,
        "median": 0.0439452454448,
        "min": 6.51810203034e-11,
        "var": 0.00502124940977
    },
    "spectral_kurtosis": {
        "dmean": 5.41503953934,
        "dmean2": 9.28630638123,
        "dvar": 75.806602478,
        "dvar2": 216.38432312,
        "max": 209.585296631,
        "mean": 9.16204452515,
        "median": 5.78996658325,
        "min": -1.23607587814,
        "var": 129.774230957
    },
    "spectral_rms": {
        "dmean": 0.000910250470042,
        "dmean2": 0.00141874991823,
        "dvar": 2.49967547461e-06,
        "dvar2": 6.2086151047e-06,
        "max": 0.0151908965781,
        "mean": 0.0048231780529,
        "median": 0.00450812559575,
        "min": 3.14187391381e-12,
        "var": 4.97028440805e-06
    },
    "spectral_rolloff": {
        "dmean": 333.94317627,
        "dmean2": 573.106079102,
        "dvar": 627600.875,
        "dvar2": 1494204.25,
        "max": 19810.546875,
        "mean": 1194.85009766,
        "median": 925.927734375,
        "min": 21.533203125,
        "var": 2381776.25
    },
    "spectral_skewness": {
        "dmean": 0.474036186934,
        "dmean2": 0.798768937588,
        "dvar": 0.335291415453,
        "dvar2": 0.972033619881,
        "max": 9.92132282257,
        "mean": 1.93890833855,
        "median": 1.76038706303,
        "min": -0.118439175189,
        "var": 0.758510291576
    },
    "spectral_spread": {
        "dmean": 878655.0625,
        "dmean2": 1249066.875,
        "dvar": 2.40264334541e+12,
        "dvar2": 4.8016434135e+12,
        "max": 50451308,
        "mean": 3536171,
        "median": 2799902,
        "min": 362363.96875,
        "var": 8.26811718042e+12
    },
    "spectral_strongpeak": {
        "dmean": 0.484475255013,
        "dmean2": 0.812727928162,
        "dvar": 0.799094080925,
        "dvar2": 1.81664264202,
        "max": 9.1896572113,
        "mean": 1.08924019337,
        "median": 0.371976882219,
        "min": 0,
        "var": 2.05465388298
    },
    "zerocrossingrate": {
        "dmean": 0.00743941636756,
        "dmean2": 0.00919766072184,
        "dvar": 0.000122410216136,
        "dvar2": 0.000163586431881,
        "max": 0.71044921875,
        "mean": 0.0434676930308,
        "median": 0.0361328125,
        "min": 0,
        "var": 0.00191921961959
    },
    "barkbands": {
        "dmean": [8.33728627185e-05, 0.00544826406986, 0.00198807055131, 0.00109684630297, 0.00172036478762, 0.00242347060703, 0.0012706653215, 0.000428924249718, 0.00112377363257, 0.00068153947359, 0.000266981223831, 0.000125279009808, 0.000593243690673, 0.000130981919938, 0.000323404936353, 0.000172820335138, 0.000167591075297, 8.04098672234e-05, 0.000124752448755, 7.127331628e-05, 8.03106813692e-05, 4.1176132072e-05, 2.28774188145e-05, 9.1786532721e-05, 0.000135060501634, 4.39152536273e-05, 1.28849233079e-05],
        "dmean2": [0.000126853978145, 0.0087586119771, 0.00383672257885, 0.00210090121254, 0.00317033543251, 0.00455251894891, 0.00207350868732, 0.000670979905408, 0.00158320553601, 0.000922381295823, 0.000331049523083, 0.000202007300686, 0.00084188580513, 0.00019995465118, 0.000494852603879, 0.000256391882431, 0.000257435865933, 0.000121316712466, 0.000198624256882, 0.000107070300146, 0.000122715602629, 6.32012452115e-05, 3.25961300405e-05, 0.000148057952174, 0.000228047108976, 7.15594433132e-05, 2.33364389715e-05],
        "dvar": [2.76617697637e-08, 0.000178346919711, 4.66312703793e-05, 1.32404720716e-05, 1.89724814845e-05, 0.000102908590634, 1.22849669424e-05, 1.71758438228e-06, 5.79507832299e-06, 2.08963638215e-06, 5.10088852934e-07, 7.56248681455e-08, 1.31105014134e-06, 1.143559345e-07, 2.8398426366e-07, 1.11732660457e-07, 1.25392446648e-07, 4.95866778749e-08, 7.67069110452e-08, 4.30608082524e-08, 6.41547188707e-08, 1.47499363834e-08, 7.18704296077e-09, 7.66442767031e-08, 1.67930323869e-07, 1.54309667266e-08, 2.04511052537e-09],
        "dvar2": [6.11323258681e-08, 0.000437730079284, 0.000136079092044, 3.86541287298e-05, 5.51406628801e-05, 0.000299079227261, 3.26537920046e-05, 3.89789829569e-06, 1.20172007883e-05, 3.34460742124e-06, 5.60152955131e-07, 1.65917128925e-07, 2.44141278927e-06, 2.54337862771e-07, 5.99273050739e-07, 2.36613104221e-07, 2.56162479673e-07, 8.87701716579e-08, 1.78064851752e-07, 7.21592030573e-08, 1.18129342752e-07, 2.7487430998e-08, 9.82266623595e-09, 1.65982285694e-07, 3.95661686525e-07, 3.62529419817e-08, 5.63732882597e-09],
        "max": [0.00155241484754, 0.110261395574, 0.0581039190292, 0.0371405147016, 0.0403406359255, 0.124183677137, 0.0596289634705, 0.050940848887, 0.054417848587, 0.0425229929388, 0.0323770195246, 0.0102997589856, 0.0226372554898, 0.0101540256292, 0.0120767215267, 0.0126850549132, 0.012776048854, 0.00933169014752, 0.00535611668602, 0.00553699862212, 0.00489898119122, 0.00246063107625, 0.00216927798465, 0.0045932685025, 0.00491828238592, 0.00132324243896, 0.000489494588692],
        "mean": [0.000174068700289, 0.00779428938404, 0.00220912508667, 0.00120343756862, 0.00308866123669, 0.00209957477637, 0.00163144711405, 0.00121906434651, 0.00297765620053, 0.00177215889562, 0.000750649429392, 0.000316437974107, 0.00113517499994, 0.000271320343018, 0.000679406628478, 0.000375666306354, 0.00029575888766, 0.000132567191031, 0.000206337441341, 0.000108667416498, 0.000123801321024, 5.40315559192e-05, 3.58341640094e-05, 0.000102337260614, 0.000132385946927, 4.04232123401e-05, 8.83933444129e-06],
        "median": [0.000125499704154, 0.00349899940193, 0.00126875960268, 0.000661625526845, 0.00194870389532, 0.000504998664837, 0.000355356693035, 0.000134904621518, 0.000507304444909, 0.000355405820301, 0.000178735674126, 0.00015325442655, 0.00027996089193, 0.000134821792017, 0.000320092280162, 0.000159315372002, 0.000107358318928, 4.87531942781e-05, 4.83974836243e-05, 2.0097460947e-05, 2.09780082514e-05, 1.12408943096e-05, 4.8310935199e-06, 2.21659115596e-06, 1.09573511509e-06, 1.34099423121e-07, 3.70235464509e-09],
        "min": [1.12953699524e-24, 8.41730757519e-25, 2.28410020827e-24, 5.36452828467e-25, 6.0656169757e-24, 4.94244391859e-24, 1.17595100711e-23, 7.88880547858e-24, 1.92037159101e-23, 1.79612852279e-23, 1.96473649723e-23, 4.69881400989e-23, 3.10867584435e-23, 5.26722205535e-23, 6.40231117197e-23, 5.64462478755e-23, 1.08483507975e-22, 1.25980543827e-22, 1.99024532434e-22, 1.99854262645e-22, 2.13237508783e-22, 3.29170552142e-22, 3.91638238416e-22, 6.58964165559e-22, 9.77411131882e-22, 1.33472649932e-21, 1.75559371297e-21],
        "var": [4.22599377714e-08, 0.000182011252036, 2.53460420936e-05, 7.24714709577e-06, 1.46722959471e-05, 5.81112399232e-05, 1.35484915518e-05, 1.65879428096e-05, 3.16116129397e-05, 1.47561913764e-05, 4.18065883423e-06, 5.33555635229e-07, 3.7358317968e-06, 2.6707502343e-07, 1.02054207218e-06, 3.89938264789e-07, 3.77768316184e-07, 1.32506826844e-07, 2.1584054366e-07, 1.31344634724e-07, 1.74058328639e-07, 3.33936078789e-08, 2.26493703792e-08, 1.45056034739e-07, 2.34788274156e-07, 2.0239500742e-08, 1.3336846072e-09]
    },
    "erbbands": {
        "dmean": [0.149874597788, 1.30471360683, 2.35075712204, 3.15460801125, 4.00958395004, 5.8898768425, 14.7987375259, 19.5393486023, 20.6243209839, 12.1918544769, 10.6821994781, 30.6518516541, 9.74503993988, 22.8333244324, 12.5671815872, 7.79196643829, 28.6962547302, 7.58944129944, 13.6317768097, 13.8551893234, 8.68913078308, 7.24218130112, 5.32390594482, 6.97123908997, 5.72220897675, 3.80832028389, 3.44634866714, 2.41476655006, 1.68330967426, 0.991488099098, 0.674990177155, 1.1487981081, 2.03819537163, 1.71409595013, 0.819375991821, 0.249859988689, 0.079141587019, 0.0157923977822, 0.00201652781107, 0.000133885710966],
        "dmean2": [0.227589100599, 2.17734694481, 4.44022655487, 6.02711296082, 7.4675116539, 10.7435712814, 27.8806362152, 36.7756004333, 34.0348625183, 20.3802967072, 16.1860523224, 42.9421577454, 13.7975969315, 30.4876766205, 15.4059209824, 11.637799263, 40.713848114, 11.3096971512, 20.8564014435, 21.3553314209, 12.7836418152, 11.1626033783, 8.12881946564, 10.4650621414, 9.09999370575, 5.73648643494, 5.17883443832, 3.69682025909, 2.64887475967, 1.43046593666, 0.976054549217, 1.77817893028, 3.33271002769, 2.92339801788, 1.38706898689, 0.396401971579, 0.134301647544, 0.0278850477189, 0.00361809809692, 0.00023825444805],
        "dvar": [0.11333052814, 11.1525526047, 58.493106842, 117.782478333, 127.335105896, 232.418334961, 3033.95532227, 7141.84033203, 3523.11279297, 1460.48864746, 674.268127441, 4345.64160156, 436.332977295, 2596.51513672, 1206.74291992, 213.935501099, 3181.44335938, 327.721923828, 735.503051758, 755.918029785, 343.628509521, 236.657821655, 149.042984009, 316.222961426, 198.031158447, 125.257537842, 109.059776306, 61.0374183655, 25.6023292542, 11.6770496368, 6.79602766037, 13.5723466873, 37.8558998108, 27.960647583, 5.92084598541, 0.516985476017, 0.0541664846241, 0.00270602689125, 4.90700513183e-05, 1.94756154315e-07],
        "dvar2": [0.252244144678, 28.62150383, 167.50553894, 343.414001465, 373.510223389, 673.949523926, 8785.17578125, 20844.1308594, 9525.46289062, 4029.40551758, 1405.66967773, 8890.18066406, 686.466308594, 4086.26489258, 1316.91577148, 436.32208252, 5893.01025391, 720.352905273, 1619.49072266, 1543.4050293, 726.557800293, 476.371582031, 270.976013184, 607.52935791, 506.547485352, 205.501983643, 191.084854126, 120.788238525, 49.9737739563, 17.4761772156, 10.6758289337, 27.266084671, 84.6552963257, 64.6133651733, 14.088965416, 1.11745917797, 0.137209668756, 0.00737252132967, 0.000134959773277, 5.34099797278e-07],
        "max": [2.72779893875, 27.5059280396, 59.0237960815, 109.869171143, 106.309944153, 152.899459839, 557.731689453, 1032.96459961, 923.354553223, 725.194641113, 1391.31628418, 1494.40319824, 759.766357422, 1563.70031738, 1585.43762207, 532.709106445, 1140.51403809, 566.170532227, 742.448181152, 830.61517334, 621.82019043, 593.03314209, 400.341491699, 431.32925415, 305.900146484, 354.498168945, 252.401702881, 173.157073975, 121.583534241, 90.8828201294, 66.3333587646, 66.2191772461, 84.2291183472, 61.5400161743, 28.334695816, 9.04500865936, 2.11374568939, 0.511100053787, 0.0747207254171, 0.00493879662827],
        "mean": [0.236227989197, 1.68921160698, 2.39192700386, 4.05961036682, 7.50007486343, 9.99024772644, 14.2865161896, 16.8142852783, 25.2918891907, 22.1014080048, 30.5239810944, 84.0991973877, 28.6862716675, 60.0709152222, 37.5861740112, 20.8758430481, 54.9529762268, 19.0924396515, 30.7235641479, 28.5698986053, 19.2764148712, 13.5335102081, 9.67242050171, 11.5987377167, 8.67934417725, 6.12193155289, 5.24742174149, 3.4351785183, 2.23074936867, 1.43611800671, 1.03991007805, 1.40001440048, 2.12460255623, 1.72515916824, 0.771290302277, 0.245353281498, 0.0670510977507, 0.0121866120026, 0.00142102479003, 0.000112742745841],
        "median": [0.110510200262, 0.751631081104, 1.22753894329, 2.58088564873, 5.51507043839, 5.11925792694, 4.51195144653, 4.33462142944, 5.34147977829, 4.31182098389, 6.69374418259, 14.1403646469, 10.235165596, 14.6207590103, 9.86902713776, 9.4244890213, 14.4917354584, 10.0525255203, 12.0296173096, 13.7954998016, 7.98156833649, 5.60508441925, 4.07348155975, 3.10951972008, 2.07829332352, 1.31440711021, 0.956999957561, 0.639468967915, 0.430363476276, 0.259724795818, 0.122813358903, 0.0611883997917, 0.0303888376802, 0.0132588455454, 0.00561978900805, 0.00122324295808, 0.000228983262787, 2.23069600906e-05, 1.44171945067e-05, 2.59117205132e-05],
        "min": [9.31177029213e-23, 3.41033354082e-22, 4.43760870936e-21, 4.84292357444e-21, 7.82310749525e-21, 2.84230826077e-20, 5.71062876687e-20, 5.57878457828e-20, 1.41878845846e-19, 2.20898789377e-19, 2.94985220941e-19, 4.42453274487e-19, 5.02647414457e-19, 6.39557334665e-19, 1.02403233095e-18, 2.0839078454e-18, 1.26707950161e-18, 1.99717961253e-18, 3.82789119474e-18, 2.93716698112e-18, 3.78073817751e-18, 6.57495635467e-18, 5.78566516367e-18, 7.47297961001e-18, 9.58028343186e-18, 9.37624361734e-18, 8.78946071595e-18, 6.66318922907e-18, 1.15354075277e-17, 9.84137885631e-18, 1.08367252874e-17, 1.20093563761e-17, 9.89666678127e-18, 9.37098523019e-18, 7.04522879883e-18, 4.52672646345e-18, 2.20635766622e-18, 9.52782611895e-19, 2.17202946401e-19, 2.92411319218e-20],
        "var": [0.143687441945, 9.89848518372, 33.7060661316, 64.9987335205, 84.1849594116, 191.106231689, 1753.2557373, 3971.46166992, 3487.82128906, 3242.62329102, 8012.27587891, 25009.2460938, 2975.30761719, 18400.2285156, 10375.8994141, 1630.88098145, 8878.25683594, 887.297851562, 2950.58496094, 2098.42016602, 1276.4284668, 740.804138184, 474.455474854, 866.700317383, 424.215789795, 395.52545166, 280.744140625, 147.531936646, 60.3649101257, 34.2215042114, 19.4613437653, 27.9360847473, 64.3278427124, 41.4277839661, 7.657289505, 0.797966122627, 0.0562776401639, 0.00207131518982, 3.25812543451e-05, 1.27220488366e-07]
    },
    "gfcc": {
        "mean": [-44.3652763367, 149.125930786, -132.787460327, 27.1063327789, -39.064743042, 12.3676614761, -23.6764411926, 1.44653069973, -12.9383211136, -5.39459848404, -8.9854221344, -7.25273513794, -0.436786144972],
        "cov": [[14255.484375, -1363.0847168, 48.2385673523, 107.424789429, -992.328430176, 436.77432251, -797.489807129, 634.327331543, -585.148864746, 444.267883301, -329.670684814, 108.784431458, -135.36680603], [-1363.0847168, 2879.24267578, -910.301391602, 105.366462708, 557.760009766, -422.669219971, 465.168914795, -537.321533203, 387.003265381, -407.516113281, 156.816116333, -181.898132324, 90.4273376465], [48.2385673523, -910.301391602, 984.835388184, -326.602996826, -10.0858106613, 176.503845215, -209.630950928, 240.193847656, -167.723556519, 167.041549683, -40.8527412415, 92.2884902954, -37.5835571289], [107.424789429, 105.366462708, -326.602996826, 559.118286133, -150.845397949, -13.2151937485, 39.7356643677, -163.520324707, 71.7209014893, -92.2128067017, 66.9853744507, 3.26146960258, 45.3473205566], [-992.328430176, 557.760009766, -10.0858106613, -150.845397949, 370.910888672, -109.460083008, 148.916030884, -56.4007072449, 57.357421875, -68.6092300415, 16.9942169189, -26.1580429077, 22.8366966248], [436.77432251, -422.669219971, 176.503845215, -13.2151937485, -109.460083008, 215.688308716, -89.4043197632, 82.3188858032, -35.0570030212, 35.6514930725, -13.3132724762, 7.4870467186, -13.1182470322], [-797.489807129, 465.168914795, -209.630950928, 39.7356643677, 148.916030884, -89.4043197632, 248.390899658, -84.2189941406, 72.4859237671, -72.504486084, 12.4521083832, -32.9765472412, 27.1888771057], [634.327331543, -537.321533203, 240.193847656, -163.520324707, -56.4007072449, 82.3188858032, -84.2189941406, 258.913482666, -120.131019592, 114.995536804, -76.310005188, 17.0933666229, -13.955239296], [-585.148864746, 387.003265381, -167.723556519, 71.7209014893, 57.357421875, -35.0570030212, 72.4859237671, -120.131019592, 206.434539795, -96.3685684204, 64.0516662598, -43.4329452515, -3.88207960129], [444.267883301, -407.516113281, 167.041549683, -92.2128067017, -68.6092300415, 35.6514930725, -72.504486084, 114.995536804, -96.3685684204, 162.4140625, -45.0484199524, 36.5293006897, -23.8884162903], [-329.670684814, 156.816116333, -40.8527412415, 66.9853744507, 16.9942169189, -13.3132724762, 12.4521083832, -76.310005188, 64.0516662598, -45.0484199524, 105.72744751, -7.19551563263, 0.275462657213], [108.784431458, -181.898132324, 92.2884902954, 3.26146960258, -26.1580429077, 7.4870467186, -32.9765472412, 17.0933666229, -43.4329452515, 36.5293006897, -7.19551563263, 85.8474731445, -0.857206404209], [-135.36680603, 90.4273376465, -37.5835571289, 45.3473205566, 22.8366966248, -13.1182470322, 27.1888771057, -13.955239296, -3.88207960129, -23.8884162903, 0.275462657213, -0.857206404209, 70.4208679199]],
        "icov": [[0.00013800036686, -0.0002061920095, 8.66063346621e-05, -0.000126034370624, 0.000244747614488, -0.000226181015023, 0.000375848176191, -0.000400942342822, 0.000244064445724, -0.000170160696143, 0.000215695574298, -0.00016496621538, 0.000264235277427], [-0.0002061920095, 0.00170117139351, 0.000415725487983, 0.000720709911548, -0.00128602085169, 0.00123031483963, -0.000859453575686, 0.00200439803302, -0.000676326220855, 0.00121033424512, -0.000539289205335, 0.00125017086975, -0.00105716777034], [8.66063346621e-05, 0.000415725487983, 0.00238097715192, 0.000823009235319, -0.000978227239102, -0.00103115232196, 0.00113802880514, -0.000384432118153, 0.000446077843662, -0.000275965605397, -0.000804022070952, -0.00123947160318, -9.79919277597e-05], [-0.000126034370624, 0.000720709911548, 0.000823009235319, 0.00387990032323, 0.00143597519491, 0.00023594868253, -0.00100499903783, 0.00220849947073, -0.000220872840146, 0.00129628181458, -0.00143671629485, -0.000561882683542, -0.00239665037952], [0.000244747614488, -0.00128602085169, -0.000978227239102, 0.00143597519491, 0.00675766076893, 0.000839139800519, -0.00186939781997, -0.00103684677742, 0.000335917255143, 0.000758030742873, -5.43709029444e-05, -0.000726619327907, -0.000576727325097], [-0.000226181015023, 0.00123031483963, -0.00103115232196, 0.00023594868253, 0.000839139800519, 0.00800673477352, -0.000262665125774, 4.03423946409e-05, -0.00115554209333, 0.00198414898477, -0.000463378237328, 0.00196622102521, -0.00075296475552], [0.000375848176191, -0.000859453575686, 0.00113802880514, -0.00100499903783, -0.00186939781997, -0.000262665125774, 0.00829267315567, -0.00129873293918, -7.58297173888e-05, -0.000569369585719, 0.0016634442145, -0.000242148380494, -2.79503165075e-05], [-0.000400942342822, 0.00200439803302, -0.000384432118153, 0.00220849947073, -0.00103684677742, 4.03423946409e-05, -0.00129873293918, 0.0112322662026, 0.000743073702324, -0.00126466574147, 0.00188724871259, 0.00307934638113, -0.0022587554995], [0.000244064445724, -0.000676326220855, 0.000446077843662, -0.000220872840146, 0.000335917255143, -0.00115554209333, -7.58297173888e-05, 0.000743073702324, 0.00940614845604, 0.00184679729864, -0.00238670245744, 0.0016129683936, 0.00274424231611], [-0.000170160696143, 0.00121033424512, -0.000275965605397, 0.00129628181458, 0.000758030742873, 0.00198414898477, -0.000569369585719, -0.00126466574147, 0.00184679729864, 0.0129637839273, 0.000332403549692, -0.00141837855335, 0.00171056727413], [0.000215695574298, -0.000539289205335, -0.000804022070952, -0.00143671629485, -5.43709029444e-05, -0.000463378237328, 0.0016634442145, 0.00188724871259, -0.00238670245744, 0.000332403549692, 0.0142071265727, -0.000356310454663, 0.00118752825074], [-0.00016496621538, 0.00125017086975, -0.00123947160318, -0.000561882683542, -0.000726619327907, 0.00196622102521, -0.000242148380494, 0.00307934638113, 0.0016129683936, -0.00141837855335, -0.000356310454663, 0.0161399450153, -0.00111087050755], [0.000264235277427, -0.00105716777034, -9.79919277597e-05, -0.00239665037952, -0.000576727325097, -0.00075296475552, -2.79503165075e-05, -0.0022587554995, 0.00274424231611, 0.00171056727413, 0.00118752825074, -0.00111087050755, 0.0178801044822]]
    },
    "melbands": {
        "dmean": [0.0014506012667, 0.00138977437746, 0.000565658439882, 0.000345044041751, 0.000460293347714, 0.000441434094682, 0.000304713001242, 0.000120619355584, 0.000113135247375, 0.000175414243131, 4.86929129693e-05, 0.000101354125945, 3.66282292816e-05, 2.06786280614e-05, 5.42739144294e-05, 4.22297380283e-05, 1.43086108437e-05, 2.10351045098e-05, 1.67692705872e-05, 1.78445479833e-05, 8.93626292964e-06, 6.26061319053e-06, 1.02215853985e-05, 3.84063423553e-06, 6.12615440332e-06, 4.79521986563e-06, 3.00547549159e-06, 2.509779506e-06, 2.31957051255e-06, 2.13897897083e-06, 1.31962713112e-06, 9.98544692266e-07, 7.68629718095e-07, 5.08314542458e-07, 3.71165214119e-07, 4.82755126541e-07, 8.10681058283e-07, 1.31927708935e-06, 1.74521551344e-06, 1.40387828651e-06],
        "dmean2": [0.00228295009583, 0.00244728638791, 0.00108067877591, 0.000627271947451, 0.000865045236424, 0.000830344564747, 0.000500304216985, 0.00020062137628, 0.000167008067365, 0.000245092640398, 7.01218014001e-05, 0.000135916707222, 4.56274210592e-05, 2.91644228128e-05, 7.8937773651e-05, 5.89696137467e-05, 2.1669184207e-05, 3.23872845911e-05, 2.5524157536e-05, 2.66340321105e-05, 1.32587611006e-05, 9.47215539782e-06, 1.59873106895e-05, 5.69173380427e-06, 9.19072226679e-06, 7.64384640206e-06, 4.61037234345e-06, 3.85617340726e-06, 3.52979054696e-06, 3.30578495777e-06, 2.00827594199e-06, 1.57252759436e-06, 1.19972139601e-06, 7.3883757068e-07, 5.43737144199e-07, 7.55749056225e-07, 1.31015849547e-06, 2.14487840822e-06, 3.00871420222e-06, 2.39535847868e-06],
        "dvar": [1.17846293506e-05, 1.56494479597e-05, 3.57752765012e-06, 7.63465948239e-07, 2.68531016445e-06, 3.58526767741e-06, 7.44361329907e-07, 1.47209277657e-07, 6.12140524936e-08, 1.39974559943e-07, 1.12826494814e-08, 5.22188834395e-08, 9.30007093558e-09, 2.15874274012e-09, 1.13555218562e-08, 6.48162501449e-09, 1.6814706294e-09, 1.71691783013e-09, 7.49796169597e-10, 1.02267783131e-09, 4.54962068019e-10, 2.10175238324e-10, 4.8741249925e-10, 1.3327522419e-10, 2.69875677361e-10, 1.44195877461e-10, 6.81836809235e-11, 6.15729550679e-11, 5.22448438678e-11, 6.38674946263e-11, 1.91716694603e-11, 9.40866048266e-12, 6.64074394433e-12, 4.30092506748e-12, 3.05637177893e-12, 3.0970031227e-12, 7.17248786405e-12, 1.77347511676e-11, 2.5970500056e-11, 1.97019293241e-11],
        "dvar2": [2.78066418105e-05, 4.25802718382e-05, 1.04313567135e-05, 2.22401376959e-06, 7.78249159339e-06, 1.0450508853e-05, 1.99942724066e-06, 3.98455853201e-07, 1.27829565599e-07, 2.83622142661e-07, 1.82578858698e-08, 8.19760259674e-08, 1.03191215572e-08, 3.22066284753e-09, 2.20053237854e-08, 1.12409423991e-08, 3.75874353864e-09, 3.8638230393e-09, 1.51503321e-09, 2.11656847604e-09, 9.35160948679e-10, 3.57242346816e-10, 1.04462805073e-09, 2.28267349467e-10, 5.14842113386e-10, 3.90226045921e-10, 1.22444998585e-10, 1.12724031498e-10, 9.1813057157e-11, 1.26673657674e-10, 3.39174799358e-11, 1.86366980875e-11, 1.17413865089e-11, 6.40033165356e-12, 4.97314255749e-12, 6.35497817564e-12, 1.48631766617e-11, 3.90732689259e-11, 6.2271771073e-11, 4.50448879585e-11],
        "max": [0.0280454922467, 0.0341322496533, 0.0190412327647, 0.00957603566349, 0.0159000810236, 0.0231904685497, 0.013665872626, 0.00881461892277, 0.0102436570451, 0.00802998058498, 0.0036282800138, 0.00696046324447, 0.00435297563672, 0.00212454516441, 0.00195483653806, 0.00237122760154, 0.0012621874921, 0.00112112320494, 0.000704783946276, 0.00120904622599, 0.000701237877365, 0.000489686965011, 0.000814251310658, 0.000487502926262, 0.000399402546464, 0.000220078291022, 0.000214202693314, 0.000215746229514, 0.00021232679137, 0.000173816340975, 0.000124561367556, 7.85564698162e-05, 6.92396060913e-05, 6.5269661718e-05, 4.97712462675e-05, 4.48233076895e-05, 4.81978604512e-05, 6.16921824985e-05, 5.83058936172e-05, 5.36671177542e-05],
        "mean": [0.00219483789988, 0.00165710318834, 0.000770848244429, 0.000689131906256, 0.00048770554713, 0.000379287928808, 0.000375822535716, 0.000242088019149, 0.00029975164216, 0.000491900020279, 0.000131049499032, 0.000257589417743, 0.000104079495941, 6.20656501269e-05, 9.6456547908e-05, 9.25517306314e-05, 2.93729844998e-05, 4.61010276922e-05, 3.57367098331e-05, 3.70352572645e-05, 1.83981355804e-05, 1.13452333608e-05, 1.69970808201e-05, 6.1218142946e-06, 9.63670936471e-06, 7.2211519182e-06, 4.35749734606e-06, 3.74857381757e-06, 3.3763835745e-06, 2.79834262074e-06, 1.86211082109e-06, 1.25201711398e-06, 9.94074184746e-07, 7.27310236925e-07, 5.81106576192e-07, 6.03833825608e-07, 9.44501039157e-07, 1.39642725117e-06, 1.71456815679e-06, 1.37735798944e-06],
        "median": [0.000995953800157, 0.000879962404724, 0.000520887901075, 0.000426300801337, 0.000181659444934, 9.47618682403e-05, 7.62774288887e-05, 3.97893309128e-05, 5.72102580918e-05, 7.77171808295e-05, 3.97227013309e-05, 5.15089886903e-05, 2.79465111817e-05, 1.96661021619e-05, 2.8393284083e-05, 2.34822200582e-05, 1.3343487808e-05, 1.77012443601e-05, 1.81730465556e-05, 1.6546844563e-05, 6.17750129095e-06, 4.92636354466e-06, 5.58677902518e-06, 2.05100718631e-06, 2.16356215788e-06, 1.67317716659e-06, 9.32263105824e-07, 6.83689449943e-07, 5.75086460231e-07, 3.36411460466e-07, 3.36049424732e-07, 2.43796620225e-07, 1.77803428869e-07, 1.18903400903e-07, 7.01722342455e-08, 4.81848978495e-08, 2.99136466708e-08, 2.04263592707e-08, 1.4059700959e-08, 8.59537063747e-09],
        "min": [1.57523216543e-24, 1.54121175003e-24, 1.22056414813e-24, 1.10577847693e-24, 2.22565429267e-24, 1.00723278936e-24, 2.0932721915e-24, 2.32449639472e-24, 2.85349074055e-24, 2.82518207253e-24, 2.18137651613e-24, 2.37681226945e-24, 2.76324209476e-24, 4.72294218842e-24, 2.88723032146e-24, 3.28709819508e-24, 3.29687770372e-24, 5.84020746621e-24, 3.62988468524e-24, 3.55464747083e-24, 4.17271525691e-24, 5.58747418155e-24, 5.47173882042e-24, 5.55269014879e-24, 5.35798152802e-24, 6.77415211925e-24, 4.55108055718e-24, 5.87691750287e-24, 5.0056770366e-24, 4.64681671664e-24, 3.31499389441e-24, 5.74548302086e-24, 6.49118574039e-24, 5.0197755587e-24, 5.81491698002e-24, 5.87044687129e-24, 7.69413827299e-24, 5.86242810019e-24, 6.62893308179e-24, 6.71349975969e-24],
        "var": [1.32781897264e-05, 1.10631162897e-05, 1.98406587515e-06, 6.93500453508e-07, 1.58331158673e-06, 2.00393174055e-06, 7.68186623645e-07, 4.518971366e-07, 5.54495443339e-07, 8.86362272468e-07, 7.1144405922e-08, 3.62960520306e-07, 7.56379492373e-08, 2.24063398946e-08, 2.80663883245e-08, 2.48055194163e-08, 3.80138986955e-09, 6.64182753241e-09, 2.49615528247e-09, 3.0042976995e-09, 1.58697643915e-09, 6.78230693829e-10, 1.27561516905e-09, 3.41693784378e-10, 7.01895652711e-10, 2.98469665649e-10, 1.65430794064e-10, 1.64785338153e-10, 1.18181506248e-10, 1.27523991367e-10, 5.16879247736e-11, 1.86103511074e-11, 1.68770171449e-11, 1.17286336893e-11, 8.17378196377e-12, 5.42387358984e-12, 1.35133414875e-11, 3.05517902643e-11, 3.92836249641e-11, 2.74551544693e-11]
    },
    "mfcc": {
        "mean": [-676.938171387, 169.936523438, -18.4393672943, 21.2460918427, 7.62891340256, 11.8942041397, 3.22602725029, 6.14823865891, 4.38042593002, 3.80510044098, -0.178743824363, -2.16636276245, -2.11865067482],
        "cov": [[7576.41650391, -1021.65063477, 273.664154053, -9.44327735901, -180.771728516, -188.248916626, -77.3048477173, -161.203048706, 35.2608680725, 34.5108032227, -18.0793247223, 47.3586654663, 20.6949424744], [-1021.65063477, 2042.09387207, -548.500549316, 161.919952393, 87.489112854, 119.836021423, 35.388874054, 106.863731384, 31.7195510864, 19.131526947, 34.1705932617, -63.2924118042, -16.5328884125], [273.664154053, -548.500549316, 674.442687988, -257.99307251, 150.235870361, -89.5695266724, 35.5282554626, -57.2771224976, -18.5491409302, -20.1021347046, -16.8150138855, 49.7950668335, 26.0811882019], [-9.44327735901, 161.919952393, -257.99307251, 405.94418335, -127.469093323, 113.165885925, -45.6075363159, 34.4158782959, -26.7455043793, -19.7153491974, -11.387295723, -36.7161865234, -7.016456604], [-180.771728516, 87.489112854, 150.235870361, -127.469093323, 229.584121704, -43.4940681458, 36.6261978149, -4.49241542816, -4.41166543961, -8.58257770538, -3.61151242256, 25.8398208618, -6.33121681213], [-188.248916626, 119.836021423, -89.5695266724, 113.165885925, -43.4940681458, 183.059188843, -44.7431678772, 50.2305984497, -29.3233222961, -0.9043597579, -13.3752326965, 1.87583744526, 3.02778482437], [-77.3048477173, 35.388874054, 35.5282554626, -45.6075363159, 36.6261978149, -44.7431678772, 148.565231323, -9.91194820404, 38.9352340698, 7.65661430359, -6.72639894485, -22.8614253998, 2.67424440384], [-161.203048706, 106.863731384, -57.2771224976, 34.4158782959, -4.49241542816, 50.2305984497, -9.91194820404, 116.654533386, -0.0587165057659, 20.9719009399, -9.51151657104, -17.3871574402, -8.19335365295], [35.2608680725, 31.7195510864, -18.5491409302, -26.7455043793, -4.41166543961, -29.3233222961, 38.9352340698, -0.0587165057659, 107.441627502, 15.0446901321, 3.17489385605, -18.7164821625, -11.5507688522], [34.5108032227, 19.131526947, -20.1021347046, -19.7153491974, -8.58257770538, -0.9043597579, 7.65661430359, 20.9719009399, 15.0446901321, 99.0650253296, 6.72763442993, -7.35358142853, -9.50815105438], [-18.0793247223, 34.1705932617, -16.8150138855, -11.387295723, -3.61151242256, -13.3752326965, -6.72639894485, -9.51151657104, 3.17489385605, 6.72763442993, 83.967628479, 16.8670501709, -8.85381603241], [47.3586654663, -63.2924118042, 49.7950668335, -36.7161865234, 25.8398208618, 1.87583744526, -22.8614253998, -17.3871574402, -18.7164821625, -7.35358142853, 16.8670501709, 91.4114990234, 19.2935619354], [20.6949424744, -16.5328884125, 26.0811882019, -7.016456604, -6.33121681213, 3.02778482437, 2.67424440384, -8.19335365295, -11.5507688522, -9.50815105438, -8.85381603241, 19.2935619354, 61.5896377563]],
