{
"lowlevel": {
    "average_loudness": 0.944525122643,
    "barkbands_crest": {
        "dmean": 2.68229293823,
        "dmean2": 4.17115306854,
        "dvar": 7.16781425476,
        "dvar2": 14.6684169769,
        "max": 25.5711574554,
        "mean": 10.0964794159,
        "median": 8.79692268372,
        "min": 2.58026337624,
        "var": 21.097158432
    },
    "barkbands_flatness_db": {
        "dmean": 0.0237972233444,
        "dmean2": 0.036838747561,
        "dvar": 0.000590005132835,
        "dvar2": 0.00138107757084,
        "max": 0.382122457027,
        "mean": 0.146808296442,
        "median": 0.139787256718,
        "min": 0.0168606340885,
        "var": 0.00360439205542
    },
    "barkbands_kurtosis": {
        "dmean": 4.16123390198,
        "dmean2": 6.48092365265,
        "dvar": 50.1344795227,
        "dvar2": 117.330307007,
        "max": 117.845863342,
        "mean": 6.92208147049,
        "median": 3.48669028282,
        "min": -1.66643512249,
        "var": 106.842895508
    },
    "barkbands_skewness": {
        "dmean": 0.622294306755,
        "dmean2": 0.934536635876,
        "dvar": 0.515559196472,
        "dvar2": 1.11320364475,
        "max": 10.075879097,
        "mean": 1.87369465828,
        "median": 1.73616170883,
        "min": -3.04311108589,
        "var": 2.29376626015
    },
    "barkbands_spread": {
        "dmean": 4.44208335876,
        "dmean2": 6.85180330276,
        "dvar": 23.5188827515,
        "dvar2": 54.6149520874,
        "max": 86.1692581177,
        "mean": 17.6840839386,
        "median": 16.3293991089,
        "min": 1.45956242085,
        "var": 92.5022125244
    },
    "dissonance": {
        "dmean": 0.0225796550512,
        "dmean2": 0.0385399498045,
        "dvar": 0.000480385671835,
        "dvar2": 0.0013204945717,
        "max": 0.500000059605,
        "mean": 0.454075306654,
        "median": 0.460506528616,
        "min": 0.229293838143,
        "var": 0.000998728442937
    },
    "dynamic_complexity": 2.57893204689,
    "erbbands_crest": {
        "dmean": 2.07598185539,
        "dmean2": 3.31971216202,
        "dvar": 3.74906420708,
        "dvar2": 9.07761764526,
        "max": 28.2417678833,
        "mean": 8.45966529846,
        "median": 7.69885444641,
        "min": 2.15021157265,
        "var": 12.503704071
    },
    "erbbands_flatness_db": {
        "dmean": 0.0200376920402,
        "dmean2": 0.02830773592,
        "dvar": 0.000453933869721,
        "dvar2": 0.000871964148246,
        "max": 0.420872360468,
        "mean": 0.148633778095,
        "median": 0.130330979824,
        "min": 0.0400178916752,
        "var": 0.00475963018835
    },
    "erbbands_kurtosis": {
        "dmean": 0.911475837231,
        "dmean2": 1.4028339386,
        "dvar": 2.59165358543,
        "dvar2": 5.52148199081,
        "max": 62.7937774658,
        "mean": 1.04568779469,
        "median": 0.276624798775,
        "min": -1.80958199501,
        "var": 11.3461828232
    },
    "erbbands_skewness": {
        "dmean": 0.271545529366,
        "dmean2": 0.413420081139,
        "dvar": 0.0654118955135,
        "dvar2": 0.14290677011,
        "max": 5.66649627686,
        "mean": 0.363513022661,
        "median": 0.38444262743,
        "min": -3.67658233643,
        "var": 0.527027547359
    },
    "erbbands_spread": {
        "dmean": 7.86434602737,
        "dmean2": 11.6220884323,
        "dvar": 77.8621520996,
        "dvar2": 166.139175415,
        "max": 153.891845703,
        "mean": 36.0633087158,
        "median": 33.4524040222,
        "min": 1.31685316563,
        "var": 323.975189209
    },
    "hfc": {
        "dmean": 7.34014320374,
        "dmean2": 11.4408073425,
        "dvar": 85.3816299438,
        "dvar2": 214.440673828,
        "max": 115.862419128,
        "mean": 23.2676544189,
        "median": 19.0693283081,
        "min": 1.08788861869e-16,
        "var": 273.309936523
    },
    "melbands_crest": {
        "dmean": 3.46537518501,
        "dmean2": 5.48834705353,
        "dvar": 11.689617157,
        "dvar2": 26.9074821472,
        "max": 36.8087921143,
        "mean": 14.4406805038,
        "median": 13.5057754517,
        "min": 1.53812026978,
        "var": 32.1758041382
    },
    "melbands_flatness_db": {
        "dmean": 0.0277699250728,
        "dmean2": 0.0432241931558,
        "dvar": 0.00082451000344,
        "dvar2": 0.00194093328901,
        "max": 0.517099618912,
        "mean": 0.238372474909,
        "median": 0.231650203466,
        "min": 0.00353660527617,
        "var": 0.00486214086413
    },
    "melbands_kurtosis": {
        "dmean": 9.79023456573,
        "dmean2": 15.1242923737,
        "dvar": 349.547546387,
        "dvar2": 826.470581055,
        "max": 506.409698486,
        "mean": 17.1478748322,
        "median": 8.74617195129,
        "min": -1.80643451214,
        "var": 624.967468262
    },
    "melbands_skewness": {
        "dmean": 0.85060095787,
        "dmean2": 1.26843655109,
        "dvar": 1.048833251,
        "dvar2": 2.25940036774,
        "max": 17.2843227386,
        "mean": 2.81749629974,
        "median": 2.4673538208,
        "min": -1.90791213512,
        "var": 3.86958885193
    },
    "melbands_spread": {
        "dmean": 4.23140573502,
        "dmean2": 6.61853504181,
        "dvar": 23.5406799316,
        "dvar2": 52.0628395081,
        "max": 165.643295288,
        "mean": 17.7022323608,
        "median": 14.6977949142,
        "min": 0.939045131207,
        "var": 213.924850464
    },
    "pitch_salience": {
        "dmean": 0.0786554813385,
        "dmean2": 0.124186128378,
        "dvar": 0.00575690530241,
        "dvar2": 0.0129974409938,
        "max": 0.946133971214,
        "mean": 0.533553481102,
        "median": 0.550466537476,
        "min": 0.104966834188,
        "var": 0.0170199461281
    },
    "silence_rate_20dB": {
        "dmean": 0,
        "dmean2": 0,
        "dvar": 0,
        "dvar2": 0,
        "max": 1,
        "mean": 1,
        "median": 1,
        "min": 1,
        "var": 0
    },
    "silence_rate_30dB": {
        "dmean": 0.0123920058832,
        "dmean2": 0.02478617616,
        "dvar": 0.0122380144894,
        "dvar2": 0.0315029397607,
        "max": 1,
        "mean": 0.989965081215,
        "median": 1,
        "min": 0,
        "var": 0.00993399322033
    },
    "silence_rate_60dB": {
        "dmean": 0.0019198883092,
        "dmean2": 0.0038401116617,
        "dvar": 0.00191633007489,
        "dvar2": 0.00452407402918,
        "max": 1,
        "mean": 0.0403141379356,
        "median": 0,
        "min": 0,
        "var": 0.0386956557631
    },
    "spectral_centroid": {
        "dmean": 145.584823608,
        "dmean2": 228.214996338,
        "dvar": 38969.9296875,
        "dvar2": 75604.5234375,
        "max": 11723.9589844,
        "mean": 1019.69396973,
        "median": 894.868652344,
        "min": 204.654373169,
        "var": 639302.625
    },
    "spectral_complexity": {
        "dmean": 3.08526039124,
        "dmean2": 5.08500623703,
        "dvar": 13.8545360565,
        "dvar2": 35.5710296631,
        "max": 47,
        "mean": 18.3886566162,
        "median": 18,
        "min": 0,
        "var": 54.6241836548
    },
    "spectral_decrease": {
        "dmean": 3.53365048333e-09,
        "dmean2": 5.93119642289e-09,
        "dvar": 2.09365815415e-17,
        "dvar2": 5.43908277358e-17,
        "max": 1.6642000215e-19,
        "mean": -1.20255645442e-08,
        "median": -1.12160076782e-08,
        "min": -3.88347345393e-08,
        "var": 5.73831337494e-17
    },
    "spectral_energy": {
        "dmean": 0.0136628504843,
        "dmean2": 0.0229429751635,
        "dvar": 0.000307400623569,
        "dvar2": 0.000801519548986,
        "max": 0.149102210999,
        "mean": 0.04749757424,
        "median": 0.0447321869433,
        "min": 1.00678276851e-20,
        "var": 0.000852420169394
    },
    "spectral_energyband_high": {
        "dmean": 0.000400383549277,
        "dmean2": 0.00061904580798,
        "dvar": 3.85043904316e-07,
        "dvar2": 9.49893774305e-07,
        "max": 0.00742272241041,
        "mean": 0.000724137644283,
        "median": 0.000411507615354,
        "min": 7.13769707707e-21,
        "var": 7.89473688201e-07
    },
    "spectral_energyband_low": {
        "dmean": 0.0118763018399,
        "dmean2": 0.019374968484,
        "dvar": 0.000305171852233,
        "dvar2": 0.000730205152649,
        "max": 0.132385194302,
        "mean": 0.0244484655559,
        "median": 0.0141496285796,
        "min": 1.89726364628e-23,
        "var": 0.000693697598763
    },
    "spectral_energyband_middle_high": {
        "dmean": 0.00249463599175,
        "dmean2": 0.00381695991382,
        "dvar": 1.17201152534e-05,
        "dvar2": 2.60213255387e-05,
        "max": 0.0547225736082,
        "mean": 0.00707223452628,
        "median": 0.00482507748529,
        "min": 1.25496354888e-21,
        "var": 4.74151675007e-05
    },
    "spectral_energyband_middle_low": {
        "dmean": 0.00560901733115,
        "dmean2": 0.00900030881166,
        "dvar": 7.45323413867e-05,
        "dvar2": 0.000187457422726,
        "max": 0.0910154134035,
        "mean": 0.0156049588695,
        "median": 0.0120802754536,
        "min": 1.79330626246e-22,
        "var": 0.000156761365361
    },
    "spectral_entropy": {
        "dmean": 0.176950857043,
        "dmean2": 0.263778626919,
        "dvar": 0.0389167182148,
        "dvar2": 0.085609048605,
        "max": 9.81697750092,
        "mean": 7.42178630829,
        "median": 7.49226236343,
        "min": 5.33310079575,
        "var": 0.26421508193
    },
    "spectral_flux": {
        "dmean": 0.0351651012897,
        "dmean2": 0.0562830008566,
        "dvar": 0.00163504690863,
        "dvar2": 0.0034896992147,
        "max": 0.359141409397,
        "mean": 0.10005184263,
        "median": 0.0874683558941,
        "min": 6.34710964342e-11,
        "var": 0.00382333155721
    },
    "spectral_kurtosis": {
        "dmean": 2.73925185204,
        "dmean2": 4.53180789948,
        "dvar": 26.3314323425,
        "dvar2": 79.6121368408,
        "max": 153.808624268,
        "mean": 7.56584262848,
        "median": 5.06250667572,
        "min": -1.26302433014,
        "var": 123.602630615
    },
    "spectral_rms": {
        "dmean": 0.000911107286811,
        "dmean2": 0.00150377315003,
        "dvar": 1.13151975256e-06,
        "dvar2": 2.83922781819e-06,
        "max": 0.0120609104633,
        "mean": 0.0063815806061,
        "median": 0.00660614576191,
        "min": 3.13405031094e-12,
        "var": 5.61482374906e-06
    },
    "spectral_rolloff": {
        "dmean": 238.854507446,
        "dmean2": 400.829559326,
        "dvar": 183483.6875,
        "dvar2": 401834.90625,
        "max": 19982.8125,
        "mean": 1001.11975098,
        "median": 796.728515625,
        "min": 43.06640625,
        "var": 2803453.25
    },
    "spectral_skewness": {
        "dmean": 0.285612970591,
        "dmean2": 0.456529468298,
        "dvar": 0.12593126297,
        "dvar2": 0.36053237319,
        "max": 10.4396524429,
        "mean": 1.94918823242,
        "median": 1.82451939583,
        "min": -0.0793128684163,
        "var": 0.723386704922
    },
    "spectral_spread": {
        "dmean": 799701.9375,
        "dmean2": 1056354.625,
        "dvar": 1.08970449306e+12,
        "dvar2": 1.95036459827e+12,
        "max": 42059304,
        "mean": 5132736,
        "median": 4949576,
        "min": 601687.625,
        "var": 1.04448770703e+13
    },
    "spectral_strongpeak": {
        "dmean": 0.527077257633,
        "dmean2": 0.914684176445,
        "dvar": 0.888043045998,
        "dvar2": 2.20785450935,
        "max": 9.42610645294,
        "mean": 0.881954312325,
        "median": 0.521526396275,
        "min": 0,
        "var": 1.34142363071
    },
    "zerocrossingrate": {
        "dmean": 0.00950190424919,
        "dmean2": 0.0112897036597,
        "dvar": 0.000114572634629,
        "dvar2": 0.000151697968249,
        "max": 0.53515625,
        "mean": 0.0516630522907,
        "median": 0.04345703125,
        "min": 0.00341796875,
        "var": 0.00236350926571
    },
    "barkbands": {
        "dmean": [0.00208906410262, 0.00968581717461, 0.00402285763994, 0.00198140880093, 0.0026378466282, 0.000990298925899, 0.00108317076229, 0.000725912454072, 0.000582522130571, 0.000618170597591, 0.000522173999343, 0.00149198260624, 0.000259104912402, 0.000247823481914, 0.000148279490531, 0.000190084829228, 0.000276743026916, 0.000109952306957, 8.21439753054e-05, 7.19018498785e-05, 7.07722938387e-05, 6.78306096233e-05, 4.75910601381e-05, 5.15788087796e-05, 7.67333622207e-05, 7.17664588592e-05, 3.89579727198e-05],
        "dmean2": [0.00324481260031, 0.0155496299267, 0.00668045599014, 0.00336383259855, 0.00435214815661, 0.00160210079048, 0.00174301769584, 0.00109896296635, 0.00095438119024, 0.000959325756412, 0.00079939130228, 0.00231353542767, 0.000401327270083, 0.000411918415921, 0.000248979427852, 0.00031709484756, 0.000423069082899, 0.000168569618836, 0.000135645663249, 0.000117084971862, 0.000119092866953, 0.000111631241452, 7.94195220806e-05, 8.34084203234e-05, 0.000111524772365, 0.000106063962448, 5.7836950873e-05],
        "dvar": [2.39447672357e-05, 0.00020526687149, 5.54063517484e-05, 1.62105188792e-05, 1.77293914021e-05, 2.21508867071e-06, 4.65234234071e-06, 1.73892965449e-06, 2.88889805233e-06, 1.06931065602e-06, 1.5736984551e-06, 6.105524335e-06, 1.62424711903e-07, 1.59592971727e-07, 7.84941676102e-08, 1.34771951821e-07, 3.1082495866e-07, 3.70554360529e-08, 1.71604117583e-08, 1.36355149394e-08, 1.51897605605e-08, 1.61812714339e-08, 8.36637692458e-09, 9.29561227991e-09, 1.81143331446e-08, 1.91073521449e-08, 4.67029126483e-09],
        "dvar2": [4.9618036428e-05, 0.000485388503876, 0.000138410992804, 4.18738272856e-05, 4.84885385958e-05, 5.96810559728e-06, 1.2312578292e-05, 4.40987059847e-06, 7.6670821727e-06, 2.42686769525e-06, 3.54975600203e-06, 1.37234919748e-05, 3.41379632118e-07, 4.07944270364e-07, 1.85996412938e-07, 3.69569278291e-07, 6.33184868093e-07, 7.10950089911e-08, 4.24894430751e-08, 3.43540911274e-08, 4.05624049904e-08, 4.07554239246e-08, 2.23280736122e-08, 2.5008148441e-08, 4.0655706357e-08, 4.41873417856e-08, 1.1278276979e-08],
        "max": [0.0537631735206, 0.118242502213, 0.0727708637714, 0.0497429668903, 0.0483079478145, 0.0188853684813, 0.0364946201444, 0.0538592524827, 0.0456051677465, 0.0154866529629, 0.0360547341406, 0.0408267118037, 0.00814568996429, 0.00662976829335, 0.0091883642599, 0.00620987359434, 0.00844484753907, 0.00422047078609, 0.00206830888055, 0.00194084539544, 0.00149676180445, 0.00166816241108, 0.00128512631636, 0.00162462086882, 0.00197147182189, 0.00199864897877, 0.000527905125637],
        "mean": [0.00295141199604, 0.0160039924085, 0.00518589792773, 0.00300240982324, 0.00568320602179, 0.00199663522653, 0.00232277042232, 0.00141630053986, 0.00110205484089, 0.00101952243131, 0.000950754387304, 0.00256504677236, 0.000504486670252, 0.000385694758734, 0.00026370678097, 0.000363779690815, 0.000604915258009, 0.000216129003093, 0.000159228657139, 0.000128574276459, 0.000134741363581, 0.00010984770779, 7.26750004105e-05, 7.76628658059e-05, 0.000128863743157, 0.000100574652606, 4.6812248911e-05],
        "median": [0.000560424407013, 0.00777913723141, 0.00269274134189, 0.00161265570205, 0.00425925198942, 0.00117778999265, 0.000607033376582, 0.0009032698581, 0.000416727445554, 0.000483275274746, 0.000367924192687, 0.00110132643022, 0.000291088304948, 0.000219305875362, 0.000139123963891, 0.000154550783918, 0.000197404937353, 9.35157586355e-05, 8.8315398898e-05, 7.13063345756e-05, 7.61277478887e-05, 4.77954854432e-05, 3.1758860132e-05, 3.26756708091e-05, 3.86725805583e-05, 2.85084406642e-05, 1.16316841741e-05],
        "min": [6.96496140057e-25, 5.57950668641e-24, 2.47594373555e-25, 5.60356743705e-25, 1.08332879719e-23, 8.66887847331e-24, 1.24925811554e-23, 9.27292898996e-24, 1.78671299457e-23, 2.23472398427e-23, 1.11781448275e-23, 2.800320845e-23, 3.40365586481e-23, 4.27147354249e-23, 4.79678485452e-23, 2.44939733349e-23, 8.55389458108e-23, 6.47277664565e-23, 1.14068706293e-22, 1.40488655129e-22, 2.71753266979e-22, 2.90700494232e-22, 3.86829796721e-22, 6.79855474249e-22, 8.70823376569e-22, 1.31633314077e-21, 1.81474863782e-21],
        "var": [4.18929412263e-05, 0.000431297172327, 5.81695676374e-05, 1.90204300452e-05, 3.00219580822e-05, 5.50833783564e-06, 1.23653271658e-05, 2.97592305287e-06, 4.95217091157e-06, 2.16159764932e-06, 4.27724307883e-06, 1.43182460306e-05, 4.43238320713e-07, 2.88138238602e-07, 1.94098433326e-07, 3.78176082449e-07, 1.18701177598e-06, 1.34379988026e-07, 3.95760224592e-08, 2.80942931141e-08, 2.96285573853e-08, 3.06755936208e-08, 1.31835680151e-08, 1.27489725443e-08, 4.46993304593e-08, 3.1659432409e-08, 6.01687366597e-09]
    },
    "erbbands": {
        "dmean": [0.326158702374, 2.21957063675, 4.86607313156, 4.57572650909, 10.2730312347, 7.07137823105, 8.90948963165, 8.34334087372, 10.1187992096, 20.3662090302, 14.48396492, 12.5806398392, 15.7077388763, 19.3846702576, 31.193780899, 43.3690795898, 12.4602375031, 7.34617757797, 11.7102241516, 7.35149478912, 12.5274610519, 18.5045413971, 7.12529182434, 4.51898670197, 3.55166268349, 3.10446047783, 3.19421458244, 2.56191945076, 2.39151358604, 1.78171753883, 1.249609828, 0.969920456409, 0.943872094154, 0.765962839127, 0.628494858742, 0.369532525539, 0.115108959377, 0.0296895634383, 0.00635239854455, 0.000483669951791],
        "dmean2": [0.544273376465, 3.5477077961, 8.19361209869, 7.52273988724, 17.0649757385, 11.7832651138, 13.8078813553, 13.5925359726, 16.1150779724, 33.0230293274, 21.2863426208, 20.6526241302, 25.2128639221, 29.8900337219, 48.2412071228, 66.9323043823, 19.2153396606, 11.9538249969, 19.443813324, 12.4215164185, 20.7820072174, 28.2044868469, 10.7842578888, 7.4376335144, 5.9352350235, 5.06741666794, 5.37551355362, 4.33354759216, 3.95881843567, 2.87080597878, 2.07156729698, 1.59677994251, 1.5250980854, 1.1548063755, 0.911789417267, 0.555262625217, 0.169485911727, 0.0433581322432, 0.00972165726125, 0.00072902534157],
        "dvar": [0.315187901258, 11.1386213303, 68.1904907227, 77.2078170776, 354.46484375, 127.804191589, 133.834335327, 193.631118774, 414.99597168, 1691.78283691, 498.448455811, 2096.15136719, 846.161071777, 1145.78930664, 2413.21606445, 4863.73974609, 357.278594971, 136.768432617, 388.330383301, 136.167739868, 623.901062012, 1548.83007812, 156.986404419, 58.7418670654, 31.2874355316, 24.5587062836, 32.3286323547, 19.3736610413, 19.8149185181, 11.0009469986, 5.77420806885, 5.14960098267, 2.63684225082, 1.6521743536, 1.32383799553, 0.569100379944, 0.0453126579523, 0.00267759431154, 0.000122949728393, 7.27414146695e-07],
        "dvar2": [0.813922226429, 25.3371772766, 170.664260864, 185.293228149, 931.338989258, 348.777709961, 325.213470459, 523.345825195, 1094.92407227, 4384.15332031, 1158.4732666, 5615.83007812, 2179.26611328, 2776.90258789, 5445.10644531, 10705.9824219, 767.322021484, 339.410766602, 971.206420898, 344.073547363, 1701.13317871, 3140.12573242, 293.167724609, 137.405410767, 80.3358154297, 62.4384422302, 86.4560699463, 50.6387290955, 51.7109680176, 27.9528903961, 15.4942045212, 14.4064311981, 6.89020204544, 3.86572527885, 2.90996837616, 1.33099472523, 0.104032412171, 0.00628026947379, 0.000287048402242, 1.82660107839e-06],
        "max": [5.01268577576, 28.8126277924, 80.7957992554, 119.476028442, 269.949676514, 164.108200073, 175.478149414, 205.63583374, 467.178253174, 947.216796875, 572.309143066, 1340.3861084, 450.253143311, 868.838195801, 688.854858398, 1204.57519531, 388.714599609, 220.963592529, 474.787719727, 393.759155273, 438.957550049, 609.463928223, 308.774139404, 129.453598022, 71.4291992188, 96.3786773682, 80.8865356445, 58.4360122681, 63.3561248779, 45.840461731, 34.5373954773, 51.0794830322, 17.2826900482, 18.3567848206, 18.7914543152, 12.5223999023, 2.67451405525, 0.522330284119, 0.0851098448038, 0.00575856491923],
        "mean": [0.450962036848, 3.56945586205, 7.0693321228, 7.09756946564, 19.7219314575, 13.0445899963, 18.2887973785, 17.0446472168, 22.8201713562, 42.6180229187, 31.8069725037, 22.731136322, 27.502866745, 38.9166755676, 56.8054847717, 79.0687026978, 26.432970047, 13.5431394577, 18.9850769043, 15.0240650177, 25.89909935, 41.2885322571, 16.3342819214, 8.66562652588, 7.13177013397, 5.89373445511, 5.93308401108, 4.68757963181, 3.820561409, 2.92178153992, 1.85857653618, 1.42061209679, 1.4787119627, 1.34921240807, 0.953875422478, 0.519927442074, 0.162792101502, 0.0389627888799, 0.00759715074673, 0.000611105584539],
        "median": [0.148739948869, 1.67653250694, 4.22414207458, 3.91138911247, 12.0544176102, 9.63110256195, 12.8490142822, 9.15155220032, 9.37943649292, 15.0723190308, 20.0326976776, 8.68783569336, 14.6894826889, 22.3420124054, 29.1404533386, 36.6636352539, 16.2655754089, 8.12677192688, 10.6116657257, 9.08658981323, 11.0602769852, 10.9793777466, 6.7470240593, 4.80065155029, 4.0355682373, 3.45876026154, 3.40602898598, 2.5978782177, 1.75525331497, 1.129129529, 0.836070120335, 0.635695457458, 0.588010072708, 0.45395731926, 0.235512688756, 0.138656586409, 0.0484237521887, 0.0106963664293, 0.00197617243975, 0.000212997489143],
        "min": [1.78346266676e-22, 1.04774773724e-21, 1.62105226127e-21, 6.78531005819e-21, 2.74076440888e-20, 3.19672542645e-20, 3.6568617674e-20, 7.36478448929e-20, 1.52874273385e-19, 1.53938932382e-19, 2.49916802254e-19, 4.44429874259e-19, 5.58063190523e-19, 5.97527563958e-19, 1.06978565518e-18, 1.2214831349e-18, 1.83481936113e-18, 2.03028255347e-18, 2.0376109601e-18, 2.80121074846e-18, 4.33042120125e-18, 4.38616448914e-18, 4.48649405282e-18, 5.78349298738e-18, 5.82281425857e-18, 7.02015695447e-18, 8.42582550123e-18, 1.23998096134e-17, 1.16913955932e-17, 1.17323716392e-17, 1.28485526142e-17, 9.02170408063e-18, 1.09910110152e-17, 8.43344300749e-18, 6.82674889236e-18, 3.49044369103e-18, 2.45775274363e-18, 9.43855782122e-19, 2.4610820422e-19, 2.78581408676e-20],
        "var": [0.456013321877, 23.392364502, 82.6899795532, 93.0076980591, 614.718078613, 171.365600586, 328.207977295, 523.923950195, 1090.5793457, 3817.83837891, 1343.67150879, 2991.64428711, 1399.77832031, 2839.61425781, 5782.26757812, 12414.9150391, 1030.35998535, 316.087799072, 835.950439453, 370.462097168, 1915.82263184, 6172.32275391, 788.246704102, 126.043357849, 75.8939361572, 52.9995727539, 56.7767028809, 36.7029075623, 32.5116615295, 24.0159416199, 8.20076179504, 5.02448749542, 4.68331336975, 4.72795391083, 2.80113840103, 0.958271622658, 0.0726626366377, 0.00391141185537, 0.000158241775353, 8.8878744009e-07]
    },
    "gfcc": {
        "mean": [4.31967163086, 106.505653381, -97.6726150513, 16.9722805023, -41.2933273315, 12.8378982544, -25.185710907, 6.52836847305, -22.1278877258, -0.262650132179, -12.319817543, 3.08778738976, -5.50318288803],
        "cov": [[22132.1894531, -1937.02734375, 304.322875977, 600.074768066, -192.037063599, 415.127807617, -516.604064941, 341.052642822, -584.630493164, 272.635864258, -381.426116943, 382.27935791, -329.919006348], [-1937.02734375, 2320.02490234, -1266.22509766, 112.03968811, 156.556686401, -194.885894775, 181.683181763, -211.813644409, 140.913391113, -252.86000061, 132.698638916, -229.534179688, 200.646087646], [304.322875977, -1266.22509766, 1681.44970703, -179.578125, -178.966201782, 221.903244019, -127.420509338, 174.741455078, -4.95363903046, 226.761581421, -100.432762146, 116.533958435, -181.118515015], [600.074768066, 112.03968811, -179.578125, 466.06072998, 30.1727924347, 12.6066589355, 11.8698959351, -22.6670703888, -5.10421133041, -22.0538730621, -18.2780017853, -3.86623716354, 40.2480812073], [-192.037063599, 156.556686401, -178.966201782, 30.1727924347, 251.709640503, -18.7585639954, 57.8696022034, -18.2052001953, 10.8296356201, -39.6105880737, 13.0812749863, 0.924350380898, 29.4197216034], [415.127807617, -194.885894775, 221.903244019, 12.6066589355, -18.7585639954, 260.822479248, 42.7074394226, 58.3394126892, -31.0836181641, 39.1377410889, 38.6873970032, 11.5006885529, -22.7197189331], [-516.604064941, 181.683181763, -127.420509338, 11.8698959351, 57.8696022034, 42.7074394226, 144.796264648, -1.58678340912, 22.658164978, -5.58320188522, 49.503692627, -13.7345199585, 22.5852909088], [341.052642822, -211.813644409, 174.741455078, -22.6670703888, -18.2052001953, 58.3394126892, -1.58678340912, 116.673553467, 7.95943832397, 61.7261123657, 11.3035240173, 40.8008537292, -24.2001457214], [-584.630493164, 140.913391113, -4.95363903046, -5.10421133041, 10.8296356201, -31.0836181641, 22.658164978, 7.95943832397, 105.70198822, 21.7885456085, 15.3386545181, -7.85429906845, 4.02200126648], [272.635864258, -252.86000061, 226.761581421, -22.0538730621, -39.6105880737, 39.1377410889, -5.58320188522, 61.7261123657, 21.7885456085, 112.309646606, 19.2904777527, 49.3564109802, -32.8318901062], [-381.426116943, 132.698638916, -100.432762146, -18.2780017853, 13.0812749863, 38.6873970032, 49.503692627, 11.3035240173, 15.3386545181, 19.2904777527, 99.012260437, 10.8677005768, 22.8007087708], [382.27935791, -229.534179688, 116.533958435, -3.86623716354, 0.924350380898, 11.5006885529, -13.7345199585, 40.8008537292, -7.85429906845, 49.3564109802, 10.8677005768, 96.5961227417, 1.40988898277], [-329.919006348, 200.646087646, -181.118515015, 40.2480812073, 29.4197216034, -22.7197189331, 22.5852909088, -24.2001457214, 4.02200126648, -32.8318901062, 22.8007087708, 1.40988898277, 83.4198303223]],
        "icov": [[8.95009652595e-05, -6.44654865027e-05, 0.000140736621688, -8.18477201392e-05, -1.63910517585e-05, -0.000229460638366, 0.00025205957354, -0.000152132328367, 0.000438303191913, -0.000383618782507, 0.000502979324665, -0.000383382983273, 0.00038187528844], [-6.44654865027e-05, 0.00133739912417, 0.000282564433292, 1.47595565068e-05, 5.11942525918e-05, 0.000434809422586, -0.000482823990751, 0.000449505547294, -0.00179562333506, 0.00150588166434, -0.00165683124214, 0.00207350961864, -0.00140682130586], [0.000140736621688, 0.000282564433292, 0.00172582280356, 0.000282482797047, 0.00022474200523, -0.00148130976595, 0.000862745568156, -0.000242244190304, -0.000170705898199, -0.00197216309607, 0.00231180735864, -0.000842544599436, 0.00131556973793], [-8.18477201392e-05, 1.47595565068e-05, 0.000282482797047, 0.00254704616964, -9.69951870502e-05, -0.000601774489041, -0.000168531711097, 0.000482313160319, -0.000521261594258, -0.000472879386507, 0.00118985574227, 5.09223718836e-05, -0.00140597228892], [-1.63910517585e-05, 5.11942525918e-05, 0.00022474200523, -9.69951870502e-05, 0.0049162437208, 0.000213386141695, -0.00197129021399, -0.000119931275549, -0.000740629213396, 0.00209252350032, 0.000222572663915, -0.00154494703747, -5.43969326827e-06], [-0.000229460638366, 0.000434809422586, -0.00148130976595, -0.000601774489041, 0.000213386141695, 0.00714089768007, -0.00288023822941, -0.00182828202378, 0.0014596740948, 0.00192774902098, -0.00499851256609, 0.00292182504199, -0.000754974142183], [0.00025205957354, -0.000482823990751, 0.000862745568156, -0.000168531711097, -0.00197129021399, -0.00288023822941, 0.0111980233341, -0.00035973530612, -0.000355766678695, -0.00197315611877, -0.00139164249413, 4.19616917497e-05, 0.000507533201016], [-0.000152132328367, 0.000449505547294, -0.000242244190304, 0.000482313160319, -0.000119931275549, -0.00182828202378, -0.00035973530612, 0.0141118317842, -0.00221609929577, -0.00370398140512, -0.000805927324109, -0.00201105722226, 0.000197422748897], [0.000438303191913, -0.00179562333506, -0.000170705898199, -0.000521261594258, -0.000740629213396, 0.0014596740948, -0.000355766678695, -0.00221609929577, 0.0160578899086, -0.00727288238704, 0.00234493194148, -0.000365460378816, 0.00177404587157], [-0.000383618782507, 0.00150588166434, -0.00197216309607, -0.000472879386507, 0.00209252350032, 0.00192774902098, -0.00197315611877, -0.00370398140512, -0.00727288238704, 0.0243954211473, -0.00901961605996, -0.00358734535985, 0.00253176502883], [0.000502979324665, -0.00165683124214, 0.00231180735864, 0.00118985574227, 0.000222572663915, -0.00499851256609, -0.00139164249413, -0.000805927324109, 0.00234493194148, -0.00901961605996, 0.0216203406453, -0.00556130567566, -0.000355616910383], [-0.000383382983273, 0.00207350961864, -0.000842544599436, 5.09223718836e-05, -0.00154494703747, 0.00292182504199, 4.19616917497e-05, -0.00201105722226, -0.000365460378816, -0.00358734535985, -0.00556130567566, 0.0208809133619, -0.00783872418106], [0.00038187528844, -0.00140682130586, 0.00131556973793, -0.00140597228892, -5.43969326827e-06, -0.000754974142183, 0.000507533201016, 0.000197422748897, 0.00177404587157, 0.00253176502883, -0.000355616910383, -0.00783872418106, 0.0212730281055]]
    },
    "melbands": {
        "dmean": [0.00273906695656, 0.00247678952292, 0.000959467492066, 0.000609542650636, 0.000311402807711, 0.000183843847481, 0.000173298336449, 0.000212979619391, 0.00011166666809, 7.99037952675e-05, 8.52544762893e-05, 8.50526630529e-05, 8.10157507658e-05, 0.000207469725865, 5.01166032336e-05, 2.30640125665e-05, 1.4142136024e-05, 2.35387014982e-05, 1.15926159197e-05, 7.77915647632e-06, 1.57551003213e-05, 2.06794811675e-05, 8.20458353701e-06, 5.35403250979e-06, 3.8620705709e-06, 3.0507626434e-06, 3.21198308484e-06, 1.88157946468e-06, 2.16424177779e-06, 1.97975100491e-06, 1.4767523453e-06, 1.4466409084e-06, 1.25726046463e-06, 1.01565342447e-06, 8.10837036624e-07, 5.35698973181e-07, 6.71527800478e-07, 7.24440440081e-07, 5.6798580772e-07, 7.09677237865e-07],
        "dmean2": [0.00437263119966, 0.00419998122379, 0.00155218678992, 0.00101937085856, 0.000490287784487, 0.000299401872326, 0.000277538812952, 0.000337363773724, 0.000165879595443, 0.000132046552608, 0.000135957510793, 0.000131347260321, 0.000125211736304, 0.000319979822962, 7.78859539423e-05, 3.65671039617e-05, 2.33563405345e-05, 3.93011905544e-05, 1.93558043975e-05, 1.30779590108e-05, 2.64430764219e-05, 3.14546196023e-05, 1.26693203129e-05, 8.17295131128e-06, 6.45431737212e-06, 5.08344191985e-06, 5.33224056198e-06, 3.10814652948e-06, 3.69821555068e-06, 3.34948890668e-06, 2.52493487096e-06, 2.43778936238e-06, 2.01555963031e-06, 1.69055510923e-06, 1.36073208523e-06, 8.87079863787e-07, 1.12335123958e-06, 1.20777008306e-06, 8.73719670835e-07, 1.08825372536e-06],
        "dvar": [1.86884299183e-05, 1.50402611325e-05, 2.73123077932e-06, 1.1554784578e-06, 1.64679335057e-07, 8.80655974811e-08, 1.16866722522e-07, 1.65650405393e-07, 3.35402283724e-08, 8.47489474154e-08, 2.35260877446e-08, 2.00301926156e-08, 2.41350175401e-08, 1.31225846189e-07, 9.42160749418e-09, 1.76355252623e-09, 5.46594713935e-10, 1.62907809464e-09, 3.86357668081e-10, 1.41313308277e-10, 1.07646658254e-09, 1.7751785597e-09, 2.42153075369e-10, 1.05044126175e-10, 4.29875822439e-11, 2.35645166574e-11, 3.11043066303e-11, 8.85270155793e-12, 1.49352769735e-11, 1.19143982874e-11, 7.87613984449e-12, 7.91483371898e-12, 6.54663476207e-12, 4.29315740944e-12, 2.72786394168e-12, 8.78594397756e-13, 3.16405885867e-12, 1.59828834195e-12, 9.18051333738e-13, 1.40761913844e-12],
        "dvar2": [4.43786957476e-05, 3.76994685212e-05, 6.44331839794e-06, 3.12376232614e-06, 4.03709520924e-07, 2.37976394146e-07, 3.10534375103e-07, 4.29916440225e-07, 7.8669856407e-08, 2.27215394943e-07, 5.92895688101e-08, 4.76552699524e-08, 5.22851770768e-08, 2.91458150059e-07, 2.17185718299e-08, 3.81022280393e-09, 1.3632874829e-09, 4.0896961373e-09, 9.92632531727e-10, 3.65085933707e-10, 2.94422375369e-09, 3.6101233114e-09, 5.12823061793e-10, 2.08001532664e-10, 1.03372220506e-10, 5.78987378874e-11, 7.95101900986e-11, 2.29044179456e-11, 4.05840257234e-11, 3.05452677041e-11, 2.04679571902e-11, 2.0900002215e-11, 1.58229835484e-11, 1.11423491961e-11, 7.26841633755e-12, 2.34662983489e-12, 8.94752241049e-12, 4.26681736818e-12, 2.18305191632e-12, 3.3687377974e-12],
        "max": [0.0367316193879, 0.0377633869648, 0.0179328396916, 0.0130622806028, 0.0062874769792, 0.00418275827542, 0.00702949613333, 0.0121338572353, 0.00341495103203, 0.00855530053377, 0.00222851173021, 0.00324705452658, 0.00366016989574, 0.0060719428584, 0.00256101018749, 0.00103826494887, 0.00049676297931, 0.000959727389272, 0.000387145031709, 0.000350662157871, 0.000605427660048, 0.000601357547566, 0.000244134003879, 0.000239908986259, 0.000112299567263, 7.607225416e-05, 0.000100703786302, 6.52257367619e-05, 5.85241214139e-05, 5.22332411492e-05, 3.85179009754e-05, 3.5744124034e-05, 5.20594585396e-05, 3.48257090081e-05, 2.19364137592e-05, 1.37152774187e-05, 4.19485477323e-05, 1.31549677462e-05, 1.41951668411e-05, 1.46811180457e-05],
        "mean": [0.00448619248345, 0.00421221647412, 0.00173842115328, 0.00119849271141, 0.000632884213701, 0.000378866301617, 0.00039125882904, 0.000452232779935, 0.000244035225478, 0.000136361559271, 0.000145498168422, 0.000164985627634, 0.000153413333464, 0.000329640315613, 0.000100839868537, 3.98264128307e-05, 2.32347065321e-05, 3.56135242328e-05, 2.14990959648e-05, 1.60103554663e-05, 3.01022537315e-05, 4.36529589933e-05, 2.03831950785e-05, 1.01163623185e-05, 6.75175624565e-06, 5.7079250837e-06, 5.31195337317e-06, 3.36872631124e-06, 3.53539530806e-06, 3.73814100385e-06, 2.41691395786e-06, 2.2168076157e-06, 1.96214591597e-06, 1.53167866301e-06, 1.1321594684e-06, 7.96781023382e-07, 9.14973213639e-07, 1.03124773432e-06, 1.03491447589e-06, 1.17451827464e-06],
        "median": [0.00183794111945, 0.00245953095146, 0.00110867922194, 0.000818752276246, 0.000448350125225, 0.000212823564652, 0.000153844710439, 0.000209885925869, 0.000139358191518, 5.08986959176e-05, 7.49944738345e-05, 9.60138131632e-05, 8.08476906968e-05, 0.000114584669063, 4.36839545728e-05, 2.37076783378e-05, 1.31658762257e-05, 1.8150316464e-05, 1.14821605166e-05, 9.56156145548e-06, 1.23291802083e-05, 1.11656663648e-05, 7.3868986874e-06, 4.31520402344e-06, 3.73391799258e-06, 3.19953346661e-06, 2.56873227045e-06, 1.98910333893e-06, 2.01252669285e-06, 1.96388828044e-06, 1.21576408674e-06, 1.01134378383e-06, 7.18419414625e-07, 6.01487556651e-07, 4.7223807087e-07, 3.93761297346e-07, 3.75207122261e-07, 3.90704997244e-07, 4.35969042201e-07, 3.53197407321e-07],
        "min": [2.10536109045e-24, 1.93335292829e-24, 1.70438309232e-24, 1.74282487588e-24, 1.56026264228e-24, 1.62504419564e-24, 2.38796794594e-24, 1.56745212336e-24, 2.14977750928e-24, 2.44378202435e-24, 2.73408619013e-24, 2.51539146467e-24, 3.00895471458e-24, 3.41779627542e-24, 3.73251430571e-24, 4.18207943028e-24, 2.99671750979e-24, 3.28936932562e-24, 4.49081750048e-24, 2.78425103839e-24, 4.34306188078e-24, 4.82973620562e-24, 2.88464778807e-24, 3.02601974811e-24, 3.43549436983e-24, 4.1273951979e-24, 4.83710416648e-24, 4.06053134758e-24, 3.17261515064e-24, 4.43523712211e-24, 6.67781484778e-24, 6.00206555231e-24, 5.34574077335e-24, 5.9526899594e-24, 6.94524816098e-24, 5.96748110137e-24, 5.18016360251e-24, 6.8757723922e-24, 7.11290398031e-24, 6.75930812359e-24],
        "var": [3.67034590454e-05, 2.41847428697e-05, 4.13661155108e-06, 1.85641954431e-06, 3.82964344681e-07, 2.31354547964e-07, 3.11834583044e-07, 3.55963095444e-07, 9.8234714585e-08, 1.09677323223e-07, 4.12402627603e-08, 4.76806540917e-08, 6.44356745738e-08, 2.89928550501e-07, 3.09799048637e-08, 3.33804361929e-09, 1.13104592359e-09, 3.38429795299e-09, 9.07460773192e-10, 3.69961894453e-10, 3.08149084027e-09, 6.71314070999e-09, 1.22909848965e-09, 3.26711491194e-10, 7.99546054364e-11, 5.16478318446e-11, 5.97956406612e-11, 1.79370650277e-11, 2.03114747244e-11, 2.95772156766e-11, 1.3097611537e-11, 1.14966395778e-11, 1.36352830069e-11, 7.17839546485e-12, 3.53350291735e-12, 1.19766284563e-12, 2.64861440072e-12, 2.36810484416e-12, 2.53428745003e-12, 3.74745937406e-12]
    },
    "mfcc": {
        "mean": [-640.518188477, 145.451370239, 4.39474248886, 17.6739139557, 5.94681167603, 7.92386293411, 9.0392408371, 6.49360942841, 5.52211952209, -5.77427577972, -2.05005764961, 5.57301998138, 3.75601029396],
        "cov": [[9745.79589844, -390.056427002, 376.825378418, 309.221862793, 91.2918548584, 91.6208877563, 119.077529907, 63.9727516174, -23.3510608673, -125.065834045, 61.1112785339, -11.8399457932, 112.282989502], [-390.056427002, 1477.16882324, -623.984375, 74.5735855103, 15.7254018784, 6.89271068573, 40.4654464722, 2.54190444946, 37.2008018494, -39.7276306152, -82.4136123657, 50.4256515503, -50.8493690491], [376.825378418, -623.984375, 1213.78820801, -182.1771698, 56.9769287109, 54.8217658997, -52.93384552, 9.28608989716, -12.60526371, 147.457473755, 86.2103500366, -63.8740882874, 96.9312744141], [309.221862793, 74.5735855103, -182.1771698, 398.888397217, 8.93887042999, 27.5592384338, -26.574213028, -13.8464336395, 39.637840271, -58.1059989929, -13.4041090012, -4.02171754837, -12.5803880692], [91.2918548584, 15.7254018784, 56.9769287109, 8.93887042999, 140.213531494, 30.7433204651, 6.32447481155, 20.6105880737, 12.9716777802, -0.779321074486, -5.15441417694, 8.30798339844, 8.39291858673], [91.6208877563, 6.89271068573, 54.8217658997, 27.5592384338, 30.7433204651, 134.318054199, 61.9705543518, 33.0367546082, 6.28517580032, 16.6974582672, 6.95281553268, -8.993516922, 6.76284694672], [119.077529907, 40.4654464722, -52.93384552, -26.574213028, 6.32447481155, 61.9705543518, 152.596115112, 52.9117126465, -14.0870046616, 27.9311218262, -9.98853206635, 10.98686409, -1.28108668327], [63.9727516174, 2.54190444946, 9.28608989716, -13.8464336395, 20.6105880737, 33.0367546082, 52.9117126465, 75.1422042847, 12.9312410355, 10.1713228226, 5.61309289932, 15.0148324966, 12.1182603836], [-23.3510608673, 37.2008018494, -12.60526371, 39.637840271, 12.9716777802, 6.28517580032, -14.0870046616, 12.9312410355, 67.9336471558, -3.09412813187, 5.95194673538, 5.83230543137, -0.0764082744718], [-125.065834045, -39.7276306152, 147.457473755, -58.1059989929, -0.779321074486, 16.6974582672, 27.9311218262, 10.1713228226, -3.09412813187, 97.9262771606, 29.6316986084, -3.98760390282, 4.02808189392], [61.1112785339, -82.4136123657, 86.2103500366, -13.4041090012, -5.15441417694, 6.95281553268, -9.98853206635, 5.61309289932, 5.95194673538, 29.6316986084, 87.5568466187, 26.3370323181, 24.2735671997], [-11.8399457932, 50.4256515503, -63.8740882874, -4.02171754837, 8.30798339844, -8.993516922, 10.98686409, 15.0148324966, 5.83230543137, -3.98760390282, 26.3370323181, 78.4293289185, 26.2767887115], [112.282989502, -50.8493690491, 96.9312744141, -12.5803880692, 8.39291858673, 6.76284694672, -1.28108668327, 12.1182603836, -0.0764082744718, 4.02808189392, 24.2735671997, 26.2767887115, 66.9437484741]],
