{
"lowlevel": {
    "average_loudness": 0.663960516453,
    "barkbands_crest": {
        "dmean": 2.48158979416,
        "dmean2": 4.19856929779,
        "dvar": 5.89795827866,
        "dvar2": 16.4395961761,
        "max": 26.6937599182,
        "mean": 10.5442314148,
        "median": 9.5193939209,
        "min": 2.86898374557,
        "var": 19.1940784454
    },
    "barkbands_flatness_db": {
        "dmean": 0.0223565883934,
        "dmean2": 0.0362178683281,
        "dvar": 0.00060396711342,
        "dvar2": 0.00152666307986,
        "max": 0.923694193363,
        "mean": 0.19429025054,
        "median": 0.171383202076,
        "min": 0.0324025899172,
        "var": 0.0128434160724
    },
    "barkbands_kurtosis": {
        "dmean": 4.15059614182,
        "dmean2": 6.86067247391,
        "dvar": 79.1921844482,
        "dvar2": 212.991943359,
        "max": 395.36428833,
        "mean": 7.81588220596,
        "median": 4.25237226486,
        "min": -1.92387330532,
        "var": 164.361541748
    },
    "barkbands_skewness": {
        "dmean": 0.546787559986,
        "dmean2": 0.879742383957,
        "dvar": 0.380529552698,
        "dvar2": 0.981753408909,
        "max": 15.6432323456,
        "mean": 1.66264498234,
        "median": 1.62433099747,
        "min": -2.79170584679,
        "var": 1.84056210518
    },
    "barkbands_spread": {
        "dmean": 2.71737265587,
        "dmean2": 4.3987622261,
        "dvar": 17.2251224518,
        "dvar2": 37.8541755676,
        "max": 110.532455444,
        "mean": 11.1692819595,
        "median": 9.57935523987,
        "min": 0.0266181696206,
        "var": 72.2018127441
    },
    "dissonance": {
        "dmean": 0.0275257285684,
        "dmean2": 0.0464641340077,
        "dvar": 0.000782815914135,
        "dvar2": 0.00210771569982,
        "max": 0.500000059605,
        "mean": 0.429558366537,
        "median": 0.438400328159,
        "min": 0.0648913607001,
        "var": 0.00241309520788
    },
    "dynamic_complexity": 4.09986925125,
    "erbbands_crest": {
        "dmean": 2.25893640518,
        "dmean2": 3.64534902573,
        "dvar": 4.93317174911,
        "dvar2": 13.6307697296,
        "max": 31.0913486481,
        "mean": 10.3421354294,
        "median": 9.37106704712,
        "min": 2.60784912109,
        "var": 22.1480331421
    },
    "erbbands_flatness_db": {
        "dmean": 0.0179601050913,
        "dmean2": 0.0270054135472,
        "dvar": 0.000388443149859,
        "dvar2": 0.000897793681361,
        "max": 0.611809134483,
        "mean": 0.184155613184,
        "median": 0.174421876669,
        "min": 0.0518282428384,
        "var": 0.00482445303351
    },
    "erbbands_kurtosis": {
        "dmean": 1.50071620941,
        "dmean2": 2.45704817772,
        "dvar": 16.9019470215,
        "dvar2": 42.7133674622,
        "max": 223.300720215,
        "mean": 2.19577479362,
        "median": 0.675577759743,
        "min": -1.8857114315,
        "var": 38.5867195129
    },
    "erbbands_skewness": {
        "dmean": 0.331941843033,
        "dmean2": 0.531352758408,
        "dvar": 0.126537501812,
        "dvar2": 0.320527076721,
        "max": 9.46939182281,
        "mean": 0.780335783958,
        "median": 0.655987262726,
        "min": -2.59427523613,
        "var": 0.811189651489
    },
    "erbbands_spread": {
        "dmean": 5.01477956772,
        "dmean2": 7.65392971039,
        "dvar": 43.8744392395,
        "dvar2": 95.5476150513,
        "max": 187.88734436,
        "mean": 27.0161933899,
        "median": 25.0985660553,
        "min": 0.262396633625,
        "var": 241.092102051
    },
    "hfc": {
        "dmean": 3.20785999298,
        "dmean2": 4.63741874695,
        "dvar": 44.9655418396,
        "dvar2": 89.9506759644,
        "max": 255.638702393,
        "mean": 13.5000696182,
        "median": 9.92086791992,
        "min": 1.03195757735e-16,
        "var": 214.066268921
    },
    "melbands_crest": {
        "dmean": 3.02954363823,
        "dmean2": 5.0880484581,
        "dvar": 7.93056821823,
        "dvar2": 21.488363266,
        "max": 37.066822052,
        "mean": 13.6975831985,
        "median": 12.8844976425,
        "min": 1.50488638878,
        "var": 31.6536560059
    },
    "melbands_flatness_db": {
        "dmean": 0.025215825066,
        "dmean2": 0.0407368317246,
        "dvar": 0.000782765622716,
        "dvar2": 0.00190411275253,
        "max": 1,
        "mean": 0.289577245712,
        "median": 0.270111322403,
        "min": 0.00216946448199,
        "var": 0.0195674113929
    },
    "melbands_kurtosis": {
        "dmean": 6.39665746689,
        "dmean2": 10.460185051,
        "dvar": 141.007156372,
        "dvar2": 366.235961914,
        "max": 454.233154297,
        "mean": 13.2701311111,
        "median": 8.31742668152,
        "min": -1.73882651329,
        "var": 323.037475586
    },
    "melbands_skewness": {
        "dmean": 0.619481384754,
        "dmean2": 0.990206837654,
        "dvar": 0.462300688028,
        "dvar2": 1.16914701462,
        "max": 14.7094564438,
        "mean": 2.34864401817,
        "median": 2.23531222343,
        "min": -1.16855490208,
        "var": 2.04935765266
    },
    "melbands_spread": {
        "dmean": 3.28495073318,
        "dmean2": 5.38293123245,
        "dvar": 35.6266059875,
        "dvar2": 88.9103469849,
        "max": 201.588043213,
        "mean": 15.9617023468,
        "median": 10.1512489319,
        "min": 0.0798968225718,
        "var": 636.012451172
    },
    "pitch_salience": {
        "dmean": 0.065833106637,
        "dmean2": 0.110916733742,
        "dvar": 0.00383461150341,
        "dvar2": 0.0106936143711,
        "max": 0.870598971844,
        "mean": 0.553378045559,
        "median": 0.565895557404,
        "min": 0.0249632690102,
        "var": 0.0158093813807
    },
    "silence_rate_20dB": {
        "dmean": 0,
        "dmean2": 0,
        "dvar": 0,
        "dvar2": 0,
        "max": 1,
        "mean": 1,
        "median": 1,
        "min": 1,
        "var": 0
    },
    "silence_rate_30dB": {
        "dmean": 0.0271249022335,
        "dmean2": 0.0542536564171,
        "dvar": 0.0263869594783,
        "dvar2": 0.062380425632,
        "max": 1,
        "mean": 0.971456944942,
        "median": 1,
        "min": 0,
        "var": 0.0277296807617
    },
    "silence_rate_60dB": {
        "dmean": 0.00781083572656,
        "dmean2": 0.0156227806583,
        "dvar": 0.00774984341115,
        "dvar2": 0.0175091456622,
        "max": 1,
        "mean": 0.100468613207,
        "median": 0,
        "min": 0,
        "var": 0.0903546363115
    },
    "spectral_centroid": {
        "dmean": 112.204864502,
        "dmean2": 182.84362793,
        "dvar": 37789.3203125,
        "dvar2": 84820.828125,
        "max": 11972.9824219,
        "mean": 1032.06762695,
        "median": 574.293823242,
        "min": 53.4151725769,
        "var": 4206383
    },
    "spectral_complexity": {
        "dmean": 1.64865446091,
        "dmean2": 2.69081091881,
        "dvar": 3.30668735504,
        "dvar2": 7.46375751495,
        "max": 47,
        "mean": 12.3450012207,
        "median": 13,
        "min": 0,
        "var": 43.5440979004
    },
    "spectral_decrease": {
        "dmean": 2.85898815733e-09,
        "dmean2": 4.64551863644e-09,
        "dvar": 2.51194982416e-17,
        "dvar2": 6.39226185314e-17,
        "max": 2.42847945592e-28,
        "mean": -8.31919955147e-09,
        "median": -6.71037181377e-09,
        "min": -6.38746158188e-08,
        "var": 5.52086744423e-17
    },
    "spectral_energy": {
        "dmean": 0.0110048335046,
        "dmean2": 0.0178365055472,
        "dvar": 0.000365637533832,
        "dvar2": 0.000927413871977,
        "max": 0.246655344963,
        "mean": 0.0326230041683,
        "median": 0.0263558514416,
        "min": 9.77830800835e-21,
        "var": 0.000838457315695
    },
    "spectral_energyband_high": {
        "dmean": 0.000112108384201,
        "dmean2": 0.000161912932526,
        "dvar": 3.26714143739e-07,
        "dvar2": 6.47045908408e-07,
        "max": 0.0264875870198,
        "mean": 0.000221561378567,
        "median": 5.21573383594e-05,
        "min": 6.80060643717e-21,
        "var": 5.57600287721e-07
    },
    "spectral_energyband_low": {
        "dmean": 0.00727513525635,
        "dmean2": 0.0121701145545,
        "dvar": 0.000318185659125,
        "dvar2": 0.000845455564559,
        "max": 0.204567342997,
        "mean": 0.0110640684143,
        "median": 0.00570191862062,
        "min": 6.66080858438e-24,
        "var": 0.000343186082318
    },
    "spectral_energyband_middle_high": {
        "dmean": 0.00116912275553,
        "dmean2": 0.00170070433524,
        "dvar": 9.33326646191e-06,
        "dvar2": 1.80928982445e-05,
        "max": 0.142600998282,
        "mean": 0.00400286493823,
        "median": 0.00211526453495,
        "min": 1.05801247107e-21,
        "var": 5.5163174693e-05
    },
    "spectral_energyband_middle_low": {
        "dmean": 0.00602327985689,
        "dmean2": 0.0097945863381,
        "dvar": 7.72981366026e-05,
        "dvar2": 0.000203652438358,
        "max": 0.234411507845,
        "mean": 0.0182382855564,
        "median": 0.0149759370834,
        "min": 1.23128224743e-22,
        "var": 0.000239764049184
    },
    "spectral_entropy": {
        "dmean": 0.174330234528,
        "dmean2": 0.274211525917,
        "dvar": 0.038762524724,
        "dvar2": 0.0918599367142,
        "max": 9.82890796661,
        "mean": 6.89231538773,
        "median": 6.94291067123,
        "min": 2.44048047066,
        "var": 0.918609559536
    },
    "spectral_flux": {
        "dmean": 0.0229090806097,
        "dmean2": 0.0370275564492,
        "dvar": 0.00105589465238,
        "dvar2": 0.00245441868901,
        "max": 0.418899297714,
        "mean": 0.0762756466866,
        "median": 0.0676557347178,
        "min": 6.12529471589e-11,
        "var": 0.00281493668444
    },
    "spectral_kurtosis": {
        "dmean": 8.88080692291,
        "dmean2": 15.2271814346,
        "dvar": 2262.31518555,
        "dvar2": 7144.69189453,
        "max": 1298.30029297,
        "mean": 21.2019577026,
        "median": 8.94331169128,
        "min": -1.27437770367,
        "var": 4958.70898438
    },
    "spectral_rms": {
        "dmean": 0.000821103923954,
        "dmean2": 0.00130567757878,
        "dvar": 1.13354940368e-06,
        "dvar2": 2.75601155408e-06,
        "max": 0.0155125549063,
        "mean": 0.0050669494085,
        "median": 0.00507080135867,
        "min": 3.0886586691e-12,
        "var": 6.15354156253e-06
    },
    "spectral_rolloff": {
        "dmean": 174.382583618,
        "dmean2": 303.635986328,
        "dvar": 272337.65625,
        "dvar2": 621481.4375,
        "max": 20112.0117188,
        "mean": 1352.13195801,
        "median": 559.86328125,
        "min": 21.533203125,
        "var": 12810578
    },
    "spectral_skewness": {
        "dmean": 0.415749907494,
        "dmean2": 0.679878890514,
        "dvar": 0.995442271233,
        "dvar2": 2.95259237289,
        "max": 31.3899841309,
        "mean": 2.86814141273,
        "median": 2.42269182205,
        "min": -0.0975661426783,
        "var": 7.3826007843
    },
    "spectral_spread": {
        "dmean": 563337.375,
        "dmean2": 872535.3125,
        "dvar": 716613353472,
        "dvar2": 1.52025969459e+12,
        "max": 46830728,
        "mean": 5153572.5,
        "median": 3562181,
        "min": 81678.375,
        "var": 5.36288994263e+13
    },
    "spectral_strongpeak": {
        "dmean": 0.425384402275,
        "dmean2": 0.719835519791,
        "dvar": 0.533854424953,
        "dvar2": 1.34100222588,
        "max": 16.3487701416,
        "mean": 0.892258763313,
        "median": 0.565560042858,
        "min": 0,
        "var": 1.36617767811
    },
    "zerocrossingrate": {
        "dmean": 0.00547354854643,
        "dmean2": 0.00718205468729,
        "dvar": 9.82988713076e-05,
        "dvar2": 0.000158211623784,
        "max": 0.533203125,
        "mean": 0.0487497039139,
        "median": 0.0283203125,
        "min": 0,
        "var": 0.00873101036996
    },
    "barkbands": {
        "dmean": [0.00086686265422, 0.00527131278068, 0.0022610463202, 0.00196611951105, 0.00400259392336, 0.000898381869774, 0.000821154739242, 0.000631966046058, 0.000577955215704, 0.000374926603399, 0.000507033837494, 0.00040779740084, 0.000149213767145, 0.000183563955943, 0.000113857866381, 6.54827308608e-05, 4.14153146266e-05, 4.00835415348e-05, 3.36969351338e-05, 2.70784821623e-05, 2.99755683955e-05, 1.85127100849e-05, 1.70885723492e-05, 2.10334583244e-05, 1.87383066077e-05, 1.47580221892e-05, 4.48799073638e-06],
        "dmean2": [0.00151171546895, 0.00900467578322, 0.00385349686258, 0.00334576657042, 0.00678350590169, 0.00140512757935, 0.00125788873993, 0.000884984212462, 0.000767137913499, 0.000551249191631, 0.000756323686801, 0.000628929061349, 0.000224551564315, 0.000276792095974, 0.000181450101081, 0.000107676911284, 6.5937252657e-05, 6.19900674792e-05, 5.28812088305e-05, 4.30380569014e-05, 4.47178535978e-05, 2.79297364614e-05, 2.60757205979e-05, 3.14465905831e-05, 2.80915519397e-05, 2.24066225201e-05, 7.08559309714e-06],
        "dvar": [2.34714138969e-06, 0.000258308311459, 1.49479556057e-05, 1.38850473377e-05, 3.8217734982e-05, 2.37904600908e-06, 4.85144892082e-06, 2.68951202997e-06, 2.59048215412e-06, 1.3534139498e-06, 3.74581190954e-06, 3.34648939315e-06, 2.19466002704e-07, 2.58357971461e-07, 8.8310436297e-08, 3.16844932513e-08, 1.16653007254e-08, 1.92015061629e-08, 1.79664745303e-08, 1.57445469995e-08, 2.15469775355e-08, 7.59641416437e-09, 1.15921849897e-08, 2.46935041304e-08, 1.03226671655e-08, 7.74479236298e-09, 6.64793053939e-10],
        "dvar2": [6.57356758893e-06, 0.000706342048943, 4.17272240156e-05, 3.82577854907e-05, 0.000108361135062, 5.83015707889e-06, 1.0542504242e-05, 5.18538990946e-06, 4.97741439176e-06, 2.61934496848e-06, 7.11768598194e-06, 7.17709781384e-06, 4.72017063657e-07, 4.81452957501e-07, 1.88251348732e-07, 7.36711598393e-08, 2.65284825218e-08, 4.31783035992e-08, 4.17564898214e-08, 3.68956349917e-08, 4.73400980638e-08, 1.56952850716e-08, 2.48108520395e-08, 5.34839728061e-08, 2.24775789093e-08, 1.80409571726e-08, 1.64396196656e-09],
        "max": [0.0280785411596, 0.183665946126, 0.114128544927, 0.0889906585217, 0.132878735662, 0.0788739323616, 0.103164888918, 0.0937230214477, 0.0797466263175, 0.05604564026, 0.0933913439512, 0.13441310823, 0.0262925848365, 0.0298393052071, 0.0162437614053, 0.00732555380091, 0.00576614635065, 0.00786431506276, 0.012257700786, 0.00854001380503, 0.00708393985406, 0.00466062268242, 0.00562613038346, 0.0100267585367, 0.00503845280036, 0.00424273265526, 0.00112350762356],
        "mean": [0.000853691832162, 0.0060728029348, 0.0033275289461, 0.00334285548888, 0.0075997794047, 0.00211958400905, 0.00187912757974, 0.0015073659597, 0.00159639632329, 0.000923730840441, 0.00108103815001, 0.000805039191619, 0.000291936012218, 0.000357552489731, 0.000222817630856, 0.000120371849334, 9.30529567995e-05, 9.469325596e-05, 7.40569012123e-05, 5.80766354688e-05, 5.34477912879e-05, 3.62172759196e-05, 3.03774286294e-05, 3.36585580953e-05, 2.57596238953e-05, 1.75958412001e-05, 4.5121491894e-06],
        "median": [0.00031638861401, 0.00205224147066, 0.00161245430354, 0.00173992465716, 0.0049633057788, 0.0011821850203, 0.000518559245393, 0.000487837794935, 0.000362105900422, 0.000210908096051, 0.000263986905338, 0.000152469292516, 9.44497805904e-05, 0.000142042714288, 9.04286353034e-05, 3.56984310201e-05, 3.35253353114e-05, 2.03215677175e-05, 2.34530052694e-05, 1.80526094482e-05, 1.17370473163e-05, 7.59058730182e-06, 4.61175568489e-06, 5.34061473445e-06, 4.77394678455e-06, 2.51238066085e-06, 5.02246280121e-07],
        "min": [1.78110543599e-25, 9.1959813279e-25, 1.90954875465e-25, 5.10274676542e-25, 4.64143865742e-24, 3.57973719192e-24, 3.0409522934e-24, 5.8545260805e-24, 7.54017313468e-24, 6.63141562706e-24, 1.10664626337e-23, 1.44235911668e-23, 2.27779184539e-23, 2.76193550444e-23, 2.16504263833e-23, 4.48751950969e-23, 3.74655508319e-23, 6.84497699795e-23, 1.14934358075e-22, 1.29572158109e-22, 1.91521935111e-22, 2.68590098832e-22, 3.52192163929e-22, 4.93113695436e-22, 7.76164611781e-22, 1.14447394869e-21, 1.79992138495e-21],
        "var": [2.25590770242e-06, 0.000216390777496, 2.68142794084e-05, 2.45928495133e-05, 7.64761352912e-05, 7.72304065322e-06, 1.49997486005e-05, 1.17453173516e-05, 1.4443668988e-05, 5.34337141289e-06, 1.259178498e-05, 1.72241634573e-05, 7.41089138501e-07, 7.09801099674e-07, 3.60439941005e-07, 8.55069046679e-08, 6.87349768214e-08, 8.53733652662e-08, 3.86187224422e-08, 2.85727743687e-08, 3.26901954395e-08, 1.29435600016e-08, 1.69133791417e-08, 3.30361977774e-08, 1.50692365253e-08, 9.28788601584e-09, 6.5516858605e-10]
    },
    "erbbands": {
        "dmean": [0.173098504543, 1.13332426548, 2.50040960312, 3.93680405617, 15.2535924911, 9.7518787384, 8.13861942291, 7.28430986404, 10.7277021408, 12.3347873688, 12.8972301483, 10.6115474701, 14.053401947, 11.6158676147, 21.138469696, 11.4166536331, 6.08970499039, 8.88576602936, 5.91189575195, 5.60394287109, 3.59799432755, 2.38816738129, 2.19939470291, 1.44667255878, 1.88543474674, 1.17991733551, 1.21352875233, 1.05452573299, 0.706760108471, 0.496204227209, 0.48828625679, 0.470799446106, 0.338610857725, 0.232004255056, 0.119276955724, 0.0581011213362, 0.0294193681329, 0.00690037477762, 0.000654972915072, 5.48223943042e-05],
        "dmean2": [0.292860537767, 1.95019841194, 4.22175168991, 6.66008520126, 26.38489151, 16.0378665924, 12.5479717255, 11.0639257431, 16.7595539093, 17.8597297668, 17.5208740234, 14.5149726868, 19.3008079529, 16.8643035889, 31.8401985168, 17.3585453033, 9.0548620224, 13.3049459457, 9.05382442474, 9.19886016846, 5.95568847656, 3.75281882286, 3.38590192795, 2.280564785, 2.93716406822, 1.84983408451, 1.852003932, 1.58505237103, 1.07350683212, 0.741137683392, 0.74796885252, 0.722676277161, 0.501210510731, 0.352590352297, 0.179680526257, 0.087543360889, 0.0451965034008, 0.0107305627316, 0.00103000807576, 8.72175660334e-05],
        "dvar": [0.341712623835, 10.2796411514, 20.0116271973, 40.1170501709, 753.799194336, 225.117843628, 171.639068604, 214.431121826, 883.826599121, 1399.19775391, 911.118347168, 1206.54602051, 1486.54052734, 1375.22277832, 6068.30761719, 2203.53369141, 349.088867188, 793.740722656, 265.857818604, 211.076919556, 67.9767074585, 45.4505271912, 67.1649475098, 20.846206665, 78.4763565063, 29.3857784271, 43.1199836731, 23.7650928497, 10.4768447876, 6.50921773911, 10.4053726196, 15.6418428421, 4.63902807236, 1.66175878048, 0.417343318462, 0.0955119207501, 0.0344197563827, 0.002422203077, 1.39034336826e-05, 8.77617267747e-08],
        "dvar2": [0.906539261341, 28.9137516022, 54.5695800781, 110.252357483, 2135.78735352, 578.814758301, 380.830932617, 499.84753418, 1944.74841309, 2791.57958984, 1815.09155273, 2462.34082031, 2855.99804688, 2556.45800781, 12161.5898438, 4528.61279297, 728.524414062, 1476.86523438, 508.39163208, 534.529724121, 177.325897217, 102.266189575, 147.127471924, 51.16198349, 189.43611145, 68.1755447388, 97.7927017212, 49.1807479858, 21.8135681152, 13.7855920792, 22.7143802643, 34.4530029297, 9.74594211578, 3.73369979858, 0.916303217411, 0.217091321945, 0.0808336809278, 0.00591603433713, 3.43127430824e-05, 2.26944294468e-07],
        "max": [6.54191493988, 38.3391647339, 139.562255859, 135.617477417, 718.725708008, 320.682861328, 318.798248291, 815.275939941, 1771.25292969, 1818.64892578, 1139.7746582, 2361.32592773, 1486.56604004, 2757.27856445, 3513.53271484, 3320.23974609, 1140.46252441, 1644.3684082, 964.793029785, 723.066345215, 224.168457031, 424.290771484, 492.013092041, 350.737609863, 776.052368164, 296.57699585, 310.604095459, 204.962142944, 156.056350708, 124.605758667, 190.883453369, 268.125396729, 110.920707703, 58.9911384583, 31.3107242584, 14.6082963943, 9.32336997986, 2.79520511627, 0.170280411839, 0.0142624545842],
        "mean": [0.180275946856, 1.33827185631, 3.79206061363, 7.38484048843, 24.0218639374, 20.6816539764, 19.0085868835, 18.147895813, 24.7685279846, 30.1340885162, 33.0325698853, 28.8559627533, 38.004119873, 30.9942073822, 46.6894035339, 24.7146606445, 13.5871601105, 17.9776134491, 12.7765283585, 11.2293014526, 6.95898532867, 6.11724328995, 5.38662433624, 3.50679063797, 4.23534345627, 2.63592624664, 2.17738723755, 1.92838537693, 1.33552801609, 1.01027882099, 0.85945636034, 0.746652007103, 0.52021253109, 0.320956617594, 0.160031110048, 0.0740897804499, 0.0339987501502, 0.00749496044591, 0.000683862890583, 8.09539415059e-05],
        "median": [0.0475509315729, 0.488967299461, 1.84585046768, 4.55138015747, 13.5817661285, 11.6341552734, 10.160326004, 9.16798305511, 7.99340200424, 10.1276979446, 13.6012601852, 9.31625843048, 8.69987106323, 12.0576190948, 12.2990474701, 6.30687522888, 5.15946102142, 5.59396266937, 6.28490447998, 4.73671245575, 2.20710754395, 2.18806672096, 1.48796200752, 1.24874377251, 1.09977436066, 0.933503746986, 0.510932564735, 0.431704163551, 0.28716135025, 0.180222541094, 0.133367270231, 0.108481317759, 0.0797048509121, 0.0623105801642, 0.0275685749948, 0.0108625236899, 0.00490792794153, 0.000893554184586, 9.36569704209e-05, 3.90440691262e-05],
        "min": [3.73210756903e-23, 1.74344394236e-22, 9.01600513418e-22, 3.48725209865e-21, 7.23817205652e-21, 6.62610767864e-21, 3.6812807207e-20, 3.47784372698e-20, 8.39294155636e-20, 9.25203970833e-20, 1.898317855e-19, 1.7879373231e-19, 3.93533606265e-19, 5.85315379587e-19, 5.82464501606e-19, 7.17057023628e-19, 1.30173133824e-18, 2.11595551067e-18, 1.92035500635e-18, 2.4401925264e-18, 3.1019945055e-18, 2.61310636165e-18, 4.28459415455e-18, 5.32353259032e-18, 5.87686554851e-18, 6.59384295601e-18, 7.15883378416e-18, 9.22566614017e-18, 1.00689006741e-17, 1.11146670722e-17, 8.16116740988e-18, 9.34590594119e-18, 8.08469621661e-18, 7.13435502829e-18, 5.50074114731e-18, 3.96858841308e-18, 2.1557528243e-18, 9.12159151627e-19, 2.16284633749e-19, 2.45965354005e-20],
        "var": [0.281123816967, 8.74200153351, 36.7306671143, 81.0253829956, 1121.88500977, 795.278198242, 728.33605957, 680.611633301, 2429.10449219, 6058.50537109, 3908.50195312, 4227.56298828, 7571.22314453, 6046.99462891, 21410.4960938, 11246.421875, 1349.12890625, 2407.82324219, 897.791992188, 910.011413574, 177.701644897, 340.780456543, 300.474121094, 54.6919593811, 149.064926147, 53.1440124512, 63.779750824, 38.4832572937, 17.3111629486, 11.7307739258, 14.702498436, 18.9411220551, 6.97754096985, 2.33181548119, 0.603107213974, 0.129140540957, 0.0388338044286, 0.0024973785039, 1.40126830956e-05, 7.60405356459e-08]
    },
    "gfcc": {
        "mean": [-98.3001861572, 125.476455688, -80.9099884033, 14.6329946518, -45.1674728394, 8.51226711273, -30.9443721771, 1.33791339397, -24.7164840698, -1.94702756405, -16.3715877533, -4.14209890366, -7.47010231018],
        "cov": [[68764.75, 3819.21606445, -6556.91601562, 234.00793457, -3880.61938477, 606.302490234, -1990.84082031, 353.545166016, -1528.89929199, 85.5971221924, -1245.47961426, -19.6307983398, -690.366760254], [3819.21606445, 1819.92749023, -35.0982894897, 23.0302867889, -51.5087432861, -121.78679657, -67.8194503784, -89.7128372192, -25.1623420715, -94.6346588135, -22.0595378876, -129.432998657, 68.6125183105], [-6556.91601562, -35.0982894897, 1726.1114502, 211.132568359, 449.837463379, -63.4742431641, 191.892959595, -91.0810089111, 182.298034668, -3.79887533188, 93.904586792, -46.4592094421, 120.275901794], [234.00793457, 23.0302867889, 211.132568359, 371.149505615, 39.0977363586, -5.0844745636, -9.11718654633, -18.8875637054, 19.0620288849, -19.3034496307, 17.2501583099, 9.01133823395, 26.2159633636], [-3880.61938477, -51.5087432861, 449.837463379, 39.0977363586, 432.451507568, -4.21679162979, 128.485321045, -16.9324398041, 92.4512557983, 3.40785121918, 77.792755127, 5.03749752045, 58.4905662537], [606.302490234, -121.78679657, -63.4742431641, -5.0844745636, -4.21679162979, 147.343338013, 10.5195207596, 23.3720798492, -8.7175951004, 23.7461547852, -8.12701320648, 9.28260707855, -22.5034885406], [-1990.84082031, -67.8194503784, 191.892959595, -9.11718654633, 128.485321045, 10.5195207596, 171.774810791, 25.8256454468, 47.5971641541, -2.98773860931, 48.1906852722, 0.142554417253, 19.565662384], [353.545166016, -89.7128372192, -91.0810089111, -18.8875637054, -16.9324398041, 23.3720798492, 25.8256454468, 100.496231079, 18.6815242767, 21.3058395386, -1.51509344578, 15.3347587585, -14.9514131546], [-1528.89929199, -25.1623420715, 182.298034668, 19.0620288849, 92.4512557983, -8.7175951004, 47.5971641541, 18.6815242767, 132.943618774, 19.1881599426, 42.946144104, 0.726647078991, 17.5492706299], [85.5971221924, -94.6346588135, -3.79887533188, -19.3034496307, 3.40785121918, 23.7461547852, -2.98773860931, 21.3058395386, 19.1881599426, 75.1930084229, 10.0659160614, 9.88678264618, -6.25316143036], [-1245.47961426, -22.0595378876, 93.904586792, 17.2501583099, 77.792755127, -8.12701320648, 48.1906852722, -1.51509344578, 42.946144104, 10.0659160614, 101.735061646, 29.8255786896, 11.4261035919], [-19.6307983398, -129.432998657, -46.4592094421, 9.01133823395, 5.03749752045, 9.28260707855, 0.142554417253, 15.3347587585, 0.726647078991, 9.88678264618, 29.8255786896, 83.2700576782, 7.91978216171], [-690.366760254, 68.6125183105, 120.275901794, 26.2159633636, 58.4905662537, -22.5034885406, 19.565662384, -14.9514131546, 17.5492706299, -6.25316143036, 11.4261035919, 7.91978216171, 70.9610824585]],
        "icov": [[0.000127406688989, -0.000342272222042, 0.000147615253809, -0.000318599748425, 0.000540146429557, -0.000458208931377, 0.000463882053737, -0.000450824474683, 0.000550944008864, -0.00051269918913, 0.000646994099952, -0.000497707282193, 0.000394475471694], [-0.000342272222042, 0.00167091598269, -0.00029194081435, 0.000851140590385, -0.00136344414204, 0.00148896034807, -0.000910980568733, 0.00134804705158, -0.00147774652578, 0.00202163867652, -0.002227836987, 0.00269548478536, -0.00203240592964], [0.000147615253809, -0.00029194081435, 0.00123665272258, -0.000828660500702, 3.26358094753e-05, -0.000275872967904, -0.000100665893115, 0.000441290612798, -0.000129726206069, -0.000851940130815, 0.000883923494257, 0.00011911673937, -0.000263796857325], [-0.000318599748425, 0.000851140590385, -0.000828660500702, 0.00388803635724, -0.00123653502669, 0.000740548537578, -0.000242117719608, 0.000918584817555, -0.0014991533244, 0.00236761220731, -0.00214454042725, 0.000841448374558, -0.00160925742239], [0.000540146429557, -0.00136344414204, 3.26358094753e-05, -0.00123653502669, 0.0063695772551, -0.00238539790735, 0.000356660893885, -0.00125761551317, 0.00138246256392, -0.00208759028465, 0.00145521375816, -0.00202047266066, 7.01479439158e-05], [-0.000458208931377, 0.00148896034807, -0.000275872967904, 0.000740548537578, -0.00238539790735, 0.00972834229469, -0.00278722168878, 0.00110814918298, -0.00125643622596, -0.000458424212411, -0.00107572996058, 0.00122105842456, 0.000657037715428], [0.000463882053737, -0.000910980568733, -0.000100665893115, -0.000242117719608, 0.000356660893885, -0.00278722168878, 0.0115496190265, -0.00543616758659, 0.00187606294639, 0.000780484988354, -0.00139039196074, 0.000328708963934, -6.18505728198e-05], [-0.000450824474683, 0.00134804705158, 0.000441290612798, 0.000918584817555, -0.00125761551317, 0.00110814918298, -0.00543616758659, 0.0156267210841, -0.00503766676411, -0.0010912012076, 0.000483168143546, -0.000833545345813, 0.000567620620131], [0.000550944008864, -0.00147774652578, -0.000129726206069, -0.0014991533244, 0.00138246256392, -0.00125643622596, 0.00187606294639, -0.00503766676411, 0.0136684067547, -0.00430523045361, -0.00059404107742, -0.000572068209294, 0.000845738395583], [-0.00051269918913, 0.00202163867652, -0.000851940130815, 0.00236761220731, -0.00208759028465, -0.000458424212411, 0.000780484988354, -0.0010912012076, -0.00430523045361, 0.0188322234899, -0.00479677598923, 0.0023780327756, -0.00201194174588], [0.000646994099952, -0.002227836987, 0.000883923494257, -0.00214454042725, 0.00145521375816, -0.00107572996058, -0.00139039196074, 0.000483168143546, -0.00059404107742, -0.00479677598923, 0.0192683581263, -0.00938092172146, 0.00435582222417], [-0.000497707282193, 0.00269548478536, 0.00011911673937, 0.000841448374558, -0.00202047266066, 0.00122105842456, 0.000328708963934, -0.000833545345813, -0.000572068209294, 0.0023780327756, -0.00938092172146, 0.0199001953006, -0.00653423601761], [0.000394475471694, -0.00203240592964, -0.000263796857325, -0.00160925742239, 7.01479439158e-05, 0.000657037715428, -6.18505728198e-05, 0.000567620620131, 0.000845738395583, -0.00201194174588, 0.00435582222417, -0.00653423601761, 0.0208654366434]]
    },
    "melbands": {
        "dmean": [0.00150368944742, 0.00130763056222, 0.000977895921096, 0.000974794791546, 0.000287989678327, 0.000165784658748, 0.000160366893397, 0.000140216579894, 0.000100433011539, 7.24615674699e-05, 7.30286556063e-05, 4.77333378512e-05, 7.86317104939e-05, 5.54628240934e-05, 1.52148195411e-05, 1.70310067915e-05, 1.63821969181e-05, 1.10836426757e-05, 8.61200078361e-06, 5.31121577296e-06, 4.1809207687e-06, 2.65957419288e-06, 2.51323581324e-06, 1.87230591564e-06, 1.20410493309e-06, 1.47210414525e-06, 1.35607217544e-06, 7.32262776637e-07, 7.29565215352e-07, 8.26671453069e-07, 5.94971936607e-07, 4.79019831801e-07, 3.13824074283e-07, 2.95741870104e-07, 2.7974053296e-07, 3.10370666057e-07, 3.08040966956e-07, 2.47921008167e-07, 2.25786010333e-07, 1.94471539317e-07],
        "dmean2": [0.00257399003021, 0.00219378061593, 0.00166299531702, 0.00165869598277, 0.000442000513431, 0.000253885518759, 0.000249663862633, 0.000199762114789, 0.000136056041811, 9.80626355158e-05, 0.000100311168353, 6.934832345e-05, 0.000117023540952, 8.57288687257e-05, 2.30169880524e-05, 2.53633515968e-05, 2.46820400207e-05, 1.71396968653e-05, 1.39873509397e-05, 8.75969635672e-06, 6.93678612151e-06, 4.20631431552e-06, 3.99011742047e-06, 2.89027798317e-06, 1.93591199604e-06, 2.3218028673e-06, 2.15781756197e-06, 1.18224966172e-06, 1.12252143936e-06, 1.27317241549e-06, 8.94696825071e-07, 7.41546102745e-07, 4.81876952563e-07, 4.53247849919e-07, 4.32235850667e-07, 4.8579391887e-07, 4.73757523878e-07, 3.78371169063e-07, 3.4391752024e-07, 3.00708506984e-07],
        "dvar": [2.3815793611e-05, 6.84629230818e-06, 2.76517926068e-06, 2.4073460736e-06, 2.14382495756e-07, 1.00963561067e-07, 1.82993730391e-07, 1.51557941308e-07, 5.56844668154e-08, 5.08420541223e-08, 3.84087002203e-08, 2.28526317869e-08, 9.30595476234e-08, 6.73191777878e-08, 2.6427404709e-09, 3.15948800456e-09, 2.61892862952e-09, 9.30720278625e-10, 4.37071823178e-10, 2.22438054087e-10, 9.92201668049e-11, 6.59418214477e-11, 6.43113340359e-11, 4.39547634401e-11, 1.46036932547e-11, 3.94449195529e-11, 4.71405067759e-11, 1.20890051442e-11, 1.8177613928e-11, 1.34487863554e-11, 8.17262924002e-12, 4.72059977913e-12, 2.1165562792e-12, 2.97643572116e-12, 2.80433358826e-12, 5.48677509676e-12, 7.33870603176e-12, 2.90233028583e-12, 1.65647248522e-12, 1.16401560699e-12],
        "dvar2": [6.45496984362e-05, 1.87188197742e-05, 7.48153615859e-06, 6.76002628097e-06, 4.75879573969e-07, 2.38650557094e-07, 4.03200829169e-07, 2.98784982533e-07, 1.13045445005e-07, 1.01829634502e-07, 7.40747836403e-08, 4.22283399359e-08, 1.77577504701e-07, 1.44500845067e-07, 5.3651940668e-09, 6.55613829892e-09, 4.86789408782e-09, 1.86183735096e-09, 1.0573890652e-09, 5.30057109316e-10, 2.55237608826e-10, 1.46432796444e-10, 1.43897171956e-10, 9.61320953397e-11, 3.76412824521e-11, 9.1643991007e-11, 1.2043367692e-10, 2.8714607081e-11, 4.1324530603e-11, 3.05121726496e-11, 1.69289686436e-11, 1.02870602661e-11, 4.50586920206e-12, 6.75172895023e-12, 5.98537235399e-12, 1.25967300826e-11, 1.65176726463e-11, 6.35983063088e-12, 3.63492981374e-12, 2.68755417226e-12],
        "max": [0.0549703203142, 0.0599110387266, 0.0439619012177, 0.0354123897851, 0.0111916540191, 0.0177533682436, 0.0245700124651, 0.0224670674652, 0.00991370901465, 0.013118872419, 0.00729719176888, 0.0112814595923, 0.0152590693906, 0.0194592215121, 0.00309234973975, 0.00346545292996, 0.00282939709723, 0.00167415163014, 0.00116305076517, 0.00065015378641, 0.00034245455754, 0.000466989353299, 0.000395507115172, 0.000357276701834, 0.00028544315137, 0.000568287388887, 0.000543916481547, 0.000215848252992, 0.000211644830415, 0.000164137294632, 0.000133790934342, 0.000111006636871, 5.55450460524e-05, 0.000113702546514, 0.000102963989775, 0.000108990352601, 0.000186366843991, 9.4920527772e-05, 6.04793458479e-05, 4.7208275646e-05],
        "mean": [0.00166382174939, 0.00194727547932, 0.00182930752635, 0.00173567456659, 0.000712494773325, 0.000412162014982, 0.000368391600205, 0.000341826758813, 0.000253864040133, 0.00019723729929, 0.000195148109924, 0.000124172045616, 0.000171447827597, 0.000106437320937, 3.09190254484e-05, 3.32870513375e-05, 3.19447281072e-05, 2.16944499698e-05, 1.62707037816e-05, 1.04257705971e-05, 7.25242216504e-06, 6.13146494288e-06, 5.42652333024e-06, 4.32069873568e-06, 2.58094451056e-06, 3.08300991492e-06, 2.8278307127e-06, 1.45778608385e-06, 1.25313147237e-06, 1.36938342621e-06, 1.0365209846e-06, 8.15627856809e-07, 5.96321342528e-07, 5.39735765415e-07, 4.87320960474e-07, 4.65733961619e-07, 4.63261073946e-07, 3.75036933065e-07, 3.17218592727e-07, 2.53163847219e-07],
        "median": [0.000565872818697, 0.000910626084078, 0.00116859329864, 0.00108937756158, 0.000369358400349, 0.000218946661334, 0.000119951640954, 0.000102008940303, 0.000107669970021, 4.82956529595e-05, 4.05568534916e-05, 4.39859359176e-05, 4.38492133981e-05, 1.71856372617e-05, 1.05948274722e-05, 8.44731039251e-06, 1.0474624105e-05, 8.46523835207e-06, 6.6400475589e-06, 3.75554282073e-06, 1.7515435502e-06, 1.84156226624e-06, 1.66559584613e-06, 9.13516601031e-07, 9.28550036861e-07, 8.05556055639e-07, 7.1419606229e-07, 5.42791326552e-07, 2.85944310008e-07, 2.91052259627e-07, 2.20179003918e-07, 1.69547405449e-07, 1.0665898742e-07, 9.04551313852e-08, 8.04886184369e-08, 5.69698102026e-08, 6.67605775106e-08, 5.3363478969e-08, 5.47639587012e-08, 4.68862459968e-08],
        "min": [5.19375518287e-25, 3.67199122074e-25, 5.23146717148e-25, 7.57613631727e-25, 1.38431638788e-24, 6.656819512e-25, 9.61318619484e-25, 8.70676332107e-25, 9.50990063652e-25, 9.60651736197e-25, 1.6887817902e-24, 1.96572225781e-24, 1.31318420841e-24, 1.80746196908e-24, 1.54881498865e-24, 2.68650190312e-24, 2.53789648301e-24, 2.04277838825e-24, 1.59510495213e-24, 2.35474428006e-24, 2.77607942549e-24, 1.93470148601e-24, 3.47527070883e-24, 2.48822013687e-24, 3.32174102173e-24, 3.87476880389e-24, 3.42929826185e-24, 3.72968387279e-24, 3.19342352638e-24, 3.22432774399e-24, 3.87081779405e-24, 4.30621616005e-24, 5.31250566898e-24, 4.46510300155e-24, 4.04294448255e-24, 4.85283918052e-24, 4.78269761313e-24, 5.13951991095e-24, 5.13904856656e-24, 5.04078962993e-24],
        "var": [1.92341994989e-05, 9.92728200799e-06, 5.0613402891e-06, 4.46612966698e-06, 1.04258185729e-06, 3.20730208614e-07, 5.06645903897e-07, 6.77987998188e-07, 2.07346218417e-07, 2.40661051976e-07, 2.00209385071e-07, 9.96120164132e-08, 3.11298350653e-07, 3.3844392533e-07, 9.30766397289e-09, 1.13157696546e-08, 7.8198247877e-09, 2.81632983601e-09, 1.58452673205e-09, 8.17859835411e-10, 2.2009256917e-10, 4.14107109714e-10, 2.73230965631e-10, 1.95636243316e-10, 3.00592641056e-11, 8.03626470924e-11, 7.68754365721e-11, 1.89835161479e-11, 2.60616250802e-11, 2.00928804844e-11, 1.27321885673e-11, 6.9413559102e-12, 4.00504282516e-12, 4.26862755212e-12, 4.33547035078e-12, 6.31755845554e-12, 8.52254725126e-12, 4.11553083279e-12, 2.3430582561e-12, 1.55360858727e-12]
    },
    "mfcc": {
        "mean": [-718.407714844, 156.764282227, 19.3947792053, 17.8027801514, 5.80172252655, 6.80898237228, 4.59620046616, 0.164245918393, 0.580379724503, 0.0250120740384, -4.51729917526, -5.42455768585, -3.5153067112],
        "cov": [[20500.234375, 3470.15625, -1002.62329102, -325.985809326, -699.545837402, -257.121002197, -195.567169189, -26.7382907867, -198.005859375, -61.4249458313, -87.6482315063, -147.740921021, -146.078536987], [3470.15625, 2478.50097656, 49.11926651, 2.24609160423, 10.3469839096, -11.3655290604, 20.8927249908, -67.4417495728, 15.7728176117, -3.28650522232, -60.474521637, -92.1217498779, -49.7055015564], [-1002.62329102, 49.11926651, 593.276672363, 218.17779541, 161.365844727, 111.48538208, 65.9908599854, 5.22091579437, 42.7632331848, 19.6571178436, -14.8508434296, -5.88316822052, -9.52286815643], [-325.985809326, 2.24609160423, 218.17779541, 330.128295898, 150.822875977, 72.1014709473, 40.1396026611, 27.2874794006, 24.328666687, -13.4971733093, -20.9122638702, 11.4001703262, 22.9688053131], [-699.545837402, 10.3469839096, 161.365844727, 150.822875977, 236.760650635, 93.1572189331, 31.6473388672, 5.80653333664, 34.1251525879, 2.39591360092, -2.4465816021, 9.39707756042, 25.3311748505], [-257.121002197, -11.3655290604, 111.48538208, 72.1014709473, 93.1572189331, 128.764083862, 46.4384994507, 9.96427440643, 17.4497756958, 6.23539304733, 2.70117783546, 2.83689665794, 2.8156247139], [-195.567169189, 20.8927249908, 65.9908599854, 40.1396026611, 31.6473388672, 46.4384994507, 120.889373779, 24.9515991211, 16.3664245605, 4.69587516785, 4.18121337891, 1.20292365551, -1.93148362637], [-26.7382907867, -67.4417495728, 5.22091579437, 27.2874794006, 5.80653333664, 9.96427440643, 24.9515991211, 93.7058258057, 8.23954391479, 5.44175291061, 8.16183280945, 10.5335292816, 11.1987199783], [-198.005859375, 15.7728176117, 42.7632331848, 24.328666687, 34.1251525879, 17.4497756958, 16.3664245605, 8.23954391479, 90.5916824341, 18.7641544342, 0.325435400009, 1.21530473232, 2.55680346489], [-61.4249458313, -3.28650522232, 19.6571178436, -13.4971733093, 2.39591360092, 6.23539304733, 4.69587516785, 5.44175291061, 18.7641544342, 88.8006515503, 31.4036273956, -12.2803583145, -11.620221138], [-87.6482315063, -60.474521637, -14.8508434296, -20.9122638702, -2.4465816021, 2.70117783546, 4.18121337891, 8.16183280945, 0.325435400009, 31.4036273956, 87.2619552612, 16.0958156586, -22.2326831818], [-147.740921021, -92.1217498779, -5.88316822052, 11.4001703262, 9.39707756042, 2.83689665794, 1.20292365551, 10.5335292816, 1.21530473232, -12.2803583145, 16.0958156586, 79.9840240479, 38.550693512], [-146.078536987, -49.7055015564, -9.52286815643, 22.9688053131, 25.3311748505, 2.8156247139, -1.93148362637, 11.1987199783, 2.55680346489, -11.620221138, -22.2326831818, 38.550693512, 96.2208633423]],
