{
"lowlevel": {
    "average_loudness": 0.530620038509,
    "barkbands_crest": {
        "dmean": 1.94115626812,
        "dmean2": 3.01535964012,
        "dvar": 4.19994735718,
        "dvar2": 10.7055797577,
        "max": 26.6999549866,
        "mean": 14.8235588074,
        "median": 14.2387104034,
        "min": 3.59145832062,
        "var": 29.925567627
    },
    "barkbands_flatness_db": {
        "dmean": 0.0179762132466,
        "dmean2": 0.0268784929067,
        "dvar": 0.000372174632503,
        "dvar2": 0.000848826835863,
        "max": 0.665017426014,
        "mean": 0.291184455156,
        "median": 0.277544438839,
        "min": 0.0491199940443,
        "var": 0.00923714693636
    },
    "barkbands_kurtosis": {
        "dmean": 4.20462322235,
        "dmean2": 6.35098457336,
        "dvar": 129.472824097,
        "dvar2": 294.75213623,
        "max": 615.30090332,
        "mean": 10.2752523422,
        "median": 4.07097005844,
        "min": -1.85035705566,
        "var": 627.958007812
    },
    "barkbands_skewness": {
        "dmean": 0.499460607767,
        "dmean2": 0.755567789078,
        "dvar": 0.32260492444,
        "dvar2": 0.754250407219,
        "max": 16.6194534302,
        "mean": 1.84371829033,
        "median": 1.50119936466,
        "min": -3.21916246414,
        "var": 2.94936203957
    },
    "barkbands_spread": {
        "dmean": 1.56173920631,
        "dmean2": 2.35337638855,
        "dvar": 4.19416666031,
        "dvar2": 9.74143409729,
        "max": 50.6046104431,
        "mean": 8.41007232666,
        "median": 5.93420600891,
        "min": 0.0671977698803,
        "var": 56.4239425659
    },
    "dissonance": {
        "dmean": 0.0348673611879,
        "dmean2": 0.0590055584908,
        "dvar": 0.00121092109475,
        "dvar2": 0.00334026617929,
        "max": 0.499999821186,
        "mean": 0.403189778328,
        "median": 0.417927920818,
        "min": 0.112643487751,
        "var": 0.00388889154419
    },
    "dynamic_complexity": 4.05553722382,
    "erbbands_crest": {
        "dmean": 2.6929359436,
        "dmean2": 4.26752567291,
        "dvar": 7.26611375809,
        "dvar2": 20.0333919525,
        "max": 32.0003929138,
        "mean": 14.9185209274,
        "median": 14.4896316528,
        "min": 3.32981729507,
        "var": 31.7405796051
    },
    "erbbands_flatness_db": {
        "dmean": 0.0159824248403,
        "dmean2": 0.0240722503513,
        "dvar": 0.000303873413941,
        "dvar2": 0.00072226341581,
        "max": 0.560339868069,
        "mean": 0.292889356613,
        "median": 0.281509011984,
        "min": 0.0585183873773,
        "var": 0.00583364721388
    },
    "erbbands_kurtosis": {
        "dmean": 1.95406401157,
        "dmean2": 2.96147608757,
        "dvar": 11.9258460999,
        "dvar2": 25.6581726074,
        "max": 108.117385864,
        "mean": 3.00773596764,
        "median": 0.713322401047,
        "min": -1.69144690037,
        "var": 44.2976951599
    },
    "erbbands_skewness": {
        "dmean": 0.404318839312,
        "dmean2": 0.606772303581,
        "dvar": 0.173928156495,
        "dvar2": 0.401240736246,
        "max": 7.0053858757,
        "mean": 1.00127637386,
        "median": 0.819828987122,
        "min": -2.65222668648,
        "var": 1.43300712109
    },
    "erbbands_spread": {
        "dmean": 3.23715257645,
        "dmean2": 4.97124433517,
        "dvar": 11.5225696564,
        "dvar2": 27.3605155945,
        "max": 72.4175491333,
        "mean": 17.6794700623,
        "median": 16.6342277527,
        "min": 0.864141464233,
        "var": 112.533828735
    },
    "hfc": {
        "dmean": 2.07101416588,
        "dmean2": 2.90187096596,
        "dvar": 12.8865852356,
        "dvar2": 26.4162216187,
        "max": 185.076400757,
        "mean": 10.0092496872,
        "median": 6.22390079498,
        "min": 1.22142375987e-16,
        "var": 170.614639282
    },
    "melbands_crest": {
        "dmean": 2.20237207413,
        "dmean2": 3.40659618378,
        "dvar": 5.75695896149,
        "dvar2": 14.675743103,
        "max": 33.1579284668,
        "mean": 17.981546402,
        "median": 17.8440551758,
        "min": 1.62432682514,
        "var": 29.9886131287
    },
    "melbands_flatness_db": {
        "dmean": 0.0188123025,
        "dmean2": 0.0272787958384,
        "dvar": 0.000437073613284,
        "dvar2": 0.000943037797697,
        "max": 0.780755996704,
        "mean": 0.389369934797,
        "median": 0.377253860235,
        "min": 0.00623260205612,
        "var": 0.0132603468373
    },
    "melbands_kurtosis": {
        "dmean": 4.54278850555,
        "dmean2": 6.73569393158,
        "dvar": 49.7395362854,
        "dvar2": 106.266090393,
        "max": 249.741210938,
        "mean": 12.8881969452,
        "median": 7.20693826675,
        "min": -1.67936432362,
        "var": 380.602874756
    },
    "melbands_skewness": {
        "dmean": 0.509392857552,
        "dmean2": 0.751655519009,
        "dvar": 0.271173864603,
        "dvar2": 0.618055105209,
        "max": 12.8952236176,
        "mean": 2.25198340416,
        "median": 1.99437260628,
        "min": -3.023676157,
        "var": 2.58710002899
    },
    "melbands_spread": {
        "dmean": 2.08234810829,
        "dmean2": 3.12492704391,
        "dvar": 12.1696720123,
        "dvar2": 25.4797859192,
        "max": 137.160903931,
        "mean": 10.2543983459,
        "median": 6.65407466888,
        "min": 0.331678390503,
        "var": 110.089553833
    },
    "pitch_salience": {
        "dmean": 0.0540349408984,
        "dmean2": 0.0838115140796,
        "dvar": 0.00296869245358,
        "dvar2": 0.00747952470556,
        "max": 0.921096801758,
        "mean": 0.42483869195,
        "median": 0.431807219982,
        "min": 0.0655944794416,
        "var": 0.0162705909461
    },
    "silence_rate_20dB": {
        "dmean": 0,
        "dmean2": 0,
        "dvar": 0,
        "dvar2": 0,
        "max": 1,
        "mean": 1,
        "median": 1,
        "min": 1,
        "var": 0
    },
    "silence_rate_30dB": {
        "dmean": 0.00717184087262,
        "dmean2": 0.0143450358883,
        "dvar": 0.00712068891153,
        "dvar2": 0.0148926023394,
        "max": 1,
        "mean": 0.986223816872,
        "median": 1,
        "min": 0,
        "var": 0.0135854305699
    },
    "silence_rate_60dB": {
        "dmean": 0.0181183349341,
        "dmean2": 0.0362400896847,
        "dvar": 0.0177931524813,
        "dvar2": 0.0407769866288,
        "max": 1,
        "mean": 0.0866201147437,
        "median": 0,
        "min": 0,
        "var": 0.0791214853525
    },
    "spectral_centroid": {
        "dmean": 73.3596878052,
        "dmean2": 108.705986023,
        "dvar": 21370.0175781,
        "dvar2": 36171.1132812,
        "max": 10894.8925781,
        "mean": 669.455505371,
        "median": 508.119262695,
        "min": 144.552337646,
        "var": 198476.734375
    },
    "spectral_complexity": {
        "dmean": 1.29715955257,
        "dmean2": 2.1659116745,
        "dvar": 1.51125860214,
        "dvar2": 3.7544002533,
        "max": 26,
        "mean": 9.15436840057,
        "median": 9,
        "min": 0,
        "var": 21.2117271423
    },
    "spectral_decrease": {
        "dmean": 1.13502418575e-09,
        "dmean2": 1.58377999604e-09,
        "dvar": 2.84587498602e-18,
        "dvar2": 5.53865621146e-18,
        "max": 1.21695083547e-28,
        "mean": -5.99215699282e-09,
        "median": -4.06828792876e-09,
        "min": -4.54708697362e-08,
        "var": 3.45837232704e-17
    },
    "spectral_energy": {
        "dmean": 0.00445443857461,
        "dmean2": 0.00621812418103,
        "dvar": 4.38300412497e-05,
        "dvar2": 8.52667872095e-05,
        "max": 0.177709415555,
        "mean": 0.0235236529261,
        "median": 0.0160940792412,
        "min": 1.06193608598e-20,
        "var": 0.00052988959942
    },
    "spectral_energyband_high": {
        "dmean": 6.85287568558e-06,
        "dmean2": 1.08384674604e-05,
        "dvar": 4.19307061295e-10,
        "dvar2": 1.11467679531e-09,
        "max": 0.000835882674437,
        "mean": 2.34909894061e-05,
        "median": 4.00624503527e-06,
        "min": 8.18371381367e-21,
        "var": 2.5171049689e-09
    },
    "spectral_energyband_low": {
        "dmean": 0.000832211459056,
        "dmean2": 0.00103999557905,
        "dvar": 2.3106485969e-06,
        "dvar2": 5.25521818417e-06,
        "max": 0.0890488773584,
        "mean": 0.00731662102044,
        "median": 0.0015955142444,
        "min": 6.06035196025e-23,
        "var": 0.000199948641239
    },
    "spectral_energyband_middle_high": {
        "dmean": 0.000644896703307,
        "dmean2": 0.000933472299948,
        "dvar": 2.52293580161e-06,
        "dvar2": 5.51261200599e-06,
        "max": 0.0991063937545,
        "mean": 0.00269760028459,
        "median": 0.0008808496641,
        "min": 1.1953684775e-21,
        "var": 3.60322992492e-05
    },
    "spectral_energyband_middle_low": {
        "dmean": 0.0039825765416,
        "dmean2": 0.00561623182148,
        "dvar": 4.14252281189e-05,
        "dvar2": 8.12700673123e-05,
        "max": 0.146891012788,
        "mean": 0.0138625921682,
        "median": 0.00831248983741,
        "min": 2.20192358959e-22,
        "var": 0.000258157902863
    },
    "spectral_entropy": {
        "dmean": 0.150607734919,
        "dmean2": 0.226223632693,
        "dvar": 0.0265662204474,
        "dvar2": 0.0614872574806,
        "max": 9.78844165802,
        "mean": 6.01117086411,
        "median": 6.1402463913,
        "min": 3.5267663002,
        "var": 0.609926104546
    },
    "spectral_flux": {
        "dmean": 0.0121652577072,
        "dmean2": 0.020178636536,
        "dvar": 0.000230409365031,
        "dvar2": 0.000618423975538,
        "max": 0.191123083234,
        "mean": 0.0391863808036,
        "median": 0.0331611633301,
        "min": 1.03050283584e-10,
        "var": 0.000654716684949
    },
    "spectral_kurtosis": {
        "dmean": 13.6999139786,
        "dmean2": 22.9317703247,
        "dvar": 447.361053467,
        "dvar2": 1170.9407959,
        "max": 569.046508789,
        "mean": 44.0975074768,
        "median": 20.0180225372,
        "min": -1.21328365803,
        "var": 3118.49169922
    },
    "spectral_rms": {
        "dmean": 0.000450119463494,
        "dmean2": 0.000632292067166,
        "dvar": 2.77055903553e-07,
        "dvar2": 5.78563060571e-07,
        "max": 0.0131671959534,
        "mean": 0.00429270695895,
        "median": 0.00396251678467,
        "min": 3.21875013622e-12,
        "var": 4.52244421467e-06
    },
    "spectral_rolloff": {
        "dmean": 107.733306885,
        "dmean2": 185.536834717,
        "dvar": 106927.070312,
        "dvar2": 173700.234375,
        "max": 18540.0878906,
        "mean": 672.90057373,
        "median": 430.6640625,
        "min": 64.599609375,
        "var": 359477.78125
    },
    "spectral_skewness": {
        "dmean": 0.764977633953,
        "dmean2": 1.27594983578,
        "dvar": 0.726691842079,
        "dvar2": 1.87034595013,
        "max": 20.637008667,
        "mean": 4.16211366653,
        "median": 3.03461694717,
        "min": 0.0257410947233,
        "var": 8.19803524017
    },
    "spectral_spread": {
        "dmean": 232488.53125,
        "dmean2": 387959.15625,
        "dvar": 165461000192,
        "dvar2": 234443210752,
        "max": 41749352,
        "mean": 1893556.125,
        "median": 1964063.625,
        "min": 176550.828125,
        "var": 679824850944
    },
    "spectral_strongpeak": {
        "dmean": 0.330862104893,
        "dmean2": 0.519847512245,
        "dvar": 0.483648002148,
        "dvar2": 1.11277937889,
        "max": 20.7113361359,
        "mean": 1.16798317432,
        "median": 0.576143860817,
        "min": 0,
        "var": 2.19451975822
    },
    "zerocrossingrate": {
        "dmean": 0.00267879664898,
        "dmean2": 0.00335451425053,
        "dvar": 4.66670899186e-05,
        "dvar2": 5.06445539941e-05,
        "max": 0.5048828125,
        "mean": 0.0247856415808,
        "median": 0.01953125,
        "min": 0.0029296875,
        "var": 0.000291120872134
    },
    "barkbands": {
        "dmean": [6.50074653095e-05, 0.000669200497214, 0.000189862956177, 0.00016598579532, 0.00111211813055, 0.00190325221047, 0.00081518094521, 0.000620759790763, 0.000173356180312, 0.000298591388855, 0.000191519749933, 0.000129169071442, 0.000103195343399, 0.000134669448016, 9.86266386462e-05, 0.000104396196548, 0.000104015183751, 3.40830883943e-05, 4.07564439229e-05, 9.8084583442e-06, 2.99470843856e-06, 1.08738322524e-06, 2.7579457651e-07, 1.61434641655e-07, 9.07707899955e-08, 5.14099198767e-08, 5.11907849443e-08],
        "dmean2": [0.00011441323295, 0.000789397861809, 0.000288126000669, 0.000249941746006, 0.00156627199613, 0.00281481142156, 0.00112380657811, 0.000795879925136, 0.000244428694714, 0.000441927521024, 0.000297000282444, 0.000181697003427, 0.000161891512107, 0.000216816901229, 0.000144004719914, 0.00015827207244, 0.000169170278241, 5.58596257179e-05, 6.08346344961e-05, 1.57171452884e-05, 4.9328446039e-06, 1.79751339147e-06, 4.61379329408e-07, 2.66541377414e-07, 1.4155335748e-07, 7.86981573242e-08, 7.97660391072e-08],
        "dvar": [2.98264595244e-08, 1.86099805433e-06, 2.41006233637e-07, 1.53258568503e-07, 1.56950882229e-05, 1.41079462992e-05, 5.211475127e-06, 5.12878705194e-06, 4.30046213751e-07, 2.62867683887e-06, 3.20445565194e-07, 1.99007928359e-07, 1.17859734416e-07, 2.3714564179e-07, 1.84035286566e-07, 3.59538859129e-07, 2.81895125909e-07, 9.73627933831e-09, 3.23614770537e-08, 1.02586894535e-09, 7.72796063253e-11, 2.7428639221e-11, 9.81869642015e-13, 5.56842495291e-13, 1.06731701114e-13, 3.61388402656e-14, 4.47621709935e-14],
        "dvar2": [8.47198577958e-08, 4.01991928811e-06, 6.40025348275e-07, 3.89297412084e-07, 2.79122032225e-05, 3.39676225849e-05, 1.04234277387e-05, 8.04319097369e-06, 7.58686780955e-07, 5.61542174182e-06, 7.81014591666e-07, 3.63320168617e-07, 3.15496066605e-07, 6.43247574317e-07, 2.50476290375e-07, 8.04381897979e-07, 7.6996224152e-07, 2.6348363491e-08, 8.1120923312e-08, 2.66268385118e-09, 2.22012672135e-10, 8.13978537351e-11, 2.72382919171e-12, 1.794811153e-12, 2.40656398889e-13, 9.85568438384e-14, 1.13914167812e-13],
        "max": [0.00742986705154, 0.0872046202421, 0.0249417629093, 0.0152954524383, 0.136721745133, 0.0713785067201, 0.0674921870232, 0.0915036126971, 0.0361878052354, 0.0668772161007, 0.0344190225005, 0.0500562377274, 0.0115716857836, 0.0314950458705, 0.0549301318824, 0.0608132071793, 0.037425916642, 0.00374880433083, 0.0124353263527, 0.00174449873157, 0.000267196126515, 0.000254156882875, 3.57979151886e-05, 3.38632162311e-05, 1.97959816433e-05, 9.46839281823e-06, 1.53222681547e-05],
        "mean": [7.15979040251e-05, 0.00646610744298, 0.000617215875536, 0.000507988443132, 0.00304407021031, 0.00586961628869, 0.00214144238271, 0.00145900913049, 0.000407360610552, 0.000583694665693, 0.000376484385924, 0.000484092655824, 0.000188997582882, 0.000309115508571, 0.00023600422719, 0.000293579039862, 0.000243257920374, 6.89238149789e-05, 0.000118473639304, 2.36407158809e-05, 7.89272144175e-06, 2.97120755022e-06, 7.79309175414e-07, 5.00623343669e-07, 3.64365178029e-07, 2.43295517066e-07, 2.07773453553e-07],
        "median": [2.38531156356e-05, 0.000890572031494, 0.000149278494064, 0.000105638311652, 0.000755117158405, 0.00178156350739, 0.000294437864795, 0.000129919091705, 6.13497031736e-05, 0.000102947706182, 6.68968277751e-05, 4.19581192546e-05, 3.49082110915e-05, 3.19575192407e-05, 3.57404351234e-05, 2.16008120333e-05, 2.10643047467e-05, 1.00059896795e-05, 7.73359352024e-06, 2.64309983322e-06, 1.35298387249e-06, 3.39200312283e-07, 1.24394318846e-07, 7.25004838387e-08, 6.9038918582e-08, 6.20678406449e-08, 4.81632689286e-08],
        "min": [2.62184343178e-23, 2.69637264352e-23, 1.1610273365e-23, 1.18349788162e-23, 5.28204916938e-23, 1.32758427259e-23, 3.2545176086e-23, 5.03795288611e-23, 4.54499686188e-23, 3.79331213122e-23, 2.38582887071e-23, 8.17102882934e-23, 1.05687772306e-22, 4.99746475792e-23, 9.00850123681e-23, 1.16838996466e-22, 1.03302010804e-22, 1.66396197787e-22, 3.15122971525e-22, 3.55907787145e-22, 4.34963716264e-22, 4.13712005426e-22, 5.91654362697e-22, 1.08156954902e-21, 1.23233442379e-21, 2.06253709305e-21, 2.28699727786e-21],
        "var": [3.69386974342e-08, 0.000196499968297, 2.23198003368e-06, 1.16518924642e-06, 8.49490461405e-05, 8.53246747283e-05, 2.13369912672e-05, 2.85416790575e-05, 1.9251269805e-06, 5.52858182346e-06, 2.08839446714e-06, 6.30043132333e-06, 2.80854720813e-07, 2.36417145061e-06, 2.897344757e-06, 3.03292404169e-06, 1.56519809025e-06, 2.71192064361e-08, 2.35920325053e-07, 4.59007143405e-09, 2.73715328181e-10, 9.73048100428e-11, 3.08273198635e-12, 2.17400728496e-12, 7.13201091067e-13, 3.28538682804e-13, 4.58771150409e-13]
    },
    "erbbands": {
        "dmean": [0.0143730770797, 0.167681053281, 0.261268496513, 0.334846287966, 1.18599581718, 4.18398618698, 8.99918651581, 18.0647583008, 15.09171772, 15.2479419708, 6.54454231262, 4.93278932571, 10.7021360397, 4.00438451767, 8.14070510864, 6.72628164291, 4.79188108444, 7.53266859055, 4.73959875107, 5.79790210724, 5.37149906158, 3.69944477081, 1.82820606232, 2.75215148926, 1.03328156471, 0.495627641678, 0.196605294943, 0.0583944246173, 0.0397953242064, 0.0210475102067, 0.00859946291894, 0.00485635641962, 0.00202825479209, 0.0011697220616, 0.000620031147264, 0.00025800531148, 0.00010669681069, 3.56418568117e-05, 1.02591475297e-05, 5.28105601916e-06],
        "dmean2": [0.0160718224943, 0.203211680055, 0.388853341341, 0.503823578358, 1.77681970596, 5.97485208511, 13.1886224747, 27.3980178833, 19.8594684601, 20.9251766205, 8.32472896576, 6.76616859436, 16.0882415771, 5.81339788437, 12.5799121857, 9.45526504517, 7.4571146965, 12.0408287048, 6.63632154465, 9.10500240326, 8.38847637177, 5.87850141525, 2.93214941025, 4.36017179489, 1.45427310467, 0.800741612911, 0.318426370621, 0.0953252986073, 0.0658327266574, 0.0348695516586, 0.0143105005845, 0.00799901783466, 0.00327375112101, 0.00190167303663, 0.000976441195235, 0.000404004589655, 0.000166284138686, 5.71133205085e-05, 1.60956442414e-05, 7.4903150562e-06],
        "dvar": [0.00095573393628, 0.116838380694, 0.337606489658, 0.537213802338, 5.33861160278, 290.141937256, 622.555908203, 1449.76733398, 1584.18103027, 2782.07666016, 347.839630127, 347.471832275, 4115.09179688, 122.798583984, 649.847229004, 516.90802002, 257.483856201, 657.053222656, 703.955749512, 392.145965576, 583.502746582, 264.226196289, 31.7919864655, 168.401245117, 13.5724067688, 2.75432157516, 0.280111789703, 0.0247309599072, 0.0297960657626, 0.0085955215618, 0.0014949493343, 0.0006673996686, 3.74812298105e-05, 1.34496149258e-05, 3.40701467394e-06, 7.70450810705e-07, 1.74908990402e-07, 2.47995810554e-08, 1.64443114681e-09, 6.67612701233e-11],
        "dvar2": [0.00143463304266, 0.272927701473, 0.844571053982, 1.46726715565, 13.995675087, 552.414611816, 1357.9161377, 3662.84741211, 2849.23095703, 5547.65527344, 576.070800781, 602.737731934, 8895.60742188, 255.676055908, 1582.03430176, 937.537658691, 689.196044922, 1767.45568848, 922.078918457, 932.332946777, 1424.41125488, 695.8671875, 84.3922348022, 453.059844971, 23.1453475952, 7.51538896561, 0.788614392281, 0.0646504759789, 0.0889012217522, 0.0232005938888, 0.00420320034027, 0.00189100857824, 0.000100559482235, 3.40035549016e-05, 8.05420586403e-06, 1.94513881979e-06, 4.70284248877e-07, 6.89362025241e-08, 4.2946903811e-09, 1.39397077215e-10],
        "max": [2.25132036209, 20.325422287, 29.4677047729, 19.7694625854, 64.3553543091, 565.99420166, 642.103149414, 887.158996582, 1031.8848877, 1711.13049316, 722.863586426, 1073.22192383, 2608.81811523, 603.25189209, 1666.84375, 2575.62524414, 524.494262695, 1682.83154297, 3534.73461914, 1684.00927734, 1741.5715332, 1127.96130371, 239.615997314, 938.969055176, 327.441864014, 61.9226455688, 14.0941944122, 7.02900934219, 8.46928024292, 3.44384407997, 1.76239454746, 1.27143669128, 0.29227694869, 0.159926369786, 0.114816777408, 0.0400291644037, 0.0204556435347, 0.0102607645094, 0.0026710240636, 0.000303395761875],
        "mean": [0.161276087165, 1.53111076355, 1.22550153732, 1.11879861355, 3.4928355217, 10.931883812, 22.6764144897, 54.6084632874, 48.7464103699, 32.8699493408, 17.6661586761, 12.4993839264, 20.7101745605, 8.76481056213, 17.4656181335, 25.7006149292, 10.2743930817, 17.9607963562, 13.42436409, 14.0894813538, 14.0025339127, 9.73618221283, 4.6893696785, 7.21325349808, 3.35036611557, 1.28180766106, 0.543220221996, 0.190602377057, 0.108586266637, 0.055415302515, 0.0242838002741, 0.0128942020237, 0.00670148525387, 0.00422494439408, 0.00260180886835, 0.00112181622535, 0.000448042497737, 0.000152519307449, 4.73221407447e-05, 2.88035134872e-05],
        "median": [0.0110350828618, 0.240441188216, 0.406717658043, 0.391715764999, 1.35573673248, 2.0618224144, 5.87771701813, 13.6319522858, 9.1257724762, 3.7451839447, 3.08971238136, 2.63860750198, 4.1009516716, 2.30185818672, 4.00461816788, 2.9102396965, 2.59616041183, 3.05382633209, 1.96025824547, 2.52906179428, 1.45061397552, 1.20011782646, 0.766161799431, 0.464366912842, 0.298809856176, 0.138365671039, 0.0972528830171, 0.0310414098203, 0.0136460391805, 0.00722014345229, 0.00340526830405, 0.00197421712801, 0.00101873115636, 0.000756549066864, 0.000513288308866, 0.000254264974501, 0.000120954908198, 4.55576882814e-05, 2.0785642846e-05, 1.97272638616e-05],
        "min": [1.7393413103e-21, 2.65428404909e-21, 1.01260098245e-20, 2.39138593636e-20, 5.52628381254e-20, 2.03193737998e-19, 2.42904456159e-19, 1.20539007759e-19, 1.5924022953e-19, 1.01428152588e-18, 1.33783632441e-18, 8.33751011556e-19, 1.25911923238e-18, 7.43373826515e-19, 1.32515409466e-18, 3.92214635759e-18, 5.00361097584e-18, 2.5524593403e-18, 3.70215601932e-18, 7.18967025021e-18, 5.4761192892e-18, 5.61262435619e-18, 7.62146680177e-18, 1.60001363906e-17, 1.26385198762e-17, 1.76407151324e-17, 1.97456300566e-17, 1.55484428366e-17, 1.1743696569e-17, 2.02613027223e-17, 1.66427895521e-17, 2.08160199672e-17, 1.74817459079e-17, 1.10181011803e-17, 9.59093255506e-18, 6.25110356433e-18, 4.57137767292e-18, 1.28526517077e-18, 3.75282279639e-19, 3.15789640527e-20],
        "var": [0.153341695666, 10.2262458801, 4.51256370544, 3.50298118591, 31.4988479614, 1401.42858887, 2546.17333984, 8829.91015625, 11441.3017578, 11258.9082031, 2314.21655273, 1567.08520508, 7965.76953125, 577.616699219, 4457.73974609, 16672.5957031, 644.694519043, 6632.3359375, 12110.0878906, 2497.35131836, 3742.66088867, 1907.30212402, 160.087615967, 1108.88195801, 139.109603882, 11.6959638596, 1.13820934296, 0.152788877487, 0.0948011875153, 0.0321238897741, 0.00451839854941, 0.0016726157628, 0.000261754175881, 8.84097244125e-05, 3.71960995835e-05, 6.47874048809e-06, 1.24106372823e-06, 1.97065034513e-07, 1.34801867446e-08, 8.31127555667e-10]
    },
    "gfcc": {
        "mean": [-138.283065796, 175.485992432, -117.683822632, -8.36157989502, -29.7581233978, -19.662902832, -29.9121799469, -5.28006887436, -14.3681173325, 0.639289319515, -1.70231020451, 1.92469763756, -0.651415765285],
        "cov": [[10054.4072266, -2243.90771484, -2701.85473633, 1653.79711914, 140.335464478, 331.97833252, 397.248413086, 728.456604004, 173.989364624, 513.382202148, 25.3150100708, 17.3155269623, -254.600265503], [-2243.90771484, 1970.56445312, 1343.87097168, -434.480560303, 397.840667725, 12.4885168076, 99.997543335, -256.706207275, 38.2404441833, -151.291091919, 163.333709717, 27.6187896729, 156.24041748], [-2701.85473633, 1343.87097168, 1539.22851562, -285.26473999, 203.834030151, 116.421714783, 47.4950180054, -163.820632935, 53.1554908752, -134.33821106, 51.6610374451, -13.7750692368, 78.7265167236], [1653.79711914, -434.480560303, -285.26473999, 1003.89202881, 252.752105713, 320.327331543, 302.231140137, 317.386932373, 117.837112427, 115.588691711, -79.2502288818, -86.8390731812, -81.6185531616], [140.335464478, 397.840667725, 203.834030151, 252.752105713, 481.598602295, 236.753555298, 207.148574829, 110.309860229, 96.9269485474, 60.3501281738, 81.5923461914, 4.9866528511, -14.4318161011], [331.97833252, 12.4885168076, 116.421714783, 320.327331543, 236.753555298, 348.685150146, 214.814880371, 175.155075073, 123.003631592, 79.0026550293, 0.805221736431, -22.4949512482, -62.9185256958], [397.248413086, 99.997543335, 47.4950180054, 302.231140137, 207.148574829, 214.814880371, 297.507843018, 203.96711731, 144.334411621, 76.786857605, 17.7685966492, -12.6138982773, -8.69760799408], [728.456604004, -256.706207275, -163.820632935, 317.386932373, 110.309860229, 175.155075073, 203.96711731, 292.469390869, 175.38621521, 111.780387878, -4.07651662827, -20.7210330963, -54.7707366943], [173.989364624, 38.2404441833, 53.1554908752, 117.837112427, 96.9269485474, 123.003631592, 144.334411621, 175.38621521, 242.657455444, 134.087844849, 58.4069900513, -8.10119533539, -35.0451278687], [513.382202148, -151.291091919, -134.33821106, 115.588691711, 60.3501281738, 79.0026550293, 76.786857605, 111.780387878, 134.087844849, 204.832519531, 131.52003479, 47.4781265259, -47.0521087646], [25.3150100708, 163.333709717, 51.6610374451, -79.2502288818, 81.5923461914, 0.805221736431, 17.7685966492, -4.07651662827, 58.4069900513, 131.52003479, 236.020904541, 134.92175293, 25.7780418396], [17.3155269623, 27.6187896729, -13.7750692368, -86.8390731812, 4.9866528511, -22.4949512482, -12.6138982773, -20.7210330963, -8.10119533539, 47.4781265259, 134.92175293, 163.228729248, 82.6788864136], [-254.600265503, 156.24041748, 78.7265167236, -81.6185531616, -14.4318161011, -62.9185256958, -8.69760799408, -54.7707366943, -35.0451278687, -47.0521087646, 25.7780418396, 82.6788864136, 157.186401367]],
        "icov": [[0.000292488286505, -0.000267011113465, 0.000596925907303, -0.000357844721293, 0.000154032546561, -0.00019109348068, 0.000178240807145, -0.000291783275316, 0.000170396189787, -0.000268468109425, 4.08144260291e-05, -0.00020892106113, 0.000161046977155], [-0.000267011113465, 0.00354652409442, -0.00227785133757, 0.000987832900137, -0.00226404215209, 0.00162654288579, -0.00292153959163, 0.00331539451145, -0.0019054756267, 0.00281385239214, -0.00278414343484, 0.0022284630686, -0.00116520316806], [0.000596925907303, -0.00227785133757, 0.00335323251784, -0.000831917393953, 0.00133694964461, -0.00220753857866, 0.00158598436974, -0.000873794837389, -0.000136222559377, -1.81919240276e-05, 0.00021840701811, -0.000529697048478, 0.000348960835254], [-0.000357844721293, 0.000987832900137, -0.000831917393953, 0.00282480823807, -0.00110977550503, -0.000384337385185, -0.00146129063796, -0.000554392987397, 0.00102700304706, -0.000657364726067, 0.000213037521462, 0.00173644698225, -0.0011239296291], [0.000154032546561, -0.00226404215209, 0.00133694964461, -0.00110977550503, 0.00570630049333, -0.00316032487899, 0.000463729287731, -0.00167020387016, 0.00122792494949, -2.30598379858e-05, -0.00172582676169, 0.000464474636829, 0.000262225366896], [-0.00019109348068, 0.00162654288579, -0.00220753857866, -0.000384337385185, -0.00316032487899, 0.00925095006824, -0.00429227994755, 0.00105772423558, -0.000945587351453, -0.000869269075338, 0.00295003666542, -0.00340643920936, 0.00336059951223], [0.000178240807145, -0.00292153959163, 0.00158598436974, -0.00146129063796, 0.000463729287731, -0.00429227994755, 0.013475083746, -0.00785349775106, 0.000753337342758, -0.00157686276361, 0.00032972462941, 0.000957061129157, -0.00288841384463], [-0.000291783275316, 0.00331539451145, -0.000873794837389, -0.000554392987397, -0.00167020387016, 0.00105772423558, -0.00785349775106, 0.0172078870237, -0.00909623224288, 0.00297219469212, 0.000806974363513, -0.00216033845209, 0.0020788393449], [0.000170396189787, -0.0019054756267, -0.000136222559377, 0.00102700304706, 0.00122792494949, -0.000945587351453, 0.000753337342758, -0.00909623224288, 0.0146093051881, -0.0091505208984, 0.00091593718389, 0.00318065518513, -0.00192724843509], [-0.000268468109425, 0.00281385239214, -1.81919240276e-05, -0.000657364726067, -2.30598379858e-05, -0.000869269075338, -0.00157686276361, 0.00297219469212, -0.0091505208984, 0.022104697302, -0.0137156080455, 0.00250209774822, 0.0025442421902], [4.08144260291e-05, -0.00278414343484, 0.00021840701811, 0.000213037521462, -0.00172582676169, 0.00295003666542, 0.00032972462941, 0.000806974363513, 0.00091593718389, -0.0137156080455, 0.0229501593858, -0.0163205899298, 0.00507589010522], [-0.00020892106113, 0.0022284630686, -0.000529697048478, 0.00173644698225, 0.000464474636829, -0.00340643920936, 0.000957061129157, -0.00216033845209, 0.00318065518513, 0.00250209774822, -0.0163205899298, 0.0252443049103, -0.0125508746132], [0.000161046977155, -0.00116520316806, 0.000348960835254, -0.0011239296291, 0.000262225366896, 0.00336059951223, -0.00288841384463, 0.0020788393449, -0.00192724843509, 0.0025442421902, 0.00507589010522, -0.0125508746132, 0.015057480894]]
    },
    "melbands": {
        "dmean": [0.000163997377967, 0.000167848687852, 7.77555978857e-05, 0.000165362405824, 0.000311027164571, 0.000400053249905, 0.00021282423404, 0.000168252925505, 4.24973732152e-05, 3.16295590892e-05, 5.25037394254e-05, 1.49812758536e-05, 2.64735772362e-05, 1.95564771275e-05, 1.1321510101e-05, 1.01478362922e-05, 1.58592392836e-05, 8.0753416114e-06, 5.19034801982e-06, 1.06466422949e-05, 6.4665860009e-06, 4.83838448417e-06, 2.69895463134e-06, 1.45081992287e-06, 2.51476649282e-06, 1.03233378468e-06, 4.32627757618e-07, 3.4732991594e-07, 1.45117141415e-07, 9.60429815677e-08, 3.34551195635e-08, 3.10793062397e-08, 1.54324109047e-08, 9.76829372945e-09, 6.09849504229e-09, 4.2270902334e-09, 2.74982570048e-09, 1.64533797697e-09, 1.59475166406e-09, 1.03466302193e-09],
        "dmean2": [0.000184451055247, 0.00022933020955, 0.0001148825977, 0.000242747963057, 0.000446205085609, 0.000594412325881, 0.000279194646282, 0.000227173557505, 5.3673673392e-05, 4.41634292656e-05, 7.88926481619e-05, 2.14715055336e-05, 4.10270331486e-05, 2.83798162855e-05, 1.679970228e-05, 1.56407822942e-05, 2.56040348177e-05, 1.13896485345e-05, 8.10133951745e-06, 1.63348231581e-05, 1.03728816612e-05, 7.76883734943e-06, 4.25030884799e-06, 2.36558071265e-06, 4.00630233344e-06, 1.44539853864e-06, 6.54761151964e-07, 5.68778261822e-07, 2.33855971032e-07, 1.61413638011e-07, 5.52324621594e-08, 5.20695770945e-08, 2.53892604718e-08, 1.630037616e-08, 1.03568584819e-08, 6.96558055679e-09, 4.53652138077e-09, 2.65509103592e-09, 2.59190602314e-09, 1.73000436199e-09],
        "dvar": [1.17217396678e-07, 1.05439411868e-07, 2.3473292643e-08, 3.10925969416e-07, 8.50597700719e-07, 6.71285363296e-07, 3.22312729395e-07, 3.63312466334e-07, 1.30653168284e-08, 1.53004240389e-08, 1.00370471046e-07, 1.96936333907e-09, 6.07024563948e-09, 3.09488701333e-09, 1.03874298052e-09, 1.5199957959e-09, 3.3871518923e-09, 2.12999862192e-09, 2.08499453813e-10, 3.34954441961e-09, 1.07022546381e-09, 6.26762586275e-10, 1.00618700871e-10, 1.90756837409e-11, 1.55123872081e-10, 1.85619020154e-11, 1.97925400028e-12, 1.35687056209e-12, 1.36714288978e-13, 9.99118661611e-14, 1.20049047878e-14, 2.40899219518e-14, 3.54505057173e-15, 1.48809024575e-15, 8.51336192264e-16, 3.12660877837e-16, 2.04563975711e-16, 2.35056969906e-17, 4.39961419775e-17, 8.56818907491e-18],
        "dvar2": [2.184550425e-07, 2.65120064569e-07, 6.10166139836e-08, 6.82644895278e-07, 1.62727963016e-06, 1.62895196354e-06, 5.67824599784e-07, 6.73962802011e-07, 2.1893196589e-08, 2.68475197629e-08, 2.1650393478e-07, 4.0183301131e-09, 1.47976733089e-08, 6.14993433956e-09, 2.18668527729e-09, 4.15447098945e-09, 9.15113851363e-09, 3.00735258918e-09, 4.30646296401e-10, 7.58854046268e-09, 2.83618195596e-09, 1.66265656798e-09, 2.54794879639e-10, 5.30775493002e-11, 4.17652218365e-10, 3.29458717252e-11, 4.02118572815e-12, 3.74835709346e-12, 3.64932666334e-13, 2.88819098845e-13, 3.24986992341e-14, 7.19183623787e-14, 9.20611141844e-15, 4.0221838074e-15, 2.56116886393e-15, 8.94488179882e-16, 5.68318820603e-16, 6.31967973224e-17, 1.02167168569e-16, 2.36922493798e-17],
        "max": [0.0238547567278, 0.0128708751872, 0.00560101307929, 0.0176546610892, 0.028655635193, 0.0171946026385, 0.0148340091109, 0.0209410302341, 0.00474960776046, 0.007177982945, 0.0129541875795, 0.00269257021137, 0.00464219320565, 0.00547836907208, 0.00291553838179, 0.00156741659157, 0.00386986602098, 0.00601742649451, 0.0011664259946, 0.00587053690106, 0.00197028229013, 0.00187243230175, 0.000822026049718, 0.000199791189516, 0.000900141603779, 0.000392040936276, 9.85387523542e-05, 3.57803073712e-05, 1.30954676933e-05, 1.15327557069e-05, 5.36643574378e-06, 7.5149746408e-06, 2.29779993788e-06, 1.46327158745e-06, 1.21333766856e-06, 5.5692856904e-07, 7.03057196461e-07, 2.06460754271e-07, 3.25410951518e-07, 7.84573259693e-08],
        "mean": [0.00173715513665, 0.00115627795458, 0.000258427491644, 0.000462217576569, 0.000808723445516, 0.00124848948326, 0.000672691036016, 0.000359377852874, 0.000116666538815, 7.57617526688e-05, 0.000100687146187, 3.13641903631e-05, 5.25362484041e-05, 6.39436111669e-05, 3.56426826329e-05, 1.9507113393e-05, 3.6560184526e-05, 2.194366607e-05, 1.08062758954e-05, 2.95126501442e-05, 1.44824043673e-05, 1.17487097668e-05, 6.62894854031e-06, 3.2405332604e-06, 6.26012160865e-06, 3.07440359393e-06, 1.13136695745e-06, 7.78859146067e-07, 3.63167202977e-07, 2.16791889329e-07, 8.4104200937e-08, 7.25589330841e-08, 3.7321626678e-08, 2.35714665564e-08, 1.45236063176e-08, 1.01057926472e-08, 6.69177069312e-09, 4.80668527203e-09, 3.89750098861e-09, 3.42210459969e-09],
        "median": [0.000186933932127, 0.000305996625684, 9.32516704779e-05, 0.000123020581668, 0.000182124058483, 0.000313067255775, 0.000114388210932, 2.9272010579e-05, 1.90002683667e-05, 1.22136398204e-05, 1.85091957974e-05, 6.1935170379e-06, 1.00419765658e-05, 8.20689092507e-06, 4.92024173582e-06, 3.45485977959e-06, 4.06969866162e-06, 2.36980849877e-06, 2.25010035138e-06, 3.04537798002e-06, 1.19914568586e-06, 1.08294966594e-06, 8.20582329197e-07, 4.28059621527e-07, 3.04430386677e-07, 2.13926540482e-07, 1.21783969576e-07, 7.67052767969e-08, 6.52603091567e-08, 3.15547588059e-08, 1.21306635847e-08, 7.69843389037e-09, 5.05978281495e-09, 3.07566550006e-09, 1.8451228323e-09, 1.40257694348e-09, 1.03978159416e-09, 6.95865309819e-10, 5.47455025757e-10, 6.51183440503e-10],
        "min": [1.27377173151e-23, 4.69198413106e-24, 5.62385250219e-24, 7.93846663914e-24, 1.0127414445e-23, 2.63659797061e-24, 3.53256685966e-24, 1.05774832573e-23, 1.1795739297e-23, 4.91070133906e-24, 6.45249842388e-24, 2.99234386772e-24, 3.89302304524e-24, 6.47143384662e-24, 1.36559395758e-23, 8.78150098931e-24, 4.43119894314e-24, 5.28308076279e-24, 8.87063280527e-24, 9.16408748429e-24, 6.11909701191e-24, 6.17987913909e-24, 4.86295829378e-24, 8.57408026947e-24, 1.37992282707e-23, 1.10766215844e-23, 8.00189263364e-24, 1.28302704208e-23, 1.19747586577e-23, 1.06520006361e-23, 8.86379101464e-24, 5.61326362226e-24, 9.79342967042e-24, 1.1644358467e-23, 9.45812039835e-24, 9.64763949766e-24, 1.37463225252e-23, 1.3098123408e-23, 9.48417647405e-24, 9.82580846627e-24],
        "var": [1.58965067385e-05, 3.86589226764e-06, 1.79049678195e-07, 1.33373100653e-06, 4.29622150477e-06, 4.41562315245e-06, 2.18360878534e-06, 1.64156529081e-06, 9.61686126288e-08, 6.74051676697e-08, 1.97113152467e-07, 1.02448538541e-08, 3.92286381157e-08, 7.86633194139e-08, 2.22274003647e-08, 3.54494078536e-09, 3.46594859479e-08, 3.54631772836e-08, 1.59167667935e-09, 2.76253988574e-08, 4.74998662625e-09, 3.68716968069e-09, 1.06243114306e-09, 7.78251005307e-11, 1.00564889749e-09, 1.58146565288e-10, 1.7456213558e-11, 4.49177240541e-12, 5.51737041471e-13, 2.82361400971e-13, 3.97269497572e-14, 5.97481997688e-14, 1.14518515656e-14, 5.17369333546e-15, 1.8292705641e-15, 8.09178991902e-16, 4.52315170317e-16, 1.29958557796e-16, 1.4031852513e-16, 5.07741591784e-17]
    },
    "mfcc": {
        "mean": [-782.124084473, 203.329101562, -15.1879024506, 18.1890163422, 7.93028306961, -4.03352165222, -5.71027851105, -6.23554849625, -5.65988254547, -4.86966228485, -4.14156150818, 1.54220914841, 5.03335142136],
        "cov": [[7665.61865234, -822.406799316, -2599.72460938, 1232.24719238, -293.80847168, -15.8248291016, 266.455535889, 225.969116211, 320.235198975, 462.827606201, 349.315216064, 261.174377441, 141.310516357], [-822.406799316, 1625.12695312, 771.83795166, -200.709213257, 329.097930908, 150.129638672, 127.052223206, 40.0065841675, -55.8036308289, -86.0741043091, -36.9585609436, 21.5363960266, 75.5024719238], [-2599.72460938, 771.83795166, 1549.3503418, -305.423919678, 218.531188965, 176.925186157, 5.17280912399, 41.037147522, -1.86499810219, -108.127288818, -92.1143569946, -34.475730896, -8.84589290619], [1232.24719238, -200.709213257, -305.423919678, 619.261413574, 109.630470276, 134.391815186, 202.835784912, 133.556213379, 178.784973145, 178.000030518, 103.875923157, 77.0107345581, 47.0205802917], [-293.80847168, 329.097930908, 218.531188965, 109.630470276, 353.533447266, 195.212814331, 141.367080688, 103.090011597, 51.3957595825, 60.1931495667, 76.7882080078, 76.6127548218, 79.2124099731], [-15.8248291016, 150.129638672, 176.925186157, 134.391815186, 195.212814331, 262.615112305, 162.882659912, 117.747932434, 116.755683899, 82.0066757202, 79.2385406494, 85.7786254883, 58.2695617676], [266.455535889, 127.052223206, 5.17280912399, 202.835784912, 141.367080688, 162.882659912, 226.727310181, 138.586227417, 98.766746521, 90.9784240723, 65.7623214722, 63.0489425659, 56.1127738953], [225.969116211, 40.0065841675, 41.037147522, 133.556213379, 103.090011597, 117.747932434, 138.586227417, 206.149551392, 175.11151123, 114.6537323, 86.2854385376, 64.4575195312, 39.4596099854], [320.235198975, -55.8036308289, -1.86499810219, 178.784973145, 51.3957595825, 116.755683899, 98.766746521, 175.11151123, 268.628845215, 180.722381592, 97.3374481201, 68.1284637451, 20.6060314178], [462.827606201, -86.0741043091, -108.127288818, 178.000030518, 60.1931495667, 82.0066757202, 90.9784240723, 114.6537323, 180.722381592, 229.60748291, 166.267929077, 92.6580963135, 40.5033569336], [349.315216064, -36.9585609436, -92.1143569946, 103.875923157, 76.7882080078, 79.2385406494, 65.7623214722, 86.2854385376, 97.3374481201, 166.267929077, 238.939819336, 162.439102173, 76.7062225342], [261.174377441, 21.5363960266, -34.475730896, 77.0107345581, 76.6127548218, 85.7786254883, 63.0489425659, 64.4575195312, 68.1284637451, 92.6580963135, 162.439102173, 220.909439087, 156.222808838], [141.310516357, 75.5024719238, -8.84589290619, 47.0205802917, 79.2124099731, 58.2695617676, 56.1127738953, 39.4596099854, 20.6060314178, 40.5033569336, 76.7062225342, 156.222808838, 207.797180176]],
