{
"lowlevel": {
    "average_loudness": 0.016662934795,
    "barkbands_crest": {
        "dmean": 2.67400598526,
        "dmean2": 4.39357423782,
        "dvar": 6.06375694275,
        "dvar2": 15.0361948013,
        "max": 25.5300426483,
        "mean": 11.3515119553,
        "median": 10.6829414368,
        "min": 3.71096253395,
        "var": 15.2194681168
    },
    "barkbands_flatness_db": {
        "dmean": 0.0208140742034,
        "dmean2": 0.033294685185,
        "dvar": 0.000380301673431,
        "dvar2": 0.000905422202777,
        "max": 0.696201741695,
        "mean": 0.208325386047,
        "median": 0.183467805386,
        "min": 0.0262006409466,
        "var": 0.0087108546868
    },
    "barkbands_kurtosis": {
        "dmean": 3.58024215698,
        "dmean2": 5.73039531708,
        "dvar": 41.7182006836,
        "dvar2": 96.6488037109,
        "max": 259.554077148,
        "mean": 7.22753190994,
        "median": 3.35538125038,
        "min": -1.89575898647,
        "var": 173.781448364
    },
    "barkbands_skewness": {
        "dmean": 0.557841539383,
        "dmean2": 0.868312120438,
        "dvar": 0.296164900064,
        "dvar2": 0.68655359745,
        "max": 11.2487459183,
        "mean": 1.703805089,
        "median": 1.54651498795,
        "min": -3.16968083382,
        "var": 2.02074098587
    },
    "barkbands_spread": {
        "dmean": 3.20593261719,
        "dmean2": 5.17142105103,
        "dvar": 13.2469396591,
        "dvar2": 33.5824317932,
        "max": 111.380714417,
        "mean": 13.9578294754,
        "median": 12.8596153259,
        "min": 0.230139240623,
        "var": 89.2525253296
    },
    "dissonance": {
        "dmean": 0.0307437293231,
        "dmean2": 0.0523200370371,
        "dvar": 0.000885188928805,
        "dvar2": 0.00249810959212,
        "max": 0.499999880791,
        "mean": 0.425215631723,
        "median": 0.43967461586,
        "min": 0.143973946571,
        "var": 0.00295868329704
    },
    "dynamic_complexity": 6.65111207962,
    "erbbands_crest": {
        "dmean": 3.00441527367,
        "dmean2": 4.77407503128,
        "dvar": 8.30791091919,
        "dvar2": 20.3573760986,
        "max": 31.7411880493,
        "mean": 13.1675014496,
        "median": 12.0850639343,
        "min": 2.25026082993,
        "var": 36.330165863
    },
    "erbbands_flatness_db": {
        "dmean": 0.0191592946649,
        "dmean2": 0.028437545523,
        "dvar": 0.000329560542013,
        "dvar2": 0.000693664536811,
        "max": 0.469867110252,
        "mean": 0.20022892952,
        "median": 0.200255572796,
        "min": 0.0319222919643,
        "var": 0.00675720861182
    },
    "erbbands_kurtosis": {
        "dmean": 1.84118211269,
        "dmean2": 2.84785628319,
        "dvar": 10.5712966919,
        "dvar2": 22.9187793732,
        "max": 114.892723083,
        "mean": 2.93807435036,
        "median": 0.818592786789,
        "min": -1.81235909462,
        "var": 46.8075027466
    },
    "erbbands_skewness": {
        "dmean": 0.428587943316,
        "dmean2": 0.663736283779,
        "dvar": 0.169062405825,
        "dvar2": 0.394995331764,
        "max": 8.54814529419,
        "mean": 0.325673520565,
        "median": 0.371826857328,
        "min": -4.31062602997,
        "var": 1.8409730196
    },
    "erbbands_spread": {
        "dmean": 5.9030919075,
        "dmean2": 8.93402194977,
        "dvar": 38.012802124,
        "dvar2": 81.0946426392,
        "max": 140.170806885,
        "mean": 27.1675491333,
        "median": 23.4923973083,
        "min": 0.771127343178,
        "var": 297.886352539
    },
    "hfc": {
        "dmean": 3.57992005348,
        "dmean2": 5.04952001572,
        "dvar": 47.9062843323,
        "dvar2": 97.8549575806,
        "max": 164.106018066,
        "mean": 12.3773126602,
        "median": 3.9934155941,
        "min": 1.09750621459e-16,
        "var": 354.382629395
    },
    "melbands_crest": {
        "dmean": 3.33764243126,
        "dmean2": 5.52370166779,
        "dvar": 8.64138126373,
        "dvar2": 22.4939537048,
        "max": 32.2450942993,
        "mean": 15.0001306534,
        "median": 14.3396787643,
        "min": 1.00058495998,
        "var": 25.3359508514
    },
    "melbands_flatness_db": {
        "dmean": 0.02398176305,
        "dmean2": 0.0384576097131,
        "dvar": 0.000547525763977,
        "dvar2": 0.00130180409178,
        "max": 0.886050224304,
        "mean": 0.308159202337,
        "median": 0.279456973076,
        "min": -1.12172443778e-07,
        "var": 0.01179215312
    },
    "melbands_kurtosis": {
        "dmean": 6.55880737305,
        "dmean2": 10.4239969254,
        "dvar": 123.802436829,
        "dvar2": 294.823822021,
        "max": 199.794647217,
        "mean": 14.0415287018,
        "median": 7.39645910263,
        "min": -1.86622357368,
        "var": 365.551940918
    },
    "melbands_skewness": {
        "dmean": 0.679419219494,
        "dmean2": 1.05209875107,
        "dvar": 0.476918905973,
        "dvar2": 1.07648634911,
        "max": 11.6288328171,
        "mean": 2.44978761673,
        "median": 2.21514511108,
        "min": -2.43861198425,
        "var": 2.61094164848
    },
    "melbands_spread": {
        "dmean": 4.12565517426,
        "dmean2": 6.60316705704,
        "dvar": 25.3004283905,
        "dvar2": 60.5216140747,
        "max": 154.623779297,
        "mean": 15.4960384369,
        "median": 11.9107294083,
        "min": 0.315629214048,
        "var": 179.117904663
    },
    "pitch_salience": {
        "dmean": 0.0720815211535,
        "dmean2": 0.117336973548,
        "dvar": 0.00421447632834,
        "dvar2": 0.0107543859631,
        "max": 0.997745215893,
        "mean": 0.49862614274,
        "median": 0.49407941103,
        "min": 0.127795189619,
        "var": 0.0126855680719
    },
    "silence_rate_20dB": {
        "dmean": 0.000606934248935,
        "dmean2": 0.00121396058239,
        "dvar": 0.000606588262599,
        "dvar2": 0.0012125702342,
        "max": 1,
        "mean": 0.997420728207,
        "median": 1,
        "min": 0,
        "var": 0.00257279910147
    },
    "silence_rate_30dB": {
        "dmean": 0.0277672410011,
        "dmean2": 0.0555386953056,
        "dvar": 0.0269950143993,
        "dvar2": 0.0650558918715,
        "max": 1,
        "mean": 0.952738583088,
        "median": 1,
        "min": 0,
        "var": 0.0450320653617
    },
    "silence_rate_60dB": {
        "dmean": 0.0423336625099,
        "dmean2": 0.0846737474203,
        "dvar": 0.0405435375869,
        "dvar2": 0.0914525613189,
        "max": 1,
        "mean": 0.256182670593,
        "median": 0,
        "min": 0,
        "var": 0.190579101443
    },
    "spectral_centroid": {
        "dmean": 120.192451477,
        "dmean2": 196.141204834,
        "dvar": 22880.2402344,
        "dvar2": 56737.5585938,
        "max": 11496.5654297,
        "mean": 768.975097656,
        "median": 694.499633789,
        "min": 115.456092834,
        "var": 355783.28125
    },
    "spectral_complexity": {
        "dmean": 1.90334570408,
        "dmean2": 3.04248857498,
        "dvar": 7.61716270447,
        "dvar2": 16.8595905304,
        "max": 39,
        "mean": 9.66439056396,
        "median": 9,
        "min": 0,
        "var": 39.0704154968
    },
    "spectral_decrease": {
        "dmean": 2.44532971649e-09,
        "dmean2": 3.77621267589e-09,
        "dvar": 3.22921649671e-17,
        "dvar2": 7.64438433695e-17,
        "max": 2.22663766441e-28,
        "mean": -6.61776056177e-09,
        "median": -2.23688534362e-09,
        "min": -2.398597303e-07,
        "var": 1.2070264497e-16
    },
    "spectral_energy": {
        "dmean": 0.00947447307408,
        "dmean2": 0.0145934633911,
        "dvar": 0.000477720139315,
        "dvar2": 0.00112679845188,
        "max": 0.918002903461,
        "mean": 0.0260996110737,
        "median": 0.00887045264244,
        "min": 1.00749508088e-20,
        "var": 0.00183528731577
    },
    "spectral_energyband_high": {
        "dmean": 8.94731419976e-05,
        "dmean2": 0.000127755163703,
        "dvar": 7.13595156299e-08,
        "dvar2": 1.54102536953e-07,
        "max": 0.00642245495692,
        "mean": 0.000159123155754,
        "median": 3.62770297215e-05,
        "min": 7.11317327217e-21,
        "var": 1.50744099869e-07
    },
    "spectral_energyband_low": {
        "dmean": 0.00715727545321,
        "dmean2": 0.0113982334733,
        "dvar": 0.000342938641552,
        "dvar2": 0.000853556965012,
        "max": 0.851686000824,
        "mean": 0.0133750354871,
        "median": 0.0024864685256,
        "min": 2.53319992072e-23,
        "var": 0.000877864134964
    },
    "spectral_energyband_middle_high": {
        "dmean": 0.00156530330423,
        "dmean2": 0.00215827836655,
        "dvar": 9.88397368928e-06,
        "dvar2": 1.78990394488e-05,
        "max": 0.0794636830688,
        "mean": 0.00502257887274,
        "median": 0.00104277697392,
        "min": 1.31981907294e-21,
        "var": 8.00151319709e-05
    },
    "spectral_energyband_middle_low": {
        "dmean": 0.00320892245509,
        "dmean2": 0.005286491476,
        "dvar": 5.59585860174e-05,
        "dvar2": 0.000146987629705,
        "max": 0.20601695776,
        "mean": 0.00765161076561,
        "median": 0.00336908921599,
        "min": 1.96588062953e-22,
        "var": 0.000163894146681
    },
    "spectral_entropy": {
        "dmean": 0.168882414699,
        "dmean2": 0.257246524096,
        "dvar": 0.031406942755,
        "dvar2": 0.0639047920704,
        "max": 9.81731510162,
        "mean": 6.80731487274,
        "median": 6.88947153091,
        "min": 3.38327264786,
        "var": 0.694173693657
    },
    "spectral_flux": {
        "dmean": 0.0203825607896,
        "dmean2": 0.0328189432621,
        "dvar": 0.00105123990215,
        "dvar2": 0.00229632435367,
        "max": 0.528274416924,
        "mean": 0.0587921738625,
        "median": 0.0414504557848,
        "min": 6.43470485229e-11,
        "var": 0.00295338616706
    },
    "spectral_kurtosis": {
        "dmean": 6.02651596069,
        "dmean2": 10.2896976471,
        "dvar": 143.483886719,
        "dvar2": 428.681182861,
        "max": 392.634368896,
        "mean": 17.8329906464,
        "median": 8.55251502991,
        "min": -1.25181269646,
        "var": 771.927978516
    },
    "spectral_rms": {
        "dmean": 0.00071815046249,
        "dmean2": 0.00107982556801,
        "dvar": 1.23555707887e-06,
        "dvar2": 2.56542466559e-06,
        "max": 0.0299267861992,
        "mean": 0.00398930627853,
        "median": 0.00294178538024,
        "min": 3.13515879924e-12,
        "var": 9.54848110268e-06
    },
    "spectral_rolloff": {
        "dmean": 178.08821106,
        "dmean2": 318.341461182,
        "dvar": 168804.953125,
        "dvar2": 400015.0625,
        "max": 19724.4140625,
        "mean": 851.682495117,
        "median": 602.9296875,
        "min": 21.533203125,
        "var": 1178706.375
    },
    "spectral_skewness": {
        "dmean": 0.431439697742,
        "dmean2": 0.724681973457,
        "dvar": 0.328682929277,
        "dvar2": 0.969296991825,
        "max": 16.929807663,
        "mean": 2.8356127739,
        "median": 2.35670423508,
        "min": -0.0651897192001,
        "var": 2.84385371208
    },
    "spectral_spread": {
        "dmean": 430693.65625,
        "dmean2": 620603.625,
        "dvar": 263510196224,
        "dvar2": 493220986880,
        "max": 42249808,
        "mean": 4028033.75,
        "median": 3692971.25,
        "min": 285733.34375,
        "var": 7.45588077363e+12
    },
    "spectral_strongpeak": {
        "dmean": 0.680480778217,
        "dmean2": 1.17403817177,
        "dvar": 2.57776975632,
        "dvar2": 6.17486047745,
        "max": 16.8542785645,
        "mean": 1.17776834965,
        "median": 0.356242656708,
        "min": 0,
        "var": 5.23245191574
    },
    "zerocrossingrate": {
        "dmean": 0.00588575052097,
        "dmean2": 0.00750523107126,
        "dvar": 6.6550259362e-05,
        "dvar2": 9.74491777015e-05,
        "max": 0.654296875,
        "mean": 0.0397981069982,
        "median": 0.03515625,
        "min": 0.001953125,
        "var": 0.00110586173832
    },
    "barkbands": {
        "dmean": [0.000356569566065, 0.00552678341046, 0.00255323573947, 0.0003961691109, 0.0023038436193, 0.000591165735386, 0.000439229217591, 0.000268662610324, 0.000253187521594, 8.42501831357e-05, 0.000306418514811, 0.000376008858439, 0.00049342517741, 0.000263822235866, 0.000353818584699, 0.00015416428505, 2.63378915406e-05, 2.97793467325e-05, 2.12329141505e-05, 3.06121328322e-05, 2.21806985792e-05, 1.91735161934e-05, 1.40484653457e-05, 1.15904222184e-05, 1.39278945426e-05, 7.24812252884e-06, 3.20117942465e-06],
        "dmean2": [0.000619892729446, 0.00863571465015, 0.00442924909294, 0.000676092167851, 0.00389045150951, 0.000976727809757, 0.000708372157533, 0.000424370693509, 0.00040532721323, 0.000139195486554, 0.000456479610875, 0.000546628900338, 0.000635071541183, 0.00037956685992, 0.000486480508698, 0.000234560880926, 4.24980717071e-05, 4.96210195706e-05, 3.47195637005e-05, 4.74061307614e-05, 3.65759224223e-05, 3.12190968543e-05, 2.15824838961e-05, 1.62629894476e-05, 1.85626286111e-05, 9.80640288617e-06, 4.55217150375e-06],
        "dvar": [1.11830274818e-06, 0.000220420479309, 6.1488855863e-05, 1.28926842535e-06, 3.51691815013e-05, 1.09560346573e-06, 8.97237214303e-07, 1.43438842315e-06, 3.3305099123e-07, 3.18188497772e-08, 9.8473003618e-07, 1.66368079135e-06, 3.75416334464e-06, 1.49270852035e-06, 2.5518613711e-06, 1.00459192254e-06, 3.57292018194e-09, 6.46524123127e-09, 3.58396468059e-09, 3.21732578357e-08, 4.69552352556e-09, 3.7647418516e-09, 2.0449573146e-09, 1.46198664286e-09, 2.05542338705e-09, 6.74562794512e-10, 1.02922968759e-10],
        "dvar2": [3.59620980817e-06, 0.000502444105223, 0.000192009945749, 3.59076511813e-06, 9.52599293669e-05, 2.93944776786e-06, 2.25398616749e-06, 2.92476488539e-06, 7.92571995589e-07, 8.61628137727e-08, 2.09390441341e-06, 3.22018240695e-06, 5.88403645452e-06, 2.51886967817e-06, 4.64315553472e-06, 1.91225149138e-06, 8.9622256283e-09, 1.80512724768e-08, 9.18828568786e-09, 6.48732836339e-08, 1.23314691791e-08, 9.77807435021e-09, 4.80226880484e-09, 2.54399301625e-09, 3.63626107003e-09, 1.35254674127e-09, 1.67719740873e-10],
        "max": [0.0430659651756, 0.624686419964, 0.27007329464, 0.0438219197094, 0.198915868998, 0.029140131548, 0.0237285718322, 0.110302612185, 0.0152277043089, 0.00447861244902, 0.0341902896762, 0.0441150851548, 0.0778661593795, 0.0494014583528, 0.0439361259341, 0.0443786047399, 0.00119569513481, 0.00242710369639, 0.00264336820692, 0.0136407930404, 0.000771697552409, 0.000926221604459, 0.00115470634773, 0.00130840938073, 0.00165420421399, 0.0010311085498, 0.000382271624403],
        "mean": [0.000462028256152, 0.00776801677421, 0.00505262007937, 0.000599271035753, 0.00418432475999, 0.00107963988557, 0.000866594840772, 0.000471066246973, 0.000416927039623, 0.000137808092404, 0.000663296203129, 0.00080597732449, 0.0012621829519, 0.000705940299667, 0.000975684961304, 0.000335847289534, 4.26456535934e-05, 4.74166517961e-05, 2.88085593638e-05, 4.88958430651e-05, 2.81650027318e-05, 2.40468179982e-05, 2.03951658477e-05, 2.14554202103e-05, 2.78115076071e-05, 1.59527535288e-05, 6.83744792696e-06],
        "median": [9.59617755143e-05, 0.00122068671044, 0.000717278453521, 0.000175584747922, 0.00110623985529, 0.00044519585208, 0.000242525566136, 7.37806039979e-05, 0.000117053488793, 4.19603529735e-05, 7.99754197942e-05, 4.56992784166e-05, 5.55309816264e-05, 3.97145122406e-05, 2.99211751553e-05, 2.50065368164e-05, 9.00971281226e-06, 1.1981112948e-05, 7.72077328293e-06, 8.00290035841e-06, 6.23719324722e-06, 5.33964885108e-06, 3.64736797565e-06, 3.67851180272e-06, 4.59206603409e-06, 2.56999965131e-06, 8.23592017696e-07],
        "min": [2.03378557115e-24, 7.90563740371e-24, 3.45896653164e-24, 1.50569575296e-24, 1.33965999755e-23, 8.64924293652e-24, 1.28117274563e-23, 1.55174809182e-23, 1.74507092065e-23, 3.26809327369e-23, 2.59175706572e-23, 3.26899225958e-23, 5.27399868607e-23, 3.53431205665e-23, 6.81503373125e-23, 8.25132603425e-23, 8.82775553294e-23, 1.21181177189e-22, 1.37433605103e-22, 1.74577101892e-22, 2.82007449005e-22, 3.90023711511e-22, 4.19201669533e-22, 6.66331091428e-22, 9.88168619787e-22, 1.35971145337e-21, 2.20071906841e-21],
        "var": [1.55819577685e-06, 0.000390939036151, 0.000174570872332, 2.08831602322e-06, 9.07933717826e-05, 3.14169369631e-06, 2.87517855213e-06, 6.4297555582e-06, 7.56878876018e-07, 5.89612909607e-08, 3.77698756893e-06, 7.56177905714e-06, 2.61038112512e-05, 9.75953571469e-06, 1.65278015629e-05, 4.94288542541e-06, 7.39920613668e-09, 1.15209184415e-08, 4.57138238374e-09, 1.0473522849e-07, 4.7092765243e-09, 4.07620959209e-09, 3.34568861504e-09, 4.46610126659e-09, 5.74559733124e-09, 2.42252307103e-09, 4.42102049414e-10]
    },
    "erbbands": {
        "dmean": [0.188307717443, 1.23288571835, 3.04817771912, 1.57846486568, 4.77216720581, 9.83478450775, 3.042334795, 6.69389390945, 5.27294445038, 6.32299852371, 5.18978834152, 5.76399755478, 3.87842130661, 5.6968665123, 13.9992380142, 12.1953039169, 22.0239200592, 12.8548412323, 12.9767389297, 15.2408599854, 5.6993803978, 1.63331186771, 1.64048409462, 1.19292163849, 1.37470889091, 1.04958236217, 1.10637712479, 0.7131960392, 0.822607636452, 0.442344963551, 0.418261766434, 0.223860666156, 0.225572913885, 0.179300144315, 0.100826129317, 0.0351345688105, 0.0147217772901, 0.00335727795027, 0.000508498342242, 4.28083658335e-05],
        "dmean2": [0.2886326015, 1.96324789524, 5.32107830048, 2.68042469025, 8.23139762878, 16.3472747803, 5.02549695969, 11.2012310028, 8.50367164612, 10.1568822861, 8.33240318298, 9.34524822235, 6.26565599442, 9.09803295135, 20.370174408, 17.3615951538, 28.1690444946, 17.422750473, 19.006975174, 20.7442970276, 8.54991531372, 2.63658738136, 2.73885655403, 1.98117280006, 2.15506291389, 1.63574516773, 1.85939002037, 1.12116193771, 1.3489613533, 0.680703759193, 0.654327869415, 0.318804472685, 0.318100482225, 0.262031584978, 0.12802273035, 0.0453147031367, 0.0202899519354, 0.00499707181007, 0.000741909781937, 6.32697847323e-05],
        "dvar": [0.261286973953, 10.9937763214, 85.3644485474, 16.6141891479, 156.48085022, 682.348205566, 55.4081001282, 146.942581177, 118.119033813, 232.463989258, 521.670837402, 175.03793335, 89.3904037476, 387.261169434, 2016.97717285, 1689.50524902, 7257.45654297, 2160.92382812, 2770.06176758, 4247.62841797, 798.066833496, 14.4808607101, 19.3104400635, 8.8439283371, 50.7275772095, 20.1567287445, 12.636141777, 4.31355905533, 7.75597333908, 1.78514361382, 1.9137673378, 0.596283078194, 0.464275747538, 0.274595111609, 0.124543651938, 0.00864110421389, 0.00395709695294, 0.000225588475587, 3.36304083248e-06, 1.3079910488e-08],
        "dvar2": [0.603358566761, 26.5249385834, 268.377044678, 48.607875824, 447.800537109, 1764.35205078, 145.097381592, 407.21206665, 292.713623047, 539.313476562, 1131.18652344, 427.612365723, 212.677062988, 1096.54541016, 3731.64086914, 3060.17456055, 11621.7636719, 3690.93652344, 5164.71826172, 7402.52392578, 1439.18395996, 36.6994018555, 54.7917022705, 23.3558273315, 116.23361969, 39.5818710327, 34.0208091736, 10.6927976608, 20.5980987549, 4.06843233109, 4.58986139297, 1.18517458439, 0.806133568287, 0.550227642059, 0.232155799866, 0.0138909136876, 0.00859072618186, 0.000469051941764, 6.3685938585e-06, 2.33378631975e-08],
        "max": [23.0620822906, 122.647666931, 364.142059326, 131.846481323, 285.453582764, 1080.80664062, 305.445343018, 365.203582764, 404.29574585, 716.379760742, 2137.06323242, 365.947570801, 302.615875244, 816.434204102, 1847.18164062, 1648.33056641, 3230.0246582, 2097.03344727, 2599.94018555, 2228.4777832, 1371.42651367, 81.0968170166, 115.864547729, 51.8350028992, 517.23614502, 314.378997803, 37.2307739258, 23.449054718, 40.5417518616, 29.6579608917, 38.0027542114, 27.1559066772, 22.6246032715, 14.9703989029, 14.014415741, 2.9943189621, 2.53024125099, 0.582760989666, 0.074799336493, 0.00366388866678],
        "mean": [0.250783473253, 1.68828392029, 5.45705223083, 3.64163899422, 7.59280967712, 18.8373851776, 6.24564409256, 11.4904632568, 10.5907821655, 13.1917076111, 8.99637126923, 9.2662229538, 6.7313246727, 11.3743991852, 31.1107082367, 28.4470615387, 58.4412269592, 37.3922958374, 40.0026664734, 43.0274581909, 12.5890312195, 2.9207701683, 2.72252106667, 1.80319535732, 2.27588486671, 1.60114204884, 1.27135431767, 1.00723600388, 0.950659751892, 0.618423640728, 0.598496675491, 0.40894266963, 0.397447168827, 0.317568749189, 0.190079852939, 0.0759693980217, 0.028893429786, 0.00715099973604, 0.00111981260125, 0.000100680663309],
        "median": [0.0376953333616, 0.265128672123, 0.859073102474, 0.860869705677, 2.05363416672, 3.9312787056, 2.28388166428, 4.71133184433, 4.23008012772, 3.55543756485, 1.9402974844, 2.92093324661, 2.34013414383, 2.61407661438, 3.49256706238, 2.16245555878, 2.87329959869, 3.16430902481, 2.94883394241, 2.20590114594, 1.58993732929, 0.633512735367, 0.661759197712, 0.569394528866, 0.393878221512, 0.334789961576, 0.281853914261, 0.210301339626, 0.174300372601, 0.157688319683, 0.101616889238, 0.0767116621137, 0.067973151803, 0.0494881421328, 0.0291670002043, 0.0140615589917, 0.00406112521887, 0.00092164427042, 0.000145080703078, 2.22460930672e-05],
        "min": [2.23279367319e-22, 8.17203503721e-22, 5.57371462352e-21, 1.07777085938e-20, 2.93702787261e-20, 3.7061410524e-20, 2.73300474388e-20, 6.51716152961e-20, 2.04236024344e-19, 2.00742685521e-19, 4.92036289861e-19, 4.14321378842e-19, 7.01376160756e-19, 7.11748126758e-19, 1.30379287912e-18, 1.46783861442e-18, 2.91939024937e-18, 2.08690099845e-18, 3.3958508317e-18, 3.86440791006e-18, 4.51868999021e-18, 5.45150570289e-18, 5.29292235816e-18, 7.89469779299e-18, 8.13685491731e-18, 8.41262369865e-18, 1.18142112347e-17, 1.02281726466e-17, 1.32278066533e-17, 1.05274656174e-17, 1.10249303834e-17, 1.14336221261e-17, 1.22672340679e-17, 9.59401214849e-18, 6.98481483561e-18, 4.30835450405e-18, 2.36114197719e-18, 1.14744643757e-18, 2.74491640319e-19, 3.02740510935e-20],
        "var": [0.41731056571, 18.3105945587, 188.365310669, 70.1051559448, 262.193786621, 2476.63134766, 148.18031311, 379.816192627, 334.275634766, 914.793823242, 2007.35095215, 347.669555664, 202.53263855, 693.082458496, 9580.21875, 8315.29394531, 49530.1640625, 15229.7783203, 20588.0722656, 26856.1054688, 4229.1875, 33.900932312, 35.8766670227, 12.076962471, 178.674606323, 55.3484916687, 11.1665744781, 5.40092897415, 7.43328857422, 2.74288201332, 2.93747472763, 1.69453060627, 1.27716708183, 0.686016857624, 0.316516786814, 0.0344649404287, 0.0109811015427, 0.000859622494318, 1.19501546578e-05, 4.69633825162e-08]
    },
    "gfcc": {
        "mean": [-105.761306763, 134.701217651, -88.1243438721, 16.0898456573, -37.1894645691, 11.9133987427, -32.9063873291, -6.02051973343, -16.2461204529, 3.66029429436, -9.15985012054, -3.08242154121, -6.31586742401],
        "cov": [[22285.7636719, -4040.3034668, -847.461486816, 17.4019832611, -389.814971924, 1097.31494141, -605.75, 825.302001953, -787.128295898, 579.447570801, -404.098480225, 575.54486084, -194.871261597], [-4040.3034668, 3095.98901367, -597.528808594, -19.4923381805, 333.329162598, -430.4921875, 273.337341309, -541.137695312, 414.069915771, -341.924407959, 156.121932983, -422.794158936, 94.4359664917], [-847.461486816, -597.528808594, 1392.49133301, 21.4125881195, 127.752815247, 127.405525208, -49.0222969055, 100.119140625, -132.617324829, 124.588699341, -18.4927177429, 134.145217896, -60.6350669861], [17.4019832611, -19.4923381805, 21.4125881195, 283.870910645, 36.7424316406, 13.6536741257, -6.07578325272, -15.0286207199, 40.8638381958, 1.31527996063, -20.7630805969, -29.7869186401, 25.9406585693], [-389.814971924, 333.329162598, 127.752815247, 36.7424316406, 368.597045898, 84.6301498413, 65.1234893799, -88.1897125244, 51.0630989075, 15.737654686, 12.5673379898, -79.1434783936, 3.46082258224], [1097.31494141, -430.4921875, 127.405525208, 13.6536741257, 84.6301498413, 236.267410278, -7.50721549988, 76.2844467163, -68.7199935913, 82.2710418701, -15.5740699768, 58.2737007141, -31.1302108765], [-605.75, 273.337341309, -49.0222969055, -6.07578325272, 65.1234893799, -7.50721549988, 146.125366211, -16.2250652313, 41.9046783447, -43.3299980164, 43.1270217896, -32.1323394775, 4.93191862106], [825.302001953, -541.137695312, 100.119140625, -15.0286207199, -88.1897125244, 76.2844467163, -16.2250652313, 202.273406982, -51.5286026001, 54.4372520447, -32.6135749817, 95.0180206299, -9.04957485199], [-787.128295898, 414.069915771, -132.617324829, 40.8638381958, 51.0630989075, -68.7199935913, 41.9046783447, -51.5286026001, 167.945495605, -16.8063564301, 3.06061220169, -84.456237793, 39.4999313354], [579.447570801, -341.924407959, 124.588699341, 1.31527996063, 15.737654686, 82.2710418701, -43.3299980164, 54.4372520447, -16.8063564301, 131.727844238, 4.79396915436, 31.7484703064, -35.1028289795], [-404.098480225, 156.121932983, -18.4927177429, -20.7630805969, 12.5673379898, -15.5740699768, 43.1270217896, -32.6135749817, 3.06061220169, 4.79396915436, 107.901847839, 16.9988231659, -28.4619808197], [575.54486084, -422.794158936, 134.145217896, -29.7869186401, -79.1434783936, 58.2737007141, -32.1323394775, 95.0180206299, -84.456237793, 31.7484703064, 16.9988231659, 161.506820679, 3.14061808586], [-194.871261597, 94.4359664917, -60.6350669861, 25.9406585693, 3.46082258224, -31.1302108765, 4.93191862106, -9.04957485199, 39.4999313354, -35.1028289795, -28.4619808197, 3.14061808586, 110.186439514]],
        "icov": [[0.000105063008959, -7.65412914916e-05, 0.000187425961485, -8.22212314233e-05, -8.1135254959e-07, -0.00029550245381, 0.000196127788513, -0.000228384116781, 0.000440126517788, -0.000378137425287, 0.000391214591218, -0.000204472060432, 9.15485579753e-05], [-7.65412914916e-05, 0.00179809122346, -0.000162982061738, 0.000663657963742, -0.000727880862541, 0.000954357907176, -0.000530991354026, 0.00200933031738, -0.0025743090082, 0.00297222519293, -0.00208914233372, 0.00154124060646, -0.000154924215167], [0.000187425961485, -0.000162982061738, 0.00132941466291, -0.000357910903404, -0.000736020621844, 3.72257309209e-05, 0.000192346706172, -0.000517856853548, 0.0013896888122, -0.00150252284948, 0.00139029871207, -0.00143367226701, 0.000692624307703], [-8.22212314233e-05, 0.000663657963742, -0.000357910903404, 0.00415561534464, -0.000173511449248, -0.000334470765665, 0.000269881857093, 0.000906672794372, -0.00212239217944, 0.00151080731302, -0.000858010549564, 0.001351595507, -0.000934165262152], [-8.1135254959e-07, -0.000727880862541, -0.000736020621844, -0.000173511449248, 0.00552607793361, -0.00346411648206, -0.00152785133105, 0.00166484655347, -3.55550255335e-05, -0.00158676225692, 0.000377894932171, 0.00162671424914, -0.00113043282181], [-0.00029550245381, 0.000954357907176, 3.72257309209e-05, -0.000334470765665, -0.00346411648206, 0.0101625444368, -0.00253948452882, -5.07705954078e-05, 0.00090569985332, -0.00224698008969, 0.000937159464229, -0.00158550834749, 0.00109488330781], [0.000196127788513, -0.000530991354026, 0.000192346706172, 0.000269881857093, -0.00152785133105, -0.00253948452882, 0.0126907182857, -0.00457025086507, -0.000960401608609, 0.00480983639136, -0.00572611764073, 0.00234576128423, -0.000437968847109], [-0.000228384116781, 0.00200933031738, -0.000517856853548, 0.000906672794372, 0.00166484655347, -5.07705954078e-05, -0.00457025086507, 0.0130383474752, -0.00407115090638, 0.000114461246994, 0.00279539567418, -0.00353780644946, 0.000903126783669], [0.000440126517788, -0.0025743090082, 0.0013896888122, -0.00212239217944, -3.55550255335e-05, 0.00090569985332, -0.000960401608609, -0.00407115090638, 0.0162401068956, -0.00856380257756, 0.00316634611227, 0.00191871577408, -0.00357207888737], [-0.000378137425287, 0.00297222519293, -0.00150252284948, 0.00151080731302, -0.00158676225692, -0.00224698008969, 0.00480983639136, 0.000114461246994, -0.00856380257756, 0.0203128959984, -0.00845123641193, 0.00395587505773, 0.00205591111444], [0.000391214591218, -0.00208914233372, 0.00139029871207, -0.000858010549564, 0.000377894932171, 0.000937159464229, -0.00572611764073, 0.00279539567418, 0.00316634611227, -0.00845123641193, 0.0204924996942, -0.0100682079792, 0.00594114558771], [-0.000204472060432, 0.00154124060646, -0.00143367226701, 0.001351595507, 0.00162671424914, -0.00158550834749, 0.00234576128423, -0.00353780644946, 0.00191871577408, 0.00395587505773, -0.0100682079792, 0.0177186764777, -0.00621758541092], [9.15485579753e-05, -0.000154924215167, 0.000692624307703, -0.000934165262152, -0.00113043282181, 0.00109488330781, -0.000437968847109, 0.000903126783669, -0.00357207888737, 0.00205591111444, 0.00594114558771, -0.00621758541092, 0.0140572553501]]
    },
    "melbands": {
        "dmean": [0.00158939009998, 0.00150257186033, 0.000319958664477, 0.000607413065154, 0.000151607848238, 0.000134000438266, 8.65834881552e-05, 6.92001995048e-05, 3.82830039598e-05, 3.94917842641e-05, 1.93076812138e-05, 2.12088762055e-05, 3.93138689105e-05, 3.96355389967e-05, 3.91474604839e-05, 6.08977243246e-05, 1.95785833057e-05, 1.93834839592e-05, 3.69406370737e-05, 1.35427917485e-05, 4.79989057567e-06, 1.81689938472e-06, 1.208970275e-06, 1.5915397853e-06, 9.33916396662e-07, 8.76076910572e-07, 1.36913740789e-06, 5.81552853873e-07, 7.28625082047e-07, 5.67750078062e-07, 3.69613218254e-07, 5.74818841415e-07, 2.5768690648e-07, 2.41239092702e-07, 2.68031783435e-07, 1.83972119316e-07, 1.35327539397e-07, 1.58396716188e-07, 1.67486504665e-07, 1.58004169748e-07],
        "dmean2": [0.00246290955693, 0.00254070828669, 0.000540023087524, 0.00102739047725, 0.000249826844083, 0.000222481758101, 0.000139114505146, 0.000110908360512, 6.14270320511e-05, 6.38079582131e-05, 3.12678675982e-05, 3.41486775142e-05, 5.82418142585e-05, 5.85296475037e-05, 5.15847641509e-05, 7.82422721386e-05, 2.7985754059e-05, 2.91577562166e-05, 4.97185392305e-05, 2.01073089556e-05, 7.29907606001e-06, 2.97672249872e-06, 1.99518694899e-06, 2.65050425696e-06, 1.56597900514e-06, 1.43414717968e-06, 2.09433733289e-06, 9.37678066748e-07, 1.22208530229e-06, 9.57639372245e-07, 5.64076458431e-07, 9.82348979051e-07, 3.94632536427e-07, 3.76241814593e-07, 4.23135674055e-07, 2.8233259286e-07, 1.9478832769e-07, 2.27396540708e-07, 2.40287562292e-07, 2.33601468835e-07],
        "dvar": [1.83113024832e-05, 1.76125340658e-05, 6.26646396995e-07, 2.53013581641e-06, 1.36359076919e-07, 5.71130236438e-08, 3.14817540925e-08, 3.91098815555e-08, 2.3854370923e-08, 8.58743209875e-09, 2.2910466857e-09, 5.32347943505e-09, 1.53003885117e-08, 1.83974577794e-08, 3.33311653833e-08, 6.94915982535e-08, 6.46281028693e-09, 1.09862101638e-08, 2.78093619244e-08, 8.69076455245e-09, 3.36715322291e-10, 2.04375596308e-11, 8.5975488881e-12, 2.41265792067e-11, 5.36583711491e-12, 7.532443419e-12, 1.34434866017e-10, 2.77331608199e-12, 5.14684562331e-12, 3.2212394644e-12, 1.06694416756e-12, 4.06242834511e-12, 5.61571730957e-13, 5.53567499999e-13, 8.08820458525e-13, 3.51017283816e-13, 2.10357827077e-13, 2.1947420552e-13, 2.71740529384e-13, 2.110414301e-13],
        "dvar2": [4.1174927901e-05, 5.20844841958e-05, 1.81100563168e-06, 6.88719228492e-06, 3.55679475206e-07, 1.56010187879e-07, 7.93704302282e-08, 8.3920646432e-08, 5.23196916902e-08, 2.08522017431e-08, 5.47261524986e-09, 1.50784256192e-08, 2.9671406665e-08, 3.79240105985e-08, 5.15353093533e-08, 1.06962218638e-07, 1.1381332321e-08, 1.9616544833e-08, 4.98315522179e-08, 1.62163615869e-08, 6.30943797209e-10, 5.30464110138e-11, 2.41541890655e-11, 6.65945007472e-11, 1.41668387091e-11, 2.01962231661e-11, 2.54358367702e-10, 7.23394347896e-12, 1.36742587739e-11, 8.57950689659e-12, 2.53779831351e-12, 1.11841143985e-11, 1.22914861882e-12, 1.27068115145e-12, 1.99283081356e-12, 7.9736927781e-13, 3.92923784872e-13, 4.10834398185e-13, 4.95898840654e-13, 4.58181723898e-13],
        "max": [0.186234429479, 0.183743447065, 0.0250293500721, 0.0534972883761, 0.0116642266512, 0.00706591643393, 0.00520666269585, 0.0140080526471, 0.0140185011551, 0.00255692237988, 0.00153533089906, 0.00301908748224, 0.00469422712922, 0.0044610556215, 0.00814063474536, 0.0108367688954, 0.00355492625386, 0.00452728383243, 0.00478536589071, 0.00414688838646, 0.000841402623337, 0.000100011755421, 8.73683966347e-05, 0.000182473508175, 3.69061381207e-05, 0.000160699099069, 0.000920748978388, 2.73510850093e-05, 2.38103293668e-05, 2.53023245023e-05, 1.16840092232e-05, 2.08504043258e-05, 2.04207226489e-05, 1.75397926796e-05, 2.44909933826e-05, 2.01028888114e-05, 1.81962550414e-05, 1.29183381432e-05, 2.01116909011e-05, 1.22683550217e-05],
        "mean": [0.00219071423635, 0.00265231914818, 0.000724606972653, 0.00106453045737, 0.000320971099427, 0.000236170148128, 0.000177281704964, 0.000143352823216, 6.38158962829e-05, 6.2402607e-05, 3.18382153637e-05, 3.95438837586e-05, 8.69705618243e-05, 8.1801059423e-05, 8.67457856657e-05, 0.000165686564287, 5.3006438975e-05, 5.36840088898e-05, 0.000101326819276, 3.19728933391e-05, 8.77996171766e-06, 2.79440291706e-06, 2.08416918213e-06, 2.43569957092e-06, 1.33048001771e-06, 1.19240201002e-06, 2.32763431995e-06, 7.61173055253e-07, 8.32885064028e-07, 6.72341116115e-07, 5.30878253358e-07, 6.09958135556e-07, 3.71828235757e-07, 3.2322094512e-07, 3.59598317345e-07, 2.82394722717e-07, 2.44333989485e-07, 2.70338631481e-07, 2.87376593633e-07, 2.62666674189e-07],
        "median": [0.00034022150794, 0.000445662881248, 0.000193756102817, 0.000258856714936, 0.000103221311292, 9.90496628219e-05, 6.63167011226e-05, 3.54549119947e-05, 1.20896147564e-05, 1.80010047188e-05, 9.56121766649e-06, 7.95653249952e-06, 1.1089583495e-05, 6.44216788714e-06, 2.95971858577e-06, 6.17474961473e-06, 4.46784679298e-06, 2.9819602787e-06, 2.4145547286e-06, 1.86077863873e-06, 1.33996968543e-06, 5.11088387611e-07, 4.69753189236e-07, 5.45560226328e-07, 4.16472175857e-07, 2.59358841959e-07, 2.66383040071e-07, 1.70346524442e-07, 1.5274093812e-07, 1.51001245285e-07, 9.98243550043e-08, 8.49646895063e-08, 9.98787470508e-08, 7.27771265474e-08, 5.58800792305e-08, 4.60980551509e-08, 4.36207621135e-08, 4.66004408395e-08, 4.68618708283e-08, 3.7736306524e-08],
        "min": [3.64673633189e-24, 2.64259568007e-24, 1.9212090063e-24, 3.44867899657e-24, 1.06116454704e-24, 1.63484934226e-24, 2.98156013914e-24, 2.56257796858e-24, 3.88602506015e-24, 2.42059247197e-24, 3.70903346644e-24, 2.483978629e-24, 3.92920296737e-24, 3.63098475177e-24, 5.53883144041e-24, 4.89309435809e-24, 3.22594313391e-24, 4.49683493147e-24, 5.04708828982e-24, 6.96868206303e-24, 4.28952899089e-24, 4.872918846e-24, 4.4815180137e-24, 5.26493617311e-24, 5.40693271377e-24, 5.1956556474e-24, 4.31661886881e-24, 5.37439693459e-24, 5.91527428666e-24, 6.23676626554e-24, 5.82288960276e-24, 7.03788804138e-24, 6.50014720027e-24, 5.19899686776e-24, 6.17810380762e-24, 6.20097170197e-24, 6.01755680834e-24, 8.06582271026e-24, 6.79140845155e-24, 7.33343793497e-24],
        "var": [3.07971131406e-05, 3.93569207517e-05, 2.27381156037e-06, 6.35218975731e-06, 4.4949013045e-07, 1.53949685e-07, 9.53075485199e-08, 1.72329222892e-07, 8.86027180513e-08, 1.74167009703e-08, 5.09912201352e-09, 9.36224697767e-09, 6.82988883227e-08, 7.32588247843e-08, 1.45156718645e-07, 4.91831769978e-07, 4.15982839286e-08, 7.14784178513e-08, 1.8833030424e-07, 4.79205795045e-08, 1.40605760368e-09, 4.18357258558e-11, 1.75592543977e-11, 4.09660014244e-11, 6.88951543384e-12, 1.10933371864e-11, 4.54305981723e-10, 3.20225139808e-12, 4.82950875472e-12, 2.96444075884e-12, 1.47089220144e-12, 3.43190276544e-12, 8.80178742391e-13, 8.32766744018e-13, 1.09611300071e-12, 7.2226041337e-13, 6.57416070367e-13, 5.7722836927e-13, 6.51549506622e-13, 4.8248709715e-13]
    },
    "mfcc": {
        "mean": [-754.959289551, 163.64289856, 21.0386123657, 16.1581993103, 14.8149785995, 14.4166145325, 1.74346637726, -4.3533821106, -2.52559232712, 0.936500549316, 0.584904193878, -1.5870398283, 0.895938336849],
        "cov": [[15260.359375, -1227.29931641, -1536.93798828, -340.008300781, -140.044555664, 108.255554199, 218.161483765, 176.853622437, 178.217636108, -117.11328125, -103.543151855, 157.879425049, 241.713638306], [-1227.29931641, 1538.7298584, -112.188018799, 37.3381347656, 39.349937439, 49.8450431824, -83.9536132812, -71.1589202881, -48.5692939758, 71.8895492554, 18.5114402771, -112.465942383, -95.7668685913], [-1536.93798828, -112.188018799, 908.690979004, 91.3753051758, 181.720733643, 44.4690704346, 87.4355773926, -23.721326828, 1.36966359615, -72.5134506226, 28.1882781982, 105.673065186, -12.4040145874], [-340.008300781, 37.3381347656, 91.3753051758, 229.87512207, 57.3751220703, 40.1552581787, -23.4802913666, -9.84531211853, 10.9566316605, 31.791179657, -11.6113901138, -42.8264083862, 2.69038534164], [-140.044555664, 39.349937439, 181.720733643, 57.3751220703, 237.224395752, 132.059570312, 73.2187042236, -27.6703224182, 28.4267616272, 30.0402774811, 21.8673419952, -5.38520860672, -24.6491565704], [108.255554199, 49.8450431824, 44.4690704346, 40.1552581787, 132.059570312, 176.802215576, 63.6099624634, -18.4723491669, 5.89817428589, 48.2634315491, 26.7375488281, -21.5570964813, -31.5302124023], [218.161483765, -83.9536132812, 87.4355773926, -23.4802913666, 73.2187042236, 63.6099624634, 150.106246948, 40.1428108215, -4.17494535446, -24.5781917572, 33.60105896, 46.5684280396, -14.8648109436], [176.853622437, -71.1589202881, -23.721326828, -9.84531211853, -27.6703224182, -18.4723491669, 40.1428108215, 101.340744019, 23.4905395508, -25.9967060089, -11.8882675171, 26.3364753723, 30.8353977203], [178.217636108, -48.5692939758, 1.36966359615, 10.9566316605, 28.4267616272, 5.89817428589, -4.17494535446, 23.4905395508, 105.926315308, 46.0269813538, -36.2390060425, -38.4735374451, 30.929693222], [-117.11328125, 71.8895492554, -72.5134506226, 31.791179657, 30.0402774811, 48.2634315491, -24.5781917572, -25.9967060089, 46.0269813538, 160.424972534, 21.7021121979, -114.417655945, -39.7958984375], [-103.543151855, 18.5114402771, 28.1882781982, -11.6113901138, 21.8673419952, 26.7375488281, 33.60105896, -11.8882675171, -36.2390060425, 21.7021121979, 157.295501709, 85.3207550049, -97.374961853], [157.879425049, -112.465942383, 105.673065186, -42.8264083862, -5.38520860672, -21.5570964813, 46.5684280396, 26.3364753723, -38.4735374451, -114.417655945, 85.3207550049, 242.77545166, 20.3425502777], [241.713638306, -95.7668685913, -12.4040145874, 2.69038534164, -24.6491565704, -31.5302124023, -14.8648109436, 30.8353977203, 30.929693222, -39.7958984375, -97.374961853, 20.3425502777, 178.517822266]],
