{
"lowlevel": {
    "average_loudness": 0.351592481136,
    "barkbands_crest": {
        "dmean": 2.08286738396,
        "dmean2": 3.37890315056,
        "dvar": 4.69444179535,
        "dvar2": 12.4155740738,
        "max": 26.5616264343,
        "mean": 13.1818733215,
        "median": 12.3766298294,
        "min": 3.76873540878,
        "var": 19.5075836182
    },
    "barkbands_flatness_db": {
        "dmean": 0.0172420423478,
        "dmean2": 0.0273543596268,
        "dvar": 0.00030365595012,
        "dvar2": 0.000778391840868,
        "max": 0.480090618134,
        "mean": 0.256733059883,
        "median": 0.252473205328,
        "min": 0.0334474034607,
        "var": 0.00246700062416
    },
    "barkbands_kurtosis": {
        "dmean": 3.63821434975,
        "dmean2": 5.68331956863,
        "dvar": 57.1298027039,
        "dvar2": 132.391189575,
        "max": 255.540527344,
        "mean": 8.658452034,
        "median": 5.84093761444,
        "min": -1.84899675846,
        "var": 139.319152832
    },
    "barkbands_skewness": {
        "dmean": 0.449033409357,
        "dmean2": 0.699374377728,
        "dvar": 0.301532298326,
        "dvar2": 0.721533358097,
        "max": 11.7477436066,
        "mean": 2.09650301933,
        "median": 1.95667159557,
        "min": -1.94516515732,
        "var": 1.48779273033
    },
    "barkbands_spread": {
        "dmean": 1.36402785778,
        "dmean2": 2.13547921181,
        "dvar": 2.5756521225,
        "dvar2": 6.21157598495,
        "max": 60.889919281,
        "mean": 6.9198756218,
        "median": 6.14980745316,
        "min": 0.349468439817,
        "var": 15.3986587524
    },
    "dissonance": {
        "dmean": 0.0280066225678,
        "dmean2": 0.0473847202957,
        "dvar": 0.000654215633404,
        "dvar2": 0.0017945204163,
        "max": 0.500000059605,
        "mean": 0.425566107035,
        "median": 0.432083666325,
        "min": 0.204813525081,
        "var": 0.00179230526555
    },
    "dynamic_complexity": 2.07105517387,
    "erbbands_crest": {
        "dmean": 2.46676063538,
        "dmean2": 3.975887537,
        "dvar": 6.25148010254,
        "dvar2": 15.4845180511,
        "max": 31.7949447632,
        "mean": 12.3788051605,
        "median": 11.6919574738,
        "min": 2.79244208336,
        "var": 23.8924617767
    },
    "erbbands_flatness_db": {
        "dmean": 0.0139993820339,
        "dmean2": 0.0219101458788,
        "dvar": 0.000237568892771,
        "dvar2": 0.000577622267883,
        "max": 0.413899481297,
        "mean": 0.243859678507,
        "median": 0.241295814514,
        "min": 0.0680883005261,
        "var": 0.00110060919542
    },
    "erbbands_kurtosis": {
        "dmean": 1.45460724831,
        "dmean2": 2.38298654556,
        "dvar": 7.84746313095,
        "dvar2": 20.3571014404,
        "max": 80.6703262329,
        "mean": 1.76836383343,
        "median": 0.699970722198,
        "min": -1.78314757347,
        "var": 14.4477138519
    },
    "erbbands_skewness": {
        "dmean": 0.380643934011,
        "dmean2": 0.598798573017,
        "dvar": 0.187839150429,
        "dvar2": 0.461158782244,
        "max": 7.68675327301,
        "mean": 0.845042645931,
        "median": 0.771812081337,
        "min": -4.01424694061,
        "var": 0.961957335472
    },
    "erbbands_spread": {
        "dmean": 3.34009552002,
        "dmean2": 5.29303073883,
        "dvar": 11.1809444427,
        "dvar2": 28.3785667419,
        "max": 71.0913848877,
        "mean": 20.8239955902,
        "median": 20.3186397552,
        "min": 2.01369953156,
        "var": 65.0505218506
    },
    "hfc": {
        "dmean": 2.90267324448,
        "dmean2": 4.4978260994,
        "dvar": 16.9255313873,
        "dvar2": 40.3607177734,
        "max": 85.130859375,
        "mean": 12.5628948212,
        "median": 10.0318288803,
        "min": 1.14042424906e-16,
        "var": 74.066619873
    },
    "melbands_crest": {
        "dmean": 2.37057304382,
        "dmean2": 3.81033349037,
        "dvar": 5.61082935333,
        "dvar2": 14.6606292725,
        "max": 32.7249145508,
        "mean": 16.4570407867,
        "median": 15.8787126541,
        "min": 2.4482254982,
        "var": 26.044002533
    },
    "melbands_flatness_db": {
        "dmean": 0.0178240835667,
        "dmean2": 0.0277470033616,
        "dvar": 0.000343138992321,
        "dvar2": 0.000865469570272,
        "max": 0.593303263187,
        "mean": 0.348608285189,
        "median": 0.345394313335,
        "min": 0.00582746509463,
        "var": 0.00352285522968
    },
    "melbands_kurtosis": {
        "dmean": 4.82982587814,
        "dmean2": 7.59909582138,
        "dvar": 62.8445854187,
        "dvar2": 152.203781128,
        "max": 161.808349609,
        "mean": 13.8063306808,
        "median": 10.2543830872,
        "min": -1.84931707382,
        "var": 199.080871582
    },
    "melbands_skewness": {
        "dmean": 0.495837271214,
        "dmean2": 0.774304866791,
        "dvar": 0.289039164782,
        "dvar2": 0.728148639202,
        "max": 9.09188365936,
        "mean": 2.60588717461,
        "median": 2.45894479752,
        "min": -0.562450647354,
        "var": 1.62595665455
    },
    "melbands_spread": {
        "dmean": 1.61224126816,
        "dmean2": 2.47115492821,
        "dvar": 4.95393800735,
        "dvar2": 9.15256214142,
        "max": 143.457443237,
        "mean": 7.73043870926,
        "median": 6.62357139587,
        "min": 0.567060053349,
        "var": 25.8886203766
    },
    "pitch_salience": {
        "dmean": 0.0597669705749,
        "dmean2": 0.0987006127834,
        "dvar": 0.00336802238598,
        "dvar2": 0.00898349750787,
        "max": 0.901385724545,
        "mean": 0.483761101961,
        "median": 0.485795646906,
        "min": 0.0991862043738,
        "var": 0.0150941237807
    },
    "silence_rate_20dB": {
        "dmean": 0,
        "dmean2": 0,
        "dvar": 0,
        "dvar2": 0,
        "max": 1,
        "mean": 1,
        "median": 1,
        "min": 1,
        "var": 0
    },
    "silence_rate_30dB": {
        "dmean": 0.0248055774719,
        "dmean2": 0.0496144816279,
        "dvar": 0.0241875573993,
        "dvar2": 0.0564049184322,
        "max": 1,
        "mean": 0.926861941814,
        "median": 1,
        "min": 0,
        "var": 0.0677995383739
    },
    "silence_rate_60dB": {
        "dmean": 0.000804505252745,
        "dmean2": 0.00160911830608,
        "dvar": 0.000803933944553,
        "dvar2": 0.00214250269346,
        "max": 1,
        "mean": 0.000737413705792,
        "median": 0,
        "min": 0,
        "var": 0.000736805784982
    },
    "spectral_centroid": {
        "dmean": 55.7235107422,
        "dmean2": 87.5614547729,
        "dvar": 8735.82226562,
        "dvar2": 11982.3837891,
        "max": 11176.0449219,
        "mean": 487.512054443,
        "median": 459.162353516,
        "min": 158.229949951,
        "var": 35737.5078125
    },
    "spectral_complexity": {
        "dmean": 1.62523460388,
        "dmean2": 2.705732584,
        "dvar": 1.85291194916,
        "dvar2": 4.73576211929,
        "max": 24,
        "mean": 11.989274025,
        "median": 12,
        "min": 0,
        "var": 10.6746759415
    },
    "spectral_decrease": {
        "dmean": 2.42823938734e-09,
        "dmean2": 3.74769815181e-09,
        "dvar": 1.09869197799e-17,
        "dvar2": 2.852983983e-17,
        "max": 4.78521097973e-29,
        "mean": -1.13792317791e-08,
        "median": -8.57362536522e-09,
        "min": -6.71793003448e-08,
        "var": 7.96223345041e-17
    },
    "spectral_energy": {
        "dmean": 0.00940652564168,
        "dmean2": 0.0145248053595,
        "dvar": 0.000164392957231,
        "dvar2": 0.000425904203439,
        "max": 0.257594436407,
        "mean": 0.0440873093903,
        "median": 0.0334104448557,
        "min": 1.05074208663e-20,
        "var": 0.00117551826406
    },
    "spectral_energyband_high": {
        "dmean": 1.09829197754e-05,
        "dmean2": 1.78837726708e-05,
        "dvar": 5.99625349373e-10,
        "dvar2": 1.55508961264e-09,
        "max": 0.000370128662325,
        "mean": 2.11673468584e-05,
        "median": 1.38679315569e-05,
        "min": 7.44050899696e-21,
        "var": 7.17707338005e-10
    },
    "spectral_energyband_low": {
        "dmean": 0.00338600575924,
        "dmean2": 0.0046764574945,
        "dvar": 5.84902372793e-05,
        "dvar2": 0.000184657983482,
        "max": 0.233902022243,
        "mean": 0.0219468101859,
        "median": 0.0110968928784,
        "min": 9.64861894736e-23,
        "var": 0.000806246360298
    },
    "spectral_energyband_middle_high": {
        "dmean": 0.000712520151865,
        "dmean2": 0.000950657005887,
        "dvar": 2.2587314561e-06,
        "dvar2": 4.16231387135e-06,
        "max": 0.0583294257522,
        "mean": 0.00301305949688,
        "median": 0.00150914397091,
        "min": 1.51632051265e-21,
        "var": 1.47595310409e-05
    },
    "spectral_energyband_middle_low": {
        "dmean": 0.00750755704939,
        "dmean2": 0.0118961762637,
        "dvar": 0.000122314348118,
        "dvar2": 0.000281262327917,
        "max": 0.145399257541,
        "mean": 0.0202471818775,
        "median": 0.0151217849925,
        "min": 2.24497696722e-22,
        "var": 0.000269481650321
    },
    "spectral_entropy": {
        "dmean": 0.145043194294,
        "dmean2": 0.235956072807,
        "dvar": 0.0224419366568,
        "dvar2": 0.055759459734,
        "max": 9.7998456955,
        "mean": 6.42751455307,
        "median": 6.45600509644,
        "min": 4.45835590363,
        "var": 0.146204680204
    },
    "spectral_flux": {
        "dmean": 0.0227790176868,
        "dmean2": 0.0372636429965,
        "dvar": 0.000938827171922,
        "dvar2": 0.00235624075867,
        "max": 0.294073015451,
        "mean": 0.0613977462053,
        "median": 0.0507284998894,
        "min": 1.05767582192e-10,
        "var": 0.00134169124067
    },
    "spectral_kurtosis": {
        "dmean": 6.62974071503,
        "dmean2": 11.58664608,
        "dvar": 35.4279212952,
        "dvar2": 103.708709717,
        "max": 70.2549972534,
        "mean": 17.0169734955,
        "median": 15.0337142944,
        "min": -1.15053331852,
        "var": 77.7479705811
    },
    "spectral_rms": {
        "dmean": 0.000706045306288,
        "dmean2": 0.00108768756036,
        "dvar": 7.05169156845e-07,
        "dvar2": 1.78096900072e-06,
        "max": 0.015852810815,
        "mean": 0.00612489879131,
        "median": 0.00570925185457,
        "min": 3.20174052201e-12,
        "var": 5.49761080038e-06
    },
    "spectral_rolloff": {
        "dmean": 83.6300811768,
        "dmean2": 145.188903809,
        "dvar": 45033.4648438,
        "dvar2": 63263.3320312,
        "max": 18798.4863281,
        "mean": 500.361206055,
        "median": 409.130859375,
        "min": 86.1328125,
        "var": 128838.484375
    },
    "spectral_skewness": {
        "dmean": 0.481990754604,
        "dmean2": 0.837502539158,
        "dvar": 0.167640030384,
        "dvar2": 0.493232399225,
        "max": 6.83723402023,
        "mean": 2.94190764427,
        "median": 2.82523727417,
        "min": -0.0639445409179,
        "var": 0.551585376263
    },
    "spectral_spread": {
        "dmean": 293947.71875,
        "dmean2": 482147.875,
        "dvar": 251313225728,
        "dvar2": 370768740352,
        "max": 47126868,
        "mean": 2251117,
        "median": 2169920,
        "min": 1083009.75,
        "var": 451340238848
    },
    "spectral_strongpeak": {
        "dmean": 0.34591460228,
        "dmean2": 0.581501245499,
        "dvar": 0.344640523195,
        "dvar2": 0.834280967712,
        "max": 9.55337619781,
        "mean": 0.986436247826,
        "median": 0.684754669666,
        "min": 0,
        "var": 0.716256916523
    },
    "zerocrossingrate": {
        "dmean": 0.00255434331484,
        "dmean2": 0.00329052121378,
        "dvar": 2.94399469567e-05,
        "dvar2": 3.58901415893e-05,
        "max": 0.49462890625,
        "mean": 0.0201666336507,
        "median": 0.01904296875,
        "min": 0.0029296875,
        "var": 9.71046392806e-05
    },
    "barkbands": {
        "dmean": [0.000288938317681, 0.00139832682908, 0.00208972464316, 0.000574728939682, 0.00434811972082, 0.00282270647585, 0.0012785004219, 0.000385234510759, 0.000236305510043, 0.000207294739084, 0.000288710085442, 0.000113202200737, 0.000256220722804, 9.19875019463e-05, 7.05471611582e-05, 3.75211784558e-05, 2.8588290661e-05, 1.28022829813e-05, 1.01515761344e-05, 7.88961642684e-06, 3.98927249989e-06, 1.54985377776e-06, 1.5098376025e-06, 1.40390125125e-06, 9.97134634417e-07, 4.03856148523e-07, 2.8531681906e-08],
        "dmean2": [0.000515881052706, 0.00170544884168, 0.00306253880262, 0.000889699847903, 0.00662412121892, 0.00488366745412, 0.00210203533061, 0.000581108324695, 0.0002904139983, 0.000267499563051, 0.000361590151442, 0.000161778749316, 0.000365358311683, 0.000135213835165, 0.000110801091068, 6.01652827754e-05, 4.68082653242e-05, 2.1511425075e-05, 1.53082110046e-05, 1.19758851724e-05, 6.30905969956e-06, 2.65481230599e-06, 2.63807760348e-06, 2.38467259805e-06, 1.74677552423e-06, 6.90599222253e-07, 5.03512751493e-08],
        "dvar": [2.36843490597e-07, 1.03126358226e-05, 4.12219742429e-05, 1.43026477417e-06, 7.57975212764e-05, 3.92273650505e-05, 1.16882902148e-05, 1.13999215046e-06, 9.9707631307e-07, 3.36052238481e-07, 5.29096041646e-07, 1.43805962693e-07, 1.35959908221e-06, 4.33975806402e-08, 1.58849911003e-08, 3.56563512049e-09, 1.43109835093e-09, 4.25612045607e-10, 5.35355981768e-10, 4.00130290013e-10, 9.26927840039e-11, 1.85116644236e-11, 1.33998593471e-11, 1.24006976562e-11, 1.34969752388e-11, 2.12317468294e-12, 1.71649481873e-14],
        "dvar2": [6.80041580381e-07, 1.86112447409e-05, 0.000144199701026, 3.74102728529e-06, 0.000149145053001, 0.000110506058263, 3.3944947063e-05, 2.81945494862e-06, 1.34685626563e-06, 5.04502907006e-07, 7.68171219079e-07, 2.75916079318e-07, 2.61195668827e-06, 8.7111772018e-08, 3.30249285696e-08, 8.71825278637e-09, 3.58667051614e-09, 1.15637477371e-09, 8.85543693929e-10, 9.3509977539e-10, 2.2627485996e-10, 4.84782630705e-11, 3.65609140185e-11, 3.25441375237e-11, 3.81410771022e-11, 5.83732845047e-12, 4.87125361478e-14],
        "max": [0.00788683723658, 0.171957343817, 0.199594050646, 0.0308238565922, 0.137219160795, 0.0943919792771, 0.0743548646569, 0.031465228647, 0.0557104274631, 0.0229583028704, 0.0270055867732, 0.015794293955, 0.0386087298393, 0.00744760315865, 0.00424717785791, 0.00151991890743, 0.000592666561715, 0.000488323508762, 0.00188368884847, 0.000970994879026, 0.000234366918448, 0.00011880906095, 5.23676317243e-05, 5.71077835048e-05, 5.96156132815e-05, 2.68962721748e-05, 4.00458748118e-06],
        "mean": [0.000282896042336, 0.0120186619461, 0.00860502291471, 0.00179744511843, 0.00783637259156, 0.00561870308593, 0.00276505597867, 0.00104444997851, 0.0009694879991, 0.000687248713803, 0.000934477022383, 0.000300501909805, 0.000609143578913, 0.000230042438488, 0.000159345348948, 7.5420284702e-05, 6.03399421379e-05, 2.72322959063e-05, 2.84078323602e-05, 2.16654825635e-05, 7.47439980842e-06, 2.48180299423e-06, 1.85522503671e-06, 1.75939442215e-06, 1.14577210297e-06, 5.29316366737e-07, 2.96357534069e-08],
        "median": [0.000119859454571, 0.00230392767116, 0.00337838893756, 0.000886778580025, 0.00360552826896, 0.00292420620099, 0.00104966468643, 0.000302146392642, 0.000161227537319, 0.000178544069058, 0.000159707138664, 9.3589653261e-05, 0.000116059920401, 8.02548674983e-05, 8.38937558001e-05, 4.95237072755e-05, 4.18370327679e-05, 1.8003376681e-05, 1.41174523378e-05, 8.44013356982e-06, 4.22671882916e-06, 1.30615887883e-06, 6.4057326199e-07, 5.36149116215e-07, 3.23585453543e-07, 1.32135923536e-07, 4.40314407157e-09],
        "min": [1.10704302096e-24, 9.75804215907e-24, 1.81584452339e-23, 2.7710411681e-23, 1.81626672175e-23, 1.52741078626e-23, 8.18810041042e-23, 3.77086367422e-23, 2.61201469822e-23, 5.15914274708e-23, 3.34092659226e-23, 8.72357982397e-23, 5.48934098934e-23, 5.8846196252e-23, 1.66325465362e-22, 8.29293939364e-23, 1.04838440479e-22, 1.20518622381e-22, 1.6846110747e-22, 3.53474157563e-22, 3.47719713871e-22, 4.17877418198e-22, 6.02173299064e-22, 7.89316702741e-22, 1.15134968558e-21, 1.65279632702e-21, 2.17752085275e-21],
        "var": [2.1558533092e-07, 0.000541733228602, 0.000201263537747, 5.88573129789e-06, 0.00016655222862, 6.30525246379e-05, 2.26338361244e-05, 6.74612874718e-06, 1.22463943626e-05, 3.31899650519e-06, 5.13462327945e-06, 7.74099135015e-07, 5.04762874698e-06, 1.81681159006e-07, 6.30316492334e-08, 7.8658999314e-09, 3.70133923511e-09, 1.1265408606e-09, 5.46394041123e-09, 2.73681943774e-09, 1.26041746484e-10, 1.86248499262e-11, 1.15162965969e-11, 1.26077568524e-11, 9.35734736224e-12, 1.81130750589e-12, 1.36021158529e-14]
    },
    "erbbands": {
        "dmean": [0.0263794679195, 0.394516557455, 2.08511853218, 2.11201429367, 3.49045205116, 19.9554615021, 21.0908546448, 25.9433917999, 19.4795665741, 18.1813144684, 4.51805925369, 4.23322153091, 7.43379926682, 6.6104054451, 10.7321062088, 5.69163608551, 12.1535148621, 5.60626029968, 2.92977237701, 3.42916703224, 1.85861515999, 1.12078917027, 0.792094409466, 0.495664894581, 0.510880827904, 0.375441282988, 0.207947671413, 0.127457395196, 0.0588093921542, 0.0458104833961, 0.0394562520087, 0.0340683199465, 0.0206586886197, 0.0122858723626, 0.00640468625352, 0.00229834509082, 0.000644676270895, 0.000106779349153, 6.50706897432e-06, 1.04094260678e-05],
        "dmean2": [0.0316534116864, 0.499381810427, 3.02863621712, 3.17499446869, 5.47186279297, 30.8211555481, 32.0536842346, 45.7326965332, 33.6577415466, 28.3799953461, 6.27049016953, 5.29456996918, 9.24715709686, 8.36503124237, 13.5930404663, 8.13143730164, 17.3208580017, 8.18409919739, 4.41199016571, 5.55612373352, 3.01374673843, 1.81690442562, 1.3262912035, 0.796704113483, 0.753793537617, 0.566397368908, 0.333347886801, 0.201803430915, 0.0995057672262, 0.0796968713403, 0.0681681185961, 0.0577964410186, 0.0357737243176, 0.0214351415634, 0.0111258802935, 0.00392610020936, 0.00109737203456, 0.000183828728041, 1.04421960714e-05, 1.60724466696e-05],
        "dvar": [0.0041501536034, 0.72954249382, 32.3903160095, 26.2059745789, 53.3620986938, 1845.1340332, 1526.39807129, 4073.72827148, 2542.59277344, 2799.81469727, 132.185211182, 235.888137817, 587.490600586, 161.457580566, 738.861450195, 313.714111328, 3118.89916992, 144.686691284, 57.6345062256, 21.9060993195, 7.17071485519, 2.40284514427, 1.35475087166, 0.669319450855, 1.91730666161, 0.775546431541, 0.261328577995, 0.121351100504, 0.0258890967816, 0.0129562132061, 0.00869903434068, 0.00663396762684, 0.00341059919447, 0.00174677011091, 0.000659431447275, 8.17730033305e-05, 5.22729897057e-06, 1.31500826228e-07, 2.35612113153e-10, 2.00495620106e-10],
        "dvar2": [0.00536912865937, 1.43450844288, 106.381278992, 92.3640365601, 119.387252808, 3736.39208984, 3250.61035156, 11541.0058594, 7732.47753906, 7514.81884766, 237.948059082, 331.847747803, 810.547729492, 234.905792236, 1183.6940918, 626.551452637, 5930.27392578, 290.314575195, 111.518157959, 56.0937995911, 18.1522636414, 5.92293262482, 3.60836744308, 1.59212815762, 2.97003626823, 1.69738936424, 0.657931923866, 0.291259735823, 0.0663100704551, 0.0352428667247, 0.0235427971929, 0.0172187164426, 0.00936064124107, 0.0048977243714, 0.00186007516459, 0.000228090153541, 1.3980183212e-05, 3.55444200295e-07, 6.55737020239e-10, 5.18357023971e-10],
        "max": [4.72231245041, 39.3651542664, 197.767074585, 111.40322113, 121.581260681, 624.131591797, 536.801208496, 1089.73461914, 809.51763916, 1045.76428223, 623.63659668, 683.733093262, 1244.875, 335.917541504, 888.007995605, 615.156677246, 1822.96142578, 401.648620605, 275.495727539, 71.7883834839, 73.7859802246, 31.3425121307, 31.4867191315, 36.4053726196, 118.252960205, 37.6326179504, 13.6889724731, 6.28315162659, 4.93704175949, 2.23750472069, 1.19159591198, 1.56415998936, 0.919089853764, 0.627163767815, 0.533098995686, 0.165634319186, 0.0497901253402, 0.00566991092637, 0.000658464967273, 0.000280832900899],
        "mean": [0.246049046516, 3.14278411865, 9.37486362457, 8.52449798584, 7.09178972244, 32.8992729187, 42.4606018066, 50.5816726685, 42.8423728943, 41.5695304871, 13.9942941666, 16.2898635864, 31.1485977173, 21.694437027, 35.5961418152, 16.093454361, 29.5902423859, 14.9289045334, 8.12057685852, 7.23061752319, 4.28769397736, 2.72749400139, 1.85147428513, 1.27641367912, 1.55067896843, 1.09193897247, 0.411856174469, 0.225034236908, 0.0986548140645, 0.0649007260799, 0.0509537160397, 0.0427915491164, 0.0248150788248, 0.0141507452354, 0.0074592451565, 0.00299680465832, 0.000842024979647, 0.000131980108563, 2.38073625951e-05, 4.88051700813e-05],
        "median": [0.0194436553866, 0.807516038418, 4.95880937576, 5.08650445938, 3.9634001255, 13.4787530899, 21.2570304871, 25.1239452362, 17.6634960175, 12.2607269287, 5.63043069839, 4.26111125946, 6.1140871048, 8.13226318359, 8.12027359009, 6.17873477936, 6.42354059219, 5.74672698975, 3.71392536163, 4.83807516098, 3.02326893806, 1.86335372925, 1.35010790825, 0.867173135281, 0.670651972294, 0.457605987787, 0.243674501777, 0.114170543849, 0.0535355769098, 0.0287814605981, 0.0174454711378, 0.0121217276901, 0.00770947197452, 0.00420959480107, 0.00193668145221, 0.000769402075093, 0.000214107014472, 2.94407764159e-05, 1.75011355168e-05, 3.71918104065e-05],
        "min": [2.28302202474e-22, 2.98837292809e-21, 2.02232670449e-20, 8.37735889534e-20, 4.20963910579e-20, 5.98176112332e-20, 2.29744090161e-19, 1.56460204738e-19, 8.80085636966e-19, 9.36889267003e-19, 1.06766497088e-18, 5.93339600215e-19, 9.07559924024e-19, 1.59563750207e-18, 2.34733529879e-18, 3.41801617019e-18, 2.56175747077e-18, 3.42486108976e-18, 5.45989620943e-18, 6.50997635447e-18, 4.8188614268e-18, 5.30561916698e-18, 6.13819216994e-18, 7.69864854319e-18, 1.50998032334e-17, 1.44383035889e-17, 1.2592642785e-17, 1.29487001982e-17, 1.27185686256e-17, 1.85487907001e-17, 1.5307314725e-17, 1.69592936699e-17, 1.33083186238e-17, 1.24599514342e-17, 8.21740907409e-18, 5.57159826576e-18, 3.28615220681e-18, 1.31922631159e-18, 3.14992548609e-19, 2.94418395426e-20],
        "var": [0.339697986841, 31.4707870483, 219.514770508, 120.428031921, 106.628631592, 3695.09985352, 3497.07470703, 6529.54492188, 5240.17236328, 6437.97509766, 1098.36889648, 2315.53100586, 7048.55273438, 1358.10876465, 6113.70507812, 1465.58789062, 11728.6123047, 611.437194824, 253.838241577, 52.6367683411, 18.1491317749, 7.63866996765, 3.6429028511, 2.89638447762, 21.8831977844, 5.54912471771, 0.380791813135, 0.153218656778, 0.0283830594271, 0.0118511775509, 0.00824562925845, 0.00715373083949, 0.00282434886321, 0.00126039329916, 0.00046400912106, 6.45022446406e-05, 4.78034007756e-06, 1.29986446495e-07, 4.25544349758e-10, 1.40931266657e-09]
    },
    "gfcc": {
        "mean": [-66.5141220093, 175.034362793, -115.061286926, 12.005402565, -42.0734214783, -6.40162229538, -36.2607803345, -10.1338424683, -22.3080463409, -4.33959197998, -3.51842021942, -6.12282657623, 0.246112957597],
        "cov": [[1725.7911377, -196.714706421, 124.450706482, -8.67764568329, 76.6280136108, 279.4168396, 136.470031738, 250.315170288, -13.2401819229, 230.988052368, 23.1810932159, 46.2835159302, -107.068489075], [-196.714706421, 662.768005371, 255.609909058, 180.408615112, 332.376922607, 68.9758300781, 288.299591064, 64.3020629883, 158.015304565, -47.974937439, 106.368873596, -55.3739814758, 111.584709167], [124.450706482, 255.609909058, 511.395843506, 147.448669434, 206.243881226, 194.192260742, 159.712249756, 109.084152222, 111.14691925, 62.8930892944, 84.0569534302, -8.15184402466, 30.8346729279], [-8.67764568329, 180.408615112, 147.448669434, 226.004577637, 164.960968018, 67.8357696533, 106.779121399, 14.690823555, 69.8031997681, -8.09147644043, 52.3625831604, -15.115275383, 22.331111908], [76.6280136108, 332.376922607, 206.243881226, 164.960968018, 399.580322266, 153.917114258, 230.377532959, 93.8838653564, 69.0906677246, 80.5940933228, 88.5531311035, -8.22683620453, 20.4596424103], [279.4168396, 68.9758300781, 194.192260742, 67.8357696533, 153.917114258, 217.077438354, 131.879623413, 114.80406189, 46.6538658142, 88.645942688, 63.0569419861, -1.40596044064, -12.6927080154], [136.470031738, 288.299591064, 159.712249756, 106.779121399, 230.377532959, 131.879623413, 289.549530029, 132.015060425, 82.9051742554, 44.6357002258, 72.0836029053, 0.829588711262, 56.5250701904], [250.315170288, 64.3020629883, 109.084152222, 14.690823555, 93.8838653564, 114.80406189, 132.015060425, 195.363113403, 70.1068115234, 78.6117858887, 40.4044342041, 2.8098180294, 0.477296829224], [-13.2401819229, 158.015304565, 111.14691925, 69.8031997681, 69.0906677246, 46.6538658142, 82.9051742554, 70.1068115234, 136.335632324, 22.8654632568, 40.9131851196, -15.5125932693, 31.220331192], [230.988052368, -47.974937439, 62.8930892944, -8.09147644043, 80.5940933228, 88.645942688, 44.6357002258, 78.6117858887, 22.8654632568, 148.86289978, 51.4669952393, 29.0696601868, -22.2204608917], [23.1810932159, 106.368873596, 84.0569534302, 52.3625831604, 88.5531311035, 63.0569419861, 72.0836029053, 40.4044342041, 40.9131851196, 51.4669952393, 141.98866272, 38.5398178101, 55.5315170288], [46.2835159302, -55.3739814758, -8.15184402466, -15.115275383, -8.22683620453, -1.40596044064, 0.829588711262, 2.8098180294, -15.5125932693, 29.0696601868, 38.5398178101, 81.873664856, 37.8888626099], [-107.068489075, 111.584709167, 30.8346729279, 22.331111908, 20.4596424103, -12.6927080154, 56.5250701904, 0.477296829224, 31.220331192, -22.2204608917, 55.5315170288, 37.8888626099, 119.923126221]],
        "icov": [[0.00102067028638, -0.000346068962244, 0.000197496658075, -0.000540774082765, 0.000834138656501, -0.00109913770575, -0.00015169334074, -0.000869634561241, 0.000905770983081, -0.00122017844114, 0.00062420492759, -0.000755673390813, 0.000587321876083], [-0.000346068962244, 0.0104788374156, -0.00241146795452, 0.00350786722265, -0.007172644604, 0.00497153680772, -0.00559680582955, 0.00268834736198, -0.00647109933197, 0.00733715668321, -0.00495080370456, 0.00666894670576, -0.002485495992], [0.000197496658075, -0.00241146795452, 0.00421490520239, -0.00174303352833, 0.00119744159747, -0.0040581766516, 0.00180225993972, -0.000751639076043, 9.16470889933e-05, -0.00154989445582, 0.00132811209187, -0.00152161438018, -0.000264634465566], [-0.000540774082765, 0.00350786722265, -0.00174303352833, 0.0102100744843, -0.00553025025874, 0.00120311696082, -0.00238962168805, 0.00361791602336, -0.00591810746118, 0.00623897276819, -0.00349086802453, 0.00171184784267, 0.000755276938435], [0.000834138656501, -0.007172644604, 0.00119744159747, -0.00553025025874, 0.0120994849131, -0.00422298535705, -0.000685540842824, -0.00116799608804, 0.00622331630439, -0.00852769706398, 0.00279064639471, -0.00330127170309, 0.0025076570455], [-0.00109913770575, 0.00497153680772, -0.0040581766516, 0.00120311696082, -0.00422298535705, 0.0152982324362, -0.00459612486884, -0.000975599046797, -0.00142021372449, 0.00130934710614, -0.00493484828621, 0.00479854876176, 0.00110350432806], [-0.00015169334074, -0.00559680582955, 0.00180225993972, -0.00238962168805, -0.000685540842824, -0.00459612486884, 0.0136674931273, -0.00580765353516, 0.00259878765792, -0.00182606268208, 0.00321007613093, -0.00287922425196, -0.00332637247629], [-0.000869634561241, 0.00268834736198, -0.000751639076043, 0.00361791602336, -0.00116799608804, -0.000975599046797, -0.00580765353516, 0.0130510181189, -0.00637109484524, 6.78045907989e-05, -0.00125057750847, 0.00134447147138, 0.000848697323818], [0.000905770983081, -0.00647109933197, 9.16470889933e-05, -0.00591810746118, 0.00622331630439, -0.00142021372449, 0.00259878765792, -0.00637109484524, 0.0181034263223, -0.00780222844332, 0.00221026898362, 0.000891285657417, -0.00196705246344], [-0.00122017844114, 0.00733715668321, -0.00154989445582, 0.00623897276819, -0.00852769706398, 0.00130934710614, -0.00182606268208, 6.78045907989e-05, -0.00780222844332, 0.0207967795432, -0.00735329883173, -0.00115646340419, 0.00342926336452], [0.00062420492759, -0.00495080370456, 0.00132811209187, -0.00349086802453, 0.00279064639471, -0.00493484828621, 0.00321007613093, -0.00125057750847, 0.00221026898362, -0.00735329883173, 0.015760557726, -0.00643612071872, -0.00423658732325], [-0.000755673390813, 0.00666894670576, -0.00152161438018, 0.00171184784267, -0.00330127170309, 0.00479854876176, -0.00287922425196, 0.00134447147138, 0.000891285657417, -0.00115646340419, -0.00643612071872, 0.0251997839659, -0.00981229543686], [0.000587321876083, -0.002485495992, -0.000264634465566, 0.000755276938435, 0.0025076570455, 0.00110350432806, -0.00332637247629, 0.000848697323818, -0.00196705246344, 0.00342926336452, -0.00423658732325, -0.00981229543686, 0.0185659974813]]
    },
    "melbands": {
        "dmean": [0.000317244237522, 0.000882874883246, 0.000383973994758, 0.000742707226891, 0.000870198069606, 0.000571029959247, 0.000291287782602, 0.00017497659428, 2.89512499876e-05, 3.137193562e-05, 3.82687903766e-05, 2.69779775408e-05, 4.14008609368e-05, 1.59437258844e-05, 2.2894319045e-05, 2.1326884962e-05, 1.04189830381e-05, 4.9422515076e-06, 4.34283447248e-06, 4.14914347857e-06, 2.19758931053e-06, 1.4003759361e-06, 1.07768778435e-06, 7.6748540323e-07, 4.06814137932e-07, 3.83763278933e-07, 3.67834445569e-07, 2.43479206574e-07, 1.59078226147e-07, 1.08892372452e-07, 6.53419860441e-08, 3.82344360617e-08, 2.56356553763e-08, 2.72256439615e-08, 2.25738858717e-08, 2.38277610976e-08, 2.10138892953e-08, 1.54761927718e-08, 1.22112169265e-08, 1.02561736881e-08],
        "dmean2": [0.000374059629394, 0.00125752389431, 0.000583735760301, 0.00115527189337, 0.00132220436353, 0.00100452185143, 0.000497216300573, 0.000272364908597, 3.87056752515e-05, 3.88435801142e-05, 4.77101239085e-05, 3.43824140145e-05, 5.15967985848e-05, 2.21564368985e-05, 3.3126809285e-05, 3.00492029055e-05, 1.53523724293e-05, 7.3880137279e-06, 6.93464608048e-06, 6.73636168358e-06, 3.58818465429e-06, 2.26764200306e-06, 1.81214670647e-06, 1.28890360429e-06, 6.59303736938e-07, 5.83607118188e-07, 5.37906828413e-07, 3.74132810066e-07, 2.5680969884e-07, 1.72357303541e-07, 1.05712850029e-07, 6.42029647224e-08, 4.48304930956e-08, 4.76456030185e-08, 3.9081832881e-08, 4.13613001626e-08, 3.55936151664e-08, 2.68964601702e-08, 2.12618225248e-08, 1.81172676861e-08],
        "dvar": [5.61263220789e-07, 4.64795539301e-06, 7.02636498318e-07, 2.35307379626e-06, 2.61576997218e-06, 1.81205348326e-06, 5.50766458218e-07, 2.59333972963e-07, 6.13057782317e-09, 1.55021879777e-08, 1.58071848944e-08, 3.28186033904e-09, 1.14727116696e-08, 2.50879339525e-09, 1.13693836568e-08, 7.87568765759e-09, 5.43865452673e-10, 1.82795084624e-10, 3.52703560802e-11, 3.63759161681e-11, 1.07651543929e-11, 4.38980579318e-12, 2.20070489609e-12, 1.92213280882e-12, 5.12319895708e-13, 7.82211535127e-13, 1.23653019247e-12, 2.6840723112e-13, 1.83960268893e-13, 1.0241098605e-13, 2.80299516101e-14, 1.59946383395e-14, 3.93075549459e-15, 4.68861408371e-15, 2.99947262699e-15, 3.91782384258e-15, 2.88822226091e-15, 1.88705811638e-15, 1.59640013695e-15, 1.3481247216e-15],
        "dvar2": [8.84947723989e-07, 1.47793525684e-05, 2.38908319261e-06, 4.99489033245e-06, 5.11609914611e-06, 5.16007366969e-06, 1.65519634265e-06, 6.96246900134e-07, 9.28992527349e-09, 2.14698854251e-08, 2.18656488471e-08, 4.87795581705e-09, 1.62669184789e-08, 4.7652166657e-09, 2.22415152962e-08, 1.5035638512e-08, 1.10368747475e-09, 3.5195824033e-10, 8.57169682456e-11, 9.17117215504e-11, 2.73118055949e-11, 1.07848721273e-11, 5.74428785788e-12, 5.34706480482e-12, 1.2001402476e-12, 1.27921002784e-12, 2.54133693256e-12, 5.93828751363e-13, 4.69280538908e-13, 2.47758004434e-13, 6.95415743762e-14, 4.02526522856e-14, 1.09161870827e-14, 1.26515890321e-14, 8.05850628875e-15, 1.06305421619e-14, 7.48353439493e-15, 5.19769486105e-15, 4.34255834959e-15, 3.78017082426e-15],
        "max": [0.0486454665661, 0.0726128518581, 0.0182691141963, 0.0208493936807, 0.0265002567321, 0.0215467624366, 0.0137189803645, 0.010719303973, 0.00455210870132, 0.00654838327318, 0.00625903718174, 0.00190972478595, 0.00415996927768, 0.00223496346734, 0.00394301582128, 0.00309709296562, 0.000920597231016, 0.000473794294521, 0.000129924781504, 0.000140283227665, 0.000119453383377, 4.28492603533e-05, 3.41053382726e-05, 3.95515162381e-05, 3.3439926483e-05, 6.14199088886e-05, 6.72971291351e-05, 1.64782977663e-05, 1.10985001811e-05, 7.36396759748e-06, 2.90984326057e-06, 4.45365958512e-06, 1.33130834001e-06, 1.21741015846e-06, 8.13093322449e-07, 1.04997116068e-06, 1.27569785491e-06, 6.54084317375e-07, 6.67576500746e-07, 5.58854253541e-07],
        "mean": [0.00292936409824, 0.00478466413915, 0.0014451558236, 0.00125300930813, 0.00170360074844, 0.00111984275281, 0.000639802718069, 0.000408004532801, 8.96551864571e-05, 0.000123979989439, 0.00015916020493, 8.42657173052e-05, 0.00013616020442, 4.55685294583e-05, 5.1532220823e-05, 5.56169725314e-05, 2.5105811801e-05, 1.28104493342e-05, 9.61811656452e-06, 8.22175752546e-06, 4.45810746896e-06, 3.04469335788e-06, 2.06966365113e-06, 1.53560540639e-06, 9.28754559482e-07, 1.01727994206e-06, 1.13008502467e-06, 6.06048899954e-07, 2.79609139398e-07, 1.80304468245e-07, 1.06769419972e-07, 6.0104312638e-08, 3.77737059409e-08, 3.47679858237e-08, 2.87456742853e-08, 2.82815850738e-08, 2.55436791718e-08, 1.79677392964e-08, 1.41617224614e-08, 1.12071640856e-08],
        "median": [0.000393439782783, 0.00265156943351, 0.000922563602217, 0.000579542363994, 0.000837470230181, 0.000558925967198, 0.000270460237516, 0.000111981702503, 3.29292670358e-05, 2.41216785071e-05, 2.84485740849e-05, 2.56598268606e-05, 2.52414865827e-05, 1.23781337606e-05, 1.21554621728e-05, 1.08620242827e-05, 9.05092565517e-06, 5.02736156704e-06, 5.80840696784e-06, 5.44818340131e-06, 2.93490143122e-06, 1.86965860394e-06, 1.36824371566e-06, 9.04336388885e-07, 5.91427919971e-07, 4.97936127886e-07, 3.67901435538e-07, 2.52259582112e-07, 1.55951184411e-07, 8.51095833809e-08, 5.1552362379e-08, 2.96648448028e-08, 1.9262174078e-08, 1.3381180608e-08, 9.69574909249e-09, 7.53708029322e-09, 6.96511293086e-09, 5.51357759448e-09, 4.00459398975e-09, 3.13203796232e-09],
        "min": [2.99474989348e-24, 1.20599067261e-23, 1.20770297409e-23, 3.22757785092e-24, 6.58236898913e-24, 3.5865265233e-24, 1.42537683465e-23, 9.78623604782e-24, 8.44737737518e-24, 3.31484164425e-24, 4.42599325002e-24, 6.68830669782e-24, 5.947304406e-24, 8.62099934953e-24, 5.92473272891e-24, 4.95140616734e-24, 5.62404143438e-24, 6.94680063924e-24, 1.39010575918e-23, 6.36816209336e-24, 5.54225036357e-24, 5.02473512721e-24, 6.02323226812e-24, 5.8081284375e-24, 6.1742865097e-24, 6.22961642473e-24, 1.18309974352e-23, 9.79760826663e-24, 8.93037245276e-24, 5.78415456016e-24, 7.37106738901e-24, 7.19084895977e-24, 8.0897875157e-24, 1.12690074043e-23, 8.81410618824e-24, 1.01891790985e-23, 9.2120486496e-24, 8.9325165767e-24, 8.49391701314e-24, 1.13457178164e-23],
        "var": [3.90431232518e-05, 4.05008358939e-05, 2.88164005724e-06, 4.21574668508e-06, 6.33168610875e-06, 2.90285788651e-06, 1.07322114218e-06, 6.78338153648e-07, 5.76320751122e-08, 1.7010091824e-07, 1.89219861113e-07, 2.7914202505e-08, 1.15495993214e-07, 1.36084867819e-08, 3.50424684825e-08, 3.65226604515e-08, 2.07807038244e-09, 7.78048625527e-10, 1.275848871e-10, 8.44286793256e-11, 2.42950902452e-11, 1.25775058771e-11, 5.19560349604e-12, 5.40023234463e-12, 1.98478299768e-12, 6.89646733817e-12, 1.20603648596e-11, 1.45494076856e-12, 2.5214316854e-13, 1.19097521558e-13, 3.44330649876e-14, 1.68130076918e-14, 3.64238566879e-15, 4.19065188434e-15, 2.97582494941e-15, 3.46705027223e-15, 3.11764388753e-15, 1.55659255305e-15, 1.32315090806e-15, 9.49983555125e-16]
    },
    "mfcc": {
        "mean": [-715.741699219, 207.326049805, -9.67074394226, 25.8018321991, 7.16868495941, 2.72172880173, -2.05813646317, -8.70699119568, -8.91048431396, -5.16803693771, -10.4174642563, -1.79301357269, 0.372411072254],
        "cov": [[1331.34375, -222.74822998, 13.4584922791, -71.9671554565, -21.0660896301, 24.2996444702, 98.1057739258, 39.0022697449, 49.9291954041, 113.999382019, 66.8126296997, 119.145095825, 86.1839141846], [-222.74822998, 579.365539551, 101.093383789, 210.184295654, 159.49420166, 131.872268677, 206.55178833, 140.547668457, 155.083068848, 112.762496948, 74.6140670776, 49.8496017456, 66.612411499], [13.4584922791, 101.093383789, 403.432800293, 41.6461486816, 119.627105713, 86.0836868286, 82.9158630371, 73.9083175659, 66.3210754395, 90.8309707642, 33.0788192749, 72.852684021, 47.928943634], [-71.9671554565, 210.184295654, 41.6461486816, 227.859512329, 113.491119385, 112.733230591, 108.969612122, 82.3773117065, 68.596862793, 50.4073867798, 46.7874183655, 14.6003456116, 43.2728996277], [-21.0660896301, 159.49420166, 119.627105713, 113.491119385, 202.211029053, 111.947387695, 120.752914429, 57.0560951233, 55.5744934082, 73.2943496704, 72.1102981567, 73.9691925049, 57.0372467041], [24.2996444702, 131.872268677, 86.0836868286, 112.733230591, 111.947387695, 173.716842651, 122.221580505, 56.9510154724, 49.2063293457, 55.9524993896, 51.1528511047, 43.1199798584, 37.2164001465], [98.1057739258, 206.55178833, 82.9158630371, 108.969612122, 120.752914429, 122.221580505, 257.293304443, 106.525222778, 88.8858947754, 104.10080719, 71.3283843994, 78.8878326416, 81.3889770508], [39.0022697449, 140.547668457, 73.9083175659, 82.3773117065, 57.0560951233, 56.9510154724, 106.525222778, 133.934875488, 82.2609176636, 70.5489578247, 34.5786705017, 20.2454376221, 36.4308776855], [49.9291954041, 155.083068848, 66.3210754395, 68.596862793, 55.5744934082, 49.2063293457, 88.8858947754, 82.2609176636, 151.621063232, 87.459274292, 49.0357170105, 49.4236373901, 43.8397331238], [113.999382019, 112.762496948, 90.8309707642, 50.4073867798, 73.2943496704, 55.9524993896, 104.10080719, 70.5489578247, 87.459274292, 141.16468811, 63.462677002, 53.3205528259, 51.4386787415], [66.8126296997, 74.6140670776, 33.0788192749, 46.7874183655, 72.1102981567, 51.1528511047, 71.3283843994, 34.5786705017, 49.0357170105, 63.462677002, 117.825157166, 61.1824760437, 36.8511886597], [119.145095825, 49.8496017456, 72.852684021, 14.6003456116, 73.9691925049, 43.1199798584, 78.8878326416, 20.2454376221, 49.4236373901, 53.3205528259, 61.1824760437, 125.418960571, 70.3476028442], [86.1839141846, 66.612411499, 47.928943634, 43.2728996277, 57.0372467041, 37.2164001465, 81.3889770508, 36.4308776855, 43.8397331238, 51.4386787415, 36.8511886597, 70.3476028442, 120.577705383]],
