{
"lowlevel": {
    "average_loudness": 0.876402854919,
    "barkbands_crest": {
        "dmean": 1.97707247734,
        "dmean2": 3.22498846054,
        "dvar": 3.73639249802,
        "dvar2": 9.85901737213,
        "max": 25.4251499176,
        "mean": 10.4472284317,
        "median": 9.80262947083,
        "min": 2.39677882195,
        "var": 13.1575489044
    },
    "barkbands_flatness_db": {
        "dmean": 0.0242967493832,
        "dmean2": 0.0329317934811,
        "dvar": 0.000670070643537,
        "dvar2": 0.00115085777361,
        "max": 0.527723550797,
        "mean": 0.204312026501,
        "median": 0.195192530751,
        "min": 0.0128372665495,
        "var": 0.00547792296857
    },
    "barkbands_kurtosis": {
        "dmean": 2.99248766899,
        "dmean2": 4.70433330536,
        "dvar": 23.1467514038,
        "dvar2": 55.857257843,
        "max": 112.113899231,
        "mean": 6.06335115433,
        "median": 3.73971557617,
        "min": -1.64691460133,
        "var": 63.3249664307
    },
    "barkbands_skewness": {
        "dmean": 0.453147023916,
        "dmean2": 0.695474863052,
        "dvar": 0.247639924288,
        "dvar2": 0.580913245678,
        "max": 8.5153427124,
        "mean": 1.74319076538,
        "median": 1.64126825333,
        "min": -2.10018706322,
        "var": 1.19804048538
    },
    "barkbands_spread": {
        "dmean": 2.23925995827,
        "dmean2": 3.37247419357,
        "dvar": 12.8953847885,
        "dvar2": 27.4545516968,
        "max": 93.6107254028,
        "mean": 9.95302581787,
        "median": 8.31714248657,
        "min": 0.332303673029,
        "var": 47.9322319031
    },
    "dissonance": {
        "dmean": 0.0285233352333,
        "dmean2": 0.0473076440394,
        "dvar": 0.000708632345777,
        "dvar2": 0.00182963709813,
        "max": 0.500000119209,
        "mean": 0.426460832357,
        "median": 0.434217274189,
        "min": 0.191375359893,
        "var": 0.00191513553727
    },
    "dynamic_complexity": 3.12332344055,
    "erbbands_crest": {
        "dmean": 2.08594584465,
        "dmean2": 3.22070860863,
        "dvar": 4.51492166519,
        "dvar2": 10.6452646255,
        "max": 31.5844593048,
        "mean": 9.99472045898,
        "median": 9.06495094299,
        "min": 2.67053556442,
        "var": 16.7119598389
    },
    "erbbands_flatness_db": {
        "dmean": 0.0236417446285,
        "dmean2": 0.0309758167714,
        "dvar": 0.000678915996104,
        "dvar2": 0.00117214175407,
        "max": 0.4923427701,
        "mean": 0.202293127775,
        "median": 0.195104300976,
        "min": 0.0459086820483,
        "var": 0.00461109867319
    },
    "erbbands_kurtosis": {
        "dmean": 0.993172645569,
        "dmean2": 1.53664696217,
        "dvar": 1.80104339123,
        "dvar2": 4.27063417435,
        "max": 35.5899848938,
        "mean": 1.41281032562,
        "median": 0.878606557846,
        "min": -1.60712385178,
        "var": 5.76423549652
    },
    "erbbands_skewness": {
        "dmean": 0.311503261328,
        "dmean2": 0.466449737549,
        "dvar": 0.0958056226373,
        "dvar2": 0.221525132656,
        "max": 4.49847602844,
        "mean": 0.522076964378,
        "median": 0.493438631296,
        "min": -1.84540641308,
        "var": 0.447035580873
    },
    "erbbands_spread": {
        "dmean": 4.99382686615,
        "dmean2": 7.31553459167,
        "dvar": 57.5266723633,
        "dvar2": 125.602928162,
        "max": 142.758529663,
        "mean": 23.1083316803,
        "median": 20.1124362946,
        "min": 1.82729673386,
        "var": 171.581512451
    },
    "hfc": {
        "dmean": 3.59445285797,
        "dmean2": 4.87050819397,
        "dvar": 30.7133922577,
        "dvar2": 58.8823852539,
        "max": 117.885101318,
        "mean": 14.9848804474,
        "median": 11.545340538,
        "min": 1.05166631349e-16,
        "var": 160.445846558
    },
    "melbands_crest": {
        "dmean": 2.544724226,
        "dmean2": 4.14761543274,
        "dvar": 6.36592340469,
        "dvar2": 16.9266338348,
        "max": 33.3393478394,
        "mean": 14.6865959167,
        "median": 14.0867424011,
        "min": 1.57558512688,
        "var": 23.6796035767
    },
    "melbands_flatness_db": {
        "dmean": 0.0270748417825,
        "dmean2": 0.0366938523948,
        "dvar": 0.00087887130212,
        "dvar2": 0.00151118275244,
        "max": 0.679706811905,
        "mean": 0.311644405127,
        "median": 0.303667217493,
        "min": 0.00311267469078,
        "var": 0.00848290976137
    },
    "melbands_kurtosis": {
        "dmean": 4.9180521965,
        "dmean2": 7.7602186203,
        "dvar": 84.8934783936,
        "dvar2": 208.780548096,
        "max": 265.897277832,
        "mean": 10.353562355,
        "median": 6.35265922546,
        "min": -1.68219435215,
        "var": 190.541061401
    },
    "melbands_skewness": {
        "dmean": 0.529303848743,
        "dmean2": 0.810161888599,
        "dvar": 0.379215210676,
        "dvar2": 0.912799537182,
        "max": 12.0191841125,
        "mean": 2.28662180901,
        "median": 2.12815880775,
        "min": -0.938631653786,
        "var": 1.62459933758
    },
    "melbands_spread": {
        "dmean": 2.32818770409,
        "dmean2": 3.56811642647,
        "dvar": 10.6864480972,
        "dvar2": 25.00248909,
        "max": 160.771514893,
        "mean": 11.5861558914,
        "median": 9.13835906982,
        "min": 0.407585203648,
        "var": 183.250961304
    },
    "pitch_salience": {
        "dmean": 0.0590308383107,
        "dmean2": 0.0963248237967,
        "dvar": 0.00324520864524,
        "dvar2": 0.00862944405526,
        "max": 0.922340095043,
        "mean": 0.53634095192,
        "median": 0.542042016983,
        "min": 0.118483863771,
        "var": 0.0127908475697
    },
    "silence_rate_20dB": {
        "dmean": 0,
        "dmean2": 0,
        "dvar": 0,
        "dvar2": 0,
        "max": 1,
        "mean": 1,
        "median": 1,
        "min": 1,
        "var": 0
    },
    "silence_rate_30dB": {
        "dmean": 0.0116968434304,
        "dmean2": 0.0233955606818,
        "dvar": 0.0115603208542,
        "dvar2": 0.0274960398674,
        "max": 1,
        "mean": 0.987502992153,
        "median": 1,
        "min": 0,
        "var": 0.0123396934941
    },
    "silence_rate_60dB": {
        "dmean": 0.00352507620119,
        "dmean2": 0.00705071724951,
        "dvar": 0.0035118763335,
        "dvar2": 0.00828626472503,
        "max": 1,
        "mean": 0.0409356728196,
        "median": 0,
        "min": 0,
        "var": 0.0392623692751
    },
    "spectral_centroid": {
        "dmean": 83.547744751,
        "dmean2": 126.300186157,
        "dvar": 22619.4882812,
        "dvar2": 44593.296875,
        "max": 11687.7558594,
        "mean": 650.931091309,
        "median": 494.174530029,
        "min": 149.048370361,
        "var": 1132026.75
    },
    "spectral_complexity": {
        "dmean": 1.80115365982,
        "dmean2": 2.80730700493,
        "dvar": 3.90348529816,
        "dvar2": 8.05107498169,
        "max": 47,
        "mean": 13.716094017,
        "median": 14,
        "min": 0,
        "var": 27.0742454529
    },
    "spectral_decrease": {
        "dmean": 2.27843921508e-09,
        "dmean2": 3.4446809849e-09,
        "dvar": 8.22106769394e-18,
        "dvar2": 1.94589540717e-17,
        "max": 1.83906219832e-28,
        "mean": -9.6685193185e-09,
        "median": -8.55135429134e-09,
        "min": -4.51613111352e-08,
        "var": 4.36913656264e-17
    },
    "spectral_energy": {
        "dmean": 0.00883992575109,
        "dmean2": 0.013313758187,
        "dvar": 0.000122896119137,
        "dvar2": 0.000288809707854,
        "max": 0.17389972508,
        "mean": 0.0378501415253,
        "median": 0.0336389802396,
        "min": 9.95567443405e-21,
        "var": 0.000664142658934
    },
    "spectral_energyband_high": {
        "dmean": 0.000124703452457,
        "dmean2": 0.000174974760739,
        "dvar": 1.26917569787e-07,
        "dvar2": 2.57573134377e-07,
        "max": 0.00866835564375,
        "mean": 0.00021769903833,
        "median": 4.37741764472e-05,
        "min": 6.97579505142e-21,
        "var": 2.75181776033e-07
    },
    "spectral_energyband_low": {
        "dmean": 0.00522345816717,
        "dmean2": 0.00847955048084,
        "dvar": 6.71283705742e-05,
        "dvar2": 0.000167891892488,
        "max": 0.106254264712,
        "mean": 0.0150705045089,
        "median": 0.00881196651608,
        "min": 6.20401907165e-24,
        "var": 0.000258162297541
    },
    "spectral_energyband_middle_high": {
        "dmean": 0.00149080704432,
        "dmean2": 0.00199542404152,
        "dvar": 7.47098329157e-06,
        "dvar2": 1.48209828694e-05,
        "max": 0.0778972357512,
        "mean": 0.00459127500653,
        "median": 0.0026840462815,
        "min": 1.21773769501e-21,
        "var": 3.20729086525e-05
    },
    "spectral_energyband_middle_low": {
        "dmean": 0.00592437526211,
        "dmean2": 0.00920929200947,
        "dvar": 7.06151258782e-05,
        "dvar2": 0.000178663045517,
        "max": 0.162375360727,
        "mean": 0.0202983766794,
        "median": 0.0167621597648,
        "min": 1.20146582956e-22,
        "var": 0.000242076814175
    },
    "spectral_entropy": {
        "dmean": 0.217254251242,
        "dmean2": 0.287320017815,
        "dvar": 0.0603577680886,
        "dvar2": 0.104083247483,
        "max": 9.82661724091,
        "mean": 6.58221101761,
        "median": 6.5427737236,
        "min": 4.09570550919,
        "var": 0.445407390594
    },
    "spectral_flux": {
        "dmean": 0.0208603814244,
        "dmean2": 0.0314165502787,
        "dvar": 0.000532588455826,
        "dvar2": 0.00121425301768,
        "max": 0.31300881505,
        "mean": 0.0680492222309,
        "median": 0.0603348091245,
        "min": 6.30610841323e-11,
        "var": 0.0019254218787
    },
    "spectral_kurtosis": {
        "dmean": 9.80911636353,
        "dmean2": 15.3607969284,
        "dvar": 267.560546875,
        "dvar2": 679.879089355,
        "max": 480.238433838,
        "mean": 26.7942333221,
        "median": 14.3868484497,
        "min": -1.26372075081,
        "var": 1766.32922363
    },
    "spectral_rms": {
        "dmean": 0.000670411274768,
        "dmean2": 0.000994705129415,
        "dvar": 5.38405686257e-07,
        "dvar2": 1.21141738418e-06,
        "max": 0.0130252931267,
        "mean": 0.00565041229129,
        "median": 0.00572874490172,
        "min": 3.1165449995e-12,
        "var": 4.99987208968e-06
    },
    "spectral_rolloff": {
        "dmean": 139.878463745,
        "dmean2": 237.787796021,
        "dvar": 149205.109375,
        "dvar2": 377531.21875,
        "max": 19552.1484375,
        "mean": 833.113525391,
        "median": 581.396484375,
        "min": 107.666015625,
        "var": 3560098.75
    },
    "spectral_skewness": {
        "dmean": 0.635621190071,
        "dmean2": 0.962549805641,
        "dvar": 0.583969652653,
        "dvar2": 1.32118678093,
        "max": 17.3358573914,
        "mean": 3.61472225189,
        "median": 3.12613153458,
        "min": -0.0812709033489,
        "var": 3.94945216179
    },
    "spectral_spread": {
        "dmean": 775629.8125,
        "dmean2": 1100834.75,
        "dvar": 1.0547183616e+12,
        "dvar2": 2.02217488384e+12,
        "max": 42475140,
        "mean": 3659823.5,
        "median": 2967394.75,
        "min": 192446.8125,
        "var": 1.72530482545e+13
    },
    "spectral_strongpeak": {
        "dmean": 0.377344220877,
        "dmean2": 0.646888911724,
        "dvar": 0.551358222961,
        "dvar2": 1.40680849552,
        "max": 12.1751594543,
        "mean": 0.80834209919,
        "median": 0.533341944218,
        "min": 0,
        "var": 0.933976829052
    },
    "zerocrossingrate": {
        "dmean": 0.00582655426115,
        "dmean2": 0.00710044102743,
        "dvar": 6.98457151884e-05,
        "dvar2": 9.25230633584e-05,
        "max": 0.53125,
        "mean": 0.0351772159338,
        "median": 0.02490234375,
        "min": 0.00341796875,
        "var": 0.00279397214763
    },
    "barkbands": {
        "dmean": [0.000115858543722, 0.00282411836088, 0.00266642239876, 0.00273919198662, 0.00263527804054, 0.00119067740161, 0.00114626181312, 0.000735026726034, 0.00069522956619, 0.000550586555619, 0.00080933002755, 0.000317857018672, 0.000171430612681, 0.000182021176443, 8.25303213787e-05, 6.07085530646e-05, 3.85604289477e-05, 2.45472820097e-05, 2.52988556895e-05, 2.23938495765e-05, 2.3082453481e-05, 1.20864870041e-05, 1.30119224195e-05, 2.13501734834e-05, 3.49324545823e-05, 2.31790399994e-05, 9.1849706223e-06],
        "dmean2": [0.000199201924261, 0.00465490529314, 0.00440247356892, 0.00448978506029, 0.00421867985278, 0.00166646228172, 0.00176140142139, 0.00110269617289, 0.00100663013291, 0.000769361970015, 0.00109387375414, 0.000481681054225, 0.000266207644017, 0.000280274223769, 0.000125169215607, 9.02146202861e-05, 5.48399802938e-05, 3.53552386514e-05, 3.69838162442e-05, 3.27500893036e-05, 3.50185728166e-05, 1.81631785381e-05, 1.94551776076e-05, 3.15839861287e-05, 5.07169570483e-05, 3.47006425727e-05, 1.43082461364e-05],
        "dvar": [4.7345221077e-08, 3.24512584484e-05, 2.59261396423e-05, 2.30549194384e-05, 1.91091494344e-05, 5.04370927956e-06, 8.08621462056e-06, 3.4041802337e-06, 3.60102762897e-06, 1.26730276406e-06, 4.46836293122e-06, 6.04545107308e-07, 5.25214034042e-07, 4.33051013715e-07, 7.65336025665e-08, 3.58896379282e-08, 1.40251525949e-08, 3.64473762282e-09, 4.56717286212e-09, 3.51816820121e-09, 6.20226092707e-09, 1.33901334465e-09, 1.98506322491e-09, 5.42439204665e-09, 1.28437802616e-08, 8.36865599041e-09, 2.00311034426e-09],
        "dvar2": [1.28222737317e-07, 8.30118224258e-05, 6.48179629934e-05, 6.4751089667e-05, 4.76785426144e-05, 1.08752628876e-05, 2.04210591619e-05, 7.70457427279e-06, 8.20281002234e-06, 2.78427910416e-06, 8.55231428432e-06, 1.43185661727e-06, 1.2382430441e-06, 9.85649421636e-07, 1.80757993462e-07, 8.94221585668e-08, 2.97885254241e-08, 7.60693197321e-09, 1.02863442208e-08, 7.5692865309e-09, 1.46396450518e-08, 3.04171021703e-09, 4.38727454366e-09, 1.16394964778e-08, 2.60639954064e-08, 1.9577676369e-08, 4.92796869977e-09],
        "max": [0.00499369762838, 0.0921197608113, 0.0776769071817, 0.0931906104088, 0.086182244122, 0.0742978230119, 0.0797165930271, 0.0702378079295, 0.0802916735411, 0.0457062870264, 0.0746445208788, 0.0230694003403, 0.0275419112295, 0.0396276302636, 0.0137444194406, 0.00655525736511, 0.00445960368961, 0.00170480064116, 0.0024823397398, 0.00228528236039, 0.00265430053696, 0.00113983696792, 0.00209599779919, 0.00285214022733, 0.00378309004009, 0.00320387771353, 0.0016918926267],
        "mean": [0.000142870791024, 0.00742809521034, 0.00524753518403, 0.0056070536375, 0.00574498716742, 0.00294231274165, 0.00262707704678, 0.00158206780907, 0.00161715201102, 0.00126716902014, 0.00171256042086, 0.000648154993542, 0.000299085775623, 0.000313035445288, 0.000155549569172, 0.000113253867312, 7.64925862313e-05, 4.26351980423e-05, 4.18143026764e-05, 3.78186450689e-05, 3.5078075598e-05, 1.91700437426e-05, 2.04813532036e-05, 3.52795868821e-05, 5.29721473868e-05, 3.06381080009e-05, 9.97328788799e-06],
        "median": [5.40284272574e-05, 0.00179275323171, 0.00268300971948, 0.00319194840267, 0.00354650546797, 0.00161167117767, 0.0010431756964, 0.000636806886178, 0.000708515464794, 0.000632366398349, 0.000511024263687, 0.000288538023597, 9.44853672991e-05, 9.25282365642e-05, 4.34402136307e-05, 3.27585075865e-05, 2.35916468228e-05, 1.02586136563e-05, 9.70660767052e-06, 9.50370485953e-06, 7.24909432392e-06, 3.69659915123e-06, 3.17934927807e-06, 4.45601108368e-06, 6.13631664237e-06, 3.00702686218e-06, 6.76260754062e-07],
        "min": [1.56031140374e-25, 1.72981064309e-24, 1.35953136431e-24, 6.02947590497e-25, 8.26465115712e-24, 7.18619389157e-24, 5.19904696043e-24, 1.45302005905e-24, 1.86789656359e-23, 8.48891642387e-24, 1.6799947869e-23, 1.25868957875e-23, 1.88132944486e-23, 2.90834903509e-23, 3.82919804489e-23, 4.99978905769e-23, 5.95416434043e-23, 7.89679364187e-23, 1.34950384569e-22, 1.22817438789e-22, 2.75339340302e-22, 2.66052718264e-22, 3.87770017946e-22, 5.57687703436e-22, 8.54386796965e-22, 1.35366733995e-21, 1.88996956698e-21],
        "var": [5.80311407816e-08, 0.000136655944516, 5.35473045602e-05, 5.08331941091e-05, 4.74881053378e-05, 1.75803852471e-05, 2.24526211241e-05, 9.0037492555e-06, 9.27787004912e-06, 3.91442972614e-06, 1.46263546412e-05, 1.44241823818e-06, 9.05242529825e-07, 1.06565062197e-06, 1.79728132821e-07, 7.51679962718e-08, 3.68670569628e-08, 8.31466007156e-09, 8.74454375577e-09, 7.95684673704e-09, 9.51159329077e-09, 2.25464047432e-09, 3.4524800796e-09, 1.17328884386e-08, 2.7255206092e-08, 1.16713447795e-08, 2.05357353344e-09]
    },
    "erbbands": {
        "dmean": [0.0483006611466, 0.768704175949, 2.81744432449, 5.18270778656, 11.2446432114, 8.045586586, 10.0024700165, 8.49853897095, 12.549446106, 19.9400367737, 15.0601987839, 16.6487579346, 14.6845054626, 17.7064990997, 30.2472515106, 11.5374679565, 8.13741016388, 8.80483913422, 5.46737289429, 4.61496925354, 2.77592134476, 1.89393877983, 1.29447245598, 1.39835834503, 1.29250693321, 0.868726611137, 0.737222671509, 1.00846111774, 0.457523673773, 0.413738101721, 0.37697905302, 0.344945698977, 0.455930411816, 0.48825776577, 0.19237112999, 0.0885533094406, 0.0494085587561, 0.0106048304588, 0.00148414587602, 0.000106298459286],
        "dmean2": [0.077674806118, 1.26942491531, 4.60263681412, 8.41911888123, 18.3986225128, 13.1263942719, 14.5090360641, 12.0897903442, 19.3624286652, 29.7318267822, 22.4279346466, 23.9372577667, 21.3329410553, 24.4241142273, 40.8263320923, 17.6160888672, 12.5390729904, 13.4213132858, 8.24539852142, 6.82080745697, 4.19551992416, 2.69415569305, 1.82791268826, 2.01065659523, 1.87605023384, 1.26991057396, 1.10834026337, 1.53011405468, 0.687533438206, 0.617055475712, 0.567784428596, 0.514653623104, 0.679030954838, 0.703249692917, 0.288372784853, 0.136105149984, 0.0745319202542, 0.016086731106, 0.00229772692546, 0.000165701378137],
        "dvar": [0.00977921392769, 2.2977809906, 26.4251270294, 69.6301422119, 468.028411865, 170.546905518, 332.117919922, 382.790100098, 1258.85632324, 2696.125, 1240.98144531, 2282.95751953, 1170.16027832, 1369.41064453, 5803.92041016, 827.608825684, 1085.58337402, 901.120727539, 503.380218506, 198.880111694, 85.8397979736, 25.7002449036, 10.2912778854, 16.67811203, 11.2008275986, 5.02489900589, 6.80886936188, 13.7261514664, 1.74905633926, 2.68742275238, 1.34939682484, 1.47288143635, 2.58836340904, 2.91493272781, 0.429096341133, 0.102031417191, 0.0510675758123, 0.00263522751629, 5.43687747268e-05, 1.956628779e-07],
        "dvar2": [0.0229087341577, 5.90705299377, 65.1595153809, 190.359939575, 1199.64050293, 477.823944092, 729.481140137, 862.133789062, 3125.54467773, 6282.28173828, 2883.66772461, 4972.76904297, 3039.95092773, 2919.34741211, 11258.4667969, 1972.16894531, 2612.13183594, 1933.66125488, 1219.8581543, 475.42010498, 211.024536133, 54.3353347778, 21.8120822906, 36.8776473999, 25.78698349, 10.8821268082, 16.5678100586, 32.0688514709, 3.94932103157, 5.97592592239, 3.06443691254, 3.25358009338, 5.77640533447, 5.98281955719, 0.951118826866, 0.243437036872, 0.121143817902, 0.00631381152198, 0.000132662302349, 4.92412823405e-07],
        "max": [1.47117078304, 24.1015834808, 79.0301437378, 163.904998779, 530.78527832, 258.275512695, 690.806091309, 784.25390625, 1309.30395508, 1833.05749512, 1491.92773438, 2252.13867188, 854.919677734, 1027.27294922, 2769.8996582, 989.70123291, 1526.77539062, 2352.9831543, 1179.93969727, 581.266418457, 410.439605713, 152.659561157, 80.4104614258, 185.222961426, 124.611763, 61.7980461121, 140.158584595, 130.565292358, 29.4626235962, 79.1465301514, 30.3168029785, 46.4375457764, 75.2018661499, 60.9256248474, 18.1664485931, 9.03167152405, 8.16495418549, 1.80364835262, 0.315088331699, 0.0112497126684],
        "mean": [0.122016698122, 1.98706877232, 6.1677737236, 12.237575531, 21.1264324188, 17.6404953003, 25.2537879944, 20.7229366302, 28.4023227692, 44.6576690674, 34.6187400818, 38.4413223267, 35.8354072571, 45.4623947144, 67.9552078247, 25.7970314026, 15.865114212, 15.5539569855, 10.2919788361, 8.91367912292, 5.36297369003, 3.98443770409, 2.38715600967, 2.36764431, 2.35863137245, 1.52469432354, 1.19760608673, 1.46982645988, 0.715172171593, 0.639398813248, 0.590939998627, 0.568426966667, 0.737172603607, 0.737663209438, 0.271809518337, 0.120168611407, 0.0630273595452, 0.0126570547, 0.00163380464073, 0.000149381638039],
        "median": [0.0212581418455, 0.541754901409, 3.26076793671, 8.26161384583, 11.8116226196, 11.4027814865, 13.5855722427, 10.9249534607, 9.52165126801, 19.6796455383, 16.0941638947, 18.5892448425, 16.2075138092, 23.7196159363, 26.7415466309, 13.0840597153, 6.0472612381, 4.89740419388, 2.91691708565, 2.47602677345, 1.6977711916, 1.30132091045, 0.68195939064, 0.704003036022, 0.569123804569, 0.401114672422, 0.267583459616, 0.282207489014, 0.140488877892, 0.105455830693, 0.0944732502103, 0.0774483606219, 0.0892089530826, 0.0790680497885, 0.0292192529887, 0.0121577819809, 0.00559572409838, 0.000946459011175, 0.000127430204884, 5.65871378058e-05],
        "min": [4.35207682543e-23, 4.55603498232e-22, 1.26189987029e-21, 5.16771717287e-21, 6.07855813788e-21, 3.51321700727e-20, 1.64268440754e-20, 6.39627554544e-20, 7.86954496247e-20, 2.09054687454e-19, 2.02469735242e-19, 4.84653030809e-19, 5.0915039824e-19, 6.3485744952e-19, 7.70079559387e-19, 8.9293299265e-19, 1.193012302e-18, 1.42018153401e-18, 2.08543482081e-18, 2.69667083547e-18, 4.20009103753e-18, 3.84427061164e-18, 4.14439655329e-18, 5.77052238178e-18, 7.45868262031e-18, 7.32784580846e-18, 9.16391876181e-18, 9.57289422745e-18, 9.43588003078e-18, 1.07290379522e-17, 1.03390032682e-17, 1.06264286787e-17, 9.21069251672e-18, 8.25178587316e-18, 6.2851606581e-18, 4.05155835084e-18, 2.407741197e-18, 1.05196994254e-18, 2.43967590041e-19, 2.71280828911e-20],
        "var": [0.0439766533673, 9.51386070251, 64.0945663452, 163.616485596, 893.708374023, 439.249053955, 1225.22424316, 1123.6237793, 3452.5871582, 7186.53076172, 3240.61352539, 5675.06005859, 3294.27636719, 4685.78173828, 18405.3632812, 2039.62536621, 1937.59362793, 2371.34692383, 1139.68469238, 489.988861084, 179.208908081, 79.193977356, 23.7159290314, 26.9600734711, 29.9118080139, 10.0633497238, 9.88034629822, 21.7202587128, 3.0432434082, 3.97459483147, 2.46013998985, 3.00230813026, 5.12111997604, 5.95354604721, 0.74628931284, 0.16087551415, 0.0625309720635, 0.00301715009846, 5.62687419006e-05, 1.97452692419e-07]
    },
    "gfcc": {
        "mean": [-55.7498855591, 142.892837524, -81.8916931152, -6.67272472382, -50.0164642334, 10.4431962967, -29.8837852478, 1.71365058422, -28.9365234375, -6.03290605545, -16.4294548035, -6.11229419708, -8.81640434265],
        "cov": [[26622.6308594, -1431.77978516, -1444.06811523, 958.385498047, -679.659729004, 771.002319336, -677.214538574, 491.24899292, -684.550537109, 244.293548584, -508.506011963, 100.761627197, -233.612808228], [-1431.77978516, 2693.98754883, -197.920562744, -412.372924805, 269.370239258, -184.1612854, 227.25718689, -198.313186646, 230.829910278, -204.230895996, 159.108673096, -140.688354492, 135.269363403], [-1444.06811523, -197.920562744, 612.589904785, -30.1415882111, 20.9323234558, 74.2922821045, 63.5856819153, 44.4530029297, 33.3296356201, 52.1624107361, 34.0434341431, 23.7565898895, -3.15758657455], [958.385498047, -412.372924805, -30.1415882111, 380.591644287, 19.880279541, 53.9387130737, -7.23279857635, 53.8111724854, -12.4229888916, 28.7212944031, -26.7484397888, 32.3472442627, 2.46375632286], [-679.659729004, 269.370239258, 20.9323234558, 19.880279541, 268.294616699, -8.43087768555, 63.6922950745, 0.792737483978, 65.6456375122, -18.0129585266, 27.2972011566, -5.65416622162, 42.2383117676], [771.002319336, -184.1612854, 74.2922821045, 53.9387130737, -8.43087768555, 201.775878906, 27.8318901062, 55.4964485168, -4.03826236725, 43.6509819031, -0.549238622189, 14.7517108917, 4.15721988678], [-677.214538574, 227.25718689, 63.5856819153, -7.23279857635, 63.6922950745, 27.8318901062, 176.994812012, 24.0121517181, 56.0822296143, 1.20850741863, 49.055896759, 2.96084904671, 34.7223091125], [491.24899292, -198.313186646, 44.4530029297, 53.8111724854, 0.792737483978, 55.4964485168, 24.0121517181, 140.104187012, 9.40259075165, 38.9029502869, 10.6557817459, 32.1995010376, 3.39437580109], [-684.550537109, 230.829910278, 33.3296356201, -12.4229888916, 65.6456375122, -4.03826236725, 56.0822296143, 9.40259075165, 165.99836731, 9.9021987915, 34.7046089172, 12.2796564102, 30.4985103607], [244.293548584, -204.230895996, 52.1624107361, 28.7212944031, -18.0129585266, 43.6509819031, 1.20850741863, 38.9029502869, 9.9021987915, 121.947624207, 23.9676609039, 23.2401199341, 3.09139513969], [-508.506011963, 159.108673096, 34.0434341431, -26.7484397888, 27.2972011566, -0.549238622189, 49.055896759, 10.6557817459, 34.7046089172, 23.9676609039, 115.362739563, 11.5216474533, 14.0309228897], [100.761627197, -140.688354492, 23.7565898895, 32.3472442627, -5.65416622162, 14.7517108917, 2.96084904671, 32.1995010376, 12.2796564102, 23.2401199341, 11.5216474533, 107.051124573, 21.7611293793], [-233.612808228, 135.269363403, -3.15758657455, 2.46375632286, 42.2383117676, 4.15721988678, 34.7223091125, 3.39437580109, 30.4985103607, 3.09139513969, 14.0309228897, 21.7611293793, 104.64037323]],
        "icov": [[9.7324125818e-05, -0.000145581070683, 0.000201562434086, -0.000215435560676, 0.000145880418131, -0.000382722151699, 0.000309689057758, -0.000373432267224, 0.000319308281178, -0.000268218660494, 0.000339252641425, -0.000150465013576, 0.000182958290679], [-0.000145581070683, 0.0011452405015, 1.23890331452e-05, 0.00101284694392, -0.000587735557929, 0.000721598218661, -0.00110428279731, 0.00121714617126, -0.00125328102149, 0.00144459947478, -0.00139660411514, 0.00105147832073, -0.0010022255592], [0.000201562434086, 1.23890331452e-05, 0.00237765116617, 8.59524589032e-05, 4.49563631264e-05, -0.00125796964858, -8.767406689e-05, -0.000728515384253, 0.000265946640866, -0.00076385360444, 0.000322297797538, -0.000343282532413, 0.000561484426726], [-0.000215435560676, 0.00101284694392, 8.59524589032e-05, 0.00403465516865, -0.00110011640936, 0.000401195749873, -0.00109890894964, 0.000488910125569, -0.00102966488339, 0.000858928426169, -0.00054491951596, 0.000219252775423, -0.000803570030257], [0.000145880418131, -0.000587735557929, 4.49563631264e-05, -0.00110011640936, 0.00500870589167, -0.000377181044314, -0.000179791735718, -0.000806192168966, -0.000510497076903, 5.98925471422e-05, 0.000366879947251, 0.000132808112539, -0.000738060334697], [-0.000382722151699, 0.000721598218661, -0.00125796964858, 0.000401195749873, -0.000377181044314, 0.00775218708441, -0.00232628756203, -4.67660429422e-05, -0.000876635138411, -0.000306055735564, -0.000735394190997, 0.000915135373361, -0.00104411598295], [0.000309689057758, -0.00110428279731, -8.767406689e-05, -0.00109890894964, -0.000179791735718, -0.00232628756203, 0.00936734117568, -0.00263863173313, 7.90913763922e-05, -0.000384042097721, -0.000899577804375, -0.000262244371697, -0.000552147685084], [-0.000373432267224, 0.00121714617126, -0.000728515384253, 0.000488910125569, -0.000806192168966, -4.67660429422e-05, -0.00263863173313, 0.0111497472972, -0.0018839124823, 6.67563363095e-05, -0.00200518290512, -0.00080935517326, -0.000615147699136], [0.000319308281178, -0.00125328102149, 0.000265946640866, -0.00102966488339, -0.000510497076903, -0.000876635138411, 7.90913763922e-05, -0.0018839124823, 0.00924261379987, -0.00238127750345, 0.000932316761464, -0.00173217523843, 0.00025272599305], [-0.000268218660494, 0.00144459947478, -0.00076385360444, 0.000858928426169, 5.98925471422e-05, -0.000306055735564, -0.000384042097721, 6.67563363095e-05, -0.00238127750345, 0.0123746125028, -0.0043171918951, 0.000470748753287, -0.00158682453912], [0.000339252641425, -0.00139660411514, 0.000322297797538, -0.00054491951596, 0.000366879947251, -0.000735394190997, -0.000899577804375, -0.00200518290512, 0.000932316761464, -0.0043171918951, 0.0130093554035, -0.00216570217162, 0.00139182468411], [-0.000150465013576, 0.00105147832073, -0.000343282532413, 0.000219252775423, 0.000132808112539, 0.000915135373361, -0.000262244371697, -0.00080935517326, -0.00173217523843, 0.000470748753287, -0.00216570217162, 0.012028622441, -0.00340752443299], [0.000182958290679, -0.0010022255592, 0.000561484426726, -0.000803570030257, -0.000738060334697, -0.00104411598295, -0.000552147685084, -0.000615147699136, 0.00025272599305, -0.00158682453912, 0.00139182468411, -0.00340752443299, 0.0123342471197]]
    },
    "melbands": {
        "dmean": [0.00062148203142, 0.00128791772295, 0.00110673357267, 0.000664176943246, 0.000325452128891, 0.000197240471607, 0.000201982707949, 0.000204320502235, 0.000119170224934, 0.0001006705279, 7.66243902035e-05, 7.20241005183e-05, 0.00012660936045, 3.98815063818e-05, 2.25045241677e-05, 1.87232089957e-05, 1.60844538186e-05, 1.01597788671e-05, 5.84497684031e-06, 5.2314394452e-06, 3.44935642715e-06, 2.20970787268e-06, 1.34784670536e-06, 1.27267071548e-06, 1.19303820156e-06, 9.55898030952e-07, 1.02044737105e-06, 5.20748869803e-07, 5.07188076426e-07, 4.82545203795e-07, 6.04487922828e-07, 2.64477904466e-07, 2.26706617923e-07, 2.47580686619e-07, 2.41031756332e-07, 1.92174923086e-07, 2.23851699843e-07, 3.12878086106e-07, 4.11387674149e-07, 4.22402194999e-07],
        "dmean2": [0.00101985293441, 0.0021009282209, 0.00180494983215, 0.00108169473242, 0.000483869487653, 0.000278648542007, 0.000311792595312, 0.000304690009216, 0.00017562280118, 0.000145865502418, 0.000110576016596, 9.95532172965e-05, 0.00016977773339, 6.00847306487e-05, 3.4850276279e-05, 2.9259308576e-05, 2.46141080424e-05, 1.55542475113e-05, 8.76293324836e-06, 7.7779586718e-06, 5.30802662979e-06, 3.1489603316e-06, 1.93404207494e-06, 1.84145653748e-06, 1.73650084889e-06, 1.39358553497e-06, 1.50791845499e-06, 7.73103920437e-07, 7.77679929342e-07, 7.24099322724e-07, 9.29425539198e-07, 4.05234004575e-07, 3.47808537526e-07, 3.72827173578e-07, 3.68301584786e-07, 2.91682425768e-07, 3.39518777537e-07, 4.73691272873e-07, 6.05128661846e-07, 6.19409149749e-07],
        "dvar": [1.64346590736e-06, 4.81470442537e-06, 3.39529628945e-06, 1.3140122519e-06, 2.98114969155e-07, 1.80948205752e-07, 3.02946773445e-07, 2.73439241028e-07, 7.65660956858e-08, 7.51449178438e-08, 3.05680352142e-08, 2.29845795729e-08, 1.09999703568e-07, 9.78329062207e-09, 6.65723209892e-09, 5.69864555544e-09, 3.24329141321e-09, 2.16875117864e-09, 3.26966481667e-10, 2.80888035054e-10, 1.67856117894e-10, 4.03131590609e-11, 1.44193693444e-11, 1.02973922791e-11, 1.42469872705e-11, 6.17703804773e-12, 8.60279555925e-12, 2.28992714547e-12, 3.50290933412e-12, 2.33459215501e-12, 5.31500581394e-12, 6.52810704799e-13, 5.82075782973e-13, 1.25620119775e-12, 6.0373385978e-13, 4.29662382062e-13, 7.1187028711e-13, 1.52759098773e-12, 2.0743283393e-12, 2.46156242091e-12],
        "dvar2": [4.1621156015e-06, 1.19435890156e-05, 9.31036538532e-06, 3.37589494848e-06, 6.82645861616e-07, 4.00927234523e-07, 7.52477092192e-07, 6.24030178642e-07, 1.75658442458e-07, 1.67532846262e-07, 7.80099682629e-08, 4.93930158996e-08, 2.07650074913e-07, 2.24358238654e-08, 1.6470156794e-08, 1.38097799862e-08, 6.86465195798e-09, 5.33802158031e-09, 7.9401840658e-10, 6.77346290168e-10, 4.2144340795e-10, 8.35099628338e-11, 3.2254747484e-11, 2.23119057952e-11, 3.19885611055e-11, 1.36425766517e-11, 1.94384456448e-11, 5.11947558998e-12, 8.65100872882e-12, 5.24292631879e-12, 1.29921212677e-11, 1.51080396023e-12, 1.38693429571e-12, 2.74047733291e-12, 1.39768513603e-12, 9.9547150037e-13, 1.604061068e-12, 3.65807948169e-12, 4.03309070168e-12, 5.27280996643e-12],
        "max": [0.0212217643857, 0.0329628735781, 0.0345556139946, 0.0221384838223, 0.0187980066985, 0.0167086534202, 0.0186619553715, 0.0204376745969, 0.00978308357298, 0.0121723813936, 0.00431910296902, 0.00509851099923, 0.0119557958096, 0.00306675233878, 0.00332443742082, 0.00285995937884, 0.00458437623456, 0.00279255234636, 0.000796700187493, 0.000618454650976, 0.000615805678535, 0.000172833562829, 0.000220497517148, 7.52896012273e-05, 0.000181040799362, 8.56025144458e-05, 0.000135821654112, 4.28964667663e-05, 0.000101790988992, 4.89291887789e-05, 8.65758411237e-05, 1.85810695257e-05, 3.33691568812e-05, 7.00694363331e-05, 2.41259549512e-05, 2.13877356146e-05, 3.19241335092e-05, 6.83087637299e-05, 6.22243096586e-05, 6.56413903926e-05],
        "mean": [0.00161480216775, 0.00313648022711, 0.00254049757496, 0.00139139755629, 0.000848921714351, 0.000479965237901, 0.000461167393951, 0.000457663059933, 0.000273645564448, 0.000228812888963, 0.00017886441492, 0.000179572933121, 0.000272676232271, 8.43613379402e-05, 4.2733263399e-05, 3.27510133502e-05, 2.71472290478e-05, 1.74152610271e-05, 1.13856403914e-05, 9.60597208177e-06, 5.92405240241e-06, 4.40102667199e-06, 2.45389674092e-06, 2.12244981412e-06, 1.88850606264e-06, 1.69735562849e-06, 1.69574707343e-06, 8.45318368192e-07, 7.748247981e-07, 7.33327397029e-07, 8.37320101255e-07, 3.96159833826e-07, 3.35572366339e-07, 3.62102412055e-07, 3.56762797082e-07, 2.98997520076e-07, 3.5412946886e-07, 4.84277791202e-07, 6.31034424714e-07, 6.11785822002e-07],
        "median": [0.000358891440555, 0.00151690514758, 0.00173685373738, 0.000828944437671, 0.000522507296409, 0.000255483842921, 0.000160121562658, 0.00020451072487, 0.000131103559397, 0.000102446218079, 7.57013112889e-05, 9.26146603888e-05, 8.67398630362e-05, 3.85997409467e-05, 1.6859265088e-05, 1.09008633444e-05, 7.78737921792e-06, 3.8694702198e-06, 3.57330304723e-06, 2.28288286053e-06, 1.60586978382e-06, 1.27090436308e-06, 6.91069317327e-07, 4.97566190916e-07, 5.00820306115e-07, 3.80466815386e-07, 3.56059246087e-07, 1.89306916809e-07, 1.47071290257e-07, 1.4911306323e-07, 1.50900930862e-07, 7.11058234515e-08, 5.65643922812e-08, 5.03366557325e-08, 5.06704829206e-08, 4.31133813095e-08, 4.04260767084e-08, 5.05651840399e-08, 6.55447820463e-08, 5.96099312133e-08],
        "min": [5.50947555955e-25, 1.2053499795e-24, 8.97110666611e-25, 7.44497340064e-25, 6.3755984879e-25, 1.58629712291e-24, 1.13785859032e-24, 2.14384764186e-24, 1.64626672336e-24, 2.82012803793e-24, 1.85138909695e-24, 2.27343401997e-24, 2.3673305558e-24, 1.78182477853e-24, 1.5779337182e-24, 2.2800569017e-24, 2.18558410299e-24, 2.77323301813e-24, 3.01367506102e-24, 2.35582580836e-24, 4.21281226786e-24, 3.57610724847e-24, 2.96331733628e-24, 2.79745518944e-24, 3.46989462176e-24, 4.61082493784e-24, 4.21848614992e-24, 4.43691700141e-24, 4.57823236068e-24, 5.72867436713e-24, 4.70424105738e-24, 4.52854477327e-24, 5.5541227202e-24, 5.84011516949e-24, 4.65396182429e-24, 5.87362361416e-24, 5.43398867066e-24, 5.6002923824e-24, 5.18756351223e-24, 6.63255000904e-24],
        "var": [6.64435174258e-06, 1.54369427037e-05, 7.32368835088e-06, 3.08987364406e-06, 1.06777417841e-06, 5.57657244826e-07, 8.573224477e-07, 7.3950911883e-07, 1.9757059988e-07, 1.91932798543e-07, 8.6935415311e-08, 7.66653798223e-08, 3.60626046358e-07, 2.29575736199e-08, 1.41586147251e-08, 1.00654888868e-08, 8.59519921903e-09, 4.68034944134e-09, 7.38499206232e-10, 6.4170246894e-10, 3.09243158858e-10, 1.18499210444e-10, 3.33701538624e-11, 2.15104496715e-11, 2.10767098219e-11, 1.50624443473e-11, 2.20338747248e-11, 4.07508315287e-12, 4.888960764e-12, 4.12652117338e-12, 7.24521224266e-12, 1.0768016253e-12, 8.33918763037e-13, 1.80222590324e-12, 1.00112832521e-12, 8.07693159317e-13, 1.36661873224e-12, 2.53685419026e-12, 4.66002193431e-12, 4.58214586066e-12]
    },
    "mfcc": {
        "mean": [-704.959777832, 185.995330811, 20.9242744446, 1.03096854687, 1.91488611698, 1.1218483448, 8.14314746857, 0.362973362207, 1.66896247864, -5.27753162384, -5.22787237167, -4.57153463364, -1.33150041103],
        "cov": [[10002.1132812, -395.034088135, -171.424972534, -50.4404830933, 47.8557929993, 42.9333457947, 224.275756836, 8.54301166534, 112.079353333, 94.3096923828, -4.12834358215, -69.1736526489, -0.423103809357], [-395.034088135, 2460.73730469, -136.939468384, -72.3890075684, 70.1064147949, 73.8851242065, 16.2484474182, 68.8968505859, 41.3099479675, 1.52305805683, -27.8625011444, 20.4642066956, 13.3347034454], [-171.424972534, -136.939468384, 491.932250977, -19.9072780609, -16.5386428833, 25.1461772919, 43.3685073853, 18.6525688171, 11.8138904572, 20.3561859131, 25.8275871277, 38.7718315125, 7.22152090073], [-50.4404830933, -72.3890075684, -19.9072780609, 242.803634644, 29.5124435425, -3.60537242889, 1.32528758049, 20.8671875, 23.9931545258, -22.5264835358, 7.08220911026, 13.876616478, 20.5598869324], [47.8557929993, 70.1064147949, -16.5386428833, 29.5124435425, 164.886291504, 24.8200626373, 4.35648918152, 13.8918275833, 25.0347194672, 8.67216491699, -2.14029979706, 6.50856781006, 9.1174955368], [42.9333457947, 73.8851242065, 25.1461772919, -3.60537242889, 24.8200626373, 136.874847412, 19.7257099152, 12.1065950394, 31.5364627838, 10.3907966614, 13.150639534, 11.3288564682, 1.76880657673], [224.275756836, 16.2484474182, 43.3685073853, 1.32528758049, 4.35648918152, 19.7257099152, 174.166702271, 14.669801712, 11.6751909256, 21.3316898346, 18.5706825256, 6.5372710228, 1.9451457262], [8.54301166534, 68.8968505859, 18.6525688171, 20.8671875, 13.8918275833, 12.1065950394, 14.669801712, 135.261322021, 24.7382030487, 9.96411037445, 13.1977834702, 16.2431201935, 10.1012716293], [112.079353333, 41.3099479675, 11.8138904572, 23.9931545258, 25.0347194672, 31.5364627838, 11.6751909256, 24.7382030487, 151.102264404, -5.83783769608, -1.48545432091, 24.5412998199, 16.064666748], [94.3096923828, 1.52305805683, 20.3561859131, -22.5264835358, 8.67216491699, 10.3907966614, 21.3316898346, 9.96411037445, -5.83783769608, 139.836120605, 13.7519140244, 5.94994115829, 9.99169158936], [-4.12834358215, -27.8625011444, 25.8275871277, 7.08220911026, -2.14029979706, 13.150639534, 18.5706825256, 13.1977834702, -1.48545432091, 13.7519140244, 101.011146545, 19.8600616455, 0.369135379791], [-69.1736526489, 20.4642066956, 38.7718315125, 13.876616478, 6.50856781006, 11.3288564682, 6.5372710228, 16.2431201935, 24.5412998199, 5.94994115829, 19.8600616455, 108.006011963, 19.4519824982], [-0.423103809357, 13.3347034454, 7.22152090073, 20.5598869324, 9.1174955368, 1.76880657673, 1.9451457262, 10.1012716293, 16.064666748, 9.99169158936, 0.369135379791, 19.4519824982, 100.134712219]],
