{
"lowlevel": {
    "average_loudness": 0.0583426617086,
    "barkbands_crest": {
        "dmean": 2.4044072628,
        "dmean2": 3.91516637802,
        "dvar": 4.19228744507,
        "dvar2": 10.5951242447,
        "max": 26.4178752899,
        "mean": 11.793794632,
        "median": 11.1544895172,
        "min": 3.43724632263,
        "var": 15.7162771225
    },
    "barkbands_flatness_db": {
        "dmean": 0.0259507205337,
        "dmean2": 0.0436542369425,
        "dvar": 0.000471944862511,
        "dvar2": 0.00137418834493,
        "max": 0.597381711006,
        "mean": 0.408187150955,
        "median": 0.40421000123,
        "min": 0.0636132881045,
        "var": 0.00233838381246
    },
    "barkbands_kurtosis": {
        "dmean": 2.92497420311,
        "dmean2": 4.82583427429,
        "dvar": 23.0805206299,
        "dvar2": 57.2739715576,
        "max": 220.012908936,
        "mean": 4.59937858582,
        "median": 2.15178370476,
        "min": -1.88976442814,
        "var": 80.6506652832
    },
    "barkbands_skewness": {
        "dmean": 0.531905531883,
        "dmean2": 0.868432462215,
        "dvar": 0.218909755349,
        "dvar2": 0.574275135994,
        "max": 11.2221336365,
        "mean": 0.971253871918,
        "median": 0.957231760025,
        "min": -6.35146951675,
        "var": 1.40232169628
    },
    "barkbands_spread": {
        "dmean": 0.983717143536,
        "dmean2": 1.63792645931,
        "dvar": 1.6301804781,
        "dvar2": 3.97875165939,
        "max": 102.404510498,
        "mean": 3.70117926598,
        "median": 3.36552023888,
        "min": 0.157628253102,
        "var": 6.00505399704
    },
    "dissonance": {
        "dmean": 0.0547703951597,
        "dmean2": 0.0934503525496,
        "dvar": 0.00218257145025,
        "dvar2": 0.00599423982203,
        "max": 0.500000059605,
        "mean": 0.371292382479,
        "median": 0.38191318512,
        "min": 0.036510810256,
        "var": 0.00534526864067
    },
    "dynamic_complexity": 5.57706594467,
    "erbbands_crest": {
        "dmean": 2.90458893776,
        "dmean2": 4.73841762543,
        "dvar": 7.1920003891,
        "dvar2": 19.348815918,
        "max": 34.4680137634,
        "mean": 14.3353748322,
        "median": 12.8969192505,
        "min": 2.77138400078,
        "var": 36.7462882996
    },
    "erbbands_flatness_db": {
        "dmean": 0.016869712621,
        "dmean2": 0.0269595570862,
        "dvar": 0.000224630784942,
        "dvar2": 0.000566755770706,
        "max": 0.584525108337,
        "mean": 0.388522922993,
        "median": 0.383678078651,
        "min": 0.0423040837049,
        "var": 0.00222182250582
    },
    "erbbands_kurtosis": {
        "dmean": 2.14104151726,
        "dmean2": 3.48915457726,
        "dvar": 14.4624662399,
        "dvar2": 37.5778312683,
        "max": 117.030426025,
        "mean": 3.5662856102,
        "median": 1.22175240517,
        "min": -1.74344086647,
        "var": 48.8199882507
    },
    "erbbands_skewness": {
        "dmean": 0.443874657154,
        "dmean2": 0.718580067158,
        "dvar": 0.180900752544,
        "dvar2": 0.476009100676,
        "max": 7.94134378433,
        "mean": 0.608395159245,
        "median": 0.513872742653,
        "min": -6.30033111572,
        "var": 1.42250740528
    },
    "erbbands_spread": {
        "dmean": 1.9959294796,
        "dmean2": 3.26332354546,
        "dvar": 4.90664196014,
        "dvar2": 11.7068443298,
        "max": 141.945739746,
        "mean": 8.77740383148,
        "median": 8.25140190125,
        "min": 0.328954160213,
        "var": 23.4053955078
    },
    "hfc": {
        "dmean": 1.604352355,
        "dmean2": 2.24931359291,
        "dvar": 27.0094490051,
        "dvar2": 40.665512085,
        "max": 397.767120361,
        "mean": 6.50852870941,
        "median": 2.04625701904,
        "min": 1.14208985994e-16,
        "var": 198.147140503
    },
    "melbands_crest": {
        "dmean": 3.17133259773,
        "dmean2": 5.37228488922,
        "dvar": 7.08787631989,
        "dvar2": 19.8890018463,
        "max": 34.4186210632,
        "mean": 15.0708465576,
        "median": 14.4712944031,
        "min": 1.79896998405,
        "var": 25.6530704498
    },
    "melbands_flatness_db": {
        "dmean": 0.0287660565227,
        "dmean2": 0.0488779768348,
        "dvar": 0.000563712557778,
        "dvar2": 0.00161636527628,
        "max": 0.763056159019,
        "mean": 0.543244600296,
        "median": 0.539155125618,
        "min": 0.0064893309027,
        "var": 0.0041655828245
    },
    "melbands_kurtosis": {
        "dmean": 3.65064620972,
        "dmean2": 6.06747484207,
        "dvar": 30.6838989258,
        "dvar2": 72.0120773315,
        "max": 400.1434021,
        "mean": 5.96130132675,
        "median": 2.88434553146,
        "min": -1.87935328484,
        "var": 100.416381836
    },
    "melbands_skewness": {
        "dmean": 0.570568740368,
        "dmean2": 0.940439403057,
        "dvar": 0.251065999269,
        "dvar2": 0.677987515926,
        "max": 12.6702203751,
        "mean": 1.30865859985,
        "median": 1.24611639977,
        "min": -4.97642946243,
        "var": 1.43362212181
    },
    "melbands_spread": {
        "dmean": 1.45666253567,
        "dmean2": 2.44122052193,
        "dvar": 5.43329143524,
        "dvar2": 12.8280086517,
        "max": 159.408004761,
        "mean": 5.80650520325,
        "median": 4.77221298218,
        "min": 0.318053036928,
        "var": 84.0114135742
    },
    "pitch_salience": {
        "dmean": 0.0813710018992,
        "dmean2": 0.137157216668,
        "dvar": 0.00499588437378,
        "dvar2": 0.0143347242847,
        "max": 0.957335054874,
        "mean": 0.511897146702,
        "median": 0.518674731255,
        "min": 0.0754200592637,
        "var": 0.0153739284724
    },
    "silence_rate_20dB": {
        "dmean": 0.000458750670077,
        "dmean2": 0.000917571480386,
        "dvar": 0.000458467024146,
        "dvar2": 0.00122265366372,
        "max": 1,
        "mean": 0.999541282654,
        "median": 1,
        "min": 0,
        "var": 0.000458432041341
    },
    "silence_rate_30dB": {
        "dmean": 0.00596375856549,
        "dmean2": 0.0119284298271,
        "dvar": 0.00592885259539,
        "dvar2": 0.0128555353731,
        "max": 1,
        "mean": 0.982798159122,
        "median": 1,
        "min": 0,
        "var": 0.0169036407024
    },
    "silence_rate_60dB": {
        "dmean": 0.0412875600159,
        "dmean2": 0.0825814381242,
        "dvar": 0.0395860858262,
        "dvar2": 0.0962583944201,
        "max": 1,
        "mean": 0.158333331347,
        "median": 0,
        "min": 0,
        "var": 0.133245766163
    },
    "spectral_centroid": {
        "dmean": 44.7044639587,
        "dmean2": 75.3042144775,
        "dvar": 7391.93652344,
        "dvar2": 11929.6630859,
        "max": 11314.1435547,
        "mean": 373.348327637,
        "median": 338.819580078,
        "min": 135.970611572,
        "var": 97834.21875
    },
    "spectral_complexity": {
        "dmean": 1.04075229168,
        "dmean2": 1.80455732346,
        "dvar": 0.960702776909,
        "dvar2": 2.47806811333,
        "max": 20,
        "mean": 6.83241605759,
        "median": 6,
        "min": 0,
        "var": 12.6231994629
    },
    "spectral_decrease": {
        "dmean": 1.2901169022e-09,
        "dmean2": 2.02066874344e-09,
        "dvar": 5.90766106913e-18,
        "dvar2": 1.05778161013e-17,
        "max": 1.69623429885e-16,
        "mean": -4.16624912347e-09,
        "median": -2.19969109594e-09,
        "min": -1.71033718743e-07,
        "var": 4.55643804659e-17
    },
    "spectral_energy": {
        "dmean": 0.00500679342076,
        "dmean2": 0.00781717244536,
        "dvar": 9.24101696e-05,
        "dvar2": 0.000163707809406,
        "max": 0.681599736214,
        "mean": 0.0163147598505,
        "median": 0.00848871376365,
        "min": 1.11101907714e-20,
        "var": 0.000713981105946
    },
    "spectral_energyband_high": {
        "dmean": 9.29564070162e-09,
        "dmean2": 1.45612233382e-08,
        "dvar": 7.05630167012e-16,
        "dvar2": 1.43399120432e-15,
        "max": 1.67890743796e-06,
        "mean": 3.20907105333e-08,
        "median": 1.65259645968e-08,
        "min": 8.04554880198e-21,
        "var": 5.79436646843e-15
    },
    "spectral_energyband_low": {
        "dmean": 0.00280497246422,
        "dmean2": 0.00494472263381,
        "dvar": 9.95757727651e-06,
        "dvar2": 3.11362236971e-05,
        "max": 0.0373159945011,
        "mean": 0.00410864315927,
        "median": 0.0029614996165,
        "min": 1.32805755758e-22,
        "var": 1.46430375025e-05
    },
    "spectral_energyband_middle_high": {
        "dmean": 0.000174470798811,
        "dmean2": 0.000234943421674,
        "dvar": 3.55450623601e-07,
        "dvar2": 5.71730254251e-07,
        "max": 0.0315197557211,
        "mean": 0.000752170803025,
        "median": 0.000123219710076,
        "min": 1.70115973567e-21,
        "var": 3.51729045178e-06
    },
    "spectral_energyband_middle_low": {
        "dmean": 0.00382450968027,
        "dmean2": 0.00569466734305,
        "dvar": 8.7258318672e-05,
        "dvar2": 0.000146319434862,
        "max": 0.676311969757,
        "mean": 0.0129566090181,
        "median": 0.00519253034145,
        "min": 3.88382199252e-22,
        "var": 0.000643817591481
    },
    "spectral_entropy": {
        "dmean": 0.176059454679,
        "dmean2": 0.292270988226,
        "dvar": 0.0259304214269,
        "dvar2": 0.0728709623218,
        "max": 9.80608272552,
        "mean": 5.36699581146,
        "median": 5.41063785553,
        "min": 3.07316446304,
        "var": 0.213891297579
    },
    "spectral_flux": {
        "dmean": 0.0150144025683,
        "dmean2": 0.0246437899768,
        "dvar": 0.000255865597865,
        "dvar2": 0.000664718507323,
        "max": 0.4238460958,
        "mean": 0.0450985915959,
        "median": 0.0402221940458,
        "min": 1.05404893147e-10,
        "var": 0.000746577687096
    },
    "spectral_kurtosis": {
        "dmean": 40.2481536865,
        "dmean2": 69.4981765747,
        "dvar": 1182.12060547,
        "dvar2": 3415.3972168,
        "max": 414.719268799,
        "mean": 148.614196777,
        "median": 148.010314941,
        "min": -1.1752641201,
        "var": 2989.8918457
    },
    "spectral_rms": {
        "dmean": 0.000598820799496,
        "dmean2": 0.000971833535004,
        "dvar": 3.42411283327e-07,
        "dvar2": 8.06279444987e-07,
        "max": 0.0257871169597,
        "mean": 0.00336078507826,
        "median": 0.00287778954953,
        "min": 3.29229568954e-12,
        "var": 4.62194293505e-06
    },
    "spectral_rolloff": {
        "dmean": 67.0389709473,
        "dmean2": 120.656051636,
        "dvar": 51970.6796875,
        "dvar2": 98567.875,
        "max": 19487.5488281,
        "mean": 535.002197266,
        "median": 452.197265625,
        "min": 86.1328125,
        "var": 1766652.25
    },
    "spectral_skewness": {
        "dmean": 1.79585897923,
        "dmean2": 3.14508056641,
        "dvar": 2.24923038483,
        "dvar2": 6.45055198669,
        "max": 16.0716362,
        "mean": 8.94332122803,
        "median": 9.1246881485,
        "min": -0.0416612513363,
        "var": 5.02888393402
    },
    "spectral_spread": {
        "dmean": 263751.65625,
        "dmean2": 467898.4375,
        "dvar": 120963964928,
        "dvar2": 224899940352,
        "max": 41182508,
        "mean": 796879.75,
        "median": 683391.625,
        "min": 189218.5625,
        "var": 860078997504
    },
    "spectral_strongpeak": {
        "dmean": 0.321393072605,
        "dmean2": 0.522122919559,
        "dvar": 0.2426289469,
        "dvar2": 0.492218196392,
        "max": 19.2173633575,
        "mean": 0.892435073853,
        "median": 0.4266320467,
        "min": 0,
        "var": 1.67260813713
    },
    "zerocrossingrate": {
        "dmean": 0.00178688019514,
        "dmean2": 0.00249994918704,
        "dvar": 2.11377482628e-05,
        "dvar2": 2.76809241768e-05,
        "max": 0.59912109375,
        "mean": 0.0187072940171,
        "median": 0.0146484375,
        "min": 0.0029296875,
        "var": 0.00165513064712
    },
    "barkbands": {
        "dmean": [9.48531521772e-07, 0.000307559268549, 0.00156964105554, 0.00133274809923, 0.00136441807263, 0.000744094722904, 0.00078580447007, 0.000978026422672, 0.000545582908671, 0.000161518939422, 7.69458856666e-05, 1.48363715198e-05, 3.29382710333e-05, 4.82928771817e-06, 3.43027954841e-06, 1.79206153916e-06, 6.04441424912e-07, 2.08936597801e-07, 8.92383482665e-08, 9.84430226225e-09, 3.28097704561e-09, 9.4570407061e-10, 7.28984872467e-10, 7.74296460282e-10, 7.42753303307e-10, 6.59448606832e-10, 7.37213012858e-10],
        "dmean2": [1.61893365203e-06, 0.000365889340173, 0.00275168637745, 0.00238691479899, 0.00211174087599, 0.00120173755568, 0.00128104642499, 0.00111291825306, 0.000709554238711, 0.000223402908887, 0.000104667247797, 2.1322768589e-05, 4.59885304736e-05, 6.51591153655e-06, 5.19559307577e-06, 2.74235480902e-06, 9.48206718476e-07, 2.99368906553e-07, 1.32563258148e-07, 1.42770977263e-08, 4.89259655012e-09, 1.652964432e-09, 1.31375166301e-09, 1.38331934796e-09, 1.33450694939e-09, 1.19070131532e-09, 1.32258792807e-09],
        "dvar": [1.15015364854e-12, 1.39355137208e-07, 3.21783772961e-06, 2.53163170782e-06, 1.23045301734e-05, 5.31350997335e-06, 9.38205994316e-06, 3.92186120735e-05, 2.10881680687e-05, 7.2317965305e-07, 7.43993879837e-08, 2.64142263617e-09, 1.44605980523e-08, 3.21741161491e-10, 2.11056006005e-10, 5.80782817672e-11, 2.14580241596e-12, 3.28792060852e-13, 6.48208225919e-14, 8.38545941821e-16, 1.22246455161e-16, 6.84320565065e-18, 4.07472437107e-18, 3.61662967989e-18, 3.36023967235e-18, 3.17894939263e-18, 3.60985548426e-18],
        "dvar2": [3.18847964524e-12, 1.92705826407e-07, 9.74780323304e-06, 7.95768301032e-06, 2.586215669e-05, 1.37148945214e-05, 2.63013625954e-05, 4.9715712521e-05, 3.36316770699e-05, 1.10466385195e-06, 1.21682205645e-07, 4.62420368663e-09, 3.13856460821e-08, 4.4153383727e-10, 5.07108022241e-10, 1.04327754769e-10, 4.49817743817e-12, 6.22159658861e-13, 1.06409415242e-13, 1.45678877846e-15, 1.97681952129e-16, 2.0131585913e-17, 1.30287332311e-17, 1.15719879359e-17, 1.07894759036e-17, 1.01733777213e-17, 1.16008664655e-17],
        "max": [1.39296134876e-05, 0.00666700163856, 0.0248592123389, 0.0267806611955, 0.202042892575, 0.152711436152, 0.122063457966, 0.649990677834, 0.330726891756, 0.0611147508025, 0.0159281305969, 0.00264132837765, 0.00481345830485, 0.00154247076716, 0.000873204728123, 0.000363421015209, 0.000101844845631, 5.00839450979e-05, 2.23283896048e-05, 1.50486357597e-06, 5.54551206733e-07, 6.81214018527e-08, 3.95556156718e-08, 3.78272382306e-08, 3.69483892371e-08, 3.47794824052e-08, 3.74703219563e-08],
        "mean": [1.44693103721e-06, 0.000592941360082, 0.00215842924081, 0.00158593489323, 0.00262289866805, 0.00158420437947, 0.00181843712926, 0.003152085701, 0.00188359385356, 0.000454573106254, 0.000270840071607, 4.43879071099e-05, 0.000106816929474, 2.0625653633e-05, 1.00835168269e-05, 4.74107946502e-06, 1.71589181264e-06, 6.91130139785e-07, 2.73171337994e-07, 3.12330463714e-08, 8.8135214682e-09, 1.60906665769e-09, 1.13775799893e-09, 1.75359837762e-09, 1.71269853855e-09, 1.60417323869e-09, 1.85890292048e-09],
        "median": [9.99180883809e-07, 0.000345364504028, 0.00139184785075, 0.00094361405354, 0.000977315241471, 0.000412479421357, 0.000216772168642, 0.000170066254213, 9.41748876357e-05, 7.1480171755e-05, 2.2976717446e-05, 5.8775854086e-06, 5.10075824423e-06, 1.18294337881e-06, 6.5967503815e-07, 9.99602093543e-07, 7.19585329989e-07, 1.89841699694e-07, 8.46150953748e-08, 1.17721583592e-08, 3.87958776216e-09, 7.63479834909e-10, 6.42611075463e-10, 1.35027566905e-09, 1.27063226607e-09, 1.01263730734e-09, 1.30021693412e-09],
        "min": [1.5472091755e-22, 4.86887664384e-23, 4.68178139854e-24, 1.19591975875e-23, 4.75777063405e-23, 9.89687094988e-23, 8.01324023999e-23, 7.01886970936e-23, 5.91432875798e-23, 7.71718326662e-23, 6.49785800481e-23, 1.28878263435e-22, 1.20761541053e-22, 7.36135272473e-23, 1.91415445199e-22, 1.1306305379e-22, 2.4613755237e-22, 3.41242799808e-22, 2.52766508328e-22, 3.39152861145e-22, 5.82645899325e-22, 3.29967490983e-22, 1.07349686401e-21, 7.13987731191e-22, 1.30654147105e-21, 1.8916693666e-21, 2.11028556885e-21],
        "var": [2.1324584893e-12, 4.85476789436e-07, 5.35943809155e-06, 3.47180707649e-06, 4.62855678052e-05, 2.14794090425e-05, 2.97304959531e-05, 0.000189587561181, 0.000113846501336, 4.71776638733e-06, 7.47869535189e-07, 2.0563744485e-08, 1.08789770081e-07, 6.71983624301e-09, 1.88586879446e-09, 3.01252051083e-10, 1.7498131416e-11, 4.52711913096e-12, 7.43121818421e-13, 6.70348777776e-15, 5.65202745209e-16, 1.11911787973e-17, 4.05222588559e-18, 4.15370688468e-18, 3.87732433533e-18, 3.6530785664e-18, 3.76893637812e-18]
    },
    "erbbands": {
        "dmean": [0.00671240082011, 0.0800477266312, 0.95828139782, 4.88891410828, 1.33222222328, 5.65577316284, 8.07980155945, 6.41293525696, 10.251036644, 13.372508049, 20.757183075, 16.7404651642, 6.84032154083, 3.12134003639, 2.48918747902, 0.722394526005, 1.62677061558, 0.24806201458, 0.240063637495, 0.119586393237, 0.0611081831157, 0.0244472548366, 0.015885239467, 0.00804311875254, 0.00127231981605, 0.000429080013419, 0.000198821493541, 7.70963379182e-05, 3.58004326699e-05, 2.64795180556e-05, 2.03565450647e-05, 1.64455868799e-05, 1.41151649586e-05, 9.8128184618e-06, 5.76255570195e-06, 3.69778990716e-06, 1.99878354579e-06, 5.16573265941e-07, 2.30656769418e-06, 5.52882465854e-06],
        "dmean2": [0.00779205560684, 0.0988272577524, 1.66334593296, 8.75284385681, 2.29892992973, 8.7993555069, 12.6149845123, 10.6386556625, 16.354883194, 19.1794376373, 23.4071502686, 21.2425956726, 9.4298992157, 4.42319822311, 3.09518003464, 0.977789282799, 2.26692914963, 0.345620959997, 0.330651670694, 0.185158863664, 0.0916981771588, 0.0384511724114, 0.0223256833851, 0.0116630420089, 0.00185879203491, 0.000626421999186, 0.000283128203591, 0.000122757235658, 6.15334574832e-05, 4.70123959531e-05, 3.63630460924e-05, 2.9077513318e-05, 2.46813633566e-05, 1.70465827978e-05, 9.80574350251e-06, 6.14243754171e-06, 3.25980158777e-06, 8.66955701895e-07, 3.56037094207e-06, 8.60046475282e-06],
        "dvar": [6.69590008329e-05, 0.00863369647413, 1.20002138615, 31.96900177, 7.31238460541, 212.816574097, 387.442382812, 493.122192383, 1768.24926758, 1539.44970703, 28133.0449219, 17239.171875, 1423.28857422, 123.618232727, 114.367660522, 4.82213115692, 35.7572288513, 0.564964234829, 0.997793912888, 0.27665579319, 0.0561201497912, 0.00332234473899, 0.00199794606306, 0.000737614522222, 1.89108395716e-05, 1.73111584445e-06, 5.69054350308e-07, 7.10340444243e-08, 1.05467909961e-08, 5.45435918653e-09, 3.14253911782e-09, 1.80533754612e-09, 9.87980808276e-10, 4.72862082823e-10, 2.01275399125e-10, 7.37646541071e-11, 1.95976273404e-11, 1.80514132288e-12, 2.13455485926e-11, 1.17486964601e-10],
        "dvar2": [8.85608824319e-05, 0.0125780384988, 3.56618332863, 101.140869141, 20.6526031494, 438.71572876, 906.350036621, 1359.70727539, 4942.37158203, 3120.12353516, 35492.9882812, 27578.7363281, 2167.90649414, 221.028808594, 131.925613403, 7.67771911621, 77.4163131714, 0.967475473881, 2.01974534988, 0.523542523384, 0.0998115316033, 0.00681746704504, 0.00298667186871, 0.00105601875111, 3.15110810334e-05, 2.79570781458e-06, 7.79760000569e-07, 1.4507200774e-07, 2.86862018584e-08, 1.67705245246e-08, 9.87464687796e-09, 5.59788393417e-09, 3.00551272758e-09, 1.39773337349e-09, 5.58445900634e-10, 1.84665185921e-10, 4.49418106896e-11, 4.76721526838e-12, 3.65647928602e-11, 2.05661140895e-10],
        "max": [0.153482690454, 1.63111615181, 16.2814102173, 76.0352401733, 125.431533813, 859.269165039, 801.157836914, 1243.953125, 1757.95568848, 2633.11108398, 17811.7636719, 9400.94921875, 2372.8527832, 760.037353516, 834.326904297, 128.412826538, 248.707366943, 37.2044487, 62.4277076721, 32.3540458679, 13.1747264862, 4.22625827789, 4.58376455307, 2.75607609749, 0.292224436998, 0.105265773833, 0.0580474920571, 0.021174736321, 0.00391732808203, 0.00165811518673, 0.00125488766935, 0.0010157963261, 0.000818175263703, 0.000639637641143, 0.000481569644762, 0.000379467936, 0.000228188699111, 5.2946350479e-05, 0.000332834140863, 0.00077446596697],
        "mean": [0.0145104555413, 0.167439594865, 1.46316492558, 5.88484287262, 2.77694964409, 10.4492845535, 15.0565261841, 13.0146503448, 22.9185523987, 48.9029655457, 57.7131881714, 56.6872711182, 20.0198287964, 9.56054592133, 9.98421478271, 2.76804184914, 5.35041189194, 1.06683325768, 1.04636526108, 0.357216209173, 0.195841446519, 0.0787975043058, 0.0521726049483, 0.0277005601674, 0.00450093159452, 0.0015227177646, 0.000617262907326, 0.000221788825002, 7.46346995584e-05, 4.73184591101e-05, 4.03843878303e-05, 4.05071441492e-05, 4.2603485781e-05, 3.18354796036e-05, 1.90275932255e-05, 1.36496164487e-05, 7.76346587372e-06, 1.95572079065e-06, 7.93628350948e-06, 1.82226431207e-05],
        "median": [0.00867148302495, 0.112750276923, 0.979566693306, 3.71238207817, 1.41594362259, 3.68935775757, 5.72399711609, 2.80735731125, 3.69806742668, 3.95252609253, 3.73900461197, 2.99794721603, 3.15306901932, 1.29621839523, 0.885414838791, 0.395583838224, 0.281735241413, 0.102881982923, 0.0445833206177, 0.0612278878689, 0.0483276732266, 0.0352828092873, 0.0180112347007, 0.00779760163277, 0.00172365724575, 0.000633578049019, 0.000270357937552, 9.89910622593e-05, 3.47819732269e-05, 2.25871481234e-05, 2.23980750889e-05, 2.73437090073e-05, 3.2838077459e-05, 2.37127496803e-05, 1.05740400613e-05, 7.48049296817e-06, 4.34957883044e-06, 1.06329457594e-06, 4.07892002841e-06, 9.34908348427e-06],
        "min": [3.7965861438e-21, 3.12630670887e-21, 6.78155543369e-21, 2.5754678731e-20, 4.48581855645e-20, 1.76677920626e-19, 3.03971659417e-19, 1.13076530654e-18, 1.06062597406e-18, 1.43048934181e-18, 1.52426370593e-18, 1.32952512381e-18, 1.82524019605e-18, 3.20324513479e-18, 3.73205901206e-18, 4.6351338594e-18, 4.37467164171e-18, 5.28409840898e-18, 7.23912076159e-18, 7.02522260854e-18, 8.54800586796e-18, 1.66185862474e-17, 1.86831612275e-17, 1.3751072837e-17, 1.21121070974e-17, 1.81466800064e-17, 2.39890881057e-17, 1.829636661e-17, 1.33348057742e-17, 2.90098395046e-17, 2.68659809171e-17, 1.33588312351e-17, 1.32419423428e-17, 1.13612363779e-17, 1.12515174871e-17, 6.55719471897e-18, 3.7113898365e-18, 1.16657716058e-18, 3.08080989302e-19, 3.21432660204e-20],
        "var": [0.000277609564364, 0.0292560309172, 2.19288158417, 41.5512695312, 33.3303146362, 833.084350586, 1219.25219727, 1646.64172363, 4760.17382812, 19237.6113281, 113236.414062, 91213.1953125, 8849.44433594, 857.944213867, 1555.28137207, 55.5315742493, 275.443908691, 7.01940822601, 17.2478656769, 1.66338324547, 0.396885067225, 0.033477652818, 0.0289283357561, 0.0102498568594, 0.000127572624478, 1.69717513927e-05, 3.42636826645e-06, 4.72238468774e-07, 2.61111772204e-08, 8.14859113518e-09, 4.48635972816e-09, 3.09308711977e-09, 2.19905005316e-09, 1.32937361119e-09, 7.3251515964e-10, 3.73818531685e-10, 1.18205445432e-10, 7.22455472182e-12, 1.69651168114e-10, 9.10384378994e-10]
    },
    "gfcc": {
        "mean": [-263.50680542, 259.565185547, -69.7929534912, -45.623966217, -15.3619861603, -21.4523849487, -25.2418346405, -1.49547827244, -13.7431507111, -17.9277000427, -3.59624099731, -14.8361797333, -4.65015268326],
        "cov": [[7728.87158203, 2178.64575195, -1532.41186523, -1331.3182373, -249.082626343, -522.342529297, 15.1908597946, 77.142364502, 110.93686676, -197.94039917, 111.558860779, -233.292678833, 6.69347429276], [2178.64575195, 1070.72741699, -109.590629578, -198.165603638, 55.0724868774, -134.177078247, -11.0063505173, -28.3755321503, -14.5366163254, -104.037109375, 28.8416500092, -68.4285125732, 39.9501190186], [-1532.41186523, -109.590629578, 833.117980957, 533.387817383, 157.119277954, 120.847129822, -5.19913864136, -100.150161743, -72.1032104492, -26.0931453705, -60.0205039978, 25.9682750702, 29.534286499], [-1331.3182373, -198.165603638, 533.387817383, 615.48034668, 214.915786743, 36.0993614197, -8.67915725708, -9.52194976807, -85.3895950317, -79.3230285645, -30.0990486145, 53.8494873047, 69.987411499], [-249.082626343, 55.0724868774, 157.119277954, 214.915786743, 188.480331421, 38.6698493958, -5.40674591064, -25.8927497864, -43.6808662415, -38.4889602661, -2.7403318882, 7.80478525162, 13.3071718216], [-522.342529297, -134.177078247, 120.847129822, 36.0993614197, 38.6698493958, 154.542419434, 53.4075660706, -36.4551582336, -2.41436553001, 50.6033592224, -28.6314506531, -4.46100330353, -16.7582111359], [15.1908597946, -11.0063505173, -5.19913864136, -8.67915725708, -5.40674591064, 53.4075660706, 104.921096802, 63.202747345, 17.481464386, -3.51824617386, -28.9120998383, -26.9956054688, 3.89678621292], [77.142364502, -28.3755321503, -100.150161743, -9.52194976807, -25.8927497864, -36.4551582336, 63.202747345, 163.513519287, 51.5751647949, -41.4471321106, 5.43960905075, 4.08096933365, -0.531078398228], [110.93686676, -14.5366163254, -72.1032104492, -85.3895950317, -43.6808662415, -2.41436553001, 17.481464386, 51.5751647949, 81.814781189, 56.2662467957, 13.636633873, -5.87362909317, -22.6437587738], [-197.94039917, -104.037109375, -26.0931453705, -79.3230285645, -38.4889602661, 50.6033592224, -3.51824617386, -41.4471321106, 56.2662467957, 137.110351562, 38.4146499634, 6.16167449951, -30.2642421722], [111.558860779, 28.8416500092, -60.0205039978, -30.0990486145, -2.7403318882, -28.6314506531, -28.9120998383, 5.43960905075, 13.636633873, 38.4146499634, 89.504234314, 51.4147071838, -11.0778741837], [-233.292678833, -68.4285125732, 25.9682750702, 53.8494873047, 7.80478525162, -4.46100330353, -26.9956054688, 4.08096933365, -5.87362909317, 6.16167449951, 51.4147071838, 81.3055877686, 24.8669033051], [6.69347429276, 39.9501190186, 29.534286499, 69.987411499, 13.3071718216, -16.7582111359, 3.89678621292, -0.531078398228, -22.6437587738, -30.2642421722, -11.0778741837, 24.8669033051, 90.7719497681]],
        "icov": [[0.0015818226384, -0.00185231131036, 0.00201308773831, 0.000469404505566, 0.000340123224305, 0.00205716607161, -0.00403325632215, 0.00574047444388, -0.00609769765288, 0.00585228949785, -0.00361317908391, 0.00198238692246, -0.000335604505381], [-0.00185231131036, 0.00500386347994, -0.00385965756141, 0.00234264391474, -0.00320261833258, -0.000320606224705, 0.00237918738276, -0.00321147078648, 0.00281122582965, -0.00133283203468, -0.0017683042679, 0.00211739423685, -0.00286568840966], [0.00201308773831, -0.00385965756141, 0.00804068893194, -0.00638599647209, 0.00512707233429, -0.0017820779467, -0.00503561133519, 0.0114453863353, -0.0115956496447, 0.00947162602097, -0.00339336297475, 0.00114900874905, 0.00259674224071], [0.000469404505566, 0.00234264391474, -0.00638599647209, 0.0134031083435, -0.0111004551873, 0.00812642835081, -0.00185710028745, -0.00442872708663, 0.00545514607802, -0.00202723569237, 0.00055672461167, -0.000609352835454, -0.00522074010223], [0.000340123224305, -0.00320261833258, 0.00512707233429, -0.0111004551873, 0.0179021842778, -0.0110643040389, 0.00292752846144, 0.00515977945179, -0.00614166120067, 0.00823214743286, -0.00735242664814, 0.00523196952417, 0.00239435513504], [0.00205716607161, -0.000320606224705, -0.0017820779467, 0.00812642835081, -0.0110643040389, 0.0293298158795, -0.022094162181, 0.0103927981108, -0.000292521319352, -0.00535711599514, 0.0101802395657, -0.0119504015893, 0.00500684324652], [-0.00403325632215, 0.00237918738276, -0.00503561133519, -0.00185710028745, 0.00292752846144, -0.022094162181, 0.0432110317051, -0.037114225328, 0.0275817625225, -0.023015730083, 0.0106184221804, 0.00671882973984, -0.00559767382219], [0.00574047444388, -0.00321147078648, 0.0114453863353, -0.00442872708663, 0.00515977945179, 0.0103927981108, -0.037114225328, 0.0613945946097, -0.0622894205153, 0.0546258613467, -0.0310222655535, 0.0085934381932, 0.000329656904796], [-0.00609769765288, 0.00281122582965, -0.0115956496447, 0.00545514607802, -0.00614166120067, -0.000292521319352, 0.0275817625225, -0.0622894205153, 0.0892430320382, -0.0714863091707, 0.0419813096523, -0.0189506970346, 0.00682012876496], [0.00585228949785, -0.00133283203468, 0.00947162602097, -0.00202723569237, 0.00823214743286, -0.00535711599514, -0.023015730083, 0.0546258613467, -0.0714863091707, 0.07636462152, -0.0517172813416, 0.026804741472, -0.00827872753143], [-0.00361317908391, -0.0017683042679, -0.00339336297475, 0.00055672461167, -0.00735242664814, 0.0101802395657, 0.0106184221804, -0.0310222655535, 0.0419813096523, -0.0517172813416, 0.0665989071131, -0.0454115644097, 0.0178372822702], [0.00198238692246, 0.00211739423685, 0.00114900874905, -0.000609352835454, 0.00523196952417, -0.0119504015893, 0.00671882973984, 0.0085934381932, -0.0189506970346, 0.026804741472, -0.0454115644097, 0.0517935343087, -0.0197148323059], [-0.000335604505381, -0.00286568840966, 0.00259674224071, -0.00522074010223, 0.00239435513504, 0.00500684324652, -0.00559767382219, 0.000329656904796, 0.00682012876496, -0.00827872753143, 0.0178372822702, -0.0197148323059, 0.0228174626827]]
    },
    "melbands": {
        "dmean": [7.94184597908e-05, 0.000382164114853, 0.000670083682053, 0.000199967398657, 0.000308362825308, 0.000141899334267, 0.000164112221682, 0.000153324988787, 0.000161512580235, 9.58178425208e-05, 3.14096068905e-05, 1.21991324704e-05, 9.04635817278e-06, 2.96195821647e-06, 3.10932909997e-06, 2.30688419833e-06, 4.53324247474e-07, 4.21716833898e-07, 1.98062792833e-07, 1.67977930232e-07, 5.66593740814e-08, 2.75308256192e-08, 3.18565440693e-08, 7.65892238519e-09, 7.50890638557e-09, 1.14296105913e-09, 6.16312112456e-10, 2.698524737e-10, 1.53422399785e-10, 8.41688246878e-11, 3.60823385059e-11, 2.15741261661e-11, 1.70446053105e-11, 1.400360123e-11, 1.1894294577e-11, 1.09213939975e-11, 9.89879705982e-12, 9.4903789688e-12, 1.0338518236e-11, 7.37861247796e-12],
        "dmean2": [9.26644570427e-05, 0.000657588825561, 0.00119850074407, 0.000319916318404, 0.000474779109936, 0.000231474055909, 0.000263007881586, 0.00020977089298, 0.000183260708582, 0.000122670360724, 4.37435519416e-05, 1.72681284312e-05, 1.19177229863e-05, 3.66230415239e-06, 4.42995587946e-06, 3.14083445119e-06, 6.52060350603e-07, 5.64641140954e-07, 3.00792663666e-07, 2.65093973439e-07, 8.49264978342e-08, 4.46384049724e-08, 4.66800784693e-08, 1.09010631633e-08, 1.09430970952e-08, 1.73615055665e-09, 8.93472629215e-10, 4.02634370289e-10, 2.18734863555e-10, 1.28059229887e-10, 5.91481447154e-11, 3.69954657187e-11, 3.01318137108e-11, 2.50895432902e-11, 2.14550061745e-11, 1.95822368737e-11, 1.76957840742e-11, 1.69095449448e-11, 1.82865701748e-11, 1.31878744036e-11],
        "dvar": [9.40511224456e-09, 1.82469690913e-07, 6.04460410614e-07, 2.77546718053e-07, 5.93964102791e-07, 2.26509840218e-07, 4.33554475876e-07, 2.27579576517e-07, 1.64459720509e-06, 6.56658528442e-07, 3.09457881542e-08, 2.1641970438e-09, 1.29678134897e-09, 1.65906816063e-10, 1.21521986918e-10, 6.67760291506e-11, 2.35533511098e-12, 3.09624981903e-12, 4.77009165674e-13, 5.06590429328e-13, 4.52348357068e-14, 5.08989594247e-15, 1.07980573268e-14, 3.63062276344e-16, 6.2399260216e-16, 1.23955670041e-17, 3.74874241783e-18, 8.6790395488e-19, 4.23210054909e-19, 8.40990328256e-20, 2.03385908857e-20, 3.6769183931e-21, 2.26730185706e-21, 1.52890119064e-21, 1.06837333233e-21, 7.9449057005e-22, 6.07010821327e-22, 4.74032349207e-22, 3.95244329873e-22, 2.84718833356e-22],
        "dvar2": [1.26149384272e-08, 5.43954683963e-07, 1.90362391095e-06, 6.1561684106e-07, 1.30803141474e-06, 6.04470926646e-07, 1.21568359646e-06, 4.01255704219e-07, 2.05572405321e-06, 1.02766296095e-06, 4.79058321901e-08, 3.66795971374e-09, 1.83180670632e-09, 1.79698880776e-10, 2.70665490021e-10, 1.34095026749e-10, 4.24490173914e-12, 5.2331624277e-12, 1.1079930376e-12, 9.29430360799e-13, 8.2008029111e-14, 1.22981552174e-14, 1.57075517686e-14, 6.1532136706e-16, 8.96066943417e-16, 2.10769590545e-17, 6.47486998209e-18, 1.37675207031e-18, 5.47459717347e-19, 1.49753191687e-19, 4.45854421446e-20, 9.84551724091e-21, 6.72644412148e-21, 4.77939182209e-21, 3.4280149808e-21, 2.54727300994e-21, 1.94137371256e-21, 1.51503066827e-21, 1.2576724846e-21, 9.12776034494e-22],
        "max": [0.00176447210833, 0.0062687844038, 0.0109279314056, 0.0274566672742, 0.0382437221706, 0.0281923692673, 0.0267266333103, 0.0327581912279, 0.134667739272, 0.0644850507379, 0.0117683419958, 0.00336294132285, 0.00218294025399, 0.00111801375169, 0.000444016390247, 0.000398708769353, 7.73272913648e-05, 0.00013380497694, 3.07772061205e-05, 3.6140987504e-05, 1.41630926009e-05, 2.96968778457e-06, 1.14303247756e-05, 9.43498775996e-07, 2.48650530921e-06, 2.71113435701e-07, 9.95213298438e-08, 7.45832906546e-08, 6.34363104268e-08, 1.50920360653e-08, 1.38035751718e-08, 2.19684603842e-09, 1.55554913395e-09, 1.02211783481e-09, 6.4219529694e-10, 5.58882440327e-10, 4.87192841625e-10, 4.34537184013e-10, 4.25473628551e-10, 3.43267136937e-10],
        "mean": [0.00015771278413, 0.000624532054644, 0.000856641388964, 0.00040932171396, 0.000581436383072, 0.000292140495731, 0.000369021610823, 0.000577149272431, 0.00045352205052, 0.000320986058796, 8.65087786224e-05, 3.52024326276e-05, 3.25303226418e-05, 1.23468125821e-05, 9.5503828561e-06, 8.09364701126e-06, 1.59527644428e-06, 1.959801466e-06, 5.89416686125e-07, 4.04696436362e-07, 1.8429872739e-07, 7.40519539022e-08, 8.73007763857e-08, 2.25938681098e-08, 2.33872867739e-08, 3.18049653281e-09, 1.61604152282e-09, 8.2087053821e-10, 4.11687406388e-10, 2.10724840355e-10, 8.6402877908e-11, 3.76076635111e-11, 2.57954352323e-11, 2.01015731838e-11, 1.79237093917e-11, 1.90429234881e-11, 1.92721498482e-11, 2.113522031e-11, 2.60066985308e-11, 1.62117784475e-11],
        "median": [9.16473072721e-05, 0.000448971986771, 0.000560669810511, 0.000143677723827, 0.000228144679568, 6.67324493406e-05, 5.18310262123e-05, 4.28675484727e-05, 2.70188938885e-05, 1.6397838408e-05, 1.23996505863e-05, 4.0238787733e-06, 2.82177779809e-06, 1.14024214781e-06, 7.40437712921e-07, 3.76723562567e-07, 1.44686566728e-07, 6.41024371362e-08, 5.15880174135e-08, 9.47598834955e-08, 4.02318427462e-08, 3.34274758984e-08, 2.72953997182e-08, 7.61737695143e-09, 5.96389071461e-09, 1.23409593655e-09, 5.47898115766e-10, 3.15632436854e-10, 1.61260199638e-10, 1.01642916306e-10, 3.4792606296e-11, 1.7646790279e-11, 1.18153976186e-11, 9.7990357148e-12, 9.61453746479e-12, 1.23278982508e-11, 1.35067044355e-11, 1.62408871074e-11, 2.10355084046e-11, 1.19971897e-11],
        "min": [3.06026534386e-23, 3.15478018886e-24, 4.71756767908e-24, 6.67875832542e-24, 1.192551796e-23, 2.3510128102e-23, 1.64421947154e-23, 1.57822415707e-23, 1.0516585562e-23, 8.9908859728e-24, 9.18951957101e-24, 1.25667009483e-23, 1.02967789371e-23, 1.6086356916e-23, 8.29695343347e-24, 1.31665231705e-23, 8.41141872854e-24, 1.00071967762e-23, 1.35055022235e-23, 5.53550796942e-24, 1.08621713251e-23, 1.70082229252e-23, 1.51726808606e-23, 1.63563145841e-23, 1.06848803586e-23, 9.11823021101e-24, 8.45591285017e-24, 1.28964519064e-23, 1.64099050608e-23, 1.14841479169e-23, 1.07387201154e-23, 7.35052781762e-24, 7.26802322213e-24, 2.09641678829e-23, 1.72362210818e-23, 8.76953081393e-24, 8.02295206437e-24, 8.56700103171e-24, 9.90275317011e-24, 9.22983825188e-24],
        "var": [3.46647297533e-08, 3.41677150573e-07, 8.30799535834e-07, 1.39425344514e-06, 1.81361576779e-06, 7.9854521573e-07, 1.23957511278e-06, 2.88486216959e-06, 6.73088243275e-06, 3.52456686414e-06, 1.92809423538e-07, 1.51269556881e-08, 1.32610127324e-08, 2.52937559786e-09, 8.25720936071e-10, 5.976173445e-10, 2.19555953279e-11, 6.93054780232e-11, 4.05517156313e-12, 2.4656112655e-12, 3.91937594576e-13, 2.22581505229e-14, 1.48585015277e-13, 2.87969009803e-15, 8.03984784699e-15, 8.47135716174e-17, 1.93298692284e-17, 8.17666381147e-18, 2.61617830365e-18, 3.50814199572e-19, 1.31542797577e-19, 7.62277065168e-21, 3.46487904412e-21, 1.65022663471e-21, 1.06036436204e-21, 8.24118671038e-22, 6.65144796088e-22, 5.56790497218e-22, 5.73266204323e-22, 3.39108659691e-22]
    },
    "mfcc": {
        "mean": [-875.41595459, 245.316726685, 48.5629653931, -6.96996736526, 8.84533214569, -2.4583106041, -7.23048114777, 3.92949104309, -0.754060268402, -7.09021520615, -0.310357064009, 1.57468688488, -3.81470894814],
        "cov": [[3818.12792969, 2569.79370117, -1131.20959473, -1094.15576172, -197.840515137, -431.112670898, -338.884155273, 17.5549049377, -33.8291702271, -5.63598203659, 95.9481506348, -64.1991500854, -153.857437134], [2569.79370117, 1860.30908203, -553.308654785, -672.486633301, -120.764640808, -234.588867188, -202.393554688, 14.3113527298, -15.7704982758, -21.3662319183, 40.9742393494, -47.5378074646, -110.575553894], [-1131.20959473, -553.308654785, 708.806091309, 512.158325195, 120.883018494, 213.026351929, 154.626876831, 21.6700229645, 26.1661319733, -35.2086105347, -77.9575424194, 1.34299945831, 20.3228569031], [-1094.15576172, -672.486633301, 512.158325195, 540.03704834, 188.489028931, 157.142654419, 130.954299927, 49.6553764343, 18.4767494202, -44.579875946, -69.9779281616, -5.0862865448, 12.4875621796], [-197.840515137, -120.764640808, 120.883018494, 188.489028931, 146.437133789, 87.5143814087, 40.7492027283, 18.7702980042, -12.2148742676, -42.3741226196, -33.0034332275, -12.495967865, -10.7660188675], [-431.112670898, -234.588867188, 213.026351929, 157.142654419, 87.5143814087, 179.359786987, 106.581436157, -28.1105232239, -24.0283279419, -4.85677146912, -21.8231372833, -6.45763921738, 3.99912381172], [-338.884155273, -202.393554688, 154.626876831, 130.954299927, 40.7492027283, 106.581436157, 115.32736969, 36.7161979675, 7.76203584671, 3.29049348831, -11.478559494, -5.48302030563, -4.30010938644], [17.5549049377, 14.3113527298, 21.6700229645, 49.6553764343, 18.7702980042, -28.1105232239, 36.7161979675, 125.410110474, 78.512512207, -13.2306556702, -22.0968761444, -8.33675861359, -22.9563522339], [-33.8291702271, -15.7704982758, 26.1661319733, 18.4767494202, -12.2148742676, -24.0283279419, 7.76203584671, 78.512512207, 103.449157715, 41.2398757935, -12.4809064865, -13.2721595764, -18.8342628479], [-5.63598203659, -21.3662319183, -35.2086105347, -44.579875946, -42.3741226196, -4.85677146912, 3.29049348831, -13.2306556702, 41.2398757935, 95.6327514648, 54.9929695129, 3.48424959183, -2.58989930153], [95.9481506348, 40.9742393494, -77.9575424194, -69.9779281616, -33.0034332275, -21.8231372833, -11.478559494, -22.0968761444, -12.4809064865, 54.9929695129, 87.3514022827, 48.0743522644, 19.0854320526], [-64.1991500854, -47.5378074646, 1.34299945831, -5.0862865448, -12.495967865, -6.45763921738, -5.48302030563, -8.33675861359, -13.2721595764, 3.48424959183, 48.0743522644, 75.0305862427, 59.2501106262], [-153.857437134, -110.575553894, 20.3228569031, 12.4875621796, -10.7660188675, 3.99912381172, -4.30010938644, -22.9563522339, -18.8342628479, -2.58989930153, 19.0854320526, 59.2501106262, 90.7266540527]],
