{
"lowlevel": {
    "average_loudness": 0.616618096828,
    "barkbands_crest": {
        "dmean": 1.92430269718,
        "dmean2": 3.13291478157,
        "dvar": 3.82674622536,
        "dvar2": 9.7770614624,
        "max": 25.8396987915,
        "mean": 11.2371826172,
        "median": 10.3887996674,
        "min": 2.8418161869,
        "var": 17.2197380066
    },
    "barkbands_flatness_db": {
        "dmean": 0.0164010263979,
        "dmean2": 0.0245683658868,
        "dvar": 0.000318747130223,
        "dvar2": 0.000648576067761,
        "max": 0.492085814476,
        "mean": 0.193936780095,
        "median": 0.181127250195,
        "min": 0.00949524436146,
        "var": 0.00580888893455
    },
    "barkbands_kurtosis": {
        "dmean": 3.04931974411,
        "dmean2": 4.674305439,
        "dvar": 20.5212860107,
        "dvar2": 43.8498649597,
        "max": 163.009429932,
        "mean": 9.54211521149,
        "median": 6.76973152161,
        "min": -1.91717195511,
        "var": 106.886619568
    },
    "barkbands_skewness": {
        "dmean": 0.415796130896,
        "dmean2": 0.632823586464,
        "dvar": 0.211981832981,
        "dvar2": 0.449371337891,
        "max": 9.17819976807,
        "mean": 2.03871035576,
        "median": 1.95690095425,
        "min": -3.29262256622,
        "var": 1.77182042599
    },
    "barkbands_spread": {
        "dmean": 2.59336900711,
        "dmean2": 3.83018016815,
        "dvar": 28.2599029541,
        "dvar2": 51.2424049377,
        "max": 114.717529297,
        "mean": 11.1672420502,
        "median": 7.96144628525,
        "min": 0.553213298321,
        "var": 132.932388306
    },
    "dissonance": {
        "dmean": 0.0274931788445,
        "dmean2": 0.0462906137109,
        "dvar": 0.000734575558454,
        "dvar2": 0.00198106653988,
        "max": 0.499998360872,
        "mean": 0.423680692911,
        "median": 0.43139654398,
        "min": 0.168649896979,
        "var": 0.00217031408101
    },
    "dynamic_complexity": 4.11247968674,
    "erbbands_crest": {
        "dmean": 1.99635505676,
        "dmean2": 3.10602402687,
        "dvar": 4.77422571182,
        "dvar2": 10.9918289185,
        "max": 33.3332481384,
        "mean": 11.997168541,
        "median": 10.6133317947,
        "min": 2.53035545349,
        "var": 31.0600128174
    },
    "erbbands_flatness_db": {
        "dmean": 0.0143816145137,
        "dmean2": 0.0209853835404,
        "dvar": 0.000319663842674,
        "dvar2": 0.000621441344265,
        "max": 0.480200648308,
        "mean": 0.200380012393,
        "median": 0.181598126888,
        "min": 0.0410706885159,
        "var": 0.00653675757349
    },
    "erbbands_kurtosis": {
        "dmean": 1.46150290966,
        "dmean2": 2.21303319931,
        "dvar": 5.14093780518,
        "dvar2": 11.2301883698,
        "max": 71.3830490112,
        "mean": 3.4757130146,
        "median": 2.07113599777,
        "min": -1.87180459499,
        "var": 27.2588691711
    },
    "erbbands_skewness": {
        "dmean": 0.310588866472,
        "dmean2": 0.459975659847,
        "dvar": 0.120192579925,
        "dvar2": 0.240410268307,
        "max": 6.18551301956,
        "mean": 1.21548032761,
        "median": 1.21711683273,
        "min": -3.71289777756,
        "var": 0.898073077202
    },
    "erbbands_spread": {
        "dmean": 4.91591739655,
        "dmean2": 7.29972171783,
        "dvar": 67.4999313354,
        "dvar2": 133.560012817,
        "max": 147.778320312,
        "mean": 26.1946353912,
        "median": 21.0416870117,
        "min": 1.29615581036,
        "var": 360.866912842
    },
    "hfc": {
        "dmean": 3.03877973557,
        "dmean2": 4.24674940109,
        "dvar": 46.1194076538,
        "dvar2": 89.0051040649,
        "max": 166.980178833,
        "mean": 13.4166460037,
        "median": 9.74596786499,
        "min": 1.07912990097e-16,
        "var": 213.714889526
    },
    "melbands_crest": {
        "dmean": 2.36800336838,
        "dmean2": 3.83566141129,
        "dvar": 5.62780046463,
        "dvar2": 14.5304279327,
        "max": 34.3445320129,
        "mean": 14.1615667343,
        "median": 13.2295007706,
        "min": 1.60866546631,
        "var": 26.3545665741
    },
    "melbands_flatness_db": {
        "dmean": 0.0182298310101,
        "dmean2": 0.0270641036332,
        "dvar": 0.000436134723714,
        "dvar2": 0.000853770761751,
        "max": 0.637251973152,
        "mean": 0.284300148487,
        "median": 0.274580061436,
        "min": 0.00325641548261,
        "var": 0.00807026680559
    },
    "melbands_kurtosis": {
        "dmean": 4.54365253448,
        "dmean2": 7.06046915054,
        "dvar": 53.855052948,
        "dvar2": 127.584411621,
        "max": 198.486495972,
        "mean": 14.1158103943,
        "median": 9.25454616547,
        "min": -1.86672353745,
        "var": 243.803436279
    },
    "melbands_skewness": {
        "dmean": 0.47536984086,
        "dmean2": 0.730740308762,
        "dvar": 0.299833506346,
        "dvar2": 0.680117249489,
        "max": 10.2138462067,
        "mean": 2.29501914978,
        "median": 2.10272407532,
        "min": -2.82662034035,
        "var": 2.04989075661
    },
    "melbands_spread": {
        "dmean": 2.62988400459,
        "dmean2": 3.89262366295,
        "dvar": 34.2418022156,
        "dvar2": 63.274181366,
        "max": 230.021896362,
        "mean": 12.6557769775,
        "median": 8.67099380493,
        "min": 0.755773544312,
        "var": 319.16305542
    },
    "pitch_salience": {
        "dmean": 0.0538187325001,
        "dmean2": 0.0869345366955,
        "dvar": 0.0028010327369,
        "dvar2": 0.00716919219121,
        "max": 0.95158046484,
        "mean": 0.55621445179,
        "median": 0.566976606846,
        "min": 0.108586497605,
        "var": 0.0142952967435
    },
    "silence_rate_20dB": {
        "dmean": 0,
        "dmean2": 0,
        "dvar": 0,
        "dvar2": 0,
        "max": 1,
        "mean": 1,
        "median": 1,
        "min": 1,
        "var": 0
    },
    "silence_rate_30dB": {
        "dmean": 0.000152532025822,
        "dmean2": 0.000305087334709,
        "dvar": 0.000152488806634,
        "dvar2": 0.000304914399749,
        "max": 1,
        "mean": 0.999847471714,
        "median": 1,
        "min": 0,
        "var": 0.000152477165102
    },
    "silence_rate_60dB": {
        "dmean": 0.0126601587981,
        "dmean2": 0.0253222491592,
        "dvar": 0.0125023489818,
        "dvar2": 0.0278840232641,
        "max": 1,
        "mean": 0.109814688563,
        "median": 0,
        "min": 0,
        "var": 0.0977670103312
    },
    "spectral_centroid": {
        "dmean": 87.8909683228,
        "dmean2": 129.867843628,
        "dvar": 39762.78125,
        "dvar2": 71737.2421875,
        "max": 11720.4931641,
        "mean": 752.405944824,
        "median": 519.547485352,
        "min": 203.281295776,
        "var": 1564005.25
    },
    "spectral_complexity": {
        "dmean": 1.547742486,
        "dmean2": 2.45305466652,
        "dvar": 3.06405043602,
        "dvar2": 6.27815818787,
        "max": 45,
        "mean": 11.1991157532,
        "median": 11,
        "min": 0,
        "var": 23.8167152405
    },
    "spectral_decrease": {
        "dmean": 1.29728361387e-09,
        "dmean2": 1.96704674771e-09,
        "dvar": 3.23103406067e-18,
        "dvar2": 7.31187046929e-18,
        "max": 1.87750580631e-28,
        "mean": -6.19801898694e-09,
        "median": -5.14821385522e-09,
        "min": -2.75473333033e-08,
        "var": 2.38720619014e-17
    },
    "spectral_energy": {
        "dmean": 0.0050838496536,
        "dmean2": 0.00769372610375,
        "dvar": 4.95071981277e-05,
        "dvar2": 0.00011182223534,
        "max": 0.106413565576,
        "mean": 0.0246096532792,
        "median": 0.0207251850516,
        "min": 1.00313420731e-20,
        "var": 0.000369740911992
    },
    "spectral_energyband_high": {
        "dmean": 0.000159254923346,
        "dmean2": 0.000212967104744,
        "dvar": 3.71029983626e-07,
        "dvar2": 6.40402276986e-07,
        "max": 0.0166888684034,
        "mean": 0.000382197758881,
        "median": 8.37074549054e-05,
        "min": 7.06176528957e-21,
        "var": 1.39870167004e-06
    },
    "spectral_energyband_low": {
        "dmean": 0.001982427435,
        "dmean2": 0.00318414717913,
        "dvar": 1.40085767271e-05,
        "dvar2": 3.43818064721e-05,
        "max": 0.062610194087,
        "mean": 0.0045322352089,
        "median": 0.00243636686355,
        "min": 5.22540990302e-24,
        "var": 3.73757975467e-05
    },
    "spectral_energyband_middle_high": {
        "dmean": 0.000771735329181,
        "dmean2": 0.00107931008097,
        "dvar": 4.7658531912e-06,
        "dvar2": 1.02632611743e-05,
        "max": 0.0889184102416,
        "mean": 0.00275880703703,
        "median": 0.00113222154323,
        "min": 1.17031889997e-21,
        "var": 2.13019720832e-05
    },
    "spectral_energyband_middle_low": {
        "dmean": 0.00395956775174,
        "dmean2": 0.00596852879971,
        "dvar": 3.61137244909e-05,
        "dvar2": 8.00967245596e-05,
        "max": 0.104963473976,
        "mean": 0.0178313087672,
        "median": 0.0129074277356,
        "min": 1.49418522711e-22,
        "var": 0.000267594587058
    },
    "spectral_entropy": {
        "dmean": 0.158878162503,
        "dmean2": 0.231024086475,
        "dvar": 0.0384228751063,
        "dvar2": 0.0740393698215,
        "max": 9.8287191391,
        "mean": 6.76150560379,
        "median": 6.77741527557,
        "min": 4.68390321732,
        "var": 0.594226300716
    },
    "spectral_flux": {
        "dmean": 0.0159405879676,
        "dmean2": 0.0257717613131,
        "dvar": 0.0004211984633,
        "dvar2": 0.001046427642,
        "max": 0.243377000093,
        "mean": 0.0505800954998,
        "median": 0.0444809831679,
        "min": 6.3991319188e-11,
        "var": 0.00123547913972
    },
    "spectral_kurtosis": {
        "dmean": 5.59210062027,
        "dmean2": 9.50255584717,
        "dvar": 160.775924683,
        "dvar2": 476.953552246,
        "max": 392.89541626,
        "mean": 18.3190860748,
        "median": 7.89267539978,
        "min": -1.26582872868,
        "var": 1054.92346191
    },
    "spectral_rms": {
        "dmean": 0.000483688723762,
        "dmean2": 0.000725892954506,
        "dvar": 3.52127045744e-07,
        "dvar2": 7.6371236446e-07,
        "max": 0.0101891178638,
        "mean": 0.00443475600332,
        "median": 0.00449663121253,
        "min": 3.12836627263e-12,
        "var": 4.34235653302e-06
    },
    "spectral_rolloff": {
        "dmean": 179.101821899,
        "dmean2": 302.477508545,
        "dvar": 560893.375,
        "dvar2": 1151233.25,
        "max": 19638.28125,
        "mean": 1051.18811035,
        "median": 538.330078125,
        "min": 86.1328125,
        "var": 5745983.5
    },
    "spectral_skewness": {
        "dmean": 0.422905981541,
        "dmean2": 0.691706895828,
        "dvar": 0.447907626629,
        "dvar2": 1.31440496445,
        "max": 15.9811916351,
        "mean": 2.89558887482,
        "median": 2.47385787964,
        "min": -0.182247146964,
        "var": 3.00465655327
    },
    "spectral_spread": {
        "dmean": 546375.625,
        "dmean2": 812349.9375,
        "dvar": 766871797760,
        "dvar2": 1.39586817229e+12,
        "max": 42474064,
        "mean": 5002992,
        "median": 4469722,
        "min": 248752.328125,
        "var": 2.3027557335e+13
    },
    "spectral_strongpeak": {
        "dmean": 0.343746572733,
        "dmean2": 0.572410225868,
        "dvar": 0.518257915974,
        "dvar2": 1.28711044788,
        "max": 30.3593463898,
        "mean": 1.11413216591,
        "median": 0.676217019558,
        "min": 0,
        "var": 1.60888230801
    },
    "zerocrossingrate": {
        "dmean": 0.00694292597473,
        "dmean2": 0.0083255469799,
        "dvar": 0.000143300057971,
        "dvar2": 0.000169510414707,
        "max": 0.52978515625,
        "mean": 0.0473696477711,
        "median": 0.03173828125,
        "min": 0.0029296875,
        "var": 0.00405260501429
    },
    "barkbands": {
        "dmean": [5.83750188525e-05, 0.00106720684562, 0.000902724801563, 0.000903898791876, 0.00178813713137, 0.00161316397134, 0.00083489518147, 0.000702077813912, 0.00035514702904, 0.000316621677484, 0.000280221225694, 0.000173841777723, 8.80837033037e-05, 8.50292635732e-05, 0.000110207445687, 3.29282120219e-05, 2.66414244834e-05, 3.14131684718e-05, 2.70172113233e-05, 2.05745418498e-05, 2.44450729951e-05, 2.76839473372e-05, 3.34508367814e-05, 4.0192353481e-05, 3.49330839526e-05, 2.19775647565e-05, 7.17383500159e-06],
        "dmean2": [9.68097883742e-05, 0.00178702909034, 0.00144957960583, 0.0013964473037, 0.00271807890385, 0.00256063765846, 0.00120090856217, 0.00103949557524, 0.000512692204211, 0.000444077886641, 0.000404538557632, 0.000248535128776, 0.000122265235404, 0.00012245043763, 0.000165981749888, 4.79094778711e-05, 3.90303539461e-05, 4.75257002108e-05, 3.99871605623e-05, 2.96562393487e-05, 3.64870247722e-05, 4.15069443989e-05, 4.88039549964e-05, 5.72977114643e-05, 4.90332276968e-05, 3.27779853251e-05, 1.09753955257e-05],
        "dvar": [2.55461518606e-08, 9.30529313337e-06, 3.22856249113e-06, 2.72844522442e-06, 1.16019755296e-05, 1.08059230115e-05, 4.63894866698e-06, 4.46416788691e-06, 1.88100409559e-06, 1.95522989088e-06, 1.887189228e-06, 4.87169700136e-07, 1.53724457164e-07, 6.7514243085e-08, 3.09011568334e-07, 1.88995379347e-08, 8.87447004772e-09, 5.22796703706e-08, 1.86330098018e-08, 1.35450788363e-08, 1.16674732098e-08, 9.46637523924e-09, 1.99373175747e-08, 3.70268011807e-08, 2.96706268443e-08, 2.24563159179e-08, 1.61862090398e-09],
        "dvar2": [6.79366323197e-08, 2.40192239289e-05, 7.98718156148e-06, 6.76456738802e-06, 2.67820923909e-05, 2.5256191293e-05, 8.12362486613e-06, 9.36664946494e-06, 3.64192737834e-06, 3.9234819269e-06, 4.08816003983e-06, 1.00139016013e-06, 3.10412531235e-07, 1.42073062648e-07, 6.33508136616e-07, 3.50220474843e-08, 1.76502172877e-08, 1.23049730405e-07, 3.494832157e-08, 2.86038517316e-08, 2.50999772078e-08, 2.10668069656e-08, 4.41159713205e-08, 6.83502605625e-08, 5.21506002826e-08, 5.5166331947e-08, 4.29220170517e-09],
        "max": [0.00711502647027, 0.0581464543939, 0.0306263174862, 0.0320244282484, 0.0868892669678, 0.0808421298862, 0.0746008455753, 0.0762672871351, 0.0513754636049, 0.057455278933, 0.0739462822676, 0.040452349931, 0.022957874462, 0.0104045970365, 0.0336957164109, 0.00799365993589, 0.00532091036439, 0.0131362695247, 0.00583350565284, 0.00655986601487, 0.00394308567047, 0.00317592849024, 0.00518245110288, 0.00745844095945, 0.00675509544089, 0.00704705482349, 0.00218383781612],
        "mean": [8.79144572536e-05, 0.00189243839122, 0.0018599871546, 0.001906603924, 0.0050780903548, 0.00452303793281, 0.00270218914375, 0.00222808471881, 0.000993983936496, 0.0009775046492, 0.000609550857916, 0.000439682684373, 0.000193972882698, 0.000218660818064, 0.000266265240498, 6.92453322699e-05, 5.55112455913e-05, 5.10861391376e-05, 4.92423168907e-05, 4.04982893087e-05, 4.36975096818e-05, 5.57386701985e-05, 6.7341439717e-05, 8.34264355944e-05, 6.78288342897e-05, 3.60835911124e-05, 1.2062226233e-05],
        "median": [9.88344072539e-06, 0.00029067590367, 0.000705078302417, 0.000848574156407, 0.00186488311738, 0.00200653076172, 0.000950872898102, 0.000581963802688, 0.000199167116079, 0.000108180392999, 0.000148817271111, 8.47912742756e-05, 4.27914274042e-05, 5.51665943931e-05, 6.72853857395e-05, 1.64850316651e-05, 1.86019133253e-05, 1.15543389256e-05, 1.0408273738e-05, 7.65496042732e-06, 7.50573826735e-06, 1.19289888971e-05, 1.09398815766e-05, 1.6563828467e-05, 1.01201385405e-05, 5.17276384926e-06, 1.42959697769e-06],
        "min": [2.30879717524e-25, 2.61678651783e-24, 9.67035987503e-25, 3.83814406282e-25, 9.41341091769e-24, 6.23348420975e-24, 5.44275488747e-24, 6.14383647876e-24, 4.75955125088e-24, 1.57352223053e-23, 1.58978144264e-23, 2.67231333255e-23, 1.49393784033e-23, 3.3193234786e-23, 2.17245083109e-23, 4.29178607971e-23, 5.70591612444e-23, 8.12470313046e-23, 9.20079018454e-23, 1.59214496458e-22, 2.18016844665e-22, 2.85566663192e-22, 3.55440251374e-22, 5.54809888366e-22, 8.35815723835e-22, 1.206804512e-21, 1.92315917932e-21],
        "var": [4.01827549013e-08, 1.98831567104e-05, 8.77469665284e-06, 7.57526049711e-06, 6.6770495323e-05, 5.51579505554e-05, 3.45117550751e-05, 3.3814489143e-05, 9.43487157201e-06, 1.29210793602e-05, 4.42239161202e-06, 1.79576886694e-06, 4.00966342795e-07, 2.87681984901e-07, 1.81165466984e-06, 8.78828601003e-08, 2.17746904951e-08, 7.37963432584e-08, 3.71827120205e-08, 4.86351119378e-08, 2.18304609945e-08, 2.12227622143e-08, 6.11457053878e-08, 1.36223533787e-07, 9.57060919404e-08, 3.0849751198e-08, 1.86555193515e-09]
    },
    "erbbands": {
        "dmean": [0.035507157445, 0.233960598707, 0.869266092777, 1.86499869823, 5.56876802444, 5.79864597321, 7.65047693253, 15.1280660629, 12.1546182632, 16.7251987457, 11.1650829315, 9.07817363739, 8.6272687912, 8.03031826019, 10.9317426682, 7.01349830627, 4.44866418839, 4.18792915344, 5.60573196411, 3.35946059227, 1.52580451965, 1.36933207512, 1.69661879539, 1.34033823013, 1.40520322323, 0.934306442738, 0.92106294632, 0.985517263412, 1.0410900116, 0.918391048908, 1.00468182564, 0.823254048824, 0.704445004463, 0.46078440547, 0.217304781079, 0.0948446393013, 0.0439993366599, 0.00920254457742, 0.0011537069222, 7.74650470703e-05],
        "dmean2": [0.0622025839984, 0.379651516676, 1.38958954811, 2.84323716164, 8.67974948883, 8.83724117279, 11.9311189651, 24.5220928192, 17.6150360107, 24.7106666565, 16.5968322754, 12.8630924225, 12.441113472, 11.0899276733, 15.6650104523, 9.93494129181, 6.11769151688, 5.98403453827, 8.42230033875, 4.99831295013, 2.21446824074, 1.98499786854, 2.54459190369, 1.97098135948, 2.08302760124, 1.28845691681, 1.34480082989, 1.50227665901, 1.56679296494, 1.36350214481, 1.46956527233, 1.18346762657, 1.00465404987, 0.645820915699, 0.314289003611, 0.14311042428, 0.0661617666483, 0.0137655669823, 0.0017232215032, 0.00012326707656],
        "dvar": [0.0126704871655, 0.394645541906, 3.07423782349, 8.40455532074, 159.892593384, 149.894302368, 235.710754395, 1095.46923828, 987.157470703, 2059.07739258, 1462.94677734, 1303.70031738, 1802.98242188, 1279.01940918, 3780.18994141, 742.245727539, 358.906616211, 162.797393799, 399.208343506, 402.338195801, 32.9524612427, 30.3960494995, 158.981048584, 70.6759185791, 48.415813446, 25.2404327393, 17.8366985321, 18.6388397217, 14.3330335617, 10.3854398727, 19.5006313324, 16.4002170563, 11.6486749649, 5.41981649399, 1.2270925045, 0.359019219875, 0.0806412324309, 0.00325756147504, 2.84816178464e-05, 5.40200744581e-07],
        "dvar2": [0.0377423204482, 0.913312792778, 7.07351112366, 19.7012557983, 395.003509521, 333.571289062, 531.905456543, 2544.32373047, 1819.02416992, 4248.46289062, 2907.63378906, 2458.08544922, 3661.58618164, 2452.37402344, 8592.84277344, 1632.43261719, 727.452880859, 333.963745117, 811.849975586, 830.486816406, 61.550075531, 57.8234367371, 378.568939209, 146.336151123, 100.106124878, 47.1067619324, 35.6880340576, 42.2716674805, 30.9729537964, 22.1516094208, 42.4128837585, 33.3109703064, 21.4615688324, 9.42657089233, 2.40924024582, 0.858089327812, 0.198576763272, 0.00800873432308, 6.95486887707e-05, 1.56140697527e-06],
        "max": [1.97579872608, 13.0361270905, 39.8654823303, 54.0977210999, 314.087158203, 348.227783203, 451.073516846, 962.207397461, 1098.13806152, 1738.96875, 1925.91308594, 1392.50610352, 2196.06494141, 1703.55810547, 3903.38305664, 1037.01708984, 1120.9855957, 594.649597168, 2057.82958984, 1242.01989746, 284.619659424, 323.398254395, 831.245727539, 448.209472656, 306.929351807, 426.435760498, 141.299804688, 170.669921875, 122.306404114, 138.526184082, 189.742553711, 152.350646973, 127.231773376, 92.3203048706, 49.9155807495, 25.8600654602, 13.0436954498, 2.73190283775, 0.193619504571, 0.0545958653092],
        "mean": [0.0521259233356, 0.450178712606, 1.80996727943, 4.43988609314, 13.4947843552, 15.6572465897, 23.2822036743, 39.5228118896, 40.559387207, 49.9714698792, 39.2048377991, 27.3525371552, 25.5662822723, 25.6513557434, 26.3311958313, 18.8750228882, 10.5822048187, 11.5685224533, 14.5051164627, 8.50183773041, 3.41977882385, 2.83485555649, 2.95559263229, 2.31009721756, 2.59274721146, 2.05233216286, 1.69062268734, 1.77520489693, 1.98877096176, 1.9729424715, 1.99102413654, 1.69496870041, 1.40581130981, 0.894963622093, 0.399450004101, 0.154050812125, 0.069798797369, 0.0156593266875, 0.00202656094916, 0.00013232359197],
        "median": [0.00478845369071, 0.0911072939634, 0.762943923473, 2.7131228447, 3.95793747902, 5.93591165543, 10.6054992676, 17.3374195099, 15.4817638397, 16.1113243103, 10.8997631073, 6.04960489273, 4.23881816864, 5.01472043991, 7.06723451614, 4.84664297104, 3.05287861824, 2.86307930946, 4.38985347748, 2.115036726, 1.14105570316, 0.9626288414, 0.763602256775, 0.574408113956, 0.519924163818, 0.362805128098, 0.305970013142, 0.290643930435, 0.321540892124, 0.435709953308, 0.361926794052, 0.291026949883, 0.27808585763, 0.119575090706, 0.0701227486134, 0.0234829355031, 0.0101010138169, 0.00213512615301, 0.00024562884937, 4.53885477327e-05],
        "min": [4.60308353023e-23, 4.54686753508e-22, 1.00407942675e-21, 2.41785519089e-21, 6.52950647324e-21, 2.9978269401e-20, 4.70925684201e-20, 6.10682889323e-20, 8.93585638153e-20, 1.41059381277e-19, 2.87962405841e-19, 2.13634928678e-19, 4.28892889115e-19, 6.13810769412e-19, 1.11169134879e-18, 1.13660023858e-18, 9.56312294967e-19, 2.35907919554e-18, 2.58859679331e-18, 2.74720991653e-18, 3.04678702385e-18, 3.99312879391e-18, 4.37962934871e-18, 5.37722447029e-18, 5.18781706722e-18, 8.29611034629e-18, 8.8384901924e-18, 8.28244945847e-18, 9.47647970961e-18, 1.11843727552e-17, 1.10212907887e-17, 9.48973362456e-18, 1.04642442032e-17, 8.37163441776e-18, 5.69774454995e-18, 3.91448252922e-18, 2.22953237185e-18, 9.41553324887e-19, 2.49816584153e-19, 2.41702821223e-20],
        "var": [0.0184495262802, 1.02977359295, 8.80625534058, 27.0964794159, 685.27154541, 803.282287598, 1599.74621582, 4682.56054688, 6599.73632812, 13343.1669922, 14359, 6829.1328125, 12439.6582031, 7324.44677734, 8284.76171875, 2683.53491211, 909.780395508, 908.21697998, 4442.109375, 2293.45214844, 92.8621673584, 62.5066452026, 219.532989502, 109.259605408, 100.435188293, 161.459503174, 36.6170272827, 33.4317245483, 31.4924125671, 30.1936416626, 60.396068573, 57.0867805481, 38.6643829346, 18.5604629517, 2.97446703911, 0.566481649876, 0.109269917011, 0.0040864017792, 4.15521244577e-05, 3.8637358557e-07]
    },
    "gfcc": {
        "mean": [-74.3975143433, 118.66784668, -83.5467681885, -5.94640827179, -61.3531532288, 1.55247187614, -42.6925849915, -5.7293586731, -20.6007347107, 0.470298320055, -12.170586586, -2.14001393318, -12.808098793],
        "cov": [[31648.3457031, -2623.359375, -671.471923828, 1648.28527832, -1901.42346191, 1075.05432129, -1155.75439453, 289.429443359, -737.250244141, 47.225402832, -795.405456543, 144.676422119, -591.573730469], [-2623.359375, 3563.13647461, -1114.93408203, -729.597167969, 841.359924316, -644.433288574, 290.566131592, -227.957443237, 207.04598999, -133.541656494, 329.663543701, -179.200546265, 202.862716675], [-671.471923828, -1114.93408203, 1108.30578613, 207.252288818, -286.80859375, 363.499542236, -74.0972366333, 87.3799362183, -7.81029129028, 89.6139678955, -96.2493133545, 103.59980011, -63.4460067749], [1648.28527832, -729.597167969, 207.252288818, 532.877563477, -118.633255005, 159.932510376, -29.2834777832, 78.0479812622, -17.2178153992, 30.0595874786, -79.2462692261, 28.583770752, -50.8174591064], [-1901.42346191, 841.359924316, -286.80859375, -118.633255005, 571.79119873, -191.553115845, 178.002990723, -27.0938014984, 86.5982131958, -18.7917480469, 123.968528748, -41.6959266663, 83.789642334], [1075.05432129, -644.433288574, 363.499542236, 159.932510376, -191.553115845, 358.028991699, -40.9039154053, 63.8348312378, -36.9506835938, 42.5503463745, -56.3058853149, 66.2332992554, -47.6487808228], [-1155.75439453, 290.566131592, -74.0972366333, -29.2834777832, 178.002990723, -40.9039154053, 253.617797852, 25.457118988, 56.0597076416, 6.3321928978, 63.4517555237, -6.53913259506, 57.5797233582], [289.429443359, -227.957443237, 87.3799362183, 78.0479812622, -27.0938014984, 63.8348312378, 25.457118988, 163.37109375, 49.2782440186, 34.3418998718, -24.874382019, 10.8026914597, -17.4720821381], [-737.250244141, 207.04598999, -7.81029129028, -17.2178153992, 86.5982131958, -36.9506835938, 56.0597076416, 49.2782440186, 194.949295044, 65.3510665894, 45.4694213867, -17.2117404938, 7.04714488983], [47.225402832, -133.541656494, 89.6139678955, 30.0595874786, -18.7917480469, 42.5503463745, 6.3321928978, 34.3418998718, 65.3510665894, 133.140914917, 37.4509887695, 12.7497177124, -17.0389709473], [-795.405456543, 329.663543701, -96.2493133545, -79.2462692261, 123.968528748, -56.3058853149, 63.4517555237, -24.874382019, 45.4694213867, 37.4509887695, 157.400650024, 33.3710517883, 36.5859107971], [144.676422119, -179.200546265, 103.59980011, 28.583770752, -41.6959266663, 66.2332992554, -6.53913259506, 10.8026914597, -17.2117404938, 12.7497177124, 33.3710517883, 121.265678406, 34.1024398804], [-591.573730469, 202.862716675, -63.4460067749, -50.8174591064, 83.789642334, -47.6487808228, 57.5797233582, -17.4720821381, 7.04714488983, -17.0389709473, 36.5859107971, 34.1024398804, 111.700057983]],
        "icov": [[9.62253398029e-05, -0.000130450425786, 0.000256609346252, -0.000286149093881, 0.000212623781408, -0.00026612385409, 0.000236914653215, -0.000167555612279, 0.000297459366266, -0.00032050430309, 0.00038807358942, -0.000311901472742, 0.000241212750552], [-0.000130450425786, 0.0010847550584, -1.33009816636e-05, 0.000985425547697, -0.000789710320532, 0.00051688903477, -0.000389856722904, 0.000717222283129, -0.00112326513045, 0.00121566432063, -0.00141413707752, 0.0012101290049, -0.000744117540307], [0.000256609346252, -1.33009816636e-05, 0.00231986679137, -0.000567060138565, 0.000538085994776, -0.00174268777482, 0.000549073738512, -0.000172264888533, 0.000235228042584, -0.00119444658048, 0.00151584204286, -0.00145780702587, 0.000737416907214], [-0.000286149093881, 0.000985425547697, -0.000567060138565, 0.00364311598241, -0.0010627991287, 0.000322335516103, -0.000902906176634, 0.00024116547138, -0.00120847043581, 0.00103672721889, -0.000660212128423, 0.000804788433015, -0.000326989538735], [0.000212623781408, -0.000789710320532, 0.000538085994776, -0.0010627991287, 0.00388039718382, -1.8588745661e-05, -0.000701470358763, -0.000617106154095, 0.000413895701058, -0.000386484229239, -0.000323087675497, -1.04822102003e-05, -0.000247292249696], [-0.00026612385409, 0.00051688903477, -0.00174268777482, 0.000322335516103, -1.8588745661e-05, 0.00616466347128, -0.00124114088248, -0.000257195497397, -2.93823177344e-05, 0.00022210937459, -0.000631300266832, -0.000940607278608, 0.000581527245231], [0.000236914653215, -0.000389856722904, 0.000549073738512, -0.000902906176634, -0.000701470358763, -0.00124114088248, 0.00652746018022, -0.00180382491089, 0.000330136244884, -0.000484848656924, -0.000588355003856, 0.000622351130005, -0.00187843979802], [-0.000167555612279, 0.000717222283129, -0.000172264888533, 0.00024116547138, -0.000617106154095, -0.000257195497397, -0.00180382491089, 0.00889949500561, -0.00320942490362, -1.46480942931e-06, 0.00111701153219, -0.000512163212989, 0.000489764264785], [0.000297459366266, -0.00112326513045, 0.000235228042584, -0.00120847043581, 0.000413895701058, -2.93823177344e-05, 0.000330136244884, -0.00320942490362, 0.00934026017785, -0.00495564145967, 0.000753314117901, -1.66398911006e-06, 0.000612540578004], [-0.00032050430309, 0.00121566432063, -0.00119444658048, 0.00103672721889, -0.000386484229239, 0.00022210937459, -0.000484848656924, -1.46480942931e-06, -0.00495564145967, 0.0132468873635, -0.00601636013016, 0.00218983762898, 0.000157710019266], [0.00038807358942, -0.00141413707752, 0.00151584204286, -0.000660212128423, -0.000323087675497, -0.000631300266832, -0.000588355003856, 0.00111701153219, 0.000753314117901, -0.00601636013016, 0.0146086346358, -0.00748024741188, 0.00216885632835], [-0.000311901472742, 0.0012101290049, -0.00145780702587, 0.000804788433015, -1.04822102003e-05, -0.000940607278608, 0.000622351130005, -0.000512163212989, -1.66398911006e-06, 0.00218983762898, -0.00748024741188, 0.0158976409584, -0.00717523088679], [0.000241212750552, -0.000744117540307, 0.000737416907214, -0.000326989538735, -0.000247292249696, 0.000581527245231, -0.00187843979802, 0.000489764264785, 0.000612540578004, 0.000157710019266, 0.00216885632835, -0.00717523088679, 0.014795685187]]
    },
    "melbands": {
        "dmean": [0.00030185340438, 0.00038665777538, 0.000426898361184, 0.000398043426685, 0.000271459808573, 0.000328072463162, 0.000180371862371, 0.000179813941941, 8.80219522514e-05, 5.16507752764e-05, 4.33077984781e-05, 3.31411974912e-05, 3.91908142774e-05, 2.23263214139e-05, 1.4000088413e-05, 7.74940053816e-06, 8.59213014337e-06, 8.5640922407e-06, 7.22112417861e-06, 3.06061406263e-06, 1.73964394889e-06, 1.52633276684e-06, 1.69434918007e-06, 1.60203069299e-06, 1.09321842956e-06, 1.03986144495e-06, 9.13494773158e-07, 5.83008500143e-07, 5.80714868192e-07, 6.42317615984e-07, 6.11611426393e-07, 6.41946257929e-07, 5.96855613821e-07, 5.2958841934e-07, 5.85606585446e-07, 6.23849018666e-07, 5.46730632323e-07, 5.43079977433e-07, 4.9699281135e-07, 3.84372242479e-07],
        "dmean2": [0.000514585117344, 0.000615733035374, 0.000660776742734, 0.000608135596849, 0.000422931974754, 0.000526609190274, 0.000260519504081, 0.00026553470525, 0.000130606713356, 7.33267370379e-05, 6.2729617639e-05, 4.57918831671e-05, 5.63710018469e-05, 3.18159145536e-05, 1.97124500119e-05, 1.07805326479e-05, 1.24049129226e-05, 1.28825377033e-05, 1.09615639303e-05, 4.47248976343e-06, 2.55823215412e-06, 2.26937254411e-06, 2.60824708676e-06, 2.40464282797e-06, 1.62607557286e-06, 1.56379462624e-06, 1.35302127546e-06, 8.23179561849e-07, 8.72358555171e-07, 9.71264284999e-07, 9.48753609009e-07, 9.93703679342e-07, 9.17174872939e-07, 8.06208902304e-07, 8.73251281064e-07, 9.36204457958e-07, 8.0715869899e-07, 7.93631954821e-07, 7.23928621937e-07, 5.50072968508e-07],
        "dvar": [8.47395199344e-07, 5.78679930641e-07, 5.48827074454e-07, 7.09788025688e-07, 2.44134838567e-07, 4.84056840833e-07, 2.21973110115e-07, 2.48427454608e-07, 9.84258576864e-08, 4.26381134844e-08, 4.52036275078e-08, 2.4477575522e-08, 3.76747451014e-08, 1.06140554124e-08, 4.01776922843e-09, 8.73932759493e-10, 7.79881936808e-10, 8.01767874314e-10, 2.85134515998e-09, 1.73814379556e-10, 4.45085947265e-11, 3.39934504157e-11, 1.13877567098e-10, 1.65966795862e-10, 5.35688611525e-11, 2.25841654405e-11, 2.9944848684e-11, 1.0112198405e-11, 7.34064892205e-12, 1.08343898089e-11, 6.28908123496e-12, 5.37351283261e-12, 4.79829891098e-12, 4.09332984175e-12, 6.46601478957e-12, 9.66322855067e-12, 7.91502106912e-12, 7.13026295993e-12, 6.32724168198e-12, 4.1734771021e-12],
        "dvar2": [2.32757997765e-06, 1.27542989503e-06, 1.38939890348e-06, 1.65984238265e-06, 5.41158499345e-07, 1.11935139557e-06, 3.99584280331e-07, 5.15674344115e-07, 1.94118769059e-07, 7.95528052322e-08, 9.19812208622e-08, 4.70677861131e-08, 8.29227886356e-08, 2.28579324357e-08, 8.92694451693e-09, 1.59088164864e-09, 1.6075170084e-09, 1.65996794088e-09, 5.77857584005e-09, 3.32791155744e-10, 8.39351227411e-11, 6.7523091285e-11, 2.7077057263e-10, 4.01247812754e-10, 1.11702584682e-10, 4.5578017055e-11, 7.03466659924e-11, 1.94118974367e-11, 1.52746253146e-11, 2.45631553292e-11, 1.46828035841e-11, 1.18550317132e-11, 1.14967410592e-11, 9.25506286192e-12, 1.4113418767e-11, 2.40916869787e-11, 1.70568750096e-11, 1.39710456745e-11, 1.21212900828e-11, 7.7519293068e-12],
        "max": [0.0170312784612, 0.0172157473862, 0.0133721120656, 0.0220568943769, 0.0123260989785, 0.0188763421029, 0.0168844480067, 0.0168891530484, 0.0152568025514, 0.00916425976902, 0.0109652793035, 0.00748341390863, 0.0102790212259, 0.00528976647183, 0.00311814271845, 0.00174626952503, 0.00135580124334, 0.00303527666256, 0.00354363280348, 0.00102045119274, 0.000349517504219, 0.000296641315799, 0.000697016890626, 0.000834872713313, 0.000418162351707, 0.000175236418727, 0.00033672284917, 0.000264508416876, 0.000108594686026, 0.000108931737486, 8.62174201757e-05, 8.08672484709e-05, 8.81472296896e-05, 8.6848041974e-05, 0.000121153949294, 0.000130091939354, 9.96785456664e-05, 0.000114903574286, 8.68579591042e-05, 8.54637037264e-05],
        "mean": [0.000501757254824, 0.00083906884538, 0.00105866696686, 0.00109102390707, 0.000817267631646, 0.000896568177268, 0.00059961428633, 0.000534398190212, 0.000301752239466, 0.000148913954035, 0.000124342681374, 0.00010400370229, 8.97881109267e-05, 5.65812042623e-05, 3.36833109031e-05, 1.82630501513e-05, 2.21145783144e-05, 2.21122209041e-05, 1.66076642927e-05, 7.05112415744e-06, 3.53401856046e-06, 2.97523592963e-06, 2.9240461572e-06, 2.48713308793e-06, 1.74467447778e-06, 1.88030742265e-06, 1.63280003562e-06, 1.23371694372e-06, 1.00547640614e-06, 1.02004571545e-06, 1.04207867935e-06, 1.14508111437e-06, 1.11203814868e-06, 1.04852642835e-06, 1.09943800908e-06, 1.14690817554e-06, 1.01338639524e-06, 9.96827338895e-07, 9.15656869438e-07, 6.98216013006e-07],
        "median": [6.24625827186e-05, 0.000343801570125, 0.000582553562708, 0.000360963807907, 0.000387769250665, 0.000389163004002, 0.000218407294597, 0.000158867260325, 7.44748103898e-05, 3.03315573547e-05, 1.68551177921e-05, 1.68351925822e-05, 2.29627385124e-05, 1.15516631922e-05, 8.49787829793e-06, 4.07343122788e-06, 4.57817350252e-06, 6.70022973281e-06, 4.09332687923e-06, 1.52683855958e-06, 1.13105613764e-06, 9.83676841315e-07, 6.85970519498e-07, 5.17575131198e-07, 3.73637391249e-07, 3.51171564716e-07, 3.13798352636e-07, 1.85757045301e-07, 1.6690748339e-07, 1.885253198e-07, 1.41971639778e-07, 1.38051376553e-07, 2.78710786006e-07, 1.92816912659e-07, 1.93432555307e-07, 2.07951174502e-07, 1.45675102203e-07, 1.85319805723e-07, 1.46085326946e-07, 7.87221736687e-08],
        "min": [8.431733869e-25, 9.1897473546e-25, 7.23201596193e-25, 1.30299922526e-24, 2.09625428294e-24, 1.3641849534e-24, 1.24606456993e-24, 1.7605399308e-24, 2.31159279968e-24, 9.50134642608e-25, 2.01825605537e-24, 2.23383044152e-24, 2.95825639914e-24, 2.64487903796e-24, 1.67687058218e-24, 1.87750295671e-24, 4.08287267727e-24, 2.65453785088e-24, 2.24702907054e-24, 2.0717830288e-24, 2.65660545532e-24, 3.67803281059e-24, 3.92956544895e-24, 3.62029213663e-24, 3.91015947068e-24, 3.27904747511e-24, 3.44845377678e-24, 3.71606931685e-24, 4.34005277086e-24, 4.31092723738e-24, 4.49463400954e-24, 4.95591450741e-24, 5.18834014579e-24, 5.69458216539e-24, 5.36447030339e-24, 5.77175090572e-24, 5.07001022115e-24, 6.17274468106e-24, 5.21708308173e-24, 6.4625043356e-24],
        "var": [1.58147247475e-06, 1.74051331214e-06, 1.82945791494e-06, 3.84912209483e-06, 1.66865197571e-06, 2.26624729294e-06, 1.51763947542e-06, 1.52510358475e-06, 8.77217132711e-07, 2.1847749565e-07, 3.11043379497e-07, 1.38836952601e-07, 8.7856136588e-08, 3.26492681779e-08, 9.88929560464e-09, 3.31679306242e-09, 3.58175977766e-09, 9.5256798005e-09, 9.62504387303e-09, 1.5996114433e-09, 1.1466636668e-10, 6.9408305492e-11, 1.6057037644e-10, 2.02039759922e-10, 7.85004977688e-11, 5.03842141619e-11, 6.0370666799e-11, 6.23743487416e-11, 1.4415733364e-11, 1.6565552749e-11, 1.14857628616e-11, 1.17469506344e-11, 8.75861189131e-12, 1.05282067786e-11, 1.92996018472e-11, 2.34324087911e-11, 2.35916546715e-11, 2.04214804789e-11, 1.97237816357e-11, 1.20836084194e-11]
    },
    "mfcc": {
        "mean": [-716.901184082, 156.886108398, 27.7394714355, -0.591336429119, 1.00387239456, -0.98678702116, -10.980629921, -7.46932983398, -9.79479026794, -2.8782556057, -3.16360521317, -3.69840741158, -0.917709231377],
        "cov": [[11139.1357422, -710.868041992, 492.823669434, 332.89276123, -180.02406311, 276.196868896, -56.6137123108, 80.6681594849, 32.7626304626, 8.65861225128, -133.123687744, -82.331993103, -1.5666949749], [-710.868041992, 2427.0168457, -621.137268066, -145.24407959, 230.238922119, -118.580451965, 22.8511924744, -39.1296234131, -78.8878555298, 17.6949100494, 35.2822380066, -16.1992950439, -25.6247310638], [492.823669434, -621.137268066, 869.543334961, -18.5729045868, -68.2839355469, 129.433334351, -54.5503845215, 33.2477989197, 37.7838249207, 2.64605093002, -3.89548134804, 27.759809494, 28.11652565], [332.89276123, -145.24407959, -18.5729045868, 302.837921143, 28.8592014313, 12.628651619, 33.3784980774, 5.57368135452, 45.127117157, 22.7153530121, 5.59148645401, 32.523765564, 25.2839660645], [-180.02406311, 230.238922119, -68.2839355469, 28.8592014313, 206.853378296, 25.5543041229, -2.6458864212, 14.3325481415, -3.21212673187, 6.51707935333, 23.4791183472, 19.6961402893, 9.88500595093], [276.196868896, -118.580451965, 129.433334351, 12.628651619, 25.5543041229, 172.404693604, 49.2062454224, 18.8109111786, 18.3610801697, -3.31029057503, 5.86015272141, 17.5167770386, 14.0434207916], [-56.6137123108, 22.8511924744, -54.5503845215, 33.3784980774, -2.6458864212, 49.2062454224, 166.37310791, 39.7800064087, 4.47917699814, 1.40348565578, -5.89496660233, -7.08787631989, 8.08477115631], [80.6681594849, -39.1296234131, 33.2477989197, 5.57368135452, 14.3325481415, 18.8109111786, 39.7800064087, 124.446121216, 45.025390625, -1.13599610329, 7.1954369545, 4.62398576736, -1.86310136318], [32.7626304626, -78.8878555298, 37.7838249207, 45.127117157, -3.21212673187, 18.3610801697, 4.47917699814, 45.025390625, 132.345993042, 50.2563667297, 17.35496521, 18.4929599762, 0.262249797583], [8.65861225128, 17.6949100494, 2.64605093002, 22.7153530121, 6.51707935333, -3.31029057503, 1.40348565578, -1.13599610329, 50.2563667297, 122.306724548, 47.5840454102, 15.0761928558, 7.78024291992], [-133.123687744, 35.2822380066, -3.89548134804, 5.59148645401, 23.4791183472, 5.86015272141, -5.89496660233, 7.1954369545, 17.35496521, 47.5840454102, 133.19241333, 65.4992675781, 20.2937107086], [-82.331993103, -16.1992950439, 27.759809494, 32.523765564, 19.6961402893, 17.5167770386, -7.08787631989, 4.62398576736, 18.4929599762, 15.0761928558, 65.4992675781, 124.891403198, 50.1661491394], [-1.5666949749, -25.6247310638, 28.11652565, 25.2839660645, 9.88500595093, 14.0434207916, 8.08477115631, -1.86310136318, 0.262249797583, 7.78024291992, 20.2937107086, 50.1661491394, 101.072822571]],
