{
"lowlevel": {
    "average_loudness": 0.355990439653,
    "barkbands_crest": {
        "dmean": 2.66031050682,
        "dmean2": 4.10918855667,
        "dvar": 6.96008777618,
        "dvar2": 14.4263458252,
        "max": 26.2572689056,
        "mean": 11.1597185135,
        "median": 9.65089988708,
        "min": 1.92882966995,
        "var": 30.1791973114
    },
    "barkbands_flatness_db": {
        "dmean": 0.0324079543352,
        "dmean2": 0.0456867180765,
        "dvar": 0.00114208564628,
        "dvar2": 0.00252469512634,
        "max": 0.505099415779,
        "mean": 0.167579174042,
        "median": 0.158070802689,
        "min": 0.0107343820855,
        "var": 0.00642531272024
    },
    "barkbands_kurtosis": {
        "dmean": 6.39499759674,
        "dmean2": 8.91660785675,
        "dvar": 219.097717285,
        "dvar2": 404.092834473,
        "max": 258.561157227,
        "mean": 9.6006937027,
        "median": 1.90224313736,
        "min": -1.83253979683,
        "var": 492.352508545
    },
    "barkbands_skewness": {
        "dmean": 0.718620359898,
        "dmean2": 1.0062584877,
        "dvar": 0.902573466301,
        "dvar2": 1.63847863674,
        "max": 15.1558475494,
        "mean": 1.70572698116,
        "median": 1.13684678078,
        "min": -3.22869706154,
        "var": 4.88169145584
    },
    "barkbands_spread": {
        "dmean": 5.39547157288,
        "dmean2": 8.15791320801,
        "dvar": 66.416885376,
        "dvar2": 147.316390991,
        "max": 115.381958008,
        "mean": 16.5928020477,
        "median": 13.4134979248,
        "min": 0.450057148933,
        "var": 182.018280029
    },
    "dissonance": {
        "dmean": 0.0205924250185,
        "dmean2": 0.0344240292907,
        "dvar": 0.000405747938203,
        "dvar2": 0.00111391651444,
        "max": 0.500000059605,
        "mean": 0.452730596066,
        "median": 0.459268182516,
        "min": 0.257757425308,
        "var": 0.00113434682135
    },
    "dynamic_complexity": 5.14823865891,
    "erbbands_crest": {
        "dmean": 2.55433034897,
        "dmean2": 3.93833518028,
        "dvar": 5.15040540695,
        "dvar2": 11.5077896118,
        "max": 28.0990333557,
        "mean": 9.80021476746,
        "median": 9.15653991699,
        "min": 2.15478730202,
        "var": 19.5739173889
    },
    "erbbands_flatness_db": {
        "dmean": 0.0256133582443,
        "dmean2": 0.0362264551222,
        "dvar": 0.000711637490895,
        "dvar2": 0.00156662974041,
        "max": 0.43657630682,
        "mean": 0.185560852289,
        "median": 0.175368353724,
        "min": 0.0348473638296,
        "var": 0.00671565067023
    },
    "erbbands_kurtosis": {
        "dmean": 0.958440840244,
        "dmean2": 1.48310887814,
        "dvar": 1.51053714752,
        "dvar2": 3.85387420654,
        "max": 23.6803379059,
        "mean": 1.01434504986,
        "median": 0.407486200333,
        "min": -1.56622815132,
        "var": 4.69246435165
    },
    "erbbands_skewness": {
        "dmean": 0.3456774652,
        "dmean2": 0.503899633884,
        "dvar": 0.0945817828178,
        "dvar2": 0.207731992006,
        "max": 3.21118831635,
        "mean": 0.370142102242,
        "median": 0.414400219917,
        "min": -3.53233408928,
        "var": 0.567949533463
    },
    "erbbands_spread": {
        "dmean": 7.60003757477,
        "dmean2": 11.2190113068,
        "dvar": 89.447555542,
        "dvar2": 183.646987915,
        "max": 125.186332703,
        "mean": 30.497625351,
        "median": 26.5378437042,
        "min": 2.10159444809,
        "var": 323.408172607
    },
    "hfc": {
        "dmean": 6.53192710876,
        "dmean2": 9.70714855194,
        "dvar": 209.781799316,
        "dvar2": 520.041809082,
        "max": 137.250289917,
        "mean": 12.700469017,
        "median": 6.51049470901,
        "min": 1.04949870324e-16,
        "var": 303.656219482
    },
    "melbands_crest": {
        "dmean": 3.24267983437,
        "dmean2": 4.91004419327,
        "dvar": 10.3680429459,
        "dvar2": 22.100025177,
        "max": 34.578163147,
        "mean": 14.8520803452,
        "median": 13.0911407471,
        "min": 1.00157272816,
        "var": 52.8927268982
    },
    "melbands_flatness_db": {
        "dmean": 0.0334535390139,
        "dmean2": 0.0463862158358,
        "dvar": 0.00142005004454,
        "dvar2": 0.00275605823845,
        "max": 0.665908753872,
        "mean": 0.225813165307,
        "median": 0.214932441711,
        "min": -1.55315632355e-07,
        "var": 0.0106258653104
    },
    "melbands_kurtosis": {
        "dmean": 11.2524147034,
        "dmean2": 15.2880496979,
        "dvar": 558.685241699,
        "dvar2": 945.375671387,
        "max": 465.141174316,
        "mean": 20.0101642609,
        "median": 4.05796480179,
        "min": -1.77841198444,
        "var": 1654.12023926
    },
    "melbands_skewness": {
        "dmean": 0.834554076195,
        "dmean2": 1.18049061298,
        "dvar": 1.19969034195,
        "dvar2": 2.08858132362,
        "max": 14.8318920135,
        "mean": 2.52136826515,
        "median": 1.63032150269,
        "min": -2.5515537262,
        "var": 6.75765943527
    },
    "melbands_spread": {
        "dmean": 5.44991874695,
        "dmean2": 8.19523620605,
        "dvar": 52.9057655334,
        "dvar2": 116.399490356,
        "max": 166.195831299,
        "mean": 22.7459087372,
        "median": 17.284822464,
        "min": 0.494667857885,
        "var": 648.674987793
    },
    "pitch_salience": {
        "dmean": 0.0754099041224,
        "dmean2": 0.113462775946,
        "dvar": 0.00607908843085,
        "dvar2": 0.0116219324991,
        "max": 0.997688055038,
        "mean": 0.523509204388,
        "median": 0.541007041931,
        "min": 0.0544043146074,
        "var": 0.0302578993142
    },
    "silence_rate_20dB": {
        "dmean": 0.00287058437243,
        "dmean2": 0.00574162695557,
        "dvar": 0.00286188418977,
        "dvar2": 0.00857760477811,
        "max": 1,
        "mean": 0.998564839363,
        "median": 1,
        "min": 0,
        "var": 0.00143299170304
    },
    "silence_rate_30dB": {
        "dmean": 0.0701698437333,
        "dmean2": 0.140350878239,
        "dvar": 0.0652534812689,
        "dvar2": 0.121433727443,
        "max": 1,
        "mean": 0.875139534473,
        "median": 1,
        "min": 0,
        "var": 0.109279617667
    },
    "silence_rate_60dB": {
        "dmean": 0.0550195351243,
        "dmean2": 0.110047847033,
        "dvar": 0.0519932620227,
        "dvar2": 0.114343352616,
        "max": 1,
        "mean": 0.256737351418,
        "median": 0,
        "min": 0,
        "var": 0.190832927823
    },
    "spectral_centroid": {
        "dmean": 197.708053589,
        "dmean2": 280.963043213,
        "dvar": 60905.5117188,
        "dvar2": 116265.523438,
        "max": 11894.3691406,
        "mean": 1505.08740234,
        "median": 1142.87670898,
        "min": 151.654907227,
        "var": 3695847
    },
    "spectral_complexity": {
        "dmean": 2.29806232452,
        "dmean2": 3.64824557304,
        "dvar": 9.01426887512,
        "dvar2": 20.1247272491,
        "max": 48,
        "mean": 12.9144477844,
        "median": 12,
        "min": 0,
        "var": 69.2478790283
    },
    "spectral_decrease": {
        "dmean": 5.09977926555e-09,
        "dmean2": 6.48008668946e-09,
        "dvar": 1.24793906749e-16,
        "dvar2": 1.97652755962e-16,
        "max": 2.06245671073e-28,
        "mean": -9.59618873253e-09,
        "median": -2.1976593878e-09,
        "min": -1.31893202138e-07,
        "var": 3.43742063622e-16
    },
    "spectral_energy": {
        "dmean": 0.0195895899087,
        "dmean2": 0.0250049605966,
        "dvar": 0.00180882401764,
        "dvar2": 0.00286883069202,
        "max": 0.502030909061,
        "mean": 0.0373700112104,
        "median": 0.00905508734286,
        "min": 9.69979047364e-21,
        "var": 0.00501377927139
    },
    "spectral_energyband_high": {
        "dmean": 0.000436866452219,
        "dmean2": 0.000681006407831,
        "dvar": 1.33478420139e-06,
        "dvar2": 3.36633797815e-06,
        "max": 0.0103787602857,
        "mean": 0.000513547740411,
        "median": 8.40794382384e-05,
        "min": 6.79461099332e-21,
        "var": 1.54591953105e-06
    },
    "spectral_energyband_low": {
        "dmean": 0.0185671448708,
        "dmean2": 0.0243921484798,
        "dvar": 0.00197713146918,
        "dvar2": 0.00308993482031,
        "max": 0.486017018557,
        "mean": 0.0278235077858,
        "median": 0.000783494848292,
        "min": 1.06465464518e-23,
        "var": 0.00440101511776
    },
    "spectral_energyband_middle_high": {
        "dmean": 0.000781146867666,
        "dmean2": 0.00115069549065,
        "dvar": 9.36395110784e-07,
        "dvar2": 2.18238665184e-06,
        "max": 0.0160703286529,
        "mean": 0.00271379761398,
        "median": 0.0023815180175,
        "min": 9.79480295104e-22,
        "var": 4.59678449261e-06
    },
    "spectral_energyband_middle_low": {
        "dmean": 0.00592575408518,
        "dmean2": 0.00968773011118,
        "dvar": 0.000391037581721,
        "dvar2": 0.000972680107225,
        "max": 0.17147539556,
        "mean": 0.00755387172103,
        "median": 0.00314555922523,
        "min": 1.29368291208e-22,
        "var": 0.000332563184202
    },
    "spectral_entropy": {
        "dmean": 0.211155608296,
        "dmean2": 0.31616538763,
        "dvar": 0.0671459659934,
        "dvar2": 0.145140439272,
        "max": 9.82737827301,
        "mean": 7.35535526276,
        "median": 7.21692609787,
        "min": 4.69029092789,
        "var": 0.54332202673
    },
    "spectral_flux": {
        "dmean": 0.0360463298857,
        "dmean2": 0.0510285049677,
        "dvar": 0.00358446035534,
        "dvar2": 0.00704124290496,
        "max": 0.550907373428,
        "mean": 0.0844248682261,
        "median": 0.0400952883065,
        "min": 6.18962034404e-11,
        "var": 0.0119953751564
    },
    "spectral_kurtosis": {
        "dmean": 3.09054613113,
        "dmean2": 5.204454422,
        "dvar": 22.7547149658,
        "dvar2": 66.8845062256,
        "max": 124.613357544,
        "mean": 7.59429502487,
        "median": 5.83789634705,
        "min": -1.29517960548,
        "var": 63.0199584961
    },
    "spectral_rms": {
        "dmean": 0.00109956250526,
        "dmean2": 0.00141812558286,
        "dvar": 3.65289497495e-06,
        "dvar2": 5.33416960025e-06,
        "max": 0.0221311151981,
        "mean": 0.00433395849541,
        "median": 0.00297224358656,
        "min": 3.07623306169e-12,
        "var": 1.7675674826e-05
    },
    "spectral_rolloff": {
        "dmean": 459.218322754,
        "dmean2": 758.640258789,
        "dvar": 1398950.25,
        "dvar2": 3291168.25,
        "max": 19789.0136719,
        "mean": 2073.07495117,
        "median": 1335.05859375,
        "min": 43.06640625,
        "var": 13438799
    },
    "spectral_skewness": {
        "dmean": 0.303846597672,
        "dmean2": 0.494516402483,
        "dvar": 0.118973374367,
        "dvar2": 0.329050600529,
        "max": 8.07100963593,
        "mean": 1.9277960062,
        "median": 1.88139629364,
        "min": -0.103513240814,
        "var": 0.579099535942
    },
    "spectral_spread": {
        "dmean": 981196.375,
        "dmean2": 1418475.5,
        "dvar": 2.06627366502e+12,
        "dvar2": 4.25918752358e+12,
        "max": 43191604,
        "mean": 5658618,
        "median": 3633114.25,
        "min": 675042.25,
        "var": 5.10348356485e+13
    },
    "spectral_strongpeak": {
        "dmean": 0.330533325672,
        "dmean2": 0.525156438351,
        "dvar": 0.162622138858,
        "dvar2": 0.371222168207,
        "max": 3.93445515633,
        "mean": 0.747997999191,
        "median": 0.576479554176,
        "min": 0,
        "var": 0.387077063322
    },
    "zerocrossingrate": {
        "dmean": 0.012327962555,
        "dmean2": 0.0144781228155,
        "dvar": 0.000251856836258,
        "dvar2": 0.000338985206326,
        "max": 0.8876953125,
        "mean": 0.0775371342897,
        "median": 0.0546875,
        "min": 0.00146484375,
        "var": 0.0111428992823
    },
    "barkbands": {
        "dmean": [0.000583907181863, 0.0146677615121, 0.00815988238901, 0.00308158621192, 0.00326165277511, 0.000535995815881, 0.000331160001224, 0.000203241273994, 0.000275922007859, 0.000388680637116, 0.000111625595309, 0.00013428053353, 0.000280216976535, 0.000189292128198, 0.00014611890947, 6.16422257735e-05, 5.75527919864e-05, 3.84738232242e-05, 3.96714603994e-05, 3.98192205466e-05, 3.68980472558e-05, 3.4624030377e-05, 5.7827342971e-05, 7.06899518264e-05, 0.000122305311379, 9.06811110326e-05, 2.96405160043e-05],
        "dmean2": [0.00093851989368, 0.0221010167152, 0.0130960531533, 0.00557870510966, 0.00598188396543, 0.000813461781945, 0.000462155468995, 0.000316729972837, 0.000427339284215, 0.000552234298084, 0.000185447643162, 0.000225643976592, 0.000415514921769, 0.000281359505607, 0.000248446041951, 0.000109260741738, 9.43958220887e-05, 6.00401181146e-05, 6.426373875e-05, 6.126757944e-05, 5.82425200264e-05, 5.21275142091e-05, 9.10020899028e-05, 0.000103520564153, 0.000200875423616, 0.000148732899106, 4.82759060105e-05],
        "dvar": [3.90232798964e-06, 0.0015640091151, 0.000817204534542, 0.000151203857968, 0.000185921220691, 1.4978610352e-06, 2.3828188489e-07, 1.12010873465e-07, 1.9372424731e-07, 2.9971351978e-07, 4.11001650491e-08, 5.95304605611e-08, 1.33902560151e-07, 8.92333815727e-08, 4.54829915952e-08, 1.87848403499e-08, 8.55563531132e-09, 5.96187410551e-09, 5.44042411121e-09, 6.4666640931e-09, 7.06230673941e-09, 6.4593628224e-09, 2.23240022024e-08, 2.63896318131e-08, 1.54606979663e-07, 9.133483303e-08, 8.58542836824e-09],
        "dvar2": [7.81536164141e-06, 0.00331376492977, 0.0019695602823, 0.00042178624426, 0.000537132553291, 3.88618218494e-06, 4.6329105885e-07, 2.61350521669e-07, 4.47084744337e-07, 6.35871344912e-07, 1.17427532587e-07, 1.60886571621e-07, 2.80514797169e-07, 1.80932659077e-07, 1.23939400964e-07, 5.31456514352e-08, 2.17865547825e-08, 1.41311842228e-08, 1.37667415245e-08, 1.48488901175e-08, 1.91194686749e-08, 1.37761579921e-08, 5.32862394209e-08, 5.87238240257e-08, 4.13235767383e-07, 2.3701478824e-07, 2.19525553291e-08],
        "max": [0.0382491238415, 0.443341910839, 0.2370595783, 0.114842437208, 0.139376804233, 0.0233694091439, 0.0094187464565, 0.0075971391052, 0.00966568291187, 0.0115717584267, 0.0035673615057, 0.00461014034227, 0.00651876442134, 0.00706968735904, 0.00240169046447, 0.00211286637932, 0.00181911466643, 0.00198373780586, 0.0013827533694, 0.0015495121479, 0.000993363792077, 0.00114862143528, 0.00125974800903, 0.00162473472301, 0.00366369448602, 0.00267010857351, 0.00119673833251],
        "mean": [0.000792763021309, 0.0185217373073, 0.00731953978539, 0.00228479783982, 0.00262864911929, 0.00100754748564, 0.00071166025009, 0.000329201197019, 0.000489037018269, 0.00086000317242, 0.000194799693418, 0.0002261375339, 0.000528985459823, 0.000338283920428, 0.000231992147746, 8.73489043443e-05, 0.000105673614598, 8.37832849356e-05, 7.92367354734e-05, 7.38339076634e-05, 5.83658074902e-05, 5.6922872318e-05, 6.88196669216e-05, 8.37808547658e-05, 0.00010898396431, 7.49303508201e-05, 2.31300455198e-05],
        "median": [1.23547770272e-05, 0.000183061536518, 0.000156414374942, 8.44720780151e-05, 0.000359294004738, 0.000236236548517, 0.000414905138314, 0.00016481273633, 0.000286836759187, 0.000575079349801, 7.9276971519e-05, 8.39943386381e-05, 0.000334243406542, 0.000137221533805, 0.000137118826387, 2.85152455035e-05, 4.76044224342e-05, 3.24759676005e-05, 3.87032632716e-05, 1.71447718458e-05, 1.38303039421e-05, 9.74215072347e-06, 5.98227688897e-06, 7.36502352083e-06, 2.88608907795e-06, 8.19807269181e-07, 2.02822917572e-07],
        "min": [1.94351969368e-25, 6.25247061262e-25, 7.60478133585e-25, 3.76158067463e-25, 4.74023362504e-24, 3.11208979769e-24, 7.02400172287e-24, 4.10224079022e-24, 8.32400584049e-24, 1.27908447305e-23, 8.94735031716e-24, 7.09446514551e-24, 2.71244237125e-23, 2.38076107048e-23, 2.67437446832e-23, 4.19546111448e-23, 6.0558321028e-23, 5.00857665263e-23, 1.1087419828e-22, 1.307670615e-22, 2.19223738742e-22, 2.34163855519e-22, 3.40850363596e-22, 4.59764796305e-22, 8.25759956104e-22, 1.2166647432e-21, 1.85216583779e-21],
        "var": [7.64926608099e-06, 0.00230412953533, 0.000708972394932, 9.49345849222e-05, 0.000108267362521, 3.07322011395e-06, 8.17010572973e-07, 2.32790654309e-07, 4.38118206603e-07, 9.04712806005e-07, 8.2624566744e-08, 1.31306052253e-07, 3.70120858406e-07, 2.48259993896e-07, 7.29763840468e-08, 2.16075886073e-08, 1.94940792397e-08, 1.88717343974e-08, 1.3512939212e-08, 1.70074976324e-08, 1.29155859341e-08, 1.58754023261e-08, 2.97214661771e-08, 3.96550667858e-08, 1.26588616922e-07, 7.25961868397e-08, 6.82295642207e-09]
    },
    "erbbands": {
        "dmean": [0.365515828133, 3.57303571701, 9.08332252502, 9.27622509003, 11.7967157364, 9.77521419525, 4.89511442184, 4.29999399185, 4.68381738663, 5.0506901741, 2.9183588028, 7.47234010696, 5.20745992661, 13.5592365265, 4.96693277359, 5.86430835724, 13.236413002, 10.4546852112, 8.43579959869, 4.48554754257, 2.78603458405, 2.53199124336, 2.44700789452, 2.01036596298, 1.97081387043, 2.17318296432, 1.39650666714, 1.39764523506, 1.47759962082, 1.28630661964, 1.80747818947, 1.54733085632, 1.13906335831, 1.08599436283, 1.01675343513, 0.435483247042, 0.164482682943, 0.0441996194422, 0.00498804496601, 0.000189109036],
        "dmean2": [0.571926891804, 5.26430606842, 13.7253465652, 15.4859676361, 21.1279277802, 17.7841014862, 8.5463924408, 6.299700737, 6.64210033417, 7.51247644424, 4.46433639526, 11.4614458084, 8.1907787323, 19.0041484833, 8.03738021851, 9.66267871857, 19.6746940613, 15.2841854095, 14.0086107254, 8.02034950256, 4.87708854675, 4.15148019791, 3.90514969826, 3.16991090775, 3.11676311493, 3.39543437958, 2.08753275871, 2.34663629532, 2.35768604279, 1.90100324154, 2.88538455963, 2.29233455658, 1.74020779133, 1.71849226952, 1.71726429462, 0.716473460197, 0.270240396261, 0.0739140957594, 0.00795624498278, 0.000296504353173],
        "dvar": [0.887586295605, 101.46585083, 880.442932129, 1150.35473633, 2256.56396484, 1686.53356934, 259.871276855, 88.8932418823, 47.7441749573, 85.8633804321, 19.8861141205, 149.564575195, 53.0074157715, 396.553955078, 72.6764526367, 103.411636353, 303.559692383, 248.459686279, 157.435714722, 103.790664673, 39.9398002625, 17.4114246368, 20.338848114, 15.7129564285, 13.3749542236, 20.0432319641, 6.79795455933, 13.9488601685, 11.9011096954, 9.90177059174, 23.8117752075, 11.9144916534, 8.3335723877, 11.1528339386, 11.5109701157, 1.99875938892, 0.292352944613, 0.0247041732073, 0.000207878067158, 3.09790493702e-07],
        "dvar2": [1.82068097591, 209.789916992, 1924.80078125, 2924.46337891, 6329.72949219, 4921.82275391, 758.614196777, 215.927825928, 99.0578079224, 183.391952515, 45.2499542236, 337.190216064, 140.077987671, 832.804138184, 204.391525269, 277.56930542, 639.586425781, 496.41003418, 424.512390137, 299.625793457, 112.132392883, 43.014289856, 51.4307518005, 37.7797660828, 31.4471569061, 49.0529594421, 16.2763996124, 40.0958099365, 29.1074333191, 20.4625492096, 56.6403770447, 27.0134963989, 18.9317054749, 29.147562027, 31.102142334, 5.2035279274, 0.753604710102, 0.0645622685552, 0.000516766740475, 7.60967793667e-07],
        "max": [12.3715629578, 106.142364502, 249.879821777, 296.170806885, 458.151885986, 450.575408936, 195.433334351, 193.968139648, 120.901283264, 214.514694214, 167.207839966, 276.685211182, 153.111709595, 425.195709229, 141.196548462, 231.866119385, 288.931884766, 341.923614502, 325.459960938, 120.710899353, 97.1407775879, 73.7784042358, 127.740112305, 102.03881073, 79.4807052612, 81.7947311401, 36.9859962463, 40.6165618896, 47.9029693604, 32.7725791931, 44.3956565857, 37.4547996521, 25.782793045, 32.9177398682, 31.7620658875, 12.6504430771, 5.09501218796, 1.43349921703, 0.176804885268, 0.0173901449889],
        "mean": [0.549014568329, 4.04663085938, 9.04846000671, 7.88897418976, 9.27253437042, 8.28224182129, 6.22612762451, 8.72485923767, 9.83742618561, 9.73807144165, 6.24492692947, 13.3457632065, 11.222577095, 29.3493881226, 10.4452934265, 11.1902084351, 25.5433311462, 20.5486927032, 15.3208246231, 6.68991184235, 4.55090999603, 5.08356380463, 5.44074392319, 4.25316476822, 3.97012758255, 3.91833996773, 2.6286919117, 2.01873970032, 2.1916000843, 1.92315006256, 2.06295275688, 1.84140753746, 1.30412793159, 1.06259596348, 0.862625181675, 0.367091536522, 0.134733498096, 0.0336572229862, 0.00406444026157, 0.000183385840501],
        "median": [0.00367644196376, 0.045023791492, 0.214530736208, 0.604585766792, 1.13643860817, 1.0492670536, 1.51035225391, 2.17246103287, 5.90130662918, 4.73742675781, 3.84134292603, 7.60281276703, 8.74466514587, 18.0622119904, 5.41612911224, 6.02848577499, 16.6401824951, 10.7230300903, 10.6413230896, 3.1551733017, 1.83797550201, 2.31412601471, 2.54288053513, 1.75373029709, 1.51985430717, 1.10471487045, 0.725513935089, 0.437251865864, 0.356091976166, 0.265041053295, 0.185775980353, 0.17975884676, 0.0829486101866, 0.0312924608588, 0.0198130607605, 0.00637035816908, 0.0015061814338, 0.000231407437241, 5.01911781612e-05, 1.70958610397e-05],
        "min": [4.726853913e-23, 1.20314250609e-22, 8.0308554409e-22, 2.71714775616e-21, 8.30572214623e-21, 1.84499000559e-20, 1.7909206663e-20, 4.379146831e-20, 9.94381796319e-20, 1.44036585248e-19, 1.71969879997e-19, 2.02489445405e-19, 4.43014568231e-19, 5.62099625117e-19, 6.7457121791e-19, 9.17839607689e-19, 1.468163593e-18, 1.6080902926e-18, 1.68640082536e-18, 2.21230488803e-18, 3.24436986651e-18, 3.67713628733e-18, 4.52014582809e-18, 4.27365138222e-18, 6.58937990301e-18, 6.85276744494e-18, 7.74312190882e-18, 7.92217176986e-18, 7.82464634845e-18, 1.08300606932e-17, 1.01965834462e-17, 8.99901038053e-18, 8.28934649042e-18, 7.86300188628e-18, 6.38985194514e-18, 3.9193897782e-18, 2.17270671813e-18, 9.28368686308e-19, 2.44622536141e-19, 2.55503780444e-20],
        "var": [1.76609313488, 135.411575317, 928.883483887, 900.974731445, 1404.18811035, 979.319152832, 200.86100769, 237.428115845, 144.835388184, 223.289520264, 60.8767356873, 343.437683105, 114.582939148, 1184.20666504, 190.858078003, 213.504043579, 826.154296875, 698.80267334, 285.455596924, 105.178283691, 52.2262153625, 46.4868888855, 60.2762527466, 42.4309654236, 37.7509155273, 45.2258872986, 19.4598827362, 21.6518325806, 23.2558574677, 20.9937438965, 28.2842769623, 18.0033760071, 11.0931835175, 10.3241262436, 8.79823684692, 1.62153792381, 0.231925010681, 0.0182258244604, 0.000179626367753, 2.90776767997e-07]
    },
    "gfcc": {
        "mean": [-120.394012451, 85.5897903442, -125.096099854, 0.24139662087, -54.4444122314, 10.890294075, -30.540189743, 2.40545344353, -19.8669528961, 3.54983997345, -7.68808603287, -4.84567737579, -11.8031005859],
        "cov": [[67984.8984375, 2555.30297852, -2001.01184082, 2471.72827148, -1877.59472656, 2112.44311523, -690.825195312, 1174.51867676, -1388.72180176, -24.924943924, -712.595947266, 386.05178833, -570.506286621], [2555.30297852, 3415.43359375, -70.6222686768, 624.277893066, 589.848632812, -290.29107666, 165.263397217, -295.989379883, 60.3645133972, -212.80632019, 18.1295967102, -246.244689941, 127.133415222], [-2001.01184082, -70.6222686768, 3653.14355469, 1003.99432373, 1106.89782715, 500.551940918, 352.139953613, 181.706298828, -24.3741817474, -7.11482286453, -150.316894531, 210.040679932, 48.9372711182], [2471.72827148, 624.277893066, 1003.99432373, 823.885314941, 429.032165527, 249.136276245, 208.204055786, 67.3830718994, -42.0424919128, -48.4676818848, -62.9427719116, 41.3331794739, 48.2033042908], [-1877.59472656, 589.848632812, 1106.89782715, 429.032165527, 766.913085938, 84.2397155762, 215.54057312, -5.41417646408, 71.013885498, -8.0274181366, 3.00314807892, -13.9141988754, 63.1137619019], [2112.44311523, -290.29107666, 500.551940918, 249.136276245, 84.2397155762, 384.941314697, 109.605964661, 173.808746338, -3.68878769875, 46.5625801086, -19.3550052643, 88.3594894409, -31.2726364136], [-690.825195312, 165.263397217, 352.139953613, 208.204055786, 215.54057312, 109.605964661, 271.413635254, 98.4135360718, 100.257545471, 12.8120946884, 53.2277412415, 22.8312416077, 61.4962425232], [1174.51867676, -295.989379883, 181.706298828, 67.3830718994, -5.41417646408, 173.808746338, 98.4135360718, 219.891082764, 27.795841217, 41.2707290649, 23.0736255646, 74.3800201416, -29.1887931824], [-1388.72180176, 60.3645133972, -24.3741817474, -42.0424919128, 71.013885498, -3.68878769875, 100.257545471, 27.795841217, 157.823242188, 44.4854621887, 68.6235122681, 5.97442340851, 34.5351066589], [-24.924943924, -212.80632019, -7.11482286453, -48.4676818848, -8.0274181366, 46.5625801086, 12.8120946884, 41.2707290649, 44.4854621887, 117.965843201, 38.3632545471, 33.5183486938, 14.8609447479], [-712.595947266, 18.1295967102, -150.316894531, -62.9427719116, 3.00314807892, -19.3550052643, 53.2277412415, 23.0736255646, 68.6235122681, 38.3632545471, 109.79498291, 12.902841568, 18.5340690613], [386.05178833, -246.244689941, 210.040679932, 41.3331794739, -13.9141988754, 88.3594894409, 22.8312416077, 74.3800201416, 5.97442340851, 33.5183486938, 12.902841568, 110.283218384, 18.9475364685], [-570.506286621, 127.133415222, 48.9372711182, 48.2033042908, 63.1137619019, -31.2726364136, 61.4962425232, -29.1887931824, 34.5351066589, 14.8609447479, 18.5340690613, 18.9475364685, 117.969940186]],
        "icov": [[6.53242750559e-05, -0.000151156098582, 9.59850513027e-05, -0.000185587952728, 0.000156774680363, -0.000314445584081, 0.000249969278229, -0.000403622863814, 0.000408837513532, -0.00026725709904, 0.000230889956583, -0.000158719718456, 2.06192489713e-05], [-0.000151156098582, 0.00100611220114, -1.57957492775e-05, -0.000299541192362, -0.000753115164116, 0.00105283141602, -0.000439598108642, 0.00122893846128, -0.00134225666989, 0.00133835105225, -0.000885736604687, 0.00105884694494, -0.000277637882391], [9.59850513027e-05, -1.57957492775e-05, 0.0010793460533, -0.000656537944451, -0.00104020966683, -0.000580090039875, 2.94995679724e-05, -0.000306338944938, 0.000719217350706, -0.000230685604038, 0.00146974239033, -0.00187388015911, 0.000501866627019], [-0.000185587952728, -0.000299541192362, -0.000656537944451, 0.00416579796001, -0.000888488139026, -0.0007807998918, -0.00233577075414, 0.00125422980636, 0.000848862342536, 0.000906490546186, 0.000389791850466, -0.000449827872217, -0.000559912761673], [0.000156774680363, -0.000753115164116, -0.00104020966683, -0.000888488139026, 0.0044046822004, -0.000496224500239, -0.000211845544982, -0.000497887318488, 0.000123260702821, -0.00145475158934, -0.000554132042453, 0.00195413944311, -0.000216096217628], [-0.000314445584081, 0.00105283141602, -0.000580090039875, -0.0007807998918, -0.000496224500239, 0.00780605943874, -0.00250386050902, -0.00036789450678, -0.00178259774111, -0.000713274581358, 0.000319322163705, -0.000793473038357, 0.00214236229658], [0.000249969278229, -0.000439598108642, 2.94995679724e-05, -0.00233577075414, -0.000211845544982, -0.00250386050902, 0.012446437031, -0.00640270859003, -0.00324763753451, 0.00201486726291, -0.00290186190978, 0.0035161441192, -0.00540991872549], [-0.000403622863814, 0.00122893846128, -0.000306338944938, 0.00125422980636, -0.000497887318488, -0.00036789450678, -0.00640270859003, 0.0137278921902, -0.00227447180077, 0.000529494311195, -0.00143301079515, -0.0041130380705, 0.00472627393901], [0.000408837513532, -0.00134225666989, 0.000719217350706, 0.000848862342536, 0.000123260702821, -0.00178259774111, -0.00324763753451, -0.00227447180077, 0.0152610586956, -0.00486579723656, -0.00156912219245, -0.0016345345648, 2.45710853051e-05], [-0.00026725709904, 0.00133835105225, -0.000230685604038, 0.000906490546186, -0.00145475158934, -0.000713274581358, 0.00201486726291, 0.000529494311195, -0.00486579723656, 0.0145028633997, -0.00448951777071, 0.000555243750568, -0.00312594231218], [0.000230889956583, -0.000885736604687, 0.00146974239033, 0.000389791850466, -0.000554132042453, 0.000319322163705, -0.00290186190978, -0.00143301079515, -0.00156912219245, -0.00448951777071, 0.0176237244159, -0.00544088426977, 0.00197136588395], [-0.000158719718456, 0.00105884694494, -0.00187388015911, -0.000449827872217, 0.00195413944311, -0.000793473038357, 0.0035161441192, -0.0041130380705, -0.0016345345648, 0.000555243750568, -0.00544088426977, 0.0204245038331, -0.00707100424916], [2.06192489713e-05, -0.000277637882391, 0.000501866627019, -0.000559912761673, -0.000216096217628, 0.00214236229658, -0.00540991872549, 0.00472627393901, 2.45710853051e-05, -0.00312594231218, 0.00197136588395, -0.00707100424916, 0.0147818718106]]
    },
    "melbands": {
        "dmean": [0.00364858005196, 0.00434612995014, 0.00153154425789, 0.000835641636513, 0.000202924289624, 9.49880341068e-05, 7.0769485319e-05, 5.45063303434e-05, 2.73534515145e-05, 4.40572584921e-05, 2.69324045803e-05, 5.99013001192e-05, 1.57690392371e-05, 1.53387827595e-05, 2.38673746935e-05, 2.52655063377e-05, 2.21068039536e-05, 1.32862905957e-05, 7.88168381405e-06, 5.44746990272e-06, 3.07780646835e-06, 2.45288538281e-06, 3.74186970475e-06, 1.6117027144e-06, 1.81081486517e-06, 1.63914705809e-06, 1.22520532386e-06, 1.50367645801e-06, 1.12235477445e-06, 6.272902624e-07, 9.28870861117e-07, 9.25305243982e-07, 6.47144929644e-07, 8.15021678591e-07, 1.11843178274e-06, 9.67120286077e-07, 8.75472778716e-07, 7.84186852343e-07, 7.20833270407e-07, 1.00994577679e-06],
        "dmean2": [0.00567788863555, 0.00612578867003, 0.0024121934548, 0.0015220757341, 0.00036434456706, 0.000140037183883, 9.92668865365e-05, 8.24607850518e-05, 4.18561321567e-05, 6.78311334923e-05, 4.21685363108e-05, 8.37651095935e-05, 2.59325170191e-05, 2.54186434177e-05, 3.74817900592e-05, 3.6532721424e-05, 3.25933942804e-05, 2.19942085096e-05, 1.37294127853e-05, 9.70857308857e-06, 5.36404786544e-06, 4.02156365453e-06, 6.23915821052e-06, 2.44757666223e-06, 2.89390982289e-06, 2.66834740614e-06, 1.87199373158e-06, 2.40266126639e-06, 1.67179575783e-06, 1.06819049961e-06, 1.55770692345e-06, 1.50976836721e-06, 9.30667852117e-07, 1.27109910864e-06, 1.80846745934e-06, 1.50136679622e-06, 1.29573868435e-06, 1.20303968743e-06, 1.11766541977e-06, 1.60920251346e-06],
        "dvar": [8.90521405381e-05, 0.000161134856171, 2.71528024314e-05, 1.18188390843e-05, 5.44194108443e-07, 4.31070823481e-08, 1.06687760848e-08, 9.5094723207e-09, 1.73274294912e-09, 5.00841501605e-09, 1.39000433386e-09, 7.78751196862e-09, 7.87092002685e-10, 6.90520141067e-10, 1.14020115571e-09, 1.23480448089e-09, 1.21717080859e-09, 4.72831107601e-10, 1.95944163672e-10, 1.46153256164e-10, 5.34546781839e-11, 1.84032424716e-11, 3.79043810228e-11, 1.11116818871e-11, 1.33561434482e-11, 1.00316421836e-11, 5.28836306343e-12, 1.03480453373e-11, 4.0695988246e-12, 3.30032333927e-12, 5.51321488462e-12, 4.90624641608e-12, 2.64307326026e-12, 4.16603860784e-12, 9.65421145804e-12, 5.25903365994e-12, 3.87812915462e-12, 3.83290838304e-12, 3.82502233012e-12, 1.0529603231e-11],
        "dvar2": [0.000188751801034, 0.000294179480989, 6.26036562608e-05, 3.37678575306e-05, 1.60685260653e-06, 1.0604381373e-07, 2.15894111477e-08, 2.10665387357e-08, 4.0839465143e-09, 1.14534763895e-08, 3.62740570914e-09, 1.62214934818e-08, 2.28008878445e-09, 1.82142723126e-09, 2.74595768346e-09, 2.42706144071e-09, 2.38957920118e-09, 1.30526589537e-09, 5.58323942634e-10, 4.15872281057e-10, 1.50002732457e-10, 4.5593348541e-11, 1.02186106798e-10, 2.47035100709e-11, 3.340454649e-11, 2.44804367749e-11, 1.07557027521e-11, 2.65556795304e-11, 9.14597911295e-12, 8.87144697981e-12, 1.6192170868e-11, 1.32236886372e-11, 5.0726840263e-12, 9.67452246786e-12, 2.34164666824e-11, 1.20835581124e-11, 8.87107574898e-12, 8.62446572492e-12, 9.40452576925e-12, 2.79772038869e-11],
        "max": [0.110487192869, 0.11207999289, 0.0443484149873, 0.035861287266, 0.00822569709271, 0.00436859531328, 0.00184508634266, 0.00195601745509, 0.00125323131215, 0.00152120855637, 0.000754909240641, 0.00188905477989, 0.000501659116708, 0.000448035396403, 0.000524949165992, 0.000846787937917, 0.000722565280739, 0.00069200823782, 0.000157371061505, 0.000162921627634, 0.000108581407403, 8.03178045317e-05, 0.000120145385154, 8.82940075826e-05, 8.49954449222e-05, 7.5836556789e-05, 4.75788474432e-05, 5.69697585888e-05, 2.40607969317e-05, 2.15073723666e-05, 2.39332875935e-05, 3.02966600429e-05, 2.0390143618e-05, 2.09973932215e-05, 3.01257805404e-05, 2.22961207328e-05, 2.07224402402e-05, 2.09431309486e-05, 1.73421994987e-05, 3.2787615055e-05],
        "mean": [0.00501959444955, 0.00506244879216, 0.00144310516771, 0.000693646725267, 0.000231390018598, 0.000189355749171, 0.000149264204083, 9.99413750833e-05, 5.53558566025e-05, 7.83930372563e-05, 5.66601047467e-05, 0.000127541614347, 3.0420078474e-05, 2.76598730125e-05, 4.18620729761e-05, 4.91069513373e-05, 3.89263295801e-05, 2.40836961893e-05, 1.17327472253e-05, 7.72002658778e-06, 4.83636131321e-06, 4.62986054117e-06, 6.96696361047e-06, 3.59166051567e-06, 3.33786624651e-06, 3.05335129269e-06, 2.39919359046e-06, 2.56699354395e-06, 1.95797883862e-06, 1.00785166524e-06, 1.24293421777e-06, 1.25244071114e-06, 1.03663251139e-06, 1.10757048333e-06, 1.23058907775e-06, 1.11101223865e-06, 1.05876517864e-06, 9.23472214254e-07, 7.6366131907e-07, 9.54601887315e-07],
        "median": [4.86003045808e-05, 9.14859265322e-05, 0.000128806466819, 9.58825912676e-05, 6.19188431301e-05, 4.50737315987e-05, 8.84725886863e-05, 4.86884418933e-05, 3.46212327713e-05, 4.48110004072e-05, 4.33157256339e-05, 7.73458086769e-05, 1.39998228406e-05, 1.13911410153e-05, 2.65645230684e-05, 2.75992497336e-05, 1.52941156557e-05, 1.64580378623e-05, 6.42255236016e-06, 2.35863058151e-06, 1.7819693312e-06, 1.90020455193e-06, 3.31624823957e-06, 1.4066656604e-06, 1.11630765787e-06, 1.12077293579e-06, 6.78410060573e-07, 6.33600734545e-07, 5.03916794514e-07, 1.27939614458e-07, 2.76324669812e-07, 2.17112244627e-07, 1.19355391348e-07, 1.27822701756e-07, 9.90023494296e-08, 7.88830121223e-08, 9.78945919883e-08, 6.05044192525e-08, 2.74108469256e-08, 2.40127242535e-08],
        "min": [7.40882631485e-25, 4.03513939415e-25, 5.95123618735e-25, 1.02034040355e-24, 8.2133081451e-25, 6.95689283262e-25, 1.29848309519e-24, 1.47360972311e-24, 1.5524591316e-24, 1.10593861569e-24, 2.09373466121e-24, 1.66128249347e-24, 1.78034763648e-24, 1.9299880421e-24, 2.14237089424e-24, 3.22201480381e-24, 2.33380593948e-24, 2.55790081227e-24, 2.57537585626e-24, 2.3894725009e-24, 1.87311018476e-24, 2.90423796536e-24, 3.0250261778e-24, 1.99239640603e-24, 3.1071150436e-24, 3.73664438698e-24, 3.63158862479e-24, 4.02474546147e-24, 3.88750772422e-24, 4.68429825926e-24, 4.52108175468e-24, 3.94784927258e-24, 3.81796687441e-24, 4.62699816412e-24, 5.20172593206e-24, 4.35316206138e-24, 4.47571594174e-24, 5.47935566689e-24, 5.43669722458e-24, 5.68593782759e-24],
        "var": [0.000150014835526, 0.000230265417485, 2.5421162718e-05, 7.08326751919e-06, 3.54833048277e-07, 1.09867698939e-07, 3.38748300521e-08, 2.27263736718e-08, 4.85702678077e-09, 1.15640146348e-08, 3.06784153636e-09, 2.30816610269e-08, 1.8107958466e-09, 1.74612690973e-09, 2.34931984977e-09, 3.87719145678e-09, 3.31203797721e-09, 7.91998300276e-10, 2.29097518734e-10, 1.69418784557e-10, 6.93979387845e-11, 4.48551785992e-11, 8.72996328005e-11, 3.46719354616e-11, 2.98520687336e-11, 2.33835364266e-11, 1.65534998903e-11, 2.10538340234e-11, 1.01609692882e-11, 6.61538575655e-12, 7.59006746343e-12, 8.03175928543e-12, 5.85353250246e-12, 7.4624325816e-12, 1.05525501531e-11, 7.32322535946e-12, 6.00316367796e-12, 5.37932242153e-12, 4.3124518713e-12, 9.12744619469e-12]
    },
    "mfcc": {
        "mean": [-729.825439453, 121.129219055, -14.3314437866, -3.27677965164, -5.02053070068, 2.1236345768, -0.0661153197289, -0.670646548271, -6.40123319626, 6.11917591095, 3.8905506134, -0.175806358457, -5.74801158905],
        "cov": [[19575.0683594, 3080.12036133, 1458.45031738, 1060.91760254, 587.067443848, 772.254943848, 703.413513184, 556.194396973, 119.803009033, 30.2852592468, -192.950546265, 31.8795394897, 14.4594459534], [3080.12036133, 2866.73193359, 312.713012695, 687.864440918, 371.796630859, 232.989089966, 210.392730713, 92.6611404419, 54.7101707458, 6.83393144608, -43.7970848083, -35.8452148438, 6.03617620468], [1458.45031738, 312.713012695, 1625.41796875, 711.940185547, 679.741882324, 461.80065918, 377.304840088, 262.127197266, 213.682022095, -61.8676795959, -58.7955322266, 3.93233299255, 122.046875], [1060.91760254, 687.864440918, 711.940185547, 740.998901367, 426.083679199, 318.526977539, 272.132232666, 143.865966797, 135.231994629, -36.6399879456, -90.4747314453, -8.7054977417, 90.5166091919], [587.067443848, 371.796630859, 679.741882324, 426.083679199, 546.995178223, 269.982879639, 233.191894531, 96.0281295776, 106.179260254, -6.52074384689, -6.74763727188, -24.0190181732, 55.4481086731], [772.254943848, 232.989089966, 461.80065918, 318.526977539, 269.982879639, 309.831542969, 173.98979187, 113.372261047, 103.937133789, 24.4610176086, -18.3711395264, 18.250328064, 48.3060379028], [703.413513184, 210.392730713, 377.304840088, 272.132232666, 233.191894531, 173.98979187, 243.705307007, 134.60333252, 98.5398483276, 30.1606826782, 14.1737337112, 8.66200447083, 56.5300102234], [556.194396973, 92.6611404419, 262.127197266, 143.865966797, 96.0281295776, 113.372261047, 134.60333252, 195.58454895, 91.7879562378, 30.1709785461, 41.2393875122, 48.6655387878, 38.9640388489], [119.803009033, 54.7101707458, 213.682022095, 135.231994629, 106.179260254, 103.937133789, 98.5398483276, 91.7879562378, 140.965545654, 37.0819702148, 1.79592597485, 23.4557552338, 73.2094802856], [30.2852592468, 6.83393144608, -61.8676795959, -36.6399879456, -6.52074384689, 24.4610176086, 30.1606826782, 30.1709785461, 37.0819702148, 131.306747437, 73.5077590942, 13.6835489273, -6.38324546814], [-192.950546265, -43.7970848083, -58.7955322266, -90.4747314453, -6.74763727188, -18.3711395264, 14.1737337112, 41.2393875122, 1.79592597485, 73.5077590942, 164.974639893, 48.4853134155, -19.5442619324], [31.8795394897, -35.8452148438, 3.93233299255, -8.7054977417, -24.0190181732, 18.250328064, 8.66200447083, 48.6655387878, 23.4557552338, 13.6835489273, 48.4853134155, 104.891304016, 35.454788208], [14.4594459534, 6.03617620468, 122.046875, 90.5166091919, 55.4481086731, 48.3060379028, 56.5300102234, 38.9640388489, 73.2094802856, -6.38324546814, -19.5442619324, 35.454788208, 128.019851685]],
