{
"lowlevel": {
    "average_loudness": 0.354793131351,
    "barkbands_crest": {
        "dmean": 2.41811442375,
        "dmean2": 3.81594133377,
        "dvar": 5.45641613007,
        "dvar2": 13.5829916,
        "max": 25.8475799561,
        "mean": 11.0518331528,
        "median": 10.2062015533,
        "min": 3.32469916344,
        "var": 16.5506191254
    },
    "barkbands_flatness_db": {
        "dmean": 0.0265879221261,
        "dmean2": 0.0388914234936,
        "dvar": 0.00109283439815,
        "dvar2": 0.00250500557013,
        "max": 0.77758449316,
        "mean": 0.232482761145,
        "median": 0.214225098491,
        "min": 0.057685572654,
        "var": 0.00854004919529
    },
    "barkbands_kurtosis": {
        "dmean": 3.14592170715,
        "dmean2": 4.94071912766,
        "dvar": 40.3439598083,
        "dvar2": 105.152908325,
        "max": 213.440719604,
        "mean": 5.73184108734,
        "median": 3.75570034981,
        "min": -1.92012703419,
        "var": 76.2807540894
    },
    "barkbands_skewness": {
        "dmean": 0.497670739889,
        "dmean2": 0.750021398067,
        "dvar": 0.314088463783,
        "dvar2": 0.72976654768,
        "max": 13.0439605713,
        "mean": 1.77342188358,
        "median": 1.68473386765,
        "min": -2.90731263161,
        "var": 1.20919728279
    },
    "barkbands_spread": {
        "dmean": 3.27254271507,
        "dmean2": 5.01924276352,
        "dvar": 20.6230697632,
        "dvar2": 43.8253974915,
        "max": 123.471038818,
        "mean": 11.9129018784,
        "median": 9.82458400726,
        "min": 0.200193539262,
        "var": 108.540863037
    },
    "dissonance": {
        "dmean": 0.0276431348175,
        "dmean2": 0.0451119951904,
        "dvar": 0.000922527862713,
        "dvar2": 0.00250517320819,
        "max": 0.499999970198,
        "mean": 0.429221391678,
        "median": 0.439296126366,
        "min": 0.0739627927542,
        "var": 0.00243509770371
    },
    "dynamic_complexity": 3.62608122826,
    "erbbands_crest": {
        "dmean": 3.10897636414,
        "dmean2": 4.65247249603,
        "dvar": 9.13871765137,
        "dvar2": 18.7654514313,
        "max": 33.2587966919,
        "mean": 11.4775266647,
        "median": 10.1356124878,
        "min": 2.62971711159,
        "var": 29.6593093872
    },
    "erbbands_flatness_db": {
        "dmean": 0.0193724539131,
        "dmean2": 0.0279175825417,
        "dvar": 0.000500086636748,
        "dvar2": 0.00115273718257,
        "max": 0.604172706604,
        "mean": 0.241037607193,
        "median": 0.233811557293,
        "min": 0.0489769652486,
        "var": 0.00448573753238
    },
    "erbbands_kurtosis": {
        "dmean": 1.35888147354,
        "dmean2": 2.07354187965,
        "dvar": 4.76362228394,
        "dvar2": 11.2799634933,
        "max": 38.0037918091,
        "mean": 1.29723274708,
        "median": 0.487810611725,
        "min": -1.80347776413,
        "var": 8.75224018097
    },
    "erbbands_skewness": {
        "dmean": 0.402730762959,
        "dmean2": 0.586887955666,
        "dvar": 0.185466691852,
        "dvar2": 0.385277211666,
        "max": 4.49534320831,
        "mean": 0.671913564205,
        "median": 0.684114873409,
        "min": -5.34282541275,
        "var": 0.661601185799
    },
    "erbbands_spread": {
        "dmean": 6.21998071671,
        "dmean2": 9.40243721008,
        "dvar": 42.0215530396,
        "dvar2": 98.1996002197,
        "max": 161.120040894,
        "mean": 27.6227741241,
        "median": 24.9308357239,
        "min": 0.957081317902,
        "var": 243.44392395
    },
    "hfc": {
        "dmean": 4.61469745636,
        "dmean2": 6.76836252213,
        "dvar": 63.4392051697,
        "dvar2": 142.057662964,
        "max": 176.92350769,
        "mean": 14.3893976212,
        "median": 11.4129447937,
        "min": 1.17009475441e-16,
        "var": 181.188079834
    },
    "melbands_crest": {
        "dmean": 2.96865534782,
        "dmean2": 4.62987136841,
        "dvar": 7.72911882401,
        "dvar2": 18.4422359467,
        "max": 36.64453125,
        "mean": 15.5425634384,
        "median": 14.7964344025,
        "min": 2.21072077751,
        "var": 27.3779010773
    },
    "melbands_flatness_db": {
        "dmean": 0.0295458566397,
        "dmean2": 0.0428744666278,
        "dvar": 0.00147593708243,
        "dvar2": 0.00331518566236,
        "max": 0.991084456444,
        "mean": 0.303273558617,
        "median": 0.275328755379,
        "min": 0.00460203923285,
        "var": 0.0160173401237
    },
    "melbands_kurtosis": {
        "dmean": 5.75830841064,
        "dmean2": 8.91186332703,
        "dvar": 116.43396759,
        "dvar2": 284.614044189,
        "max": 285.552490234,
        "mean": 12.2543344498,
        "median": 7.73702526093,
        "min": -1.85911762714,
        "var": 291.334991455
    },
    "melbands_skewness": {
        "dmean": 0.623586297035,
        "dmean2": 0.931422710419,
        "dvar": 0.446130782366,
        "dvar2": 1.02232980728,
        "max": 11.9102067947,
        "mean": 2.41753816605,
        "median": 2.20070505142,
        "min": -2.03446531296,
        "var": 2.07845544815
    },
    "melbands_spread": {
        "dmean": 3.8515856266,
        "dmean2": 5.86538696289,
        "dvar": 41.6855506897,
        "dvar2": 88.6441421509,
        "max": 185.859207153,
        "mean": 13.4140672684,
        "median": 11.1961231232,
        "min": 0.235022142529,
        "var": 196.272918701
    },
    "pitch_salience": {
        "dmean": 0.0675207823515,
        "dmean2": 0.108377732337,
        "dvar": 0.00447471486405,
        "dvar2": 0.0114748124033,
        "max": 0.889241039753,
        "mean": 0.518748342991,
        "median": 0.523005902767,
        "min": 0.0713589563966,
        "var": 0.0112196635455
    },
    "silence_rate_20dB": {
        "dmean": 0.000184348784387,
        "dmean2": 0.000368731562048,
        "dvar": 0.000184288350283,
        "dvar2": 0.000368675391655,
        "max": 1,
        "mean": 0.999815642834,
        "median": 1,
        "min": 0,
        "var": 0.000184271368198
    },
    "silence_rate_30dB": {
        "dmean": 0.0226749014109,
        "dmean2": 0.0453539825976,
        "dvar": 0.022163823247,
        "dvar2": 0.0514152310789,
        "max": 1,
        "mean": 0.957880198956,
        "median": 1,
        "min": 0,
        "var": 0.0403429828584
    },
    "silence_rate_60dB": {
        "dmean": 0.0134574612603,
        "dmean2": 0.0269174035639,
        "dvar": 0.0132781183347,
        "dvar2": 0.0356007702649,
        "max": 1,
        "mean": 0.0388018451631,
        "median": 0,
        "min": 0,
        "var": 0.0372995585203
    },
    "spectral_centroid": {
        "dmean": 163.348876953,
        "dmean2": 249.929336548,
        "dvar": 52619.03125,
        "dvar2": 112546.960938,
        "max": 11054.5888672,
        "mean": 822.235656738,
        "median": 721.475463867,
        "min": 102.979766846,
        "var": 259715.328125
    },
    "spectral_complexity": {
        "dmean": 3.01613044739,
        "dmean2": 4.74188804626,
        "dvar": 13.4205389023,
        "dvar2": 31.7278385162,
        "max": 52,
        "mean": 14.387096405,
        "median": 15,
        "min": 0,
        "var": 42.1847648621
    },
    "spectral_decrease": {
        "dmean": 3.00135405418e-09,
        "dmean2": 4.44926540055e-09,
        "dvar": 2.72347429973e-17,
        "dvar2": 6.6420803243e-17,
        "max": 8.87008190744e-16,
        "mean": -8.66977512004e-09,
        "median": -6.22271167927e-09,
        "min": -1.3705823676e-07,
        "var": 8.22101855941e-17
    },
    "spectral_energy": {
        "dmean": 0.0116889374331,
        "dmean2": 0.0173102021217,
        "dvar": 0.000402013509301,
        "dvar2": 0.000976537296083,
        "max": 0.532138645649,
        "mean": 0.0340270362794,
        "median": 0.0245768371969,
        "min": 1.07130043291e-20,
        "var": 0.00122805743013
    },
    "spectral_energyband_high": {
        "dmean": 0.000108722677396,
        "dmean2": 0.00017988756008,
        "dvar": 8.02311319603e-08,
        "dvar2": 1.92465051896e-07,
        "max": 0.011172099039,
        "mean": 0.000233944287174,
        "median": 8.46297480166e-05,
        "min": 7.49384760619e-21,
        "var": 3.99947452934e-07
    },
    "spectral_energyband_low": {
        "dmean": 0.00724220322445,
        "dmean2": 0.0112651437521,
        "dvar": 0.000350244314177,
        "dvar2": 0.000881445710547,
        "max": 0.457447201014,
        "mean": 0.0144415674731,
        "median": 0.00494136475027,
        "min": 1.01712405593e-22,
        "var": 0.000807661679573
    },
    "spectral_energyband_middle_high": {
        "dmean": 0.00178936019074,
        "dmean2": 0.00267405505292,
        "dvar": 1.78681748366e-05,
        "dvar2": 3.53459799953e-05,
        "max": 0.16257353127,
        "mean": 0.00388623634353,
        "median": 0.00245496956632,
        "min": 1.82988123666e-21,
        "var": 4.43274038844e-05
    },
    "spectral_energyband_middle_low": {
        "dmean": 0.00540259154513,
        "dmean2": 0.00763663509861,
        "dvar": 6.49096691632e-05,
        "dvar2": 0.000142860662891,
        "max": 0.20091123879,
        "mean": 0.0168775953352,
        "median": 0.0133077986538,
        "min": 2.27111161347e-22,
        "var": 0.000215628009755
    },
    "spectral_entropy": {
        "dmean": 0.200413256884,
        "dmean2": 0.295567512512,
        "dvar": 0.0657295063138,
        "dvar2": 0.16283492744,
        "max": 9.81170558929,
        "mean": 6.85397100449,
        "median": 6.95600128174,
        "min": 3.30309557915,
        "var": 0.453714370728
    },
    "spectral_flux": {
        "dmean": 0.0260990634561,
        "dmean2": 0.0439226701856,
        "dvar": 0.00107990799006,
        "dvar2": 0.00280011096038,
        "max": 0.527995944023,
        "mean": 0.0733440294862,
        "median": 0.0585931390524,
        "min": 1.03503643156e-10,
        "var": 0.0026863515377
    },
    "spectral_kurtosis": {
        "dmean": 15.9077653885,
        "dmean2": 24.9120368958,
        "dvar": 2918.25927734,
        "dvar2": 6759.19091797,
        "max": 962.128845215,
        "mean": 29.7874450684,
        "median": 6.29192781448,
        "min": -1.16488623619,
        "var": 8716.95214844
    },
    "spectral_rms": {
        "dmean": 0.000925429165363,
        "dmean2": 0.00133174401708,
        "dvar": 1.31080560095e-06,
        "dvar2": 2.98004783872e-06,
        "max": 0.0227850750089,
        "mean": 0.00519431335852,
        "median": 0.00489667244256,
        "min": 3.23291068395e-12,
        "var": 6.21615208729e-06
    },
    "spectral_rolloff": {
        "dmean": 209.987792969,
        "dmean2": 357.856079102,
        "dvar": 235285.46875,
        "dvar2": 539975.5,
        "max": 19552.1484375,
        "mean": 903.769104004,
        "median": 667.529296875,
        "min": 43.06640625,
        "var": 2797395.75
    },
    "spectral_skewness": {
        "dmean": 0.70014411211,
        "dmean2": 1.12019789219,
        "dvar": 1.89872765541,
        "dvar2": 4.1397562027,
        "max": 27.4475841522,
        "mean": 2.72077322006,
        "median": 1.81427359581,
        "min": -0.039566360414,
        "var": 11.6758184433
    },
    "spectral_spread": {
        "dmean": 314040.375,
        "dmean2": 508334.96875,
        "dvar": 210832654336,
        "dvar2": 425381855232,
        "max": 39481676,
        "mean": 2912087.25,
        "median": 2823810,
        "min": 109801.914062,
        "var": 3.00554439885e+12
    },
    "spectral_strongpeak": {
        "dmean": 0.519433259964,
        "dmean2": 0.854000687599,
        "dvar": 1.20156490803,
        "dvar2": 3.09966492653,
        "max": 19.228723526,
        "mean": 1.1132529974,
        "median": 0.712233304977,
        "min": 0,
        "var": 1.61054325104
    },
    "zerocrossingrate": {
        "dmean": 0.00533873355016,
        "dmean2": 0.00675959838554,
        "dvar": 7.12791297701e-05,
        "dvar2": 0.000115334529255,
        "max": 0.59912109375,
        "mean": 0.0366871133447,
        "median": 0.03173828125,
        "min": 0.00146484375,
        "var": 0.00199679122306
    },
    "barkbands": {
        "dmean": [0.00026968025486, 0.00519678462297, 0.00267682224512, 0.00125580129679, 0.00217171641998, 0.00118597294204, 0.00100846856367, 0.00147426687181, 0.000690367305651, 0.000864256173372, 0.000224558069021, 0.000360962905688, 0.000245032017119, 0.000146749414853, 0.000372166774468, 9.77644813247e-05, 0.000211978855077, 6.6011249146e-05, 7.40984469303e-05, 6.72661262797e-05, 4.70267295896e-05, 3.66047570424e-05, 1.41453156175e-05, 6.67464109938e-06, 1.91323283616e-06, 3.31778267082e-07, 2.32255558785e-07],
        "dmean2": [0.00040408357745, 0.00825047306716, 0.00432047154754, 0.00199845223688, 0.00326660531573, 0.00155230157543, 0.00137136841659, 0.00197198404931, 0.00094801018713, 0.00119120860472, 0.000338811980328, 0.000542180088814, 0.000388011598261, 0.000235904430156, 0.000613324111328, 0.000165319026564, 0.000364383711712, 0.00011285727669, 0.000123496953165, 0.000109421853267, 7.94779043645e-05, 6.33042727713e-05, 2.4478908017e-05, 1.14648019007e-05, 3.269096851e-06, 5.78641788707e-07, 4.16445260498e-07],
        "dvar": [8.58134058035e-07, 0.000243249654886, 9.88832616713e-05, 2.04356674658e-05, 1.51764324983e-05, 3.31191495206e-06, 3.63137473869e-06, 8.22622132546e-06, 3.77866854251e-06, 8.68909228302e-06, 1.41952838817e-07, 3.64418866639e-07, 1.19048422675e-06, 1.87785758499e-07, 4.21632284997e-06, 1.48721753135e-07, 2.13701150642e-06, 2.22186429255e-08, 3.63982763929e-08, 9.23437681877e-08, 2.14227604545e-08, 1.18099512392e-08, 2.08828088155e-09, 1.1001971556e-09, 8.37274347076e-11, 2.1404414699e-12, 1.00513900588e-12],
        "dvar2": [1.66830761827e-06, 0.000617443700321, 0.000268837902695, 5.48360039829e-05, 3.95825154555e-05, 5.78339768253e-06, 6.53899724057e-06, 1.41665905176e-05, 5.65835762245e-06, 1.19807482406e-05, 2.9024693049e-07, 7.78793321388e-07, 2.89059562419e-06, 5.03072612901e-07, 1.06337356556e-05, 4.27528050295e-07, 5.71909822611e-06, 5.83201362758e-08, 7.98631134558e-08, 2.06419940696e-07, 6.18518427586e-08, 3.11877847992e-08, 5.74890579585e-09, 3.10395686931e-09, 2.11551165474e-10, 5.74334503567e-12, 2.82454918829e-12],
        "max": [0.0238157454878, 0.258738160133, 0.396522939205, 0.0917255058885, 0.117153607309, 0.0439897067845, 0.0582743473351, 0.10555908829, 0.0731276497245, 0.157924950123, 0.00660176109523, 0.0198186971247, 0.0375581681728, 0.018413670361, 0.0404073558748, 0.0238701943308, 0.0468362756073, 0.00321706850082, 0.0064923982136, 0.0154151404276, 0.00504130730405, 0.00365792983212, 0.001253085793, 0.00155543419532, 0.000381060119253, 2.35465522564e-05, 1.520153819e-05],
        "mean": [0.000374869821826, 0.00781693868339, 0.00516993319616, 0.0018320317613, 0.00491210818291, 0.00267687626183, 0.00206295610406, 0.00320256850682, 0.00150291831233, 0.00170020968653, 0.000373315269826, 0.000583580811508, 0.000307499954943, 0.00022365951736, 0.000388709042454, 0.00013199201203, 0.000234664723394, 0.000102236284874, 0.000120235345094, 0.000120157907077, 8.43179659569e-05, 6.22779116384e-05, 2.57803985733e-05, 1.3517210391e-05, 3.11435337608e-06, 3.26236516912e-07, 2.08739479035e-07],
        "median": [9.9491205674e-07, 0.00095820822753, 0.00155095034279, 0.000573306460865, 0.0031665880233, 0.00146419834346, 0.000832828693092, 0.00112828146666, 0.000326329376549, 0.000490714854095, 0.000151027634274, 0.000276961975032, 0.000109385058749, 0.000101740617538, 0.000128547282657, 6.95936323609e-05, 9.74202266661e-05, 5.19590394106e-05, 5.70025513298e-05, 2.23737988563e-05, 2.18911281991e-05, 1.58453567565e-05, 5.64278070669e-06, 8.71052293405e-07, 1.82242544611e-07, 3.9530945628e-08, 6.34591046378e-09],
        "min": [7.41958201914e-23, 4.32074358582e-23, 2.11874549621e-23, 3.29748938647e-23, 3.91688656094e-23, 4.15672899066e-23, 2.64210816403e-23, 1.002165423e-23, 5.70754811988e-23, 1.11031882109e-22, 9.44630894179e-23, 9.3492594867e-23, 1.19983635848e-22, 1.18657289298e-22, 1.10258255686e-22, 2.96176930719e-22, 2.96479373679e-22, 1.58149975998e-22, 2.87374050811e-22, 2.90338299792e-22, 5.45667684672e-22, 4.69903009467e-22, 4.50744468466e-22, 7.866927368e-22, 1.34704100932e-21, 1.43724974032e-21, 2.5932435321e-21],
        "var": [1.86905811006e-06, 0.000420694879722, 0.000137377850479, 1.89843685803e-05, 3.22154992318e-05, 1.22060355352e-05, 1.21639486679e-05, 3.37766650773e-05, 1.87192417798e-05, 3.30098555423e-05, 3.62022205991e-07, 8.94731783774e-07, 1.08658434783e-06, 2.20520817606e-07, 3.28925352733e-06, 9.86553345683e-08, 1.46921843225e-06, 3.31852483271e-08, 7.04382898675e-08, 2.22850090381e-07, 5.61286057632e-08, 3.1910275311e-08, 5.34778576977e-09, 5.5757691797e-09, 2.62629695769e-10, 1.70226159557e-12, 9.05707366744e-13]
    },
    "erbbands": {
        "dmean": [0.139380991459, 1.23743236065, 2.93982791901, 3.82924938202, 5.58602809906, 6.91895914078, 12.2835798264, 7.66607713699, 15.2719287872, 12.2405939102, 36.4806900024, 20.5356521606, 19.8268280029, 23.7182292938, 9.16610622406, 17.6233997345, 11.1030578613, 9.49020004272, 22.2728996277, 6.28076028824, 9.06687355042, 6.92321872711, 3.89645934105, 3.09307527542, 3.96738529205, 3.55047440529, 1.6080571413, 2.15188169479, 1.20439338684, 0.673631608486, 0.436722129583, 0.213915273547, 0.0807973518968, 0.0301031451672, 0.00849099736661, 0.00220438884571, 0.000564150686841, 9.54334245762e-05, 3.50467598764e-05, 1.62713640748e-05],
        "dmean2": [0.223310008645, 1.97300946712, 4.63130903244, 6.08996105194, 8.60712909698, 10.3480224609, 16.682926178, 10.4090690613, 20.3713264465, 17.1502113342, 48.2227897644, 27.6421089172, 27.3508796692, 32.5881652832, 13.8047971725, 26.3748931885, 17.4835014343, 15.0139465332, 36.4657402039, 10.3587827682, 15.3115882874, 11.7796096802, 6.62575817108, 5.2510228157, 6.53504514694, 5.79907989502, 2.67001152039, 3.61250925064, 2.02712202072, 1.16261541843, 0.755784809589, 0.370129555464, 0.13757891953, 0.0499620139599, 0.0142520945519, 0.00377659779042, 0.000987653038464, 0.00016677408712, 6.1361490225e-05, 2.50140583375e-05],
        "dvar": [0.185811340809, 14.6514911652, 103.723304749, 161.186798096, 171.804031372, 203.346298218, 612.748413086, 180.864532471, 765.957397461, 542.608276367, 5509.67578125, 3029.71166992, 2035.50793457, 10840.5371094, 231.765548706, 918.506469727, 2451.97631836, 537.123718262, 16689.2441406, 339.787200928, 3522.09790039, 1307.63793945, 68.9753875732, 49.2441368103, 116.505348206, 315.361572266, 21.3869075775, 70.00756073, 17.6370506287, 5.67837238312, 2.03929543495, 1.3070782423, 0.173800095916, 0.0230194907635, 0.00136230618227, 8.52169760037e-05, 7.14447105565e-06, 1.46709851379e-07, 1.91663964699e-08, 9.24092746768e-10],
        "dvar2": [0.48307287693, 36.5221481323, 274.739929199, 423.500823975, 446.135040283, 536.43536377, 1120.78186035, 316.033935547, 1286.50549316, 1120.24475098, 9181.28710938, 4538.44482422, 3558.1237793, 13866.3632812, 483.203186035, 1953.90539551, 5996.86132812, 1327.41540527, 42190.4140625, 886.62097168, 9484.12207031, 3438.17431641, 185.394363403, 127.063873291, 239.42048645, 724.411437988, 49.90832901, 206.641525269, 43.0377616882, 16.0722503662, 5.74488925934, 3.68271946907, 0.462526023388, 0.055663920939, 0.00335119478405, 0.000224283023272, 1.93690066226e-05, 4.06937743946e-07, 5.39184767945e-08, 2.42587194776e-09],
        "max": [8.24311256409, 65.9990615845, 375.872161865, 286.914276123, 286.931762695, 481.302337646, 800.287475586, 388.124023438, 878.684570312, 751.518493652, 2891.63134766, 2048.1484375, 1583.81518555, 5894.71972656, 323.224487305, 1013.53991699, 1706.12487793, 718.528625488, 2538.9362793, 631.528625488, 1861.65771484, 1155.58129883, 116.673522949, 186.498184204, 386.612792969, 972.258972168, 157.452758789, 300.268798828, 181.960769653, 62.8503303528, 30.7711906433, 48.6099777222, 19.433391571, 7.26110458374, 1.15788078308, 0.14438302815, 0.0476015359163, 0.00938425026834, 0.00216696131974, 0.000698266900145],
        "mean": [0.197745874524, 1.86733675003, 5.80700159073, 6.56192970276, 11.0052652359, 15.4681367874, 26.5394954681, 16.5397205353, 31.5739479065, 26.5864925385, 80.356010437, 48.6648445129, 43.5032539368, 44.326789856, 17.0701198578, 28.3451690674, 15.2364187241, 14.5176801682, 23.3509654999, 8.82692337036, 10.7423505783, 8.73942947388, 6.2102894783, 5.18185758591, 6.78338336945, 6.17269229889, 3.09134244919, 3.84357142448, 2.1888654232, 1.28024876118, 0.764579117298, 0.374220132828, 0.173371940851, 0.0563479661942, 0.0131223872304, 0.00250670476817, 0.000552380981389, 0.000102758043795, 4.49601284345e-05, 4.20547003159e-05],
        "median": [0.00950588285923, 0.324237644672, 1.81923377514, 2.61167287827, 4.95005130768, 8.51287460327, 10.8826913834, 8.41365814209, 13.4724531174, 13.1598186493, 26.7814674377, 13.7228069305, 13.4730348587, 12.3340969086, 8.92269897461, 13.3500738144, 6.72939586639, 7.39457321167, 7.35154342651, 5.23557329178, 4.96403837204, 4.35955715179, 3.36980485916, 2.67240357399, 2.67725229263, 1.21498227119, 0.826743602753, 0.846561312675, 0.592655181885, 0.301637589931, 0.150885283947, 0.0368567705154, 0.00964656285942, 0.00311714387499, 0.000863119028509, 0.000244206283242, 7.84432340879e-05, 1.39278172355e-05, 1.45556859934e-05, 2.8917194868e-05],
        "min": [1.86179837218e-21, 8.57833793479e-21, 2.17761952474e-20, 6.19044392847e-20, 1.15222885983e-19, 1.73999432254e-19, 1.56461716928e-19, 3.63156509793e-19, 3.8754140651e-19, 3.41798008443e-19, 4.22313287727e-19, 1.47747495836e-18, 2.70574521358e-18, 3.43759718965e-18, 3.28635590004e-18, 4.70991470909e-18, 5.83519673875e-18, 5.07813664031e-18, 7.4363859669e-18, 6.37612695083e-18, 1.96429984493e-17, 1.61493266859e-17, 1.02438609541e-17, 1.28792170267e-17, 1.44625019305e-17, 1.31319595813e-17, 1.7606822234e-17, 2.48327064514e-17, 1.8852842441e-17, 1.29507946195e-17, 1.35127852635e-17, 1.30732735984e-17, 1.50150833951e-17, 1.47641829717e-17, 9.52996934392e-18, 5.12575577381e-18, 2.91199608188e-18, 1.32349963004e-18, 3.47485211197e-19, 3.67607562207e-20],
        "var": [0.342453896999, 23.5601272583, 156.058242798, 177.702850342, 310.306915283, 463.336181641, 1934.28125, 637.921264648, 2711.31958008, 1699.70581055, 23029.3183594, 15253.0273438, 7672.16601562, 41409.4023438, 633.113708496, 2223.49707031, 2218.95336914, 674.527526855, 12939.0898438, 279.601257324, 2401.56665039, 956.790710449, 89.6084136963, 80.7685852051, 306.886535645, 670.362426758, 68.503036499, 165.901351929, 53.7160148621, 17.5123195648, 4.77933311462, 4.21350479126, 0.880834639072, 0.0920112207532, 0.00404959404841, 0.000104767903395, 5.34113678441e-06, 1.55216696385e-07, 1.93444478214e-08, 2.14838546952e-09]
    },
    "gfcc": {
        "mean": [-78.525642395, 163.213577271, -134.108276367, 19.4317131042, -59.0209388733, -9.13146114349, -22.4844207764, -15.0028991699, -10.9618711472, -13.53170681, -11.5068368912, -11.6261034012, -8.21925544739],
        "cov": [[14965.3066406, -432.50769043, -3313.5456543, 2236.7434082, -1198.77734375, 509.790588379, 102.488304138, 80.7515335083, 101.91847229, -196.031082153, 40.7047958374, -166.146728516, -95.6221389771], [-432.50769043, 2479.56201172, 924.527526855, -504.927703857, 743.210876465, -60.9599685669, 419.951934814, -29.9226112366, 224.757583618, -36.1249237061, 62.4140777588, -3.09764933586, 79.1585083008], [-3313.5456543, 924.527526855, 2603.35131836, -258.692657471, 755.266662598, 398.702789307, 230.830490112, 283.902130127, 127.388305664, 222.525466919, 130.819595337, 116.56237793, 140.718643188], [2236.7434082, -504.927703857, -258.692657471, 864.118713379, -122.90020752, 220.894042969, 71.9893035889, 108.666870117, 14.8613872528, 47.3917922974, 67.8112640381, -10.9566135406, 23.0458240509], [-1198.77734375, 743.210876465, 755.266662598, -122.90020752, 718.909912109, 124.04927063, 194.900634766, 147.760787964, 88.475730896, 99.778755188, 68.4435958862, 40.8836631775, 93.4523544312], [509.790588379, -60.9599685669, 398.702789307, 220.894042969, 124.04927063, 411.787994385, 58.7267837524, 121.571426392, 93.9891433716, 60.3657493591, 55.8667449951, 49.0768051147, 30.9254646301], [102.488304138, 419.951934814, 230.830490112, 71.9893035889, 194.900634766, 58.7267837524, 306.352722168, 74.0996398926, 102.115379333, 44.587802887, 33.404914856, 12.8110103607, 42.818157196], [80.7515335083, -29.9226112366, 283.902130127, 108.666870117, 147.760787964, 121.571426392, 74.0996398926, 215.654602051, 39.2824554443, 53.228805542, 54.9713859558, 12.9229736328, 29.8691101074], [101.91847229, 224.757583618, 127.388305664, 14.8613872528, 88.475730896, 93.9891433716, 102.115379333, 39.2824554443, 214.868560791, 21.2331237793, 16.2288551331, 45.6727752686, 2.13914704323], [-196.031082153, -36.1249237061, 222.525466919, 47.3917922974, 99.778755188, 60.3657493591, 44.587802887, 53.228805542, 21.2331237793, 150.636825562, 25.6175022125, 4.49222707748, 38.3395690918], [40.7047958374, 62.4140777588, 130.819595337, 67.8112640381, 68.4435958862, 55.8667449951, 33.404914856, 54.9713859558, 16.2288551331, 25.6175022125, 114.382026672, 11.8876018524, 16.6315040588], [-166.146728516, -3.09764933586, 116.56237793, -10.9566135406, 40.8836631775, 49.0768051147, 12.8110103607, 12.9229736328, 45.6727752686, 4.49222707748, 11.8876018524, 111.886070251, 20.3550338745], [-95.6221389771, 79.1585083008, 140.718643188, 23.0458240509, 93.4523544312, 30.9254646301, 42.818157196, 29.8691101074, 2.13914704323, 38.3395690918, 16.6315040588, 20.3550338745, 100.664482117]],
        "icov": [[0.000439992902102, -0.000816501502413, 0.000722514349036, -0.000951698923018, 0.000915324722882, -0.000920883496292, 0.00040993935545, -0.00102767860517, 0.00037443646579, -0.000497670436744, 0.000387255771784, -0.000247805874096, -6.65689071866e-07], [-0.000816501502413, 0.00266581936739, -0.00158658460714, 0.00212788768113, -0.00257281796075, 0.00202782545239, -0.00183628569357, 0.00299545773305, -0.00150533451233, 0.00210242718458, -0.00131922576111, 0.00136417336762, -0.000310027156956], [0.000722514349036, -0.00158658460714, 0.00199123751372, -0.00121645210311, 0.00129110238049, -0.00218929350376, 0.000747962563764, -0.00227412814274, 0.00101363204885, -0.00158550927881, 0.000537465210073, -0.000894245284144, -6.61494996166e-05], [-0.000951698923018, 0.00212788768113, -0.00121645210311, 0.00407673930749, -0.00171826547012, 0.000876211095601, -0.00187032436952, 0.00186086329632, -0.000644646177534, 0.000958327611443, -0.00175416038837, 0.00105996674392, -0.00051658943994], [0.000915324722882, -0.00257281796075, 0.00129110238049, -0.00171826547012, 0.00515166344121, -0.00225836085156, 0.000707589031663, -0.00371556053869, 0.00122524390463, -0.00224570371211, 0.000791930884589, -0.00110221840441, -0.00088478019461], [-0.000920883496292, 0.00202782545239, -0.00218929350376, 0.000876211095601, -0.00225836085156, 0.00628764508292, -0.000460429291707, 0.00162356975488, -0.00239775306545, 0.00131243502256, -0.00111674878281, 3.2733030821e-05, -1.5521086425e-06], [0.00040993935545, -0.00183628569357, 0.000747962563764, -0.00187032436952, 0.000707589031663, -0.000460429291707, 0.00634605111554, -0.00236710603349, -0.00108842330519, -0.00153642112855, 0.000840880558826, -0.000360442907549, -0.000754150794819], [-0.00102767860517, 0.00299545773305, -0.00227412814274, 0.00186086329632, -0.00371556053869, 0.00162356975488, -0.00236710603349, 0.0105179660022, -0.00172855716664, 0.00170619180426, -0.00299614435062, 0.00180647149682, -0.00022554185125], [0.00037443646579, -0.00150533451233, 0.00101363204885, -0.000644646177534, 0.00122524390463, -0.00239775306545, -0.00108842330519, -0.00172855716664, 0.00762299122289, -0.00167391519062, 0.00085356697673, -0.00314190541394, 0.00181490380783], [-0.000497670436744, 0.00210242718458, -0.00158550927881, 0.000958327611443, -0.00224570371211, 0.00131243502256, -0.00153642112855, 0.00170619180426, -0.00167391519062, 0.0103672053665, -0.00134786101989, 0.00213965889998, -0.0024230433628], [0.000387255771784, -0.00131922576111, 0.000537465210073, -0.00175416038837, 0.000791930884589, -0.00111674878281, 0.000840880558826, -0.00299614435062, 0.00085356697673, -0.00134786101989, 0.0113161178306, -0.00125295843463, 7.36972360755e-05], [-0.000247805874096, 0.00136417336762, -0.000894245284144, 0.00105996674392, -0.00110221840441, 3.2733030821e-05, -0.000360442907549, 0.00180647149682, -0.00314190541394, 0.00213965889998, -0.00125295843463, 0.0116610815749, -0.00256932503544], [-6.65689071866e-07, -0.000310027156956, -6.61494996166e-05, -0.00051658943994, -0.00088478019461, -1.5521086425e-06, -0.000754150794819, -0.00022554185125, 0.00181490380783, -0.0024230433628, 7.36972360755e-05, -0.00256932503544, 0.0129891028628]]
    },
    "melbands": {
        "dmean": [0.00136306707282, 0.00149845553096, 0.000666506122798, 0.000464893557364, 0.000385522551369, 0.000184375108802, 0.000234498133068, 0.000145856960444, 0.000274819059996, 0.000127620296553, 9.8451411759e-05, 0.000101428180642, 2.77619037661e-05, 4.21486329287e-05, 2.77639082924e-05, 2.73622536042e-05, 1.63656095538e-05, 3.47914974554e-05, 1.55425186676e-05, 7.3236597018e-06, 1.36205771923e-05, 9.43323721003e-06, 4.63713286081e-06, 3.34830656357e-06, 2.4938876777e-06, 3.51452240466e-06, 2.38646134676e-06, 2.38572260969e-06, 1.11055737761e-06, 8.54644724768e-07, 1.62317724062e-06, 8.22372840048e-07, 4.48025474498e-07, 3.44951047282e-07, 2.91197238766e-07, 1.90895718788e-07, 1.0750336088e-07, 6.74061837458e-08, 3.96702795058e-08, 2.34409771593e-08],
        "dmean2": [0.00216973223723, 0.0023424429819, 0.00103775470052, 0.000704812991899, 0.000537879241165, 0.000246357056312, 0.000313008495141, 0.000204175870749, 0.000364707695553, 0.000171980835148, 0.000136883027153, 0.000139532668982, 4.21523036493e-05, 6.31198709016e-05, 4.22507764597e-05, 4.35449874203e-05, 2.60488086496e-05, 5.70981028432e-05, 2.55208487943e-05, 1.22493011077e-05, 2.31713220273e-05, 1.60284580488e-05, 8.02070735517e-06, 5.73606712351e-06, 4.27691475124e-06, 5.81903532293e-06, 3.83865335607e-06, 3.93457366954e-06, 1.86392264823e-06, 1.4228105556e-06, 2.75425418295e-06, 1.40177564845e-06, 7.53047629587e-07, 6.01501312758e-07, 5.05745788359e-07, 3.37361001357e-07, 1.84369937983e-07, 1.13575211458e-07, 6.81070915221e-08, 3.87978218441e-08],
        "dvar": [1.67973648786e-05, 2.03040763154e-05, 3.97480789616e-06, 9.28804865907e-07, 5.48329296635e-07, 9.12077311455e-08, 1.83265356668e-07, 7.79507942639e-08, 3.15620980018e-07, 1.40727493658e-07, 5.18293425955e-08, 2.12784911469e-07, 1.96235450112e-09, 4.58916593615e-09, 2.04316230601e-09, 2.09399360074e-08, 1.68153624358e-09, 4.14058725084e-08, 4.36168479112e-09, 5.25607612989e-10, 1.04302726456e-08, 3.51131146381e-09, 1.15557827196e-10, 5.5729840881e-11, 3.02323964474e-11, 1.20720017316e-10, 8.74546268737e-11, 1.27388419258e-10, 1.68564676106e-11, 6.66629772217e-12, 4.44494163698e-11, 7.65474749559e-12, 2.89218475558e-12, 1.28958562579e-12, 8.77976294097e-13, 1.13387305187e-12, 3.55756033356e-13, 1.44737303739e-13, 3.43805421686e-14, 1.87232855224e-14],
        "dvar2": [4.39960203948e-05, 5.03174196638e-05, 1.02022495412e-05, 2.48294463745e-06, 1.07708933683e-06, 1.58378355763e-07, 3.1517708976e-07, 1.60252639603e-07, 5.27958263774e-07, 2.08562283888e-07, 9.25045071654e-08, 2.75452947562e-07, 4.17293533062e-09, 9.90595605543e-09, 4.65140947981e-09, 5.1189882555e-08, 4.27050750318e-09, 1.05144671636e-07, 1.07627480261e-08, 1.48494161412e-09, 2.80435479283e-08, 9.25964016574e-09, 3.34273497771e-10, 1.44511611011e-10, 8.20484513664e-11, 2.4226812223e-10, 1.9837741172e-10, 2.94306801152e-10, 3.64489168014e-11, 1.74787111867e-11, 1.32928293373e-10, 2.02209048117e-11, 6.96938340372e-12, 3.74351287816e-12, 2.54140111733e-12, 3.1684468417e-12, 1.04664497555e-12, 3.89010980546e-13, 9.42818211198e-14, 4.64000548866e-14],
        "max": [0.0690155848861, 0.138186112046, 0.0432197786868, 0.0282598864287, 0.0233869478106, 0.00748575199395, 0.0134963253513, 0.0098037365824, 0.0221255626529, 0.0141294663772, 0.00783814582974, 0.0260354857892, 0.000832551508211, 0.0022242423147, 0.00110466952901, 0.00511683523655, 0.00147754431237, 0.00397564191371, 0.0013157017529, 0.00130187277682, 0.00327889248729, 0.00190936180297, 0.000267405674094, 0.000206305092433, 9.57609227044e-05, 0.00043062880286, 0.000447205209639, 0.000590671144892, 0.000155767396791, 7.93018843979e-05, 0.00022483083012, 9.71630943241e-05, 7.39203242119e-05, 2.75518232229e-05, 2.70379077847e-05, 4.52331587439e-05, 2.646142093e-05, 1.58561852004e-05, 7.60931516197e-06, 6.7808005042e-06],
        "mean": [0.00199474743567, 0.00291595421731, 0.00124213693198, 0.000980065669864, 0.000847760937177, 0.000401346973376, 0.00048393997713, 0.00032162500429, 0.00059794425033, 0.000289055198664, 0.000209224832361, 0.000184374846867, 4.78693618788e-05, 7.12796027074e-05, 4.34466346633e-05, 3.33482967108e-05, 2.52375903074e-05, 3.60636549885e-05, 1.81726136361e-05, 1.04171240309e-05, 1.46201991811e-05, 1.08075646494e-05, 6.35702144791e-06, 5.19860623172e-06, 3.77907940674e-06, 5.29151566298e-06, 4.30686304753e-06, 3.86948340747e-06, 1.89496074654e-06, 1.6825615603e-06, 2.65888502327e-06, 1.36246865168e-06, 8.31760416986e-07, 6.06579817486e-07, 4.9367184829e-07, 2.93880646041e-07, 1.87908142379e-07, 1.32374438522e-07, 7.14806347446e-08, 4.01837922936e-08],
        "median": [0.0001719246211, 0.000912871037144, 0.000584613997489, 0.000527527707163, 0.000402951904107, 0.000210572005017, 0.000202758019441, 0.00016341949231, 0.000190971273696, 6.11160794506e-05, 6.35006290395e-05, 4.59544826299e-05, 2.33726277656e-05, 3.59416590072e-05, 2.2023663405e-05, 1.1900861864e-05, 1.14574049803e-05, 1.09853353933e-05, 7.75712578616e-06, 5.9774060901e-06, 5.50417098566e-06, 4.69543647341e-06, 3.00747569781e-06, 2.34491608353e-06, 1.65169376487e-06, 1.99242049348e-06, 1.0645335351e-06, 6.91944137543e-07, 4.76557374895e-07, 3.04255138417e-07, 4.17843750711e-07, 3.24989088085e-07, 1.57057044703e-07, 1.28451148385e-07, 8.52118944294e-08, 3.23449498296e-08, 1.28819426237e-08, 5.85634118977e-09, 3.30751426247e-09, 1.96154559262e-09],
        "min": [1.8207621245e-23, 1.08862607705e-23, 1.40243234191e-23, 9.08147481485e-24, 6.77368511359e-24, 8.3985255859e-24, 6.18465726959e-24, 3.27634917638e-24, 4.80750255544e-24, 8.82122723563e-24, 1.44302428419e-23, 1.46795418206e-23, 1.10346210521e-23, 1.28101647229e-23, 1.0219217344e-23, 1.21621478326e-23, 9.0921883348e-24, 1.26840124535e-23, 7.28773764501e-24, 1.37342482202e-23, 2.37635701782e-23, 1.5462225945e-23, 1.37157383879e-23, 7.60550107282e-24, 1.09549705554e-23, 9.39234044291e-24, 1.14042710171e-23, 8.08124651868e-24, 8.82102055408e-24, 1.34838558803e-23, 1.49067574272e-23, 1.06206860136e-23, 8.41599254406e-24, 6.64342445662e-24, 6.93504740061e-24, 9.50529980251e-24, 6.75910775292e-24, 1.06797748509e-23, 1.25354628453e-23, 1.16875651677e-23],
        "var": [2.96269772662e-05, 3.73830807803e-05, 4.71935891255e-06, 1.77069057372e-06, 1.6512287857e-06, 3.23881209852e-07, 6.40097653104e-07, 2.53597761457e-07, 1.315517693e-06, 7.02919408013e-07, 1.86472107089e-07, 8.08199729363e-07, 4.85880402579e-09, 1.16333378486e-08, 4.26762625239e-09, 1.80608505929e-08, 2.43728881522e-09, 3.18307442626e-08, 3.63767771461e-09, 4.06485456406e-10, 7.09310654656e-09, 2.50215181907e-09, 1.26439983483e-10, 1.01442160227e-10, 4.11334473427e-11, 2.56168392054e-10, 2.13679435257e-10, 2.68039090923e-10, 4.14646407487e-11, 2.57737026166e-11, 8.68470295678e-11, 1.79558867774e-11, 1.06153731638e-11, 3.48141112293e-12, 2.00040071313e-12, 2.40660898328e-12, 1.1754501452e-12, 5.57114196355e-13, 1.29931140716e-13, 5.64781613133e-14]
    },
    "mfcc": {
        "mean": [-705.145324707, 177.241317749, -12.9898052216, 25.7329444885, -14.1835870743, 5.69277143478, -11.7280721664, 0.635609388351, -5.59409475327, -1.71776676178, -3.24344325066, -4.41066455841, -4.11304664612],
        "cov": [[10172.9501953, -402.270111084, -1891.69543457, 530.940002441, -704.242858887, 200.948364258, -241.495605469, 246.388656616, -169.991943359, 87.2870330811, -15.4547939301, 24.3714504242, -14.4074335098], [-402.270111084, 2133.94384766, 223.351638794, -14.2598628998, 198.518371582, 136.204574585, 164.150756836, 138.072158813, 218.887405396, 59.3854980469, 87.2560958862, 31.9566612244, 99.3197555542], [-1891.69543457, 223.351638794, 1655.86560059, 144.56022644, 421.54510498, 252.053192139, 314.973693848, 165.805923462, 196.916488647, 167.552902222, 99.7451858521, 142.419418335, 99.0202789307], [530.940002441, -14.2598628998, 144.56022644, 487.870910645, 72.0323791504, 86.0895843506, 164.383270264, 67.9644470215, 88.0121459961, 63.8881225586, 44.5959320068, 79.3631668091, 53.8426513672], [-704.242858887, 198.518371582, 421.54510498, 72.0323791504, 475.024291992, 123.529953003, 202.488540649, 88.7641983032, 121.265655518, 93.249168396, 37.5778160095, 95.7917480469, 58.051109314], [200.948364258, 136.204574585, 252.053192139, 86.0895843506, 123.529953003, 302.757965088, 84.5818786621, 120.502349854, 99.0951461792, 76.3555831909, 72.7205810547, 50.6716651917, 31.5503482819], [-241.495605469, 164.150756836, 314.973693848, 164.383270264, 202.488540649, 84.5818786621, 335.730194092, 52.6327209473, 123.345184326, 83.1595687866, 32.5906448364, 83.2940216064, 46.0956382751], [246.388656616, 138.072158813, 165.805923462, 67.9644470215, 88.7641983032, 120.502349854, 52.6327209473, 242.85168457, 70.5910263062, 80.3061828613, 44.1725578308, 52.682182312, 59.1380767822], [-169.991943359, 218.887405396, 196.916488647, 88.0121459961, 121.265655518, 99.0951461792, 123.345184326, 70.5910263062, 208.529708862, 75.7719192505, 63.9373321533, 55.4450111389, 30.7447395325], [87.2870330811, 59.3854980469, 167.552902222, 63.8881225586, 93.249168396, 76.3555831909, 83.1595687866, 80.3061828613, 75.7719192505, 156.309967041, 58.3082466125, 53.2035675049, 41.5429229736], [-15.4547939301, 87.2560958862, 99.7451858521, 44.5959320068, 37.5778160095, 72.7205810547, 32.5906448364, 44.1725578308, 63.9373321533, 58.3082466125, 114.055526733, 42.7980880737, 22.5270671844], [24.3714504242, 31.9566612244, 142.419418335, 79.3631668091, 95.7917480469, 50.6716651917, 83.2940216064, 52.682182312, 55.4450111389, 53.2035675049, 42.7980880737, 126.666618347, 57.2755279541], [-14.4074335098, 99.3197555542, 99.0202789307, 53.8426513672, 58.051109314, 31.5503482819, 46.0956382751, 59.1380767822, 30.7447395325, 41.5429229736, 22.5270671844, 57.2755279541, 103.424278259]],
