{
"lowlevel": {
    "average_loudness": 0.922852575779,
    "barkbands_crest": {
        "dmean": 3.62007236481,
        "dmean2": 5.5750670433,
        "dvar": 12.6525764465,
        "dvar2": 22.7833042145,
        "max": 26.6599025726,
        "mean": 10.8469734192,
        "median": 9.14590072632,
        "min": 1.86960422993,
        "var": 38.7029151917
    },
    "barkbands_flatness_db": {
        "dmean": 0.0611045993865,
        "dmean2": 0.0854148343205,
        "dvar": 0.00443364400417,
        "dvar2": 0.00742505909875,
        "max": 0.628763079643,
        "mean": 0.168609917164,
        "median": 0.120058760047,
        "min": 0.0120163904503,
        "var": 0.016146460548
    },
    "barkbands_kurtosis": {
        "dmean": 36.7757148743,
        "dmean2": 51.4530715942,
        "dvar": 12193.7822266,
        "dvar2": 20760.3945312,
        "max": 1730.00439453,
        "mean": 46.3182296753,
        "median": 2.4465303421,
        "min": -1.94646084309,
        "var": 22658.2617188
    },
    "barkbands_skewness": {
        "dmean": 1.97545874119,
        "dmean2": 2.69306659698,
        "dvar": 8.63705158234,
        "dvar2": 12.8607063293,
        "max": 33.37474823,
        "mean": 2.91569781303,
        "median": 1.50564622879,
        "min": -3.11090707779,
        "var": 26.191614151
    },
    "barkbands_spread": {
        "dmean": 12.9731216431,
        "dmean2": 18.7931137085,
        "dvar": 171.537124634,
        "dvar2": 331.264068604,
        "max": 110.815879822,
        "mean": 28.4988136292,
        "median": 24.5720424652,
        "min": 0.0764081031084,
        "var": 595.900085449
    },
    "dissonance": {
        "dmean": 0.0313085019588,
        "dmean2": 0.0469870083034,
        "dvar": 0.00165847339667,
        "dvar2": 0.00324800796807,
        "max": 0.499890744686,
        "mean": 0.440159857273,
        "median": 0.471864521503,
        "min": 0.105284236372,
        "var": 0.00525441253558
    },
    "dynamic_complexity": 4.88674402237,
    "erbbands_crest": {
        "dmean": 3.20967125893,
        "dmean2": 4.84369039536,
        "dvar": 9.45340061188,
        "dvar2": 17.1031723022,
        "max": 28.1291275024,
        "mean": 9.20363140106,
        "median": 7.16256046295,
        "min": 2.21455454826,
        "var": 31.1558551788
    },
    "erbbands_flatness_db": {
        "dmean": 0.0325867831707,
        "dmean2": 0.0465196147561,
        "dvar": 0.00113400968257,
        "dvar2": 0.00186292547733,
        "max": 0.514233827591,
        "mean": 0.145220384002,
        "median": 0.121589682996,
        "min": 0.0212514325976,
        "var": 0.004913023673
    },
    "erbbands_kurtosis": {
        "dmean": 5.81372642517,
        "dmean2": 8.27023983002,
        "dvar": 128.623718262,
        "dvar2": 248.6277771,
        "max": 142.050628662,
        "mean": 6.68040275574,
        "median": 0.787774443626,
        "min": -1.89501464367,
        "var": 266.572387695
    },
    "erbbands_skewness": {
        "dmean": 0.883622467518,
        "dmean2": 1.32247805595,
        "dvar": 0.914681494236,
        "dvar2": 1.81261348724,
        "max": 9.00755405426,
        "mean": 0.682633757591,
        "median": 0.296416670084,
        "min": -3.49325728416,
        "var": 2.88121199608
    },
    "erbbands_spread": {
        "dmean": 21.4967842102,
        "dmean2": 32.5186195374,
        "dvar": 499.049468994,
        "dvar2": 1141.06799316,
        "max": 194.666595459,
        "mean": 46.5579032898,
        "median": 39.1901512146,
        "min": 0.641183912754,
        "var": 1112.58776855
    },
    "hfc": {
        "dmean": 18.1980857849,
        "dmean2": 23.9244556427,
        "dvar": 515.803894043,
        "dvar2": 887.977111816,
        "max": 220.149368286,
        "mean": 23.1678752899,
        "median": 8.9314031601,
        "min": 1.17384605157e-16,
        "var": 1035.76403809
    },
    "melbands_crest": {
        "dmean": 4.86845827103,
        "dmean2": 7.75455760956,
        "dvar": 16.684337616,
        "dvar2": 37.3000946045,
        "max": 33.758102417,
        "mean": 16.0293579102,
        "median": 15.4672031403,
        "min": 1.6712321043,
        "var": 44.1366119385
    },
    "melbands_flatness_db": {
        "dmean": 0.0851824730635,
        "dmean2": 0.116346590221,
        "dvar": 0.00745447725058,
        "dvar2": 0.013560381718,
        "max": 0.794055342674,
        "mean": 0.252020150423,
        "median": 0.207073107362,
        "min": 0.00459301006049,
        "var": 0.0280841384083
    },
    "melbands_kurtosis": {
        "dmean": 42.5772781372,
        "dmean2": 67.9274597168,
        "dvar": 8623.9609375,
        "dvar2": 18563.6757812,
        "max": 1487.41101074,
        "mean": 52.7011299133,
        "median": 10.0899190903,
        "min": -1.81837964058,
        "var": 14479.0429688
    },
    "melbands_skewness": {
        "dmean": 2.13101625443,
        "dmean2": 3.26614880562,
        "dvar": 5.51489496231,
        "dvar2": 13.5714225769,
        "max": 27.944732666,
        "mean": 3.56201410294,
        "median": 2.42848920822,
        "min": -2.11624002457,
        "var": 11.3638944626
    },
    "melbands_spread": {
        "dmean": 20.7395343781,
        "dmean2": 28.9855175018,
        "dvar": 677.877258301,
        "dvar2": 1225.70617676,
        "max": 256.703796387,
        "mean": 32.059677124,
        "median": 15.4086914062,
        "min": 0.191015303135,
        "var": 1638.75646973
    },
    "pitch_salience": {
        "dmean": 0.111798875034,
        "dmean2": 0.170758292079,
        "dvar": 0.0120204584673,
        "dvar2": 0.0234210006893,
        "max": 0.894582986832,
        "mean": 0.567281424999,
        "median": 0.620841145515,
        "min": 0.0303381029516,
        "var": 0.0355650745332
    },
    "silence_rate_20dB": {
        "dmean": 0,
        "dmean2": 0,
        "dvar": 0,
        "dvar2": 0,
        "max": 1,
        "mean": 1,
        "median": 1,
        "min": 1,
        "var": 0
    },
    "silence_rate_30dB": {
        "dmean": 0.0520549975336,
        "dmean2": 0.104117646813,
        "dvar": 0.0493421070278,
        "dvar2": 0.101819060743,
        "max": 1,
        "mean": 0.935744762421,
        "median": 1,
        "min": 0,
        "var": 0.060131188482
    },
    "silence_rate_60dB": {
        "dmean": 0.102639511228,
        "dmean2": 0.205294117332,
        "dvar": 0.0921089723706,
        "dvar2": 0.210961595178,
        "max": 1,
        "mean": 0.16159388423,
        "median": 0,
        "min": 0,
        "var": 0.13548605144
    },
    "spectral_centroid": {
        "dmean": 549.532653809,
        "dmean2": 797.806884766,
        "dvar": 400884.40625,
        "dvar2": 728903.625,
        "max": 11366.7392578,
        "mean": 1436.96264648,
        "median": 1252.93847656,
        "min": 85.5361404419,
        "var": 1246986.75
    },
    "spectral_complexity": {
        "dmean": 8.34115123749,
        "dmean2": 12.5454416275,
        "dvar": 97.772277832,
        "dvar2": 194.867782593,
        "max": 61,
        "mean": 13.6244668961,
        "median": 7,
        "min": 0,
        "var": 183.751358032
    },
    "spectral_decrease": {
        "dmean": 3.68116181981e-09,
        "dmean2": 4.96316232557e-09,
        "dvar": 3.26664509594e-17,
        "dvar2": 6.2120807399e-17,
        "max": -6.79074622911e-30,
        "mean": -6.82212863978e-09,
        "median": -2.12451700676e-09,
        "min": -4.92098948257e-08,
        "var": 9.05965529257e-17
    },
    "spectral_energy": {
        "dmean": 0.0151844201609,
        "dmean2": 0.0202603396028,
        "dvar": 0.000482281931909,
        "dvar2": 0.000906198751181,
        "max": 0.188123777509,
        "mean": 0.0278495699167,
        "median": 0.0101103158668,
        "min": 1.08376121413e-20,
        "var": 0.00136109336745
    },
    "spectral_energyband_high": {
        "dmean": 0.00162814452779,
        "dmean2": 0.00217618444003,
        "dvar": 6.07207039138e-06,
        "dvar2": 1.09707543743e-05,
        "max": 0.0200486220419,
        "mean": 0.00177238846663,
        "median": 0.000300041574519,
        "min": 8.10376486877e-21,
        "var": 1.01742134575e-05
    },
    "spectral_energyband_low": {
        "dmean": 0.00946988351643,
        "dmean2": 0.0124097950757,
        "dvar": 0.000352254864993,
        "dvar2": 0.00063689542003,
        "max": 0.174509048462,
        "mean": 0.0151794720441,
        "median": 0.00207800162025,
        "min": 4.83787945897e-23,
        "var": 0.000885927409399
    },
    "spectral_energyband_middle_high": {
        "dmean": 0.00252130068839,
        "dmean2": 0.00395860942081,
        "dvar": 1.49033576236e-05,
        "dvar2": 3.16015903081e-05,
        "max": 0.0363861359656,
        "mean": 0.0027953858953,
        "median": 0.000421756296419,
        "min": 1.49048596172e-21,
        "var": 2.35210773099e-05
    },
    "spectral_energyband_middle_low": {
        "dmean": 0.00640578381717,
        "dmean2": 0.0100382780656,
        "dvar": 0.000178220230737,
        "dvar2": 0.000445478304755,
        "max": 0.142910927534,
        "mean": 0.00891307834536,
        "median": 0.00215229438618,
        "min": 2.40541915844e-22,
        "var": 0.000230870544328
    },
    "spectral_entropy": {
        "dmean": 0.425857245922,
        "dmean2": 0.595216333866,
        "dvar": 0.275028437376,
        "dvar2": 0.441952586174,
        "max": 9.80727672577,
        "mean": 7.49435377121,
        "median": 7.94863796234,
        "min": 3.87518143654,
        "var": 1.06197810173
    },
    "spectral_flux": {
        "dmean": 0.0462016612291,
        "dmean2": 0.0668186619878,
        "dvar": 0.00234660808928,
        "dvar2": 0.00449190149084,
        "max": 0.425301015377,
        "mean": 0.094101421535,
        "median": 0.0744087249041,
        "min": 6.58998688952e-11,
        "var": 0.00570384832099
    },
    "spectral_kurtosis": {
        "dmean": 3.9540708065,
        "dmean2": 5.76941156387,
        "dvar": 85.0345993042,
        "dvar2": 161.313964844,
        "max": 290.463134766,
        "mean": 7.84869527817,
        "median": 3.09270691872,
        "min": -1.21984529495,
        "var": 302.490447998
    },
    "spectral_rms": {
        "dmean": 0.00139975897036,
        "dmean2": 0.0018120437162,
        "dvar": 2.45208843808e-06,
        "dvar2": 4.09687891079e-06,
        "max": 0.0135475229472,
        "mean": 0.00420562503859,
        "median": 0.00314065627754,
        "min": 3.2516580574e-12,
        "var": 9.4830074886e-06
    },
    "spectral_rolloff": {
        "dmean": 1308.39660645,
        "dmean2": 1952.1809082,
        "dvar": 3015477.25,
        "dvar2": 5030172,
        "max": 19466.015625,
        "mean": 2375.26586914,
        "median": 710.595703125,
        "min": 64.599609375,
        "var": 8066378
    },
    "spectral_skewness": {
        "dmean": 0.527043640614,
        "dmean2": 0.736743330956,
        "dvar": 0.605590641499,
        "dvar2": 1.01151049137,
        "max": 14.9859237671,
        "mean": 1.92040967941,
        "median": 1.47391784191,
        "min": -0.0461286604404,
        "var": 2.44092154503
    },
    "spectral_spread": {
        "dmean": 1357984.125,
        "dmean2": 1945901,
        "dvar": 2.33710419968e+12,
        "dvar2": 4.38393189171e+12,
        "max": 40845440,
        "mean": 6362312,
        "median": 5941200,
        "min": 397032.375,
        "var": 6.55952288154e+12
    },
    "spectral_strongpeak": {
        "dmean": 0.284664809704,
        "dmean2": 0.449831962585,
        "dvar": 0.198748812079,
        "dvar2": 0.453807741404,
        "max": 5.75299310684,
        "mean": 0.503548264503,
        "median": 0.236649245024,
        "min": 0,
        "var": 0.423866420984
    },
    "zerocrossingrate": {
        "dmean": 0.0280073694885,
        "dmean2": 0.0287019982934,
        "dvar": 0.000805598043371,
        "dvar2": 0.000792352075223,
        "max": 0.5234375,
        "mean": 0.0805453360081,
        "median": 0.0634765625,
        "min": 0.001953125,
        "var": 0.004848360084
    },
    "barkbands": {
        "dmean": [0.000221751033678, 0.00720155984163, 0.00389440963045, 0.00229227240197, 0.00244610593654, 0.000906151777599, 0.00118692044634, 0.000427031132858, 0.000865658803377, 0.000262230401859, 0.000368416047422, 0.000270029820967, 0.000308747927193, 0.00021202302014, 0.000356669333996, 0.000428398401709, 0.000187817960978, 0.000248754950007, 0.000197768007638, 0.000204126496101, 0.000239532339037, 0.00024507267517, 0.000395996059524, 0.000302994449157, 0.000264744507149, 9.97852475848e-05, 1.82103267434e-05],
        "dmean2": [0.000352677132469, 0.00853604543954, 0.0067146285437, 0.00414989516139, 0.00404083775356, 0.0016343878815, 0.00145729328506, 0.000739283626899, 0.00132034218404, 0.000463153934106, 0.000597441685386, 0.000408258230891, 0.000480451853946, 0.000339150632499, 0.00058276578784, 0.000776125816628, 0.000299069943139, 0.000403371494031, 0.000315679586492, 0.000305457913782, 0.000346896267729, 0.000334554672008, 0.000566067872569, 0.000410343141994, 0.000356404983904, 0.000135341586429, 2.6567331588e-05],
        "dvar": [2.43272125999e-07, 0.000243508417043, 0.000135217167553, 5.74432560825e-05, 3.97198018618e-05, 4.52227914138e-06, 8.95447556104e-06, 7.51148206746e-07, 6.2254198383e-06, 2.8585407108e-07, 6.59525255742e-07, 3.93178567037e-07, 4.76761329082e-07, 2.1636543579e-07, 5.77043863359e-07, 1.28983879222e-06, 1.01821726162e-07, 2.08375226407e-07, 8.39425027266e-08, 8.96030556419e-08, 1.44906806554e-07, 1.47495498481e-07, 4.78150980143e-07, 2.92476670438e-07, 2.39953237724e-07, 3.72977098095e-08, 1.74914638329e-09],
        "dvar2": [4.83718395117e-07, 0.000308524497086, 0.0003517055884, 0.000160623574629, 0.00010138117068, 1.19346868814e-05, 9.92363493424e-06, 2.08924393519e-06, 1.3825082533e-05, 7.64442518175e-07, 1.5324552578e-06, 8.40479515318e-07, 1.01098703453e-06, 5.32328272129e-07, 1.44764726429e-06, 3.65302571481e-06, 2.37261531311e-07, 5.0326497103e-07, 1.9379507421e-07, 1.92326211845e-07, 2.87638158625e-07, 2.80010027609e-07, 9.72339762484e-07, 5.45626619441e-07, 4.97910036756e-07, 7.53606528292e-08, 3.4029685736e-09],
        "max": [0.0112101119012, 0.138325497508, 0.120448425412, 0.0816826373339, 0.0724671185017, 0.0194003619254, 0.0373962894082, 0.0159579608589, 0.0518238581717, 0.0113080460578, 0.0138304326683, 0.00865544192493, 0.0080700609833, 0.00638864887878, 0.0117052569985, 0.0079534156248, 0.00561832776293, 0.00563169037923, 0.00334144965746, 0.00356187555008, 0.0042781168595, 0.00392066221684, 0.00528249097988, 0.00422081537545, 0.00392506271601, 0.00233304244466, 0.000433613109635],
        "mean": [0.000290709082037, 0.011003752239, 0.00310714635998, 0.00171560689341, 0.00246131652966, 0.000869692594279, 0.00213220482692, 0.000431783933891, 0.00124146032613, 0.000242575799348, 0.000405274622608, 0.000288656156044, 0.000287841103273, 0.000237962929532, 0.000336034689099, 0.000284400623059, 0.000208330879104, 0.000246062933002, 0.000188547797734, 0.000213358172914, 0.000259085005382, 0.000273052341072, 0.000388836226193, 0.00032034816104, 0.000277321902104, 0.000117267096357, 2.10084708669e-05],
        "median": [2.22373273573e-05, 0.00119503960013, 0.000565530848689, 0.000358620716725, 0.000511825201102, 9.50623652898e-05, 8.58789717313e-05, 8.37525367388e-05, 0.000122936704429, 1.67226626218e-05, 2.03879390028e-05, 1.65424444276e-05, 1.70330458786e-05, 2.87533348455e-05, 2.70089985861e-05, 1.75246459548e-05, 2.1100469894e-05, 2.93175526167e-05, 2.55827144429e-05, 4.49587423645e-05, 4.56572597614e-05, 4.81910392409e-05, 5.3313706303e-05, 3.85830899177e-05, 3.50451955455e-05, 2.35241077462e-05, 2.79995742858e-06],
        "min": [8.01660252294e-24, 2.25033017733e-23, 7.36389112135e-24, 7.97664435151e-24, 2.42557057871e-23, 3.19936550282e-23, 2.9771837755e-23, 1.42382624966e-23, 3.63698892989e-23, 5.60964795719e-23, 4.26945973837e-23, 6.23982097163e-23, 1.49236996351e-22, 1.1207080561e-22, 8.25737438859e-23, 1.03978935502e-22, 9.00862682347e-23, 1.93985655003e-22, 2.02336889955e-22, 2.60678997778e-22, 3.6955255645e-22, 4.11574179751e-22, 5.00679691932e-22, 8.07849456164e-22, 1.06832173452e-21, 1.62258282813e-21, 2.34575779751e-21],
        "var": [4.25018185979e-07, 0.000638107070699, 9.8124226497e-05, 3.51141716237e-05, 3.29199210682e-05, 3.97150415665e-06, 3.87048639823e-05, 7.80998902883e-07, 1.30322187033e-05, 3.0478773283e-07, 9.19023136703e-07, 5.40545215699e-07, 5.80026096486e-07, 2.61769741883e-07, 6.02602256095e-07, 7.85440988693e-07, 1.57613627039e-07, 2.39444432282e-07, 9.79682610591e-08, 1.28366622221e-07, 2.15713157559e-07, 2.4692346301e-07, 6.36897141248e-07, 4.4029073365e-07, 3.23230409549e-07, 5.54405659159e-08, 2.72143041435e-09]
    },
    "erbbands": {
        "dmean": [0.243641555309, 1.6808385849, 4.22101831436, 6.23448085785, 8.4842634201, 7.60426616669, 6.51794481277, 9.59233856201, 10.6200695038, 16.0586204529, 13.2447395325, 21.705657959, 10.0038156509, 11.4462919235, 12.7851009369, 10.8452882767, 13.6301784515, 11.6792678833, 13.3363380432, 23.4217262268, 21.6742935181, 11.0463209152, 12.7394971848, 11.0056257248, 10.5755262375, 9.81087207794, 10.1079692841, 9.05297660828, 8.77550792694, 9.56523132324, 11.9175167084, 7.50427436829, 4.71115875244, 3.06073617935, 1.81872582436, 0.613442361355, 0.156419232488, 0.0300088468939, 0.00311690662056, 0.000151962754899],
        "dmean2": [0.292992711067, 2.02862286568, 6.78276872635, 11.1621189117, 14.8451213837, 12.7564544678, 9.93817806244, 17.4624462128, 14.504368782, 20.1506061554, 22.0701560974, 32.5428848267, 15.920750618, 18.7039070129, 20.9340190887, 16.0808982849, 20.8099899292, 18.3811912537, 20.419336319, 41.079990387, 38.4140930176, 17.6390895844, 20.3935565948, 17.9506092072, 16.7565841675, 14.6996841431, 14.5125551224, 13.5294866562, 12.096950531, 13.3019247055, 17.1637191772, 10.1626834869, 6.43499183655, 4.09663248062, 2.58494138718, 0.842668235302, 0.224181517959, 0.0466119386256, 0.00429725041613, 0.000197455723537],
        "dvar": [0.339870214462, 13.2019891739, 129.592895508, 361.229919434, 736.994018555, 380.414703369, 227.4765625, 547.488647461, 477.921600342, 1599.24560547, 878.706542969, 5067.8671875, 419.534973145, 607.066162109, 747.017822266, 650.760192871, 829.273498535, 581.305419922, 738.538879395, 3400.25830078, 2898.88916016, 338.12020874, 462.593078613, 373.210784912, 227.682250977, 196.969421387, 249.421463013, 221.366989136, 204.359024048, 237.279998779, 466.976654053, 180.931732178, 70.7685928345, 31.6454944611, 11.8407506943, 1.09880709648, 0.142027646303, 0.00578478304669, 4.91689934279e-05, 7.43261026059e-08],
        "dvar2": [0.411713838577, 21.3704299927, 320.818481445, 993.352600098, 1953.29260254, 1005.8807373, 449.661804199, 1460.36730957, 662.045166016, 1886.28210449, 2232.36181641, 10991.5820312, 979.98828125, 1404.43322754, 1731.25402832, 1389.18103027, 1691.74072266, 1302.60546875, 1803.4654541, 9232.84570312, 8092.09667969, 757.913146973, 1108.97546387, 882.123596191, 516.221679688, 419.706359863, 486.07824707, 463.526733398, 409.772979736, 455.223480225, 983.848022461, 354.903594971, 132.069076538, 60.592716217, 26.2847957611, 2.33648943901, 0.29337400198, 0.0120045011863, 8.88283611857e-05, 1.36538517381e-07],
        "max": [4.45941066742, 36.8463745117, 117.133750916, 175.789535522, 304.335784912, 217.471328735, 124.422607422, 202.022583008, 263.729858398, 484.451812744, 515.669067383, 1496.32214355, 421.910552979, 428.503082275, 282.626281738, 371.79397583, 327.551452637, 245.163848877, 374.45401001, 680.259887695, 396.642974854, 354.395172119, 252.115997314, 254.165084839, 149.811203003, 163.062713623, 194.662094116, 156.010421753, 159.37020874, 151.237167358, 162.335494995, 113.655685425, 63.73620224, 40.1605110168, 28.6405448914, 11.8387517929, 4.90014743805, 0.852753818035, 0.0707909241319, 0.00326723908074],
        "mean": [0.326012611389, 2.4003868103, 4.00575494766, 4.65588283539, 7.00594043732, 7.69748973846, 7.57524442673, 9.28954410553, 17.0868663788, 29.4169998169, 16.7837181091, 28.4989337921, 11.7686014175, 13.1425409317, 13.1831121445, 11.7902126312, 13.0266370773, 12.1454944611, 15.1852664948, 17.9136238098, 15.4738426208, 12.5258960724, 12.6473426819, 11.069524765, 10.4359798431, 10.0451393127, 10.6053361893, 9.88258361816, 9.56540584564, 10.2057361603, 11.4631147385, 7.78942489624, 4.94941329956, 3.35056686401, 1.82112491131, 0.658246219158, 0.190055683255, 0.0348669923842, 0.00359178124927, 0.000178566842806],
        "median": [0.00833939108998, 0.346633553505, 0.982536137104, 0.679035425186, 1.57932877541, 1.41567587852, 1.48578941822, 0.950714290142, 1.26996088028, 1.90832638741, 2.88376569748, 3.15967941284, 1.62454247475, 0.778968811035, 0.903111577034, 0.724345207214, 0.852865755558, 1.44038414955, 1.6309864521, 1.11516237259, 1.03199732304, 1.28106927872, 1.62179923058, 1.48032128811, 1.48868775368, 2.11965298653, 1.73741662502, 1.84813141823, 1.65815472603, 1.68427467346, 1.40165781975, 0.960507273674, 0.571345210075, 0.354860723019, 0.233123496175, 0.119430273771, 0.0374959744513, 0.00590515648946, 0.00042765494436, 5.61910346732e-05],
        "min": [7.14738726773e-22, 5.02545947507e-21, 1.06836684979e-20, 1.77019203714e-20, 3.9088545862e-20, 8.71477749942e-20, 2.22883454161e-19, 2.14227797457e-19, 2.4997584227e-19, 6.21831733017e-19, 3.79259027983e-19, 7.59759964257e-19, 1.26885556178e-18, 1.67770632994e-18, 2.27696704408e-18, 3.1257807044e-18, 6.5954729154e-18, 5.86075207018e-18, 4.9063473571e-18, 5.9790504783e-18, 5.38723459648e-18, 6.11420517295e-18, 1.13470585022e-17, 1.12791469739e-17, 8.96603565259e-18, 1.22875107463e-17, 1.40382558836e-17, 1.94700581443e-17, 1.74153861704e-17, 1.63024907569e-17, 1.53421291026e-17, 1.58271811964e-17, 1.40161453458e-17, 1.11726226546e-17, 8.41839162906e-18, 6.23869668232e-18, 2.75200156703e-18, 1.14520539849e-18, 2.88018524876e-19, 3.59490981693e-20],
        "var": [0.760257840157, 29.2283878326, 113.404464722, 230.728164673, 513.65625, 316.047058105, 326.33972168, 470.371551514, 1839.14855957, 6940.94970703, 1655.40527344, 8318.68164062, 701.713378906, 901.579223633, 941.106689453, 900.059020996, 1080.81726074, 734.842163086, 923.135742188, 2510.24633789, 1905.92285156, 547.860107422, 549.453552246, 449.352478027, 283.824401855, 281.858062744, 373.267303467, 311.541229248, 317.730041504, 367.717407227, 591.058654785, 264.124176025, 104.797096252, 46.6055145264, 14.1921653748, 1.47873532772, 0.20178475976, 0.00873601343483, 7.85032243584e-05, 1.17701816293e-07]
    },
    "gfcc": {
        "mean": [-61.8021125793, 60.7409286499, -61.2185935974, 33.0929756165, -53.405620575, 16.0487270355, -34.9413528442, 9.89078807831, -22.7123203278, 4.49065446854, -20.5501880646, -1.46261191368, -15.6692857742],
        "cov": [[21027.8242188, -3172.30761719, -4733.34667969, 200.095504761, -1015.51306152, 429.719146729, -394.316986084, 209.609329224, -110.887405396, -14.2223272324, -88.6039428711, -42.8312683105, -90.8642120361], [-3172.30761719, 2760.88549805, 1433.21118164, -999.732177734, 104.916549683, -445.247192383, 340.378295898, 134.676803589, 188.977279663, 111.521339417, 141.508285522, 101.850601196, -36.6597709656], [-4733.34667969, 1433.21118164, 2707.40307617, -48.4639282227, 232.689743042, -9.01128578186, 42.6614189148, 137.569717407, -2.15417718887, 234.092559814, 24.1630439758, 80.019493103, 59.4929084778], [200.095504761, -999.732177734, -48.4639282227, 1013.15496826, 125.423805237, 213.960128784, -132.318023682, -124.236740112, -60.0239486694, -96.2295761108, -35.1000099182, -59.5837173462, 46.1740684509], [-1015.51306152, 104.916549683, 232.689743042, 125.423805237, 613.776062012, 143.632354736, 174.808807373, 20.5166339874, -20.0457248688, -24.4069385529, -1.31645441055, 65.1445388794, -7.0580034256], [429.719146729, -445.247192383, -9.01128578186, 213.960128784, 143.632354736, 263.087005615, 23.0116863251, 36.6756706238, -69.5705871582, 20.3756370544, -23.412569046, 7.00383996964, 11.6062526703], [-394.316986084, 340.378295898, 42.6614189148, -132.318023682, 174.808807373, 23.0116863251, 234.614959717, 62.2253952026, 48.614528656, -12.5696954727, 45.8815193176, 24.4518623352, -31.898645401], [209.609329224, 134.676803589, 137.569717407, -124.236740112, 20.5166339874, 36.6756706238, 62.2253952026, 172.185195923, 48.9991645813, 96.8304138184, 25.7978649139, 50.9580688477, -0.468872666359], [-110.887405396, 188.977279663, -2.15417718887, -60.0239486694, -20.0457248688, -69.5705871582, 48.614528656, 48.9991645813, 149.582717896, 47.2460784912, 41.2386779785, -3.86808609962, 10.6845817566], [-14.2223272324, 111.521339417, 234.092559814, -96.2295761108, -24.4069385529, 20.3756370544, -12.5696954727, 96.8304138184, 47.2460784912, 148.63684082, 31.190164566, 28.491268158, 5.73793697357], [-88.6039428711, 141.508285522, 24.1630439758, -35.1000099182, -1.31645441055, -23.412569046, 45.8815193176, 25.7978649139, 41.2386779785, 31.190164566, 84.6384124756, 23.8505992889, -6.13441801071], [-42.8312683105, 101.850601196, 80.019493103, -59.5837173462, 65.1445388794, 7.00383996964, 24.4518623352, 50.9580688477, -3.86808609962, 28.491268158, 23.8505992889, 65.4381484985, 13.6054573059], [-90.8642120361, -36.6597709656, 59.4929084778, 46.1740684509, -7.0580034256, 11.6062526703, -31.898645401, -0.468872666359, 10.6845817566, 5.73793697357, -6.13441801071, 13.6054573059, 57.2106590271]],
        "icov": [[0.000113896239782, -0.000111473003926, 0.000263689173153, -0.000104529601231, 0.000172558429767, -0.000318159902235, 0.000215265114093, -0.000262499495875, 5.94095108681e-05, -0.000146867954754, 0.000165530174854, -0.000217021122808, 0.000196320819668], [-0.000111473003926, 0.00214947480708, -0.00130249606445, 0.00136229908094, -0.000366167892935, 0.00272917817347, -0.00219447351992, 0.000657160533592, -0.000421261356678, 0.000646902481094, -0.00109744351357, -1.51802723849e-05, -0.000462017807877], [0.000263689173153, -0.00130249606445, 0.00170260341838, -0.00110626907554, 0.00019433783018, -0.00106506387237, 0.000902446743567, -0.00098318932578, 0.00143737858161, -0.00219828519039, 0.00102934159804, 0.000241471541813, -0.000553347927053], [-0.000104529601231, 0.00136229908094, -0.00110626907554, 0.00297375908121, -0.000872883887496, -0.000651564274449, 0.00107484671753, 0.000677639676724, -0.00181779137347, 0.00307690654881, -0.00251511787064, 0.00145424925722, -0.000498050649185], [0.000172558429767, -0.000366167892935, 0.00019433783018, -0.000872883887496, 0.00387472426519, -0.00242792349309, -0.00225205812603, 0.00215569906868, -0.00145398289897, -0.000264495407464, 0.00311119924299, -0.00639347266406, 0.00242652441375], [-0.000318159902235, 0.00272917817347, -0.00106506387237, -0.000651564274449, -0.00242792349309, 0.0143698006868, -0.00700881378725, -0.00259169260971, 0.00802279822528, -0.00547654274851, -0.000461212272057, 0.00619718478993, -0.00673917867243], [0.000215265114093, -0.00219447351992, 0.000902446743567, 0.00107484671753, -0.00225205812603, -0.00700881378725, 0.0150752086192, -0.00505305966362, -0.00500251958147, 0.00825371500105, -0.00512387789786, 0.00148946593981, 0.00584062421694], [-0.000262499495875, 0.000657160533592, -0.00098318932578, 0.000677639676724, 0.00215569906868, -0.00259169260971, -0.00505305966362, 0.0174140315503, -0.00572890089825, -0.00648196553811, 0.00510238623247, -0.0131210321561, 0.00398420076817], [5.94095108681e-05, -0.000421261356678, 0.00143737858161, -0.00181779137347, -0.00145398289897, 0.00802279822528, -0.00500251958147, -0.00572890089825, 0.0183709356934, -0.00812993664294, -0.00402457918972, 0.0125554073602, -0.0108792306855], [-0.000146867954754, 0.000646902481094, -0.00219828519039, 0.00307690654881, -0.000264495407464, -0.00547654274851, 0.00825371500105, -0.00648196553811, -0.00812993664294, 0.0213158857077, -0.00660398416221, -0.00109956390224, 0.00454499246553], [0.000165530174854, -0.00109744351357, 0.00102934159804, -0.00251511787064, 0.00311119924299, -0.000461212272057, -0.00512387789786, 0.00510238623247, -0.00402457918972, -0.00660398416221, 0.0221581086516, -0.013347457163, 0.00514558656141], [-0.000217021122808, -1.51802723849e-05, 0.000241471541813, 0.00145424925722, -0.00639347266406, 0.00619718478993, 0.00148946593981, -0.0131210321561, 0.0125554073602, -0.00109956390224, -0.013347457163, 0.0410786047578, -0.0165370218456], [0.000196320819668, -0.000462017807877, -0.000553347927053, -0.000498050649185, 0.00242652441375, -0.00673917867243, 0.00584062421694, 0.00398420076817, -0.0108792306855, 0.00454499246553, 0.00514558656141, -0.0165370218456, 0.0294885188341]]
    },
    "melbands": {
        "dmean": [0.00205380190164, 0.00203145341948, 0.00117991957814, 0.000555591308512, 0.00026683829492, 0.000197450164706, 0.00020248357032, 0.000151805972564, 0.00011941332923, 0.000141009586514, 4.68149883091e-05, 4.52054664493e-05, 4.57810565422e-05, 3.15718461934e-05, 2.75470338238e-05, 3.20839244523e-05, 2.03098697966e-05, 2.06743388844e-05, 2.88595947495e-05, 3.08750059048e-05, 2.29416382354e-05, 1.05459594124e-05, 1.31160331875e-05, 1.11823028419e-05, 8.77646743902e-06, 7.82936695032e-06, 6.99079919286e-06, 6.42593931843e-06, 6.85648501531e-06, 6.07852689427e-06, 5.04885701957e-06, 4.98353074363e-06, 4.88519026476e-06, 5.52048186364e-06, 6.95149083185e-06, 5.94953871769e-06, 4.25743155574e-06, 3.25709220306e-06, 2.95171548714e-06, 2.51409960583e-06],
        "dmean2": [0.00237977830693, 0.00287094782107, 0.00208626152016, 0.000950143963564, 0.000407247745898, 0.00035928588477, 0.000260225671809, 0.000194800886675, 0.000199156769668, 0.000210566475289, 7.60901166359e-05, 7.49704122427e-05, 7.45619545341e-05, 4.96537650179e-05, 4.19721545768e-05, 4.99704292451e-05, 3.2416653994e-05, 3.16244622809e-05, 4.87951583636e-05, 5.63000685361e-05, 4.01979668823e-05, 1.66678037203e-05, 2.13918574445e-05, 1.80769238796e-05, 1.44171726788e-05, 1.24267444335e-05, 1.09542179416e-05, 9.68753283814e-06, 9.94561196421e-06, 9.50897538132e-06, 7.57941279517e-06, 7.07730987415e-06, 6.69590417601e-06, 7.87046974438e-06, 1.01504183476e-05, 8.41469591251e-06, 5.74701516598e-06, 4.49906247013e-06, 3.96155246563e-06, 3.42759267369e-06],
        "dvar": [2.09580048249e-05, 2.19097073568e-05, 1.23657991935e-05, 2.56563839685e-06, 3.81144559469e-07, 2.21269374379e-07, 2.10481275076e-07, 1.28303682345e-07, 8.84796662604e-08, 2.20800657758e-07, 8.63610516433e-09, 9.35490618303e-09, 9.64219459831e-09, 5.08493691598e-09, 3.97184418688e-09, 5.12282749554e-09, 1.95617388954e-09, 1.7912012984e-09, 4.40560121717e-09, 7.02766689287e-09, 2.97268476501e-09, 3.53096413219e-10, 4.01286170959e-10, 4.99363217443e-10, 2.38467467994e-10, 1.34994446177e-10, 1.02465140539e-10, 9.35227659205e-11, 1.41083422722e-10, 9.32526278419e-11, 7.62193086423e-11, 7.19865347887e-11, 6.21585422023e-11, 8.41914940541e-11, 1.60800872617e-10, 1.23062934843e-10, 5.8502390432e-11, 3.38425780455e-11, 2.88251072317e-11, 2.2391741239e-11],
        "dvar2": [2.37174444919e-05, 4.95676795254e-05, 3.3466185414e-05, 6.77911930325e-06, 7.59324564115e-07, 5.89766784742e-07, 2.47946530862e-07, 1.59385294296e-07, 2.1680021689e-07, 4.73995129369e-07, 2.09690149688e-08, 2.21244071952e-08, 2.22027320973e-08, 1.09072129106e-08, 8.40603409102e-09, 1.0828442143e-08, 4.63708405007e-09, 4.43867609334e-09, 1.10847055979e-08, 1.98260714512e-08, 8.17663003971e-09, 8.01994970434e-10, 9.76663971919e-10, 1.20467646969e-09, 5.70561542457e-10, 3.18817222622e-10, 2.32997121596e-10, 2.0407446566e-10, 2.9233987453e-10, 2.02583561038e-10, 1.66286859282e-10, 1.51720400132e-10, 1.19342452587e-10, 1.68180053217e-10, 3.433849316e-10, 2.48919607149e-10, 1.18774184932e-10, 6.46423192752e-11, 5.50765197338e-11, 4.26452172186e-11],
        "max": [0.0393892228603, 0.050216384232, 0.0325850062072, 0.0187880285084, 0.00481192255393, 0.00397402979434, 0.0057555208914, 0.00430628051981, 0.00521154794842, 0.00960390362889, 0.00212132069282, 0.00172230950557, 0.00113282061648, 0.000885906163603, 0.000731450039893, 0.000806950614788, 0.000516068364959, 0.000549017859157, 0.00106017081998, 0.000682352343574, 0.000409745174693, 0.000434161454905, 0.000213267834624, 0.000317064579576, 0.000192450112081, 0.000162553275004, 0.000133715933771, 0.000119449898193, 0.000137024791911, 9.62371996138e-05, 8.71435622685e-05, 0.000100601726444, 7.68665267969e-05, 8.95711636986e-05, 9.31789691094e-05, 9.31213071453e-05, 7.0485570177e-05, 4.43619392172e-05, 4.10197135352e-05, 3.28762725985e-05],
        "mean": [0.00301906722598, 0.00252851168625, 0.000920120277442, 0.000505467818584, 0.000314120436087, 0.000185441749636, 0.000346742221154, 0.00027163035702, 0.000146772406879, 0.000182081974344, 5.29251774424e-05, 5.06787473569e-05, 4.84965567011e-05, 3.31031733367e-05, 2.86937774945e-05, 2.88759620162e-05, 2.14380233956e-05, 2.38390766754e-05, 2.57523570326e-05, 2.03604831768e-05, 1.68440637935e-05, 1.19903234008e-05, 1.25400192701e-05, 1.13314608825e-05, 8.69147334015e-06, 7.22921549823e-06, 7.29367548047e-06, 6.43220209895e-06, 6.87591273163e-06, 6.19420779913e-06, 5.51731500309e-06, 5.33009870196e-06, 5.3831686273e-06, 5.73163470108e-06, 6.59450552121e-06, 5.92723927184e-06, 4.4312528189e-06, 3.38450149684e-06, 3.1660526929e-06, 2.76053970083e-06],
        "median": [0.000198292415007, 0.000536784646101, 0.000179461116204, 0.000103899350506, 6.28472189419e-05, 2.02400442504e-05, 1.86143406609e-05, 2.07309585676e-05, 1.45897174662e-05, 1.88041594811e-05, 6.56940392219e-06, 2.80895255855e-06, 2.83623103314e-06, 2.20468746193e-06, 1.62226979228e-06, 1.8778212052e-06, 2.74668786915e-06, 2.5121055387e-06, 1.72942668542e-06, 1.23639870253e-06, 1.10194685021e-06, 1.20527147374e-06, 1.56986493494e-06, 1.40041174745e-06, 1.17945000966e-06, 8.31120814837e-07, 1.3966109691e-06, 1.30115586217e-06, 1.0349472177e-06, 1.04485229713e-06, 1.02211174635e-06, 9.08399499622e-07, 9.4800111583e-07, 8.91834247341e-07, 7.94956690697e-07, 6.8923463914e-07, 5.59506929676e-07, 4.14306953189e-07, 3.42677822118e-07, 2.62286050656e-07],
        "min": [7.3840764942e-24, 6.02137095082e-24, 3.75424939581e-24, 4.36556295481e-24, 7.47449020913e-24, 5.64153718597e-24, 4.1333558309e-24, 5.59560694305e-24, 3.0219642142e-24, 4.94057707926e-24, 6.46749190867e-24, 7.34569052255e-24, 5.84687610187e-24, 8.42007489925e-24, 6.50894654924e-24, 1.44045953962e-23, 1.01869332115e-23, 8.63771925642e-24, 7.32245068028e-24, 6.59756087245e-24, 4.75902547509e-24, 5.79045519221e-24, 8.04214820564e-24, 1.14597800036e-23, 8.72398198526e-24, 7.56363149142e-24, 5.52707504634e-24, 6.14618412881e-24, 8.94502475521e-24, 7.71289659646e-24, 1.32029480339e-23, 1.02794113754e-23, 7.59521038231e-24, 7.52534649396e-24, 9.02177303268e-24, 9.04936186512e-24, 9.39840836099e-24, 9.56490061048e-24, 1.0224877421e-23, 8.10032748626e-24],
        "var": [5.451722609e-05, 2.98523464153e-05, 8.18953412818e-06, 1.85961869192e-06, 5.47007630303e-07, 1.88251831901e-07, 8.84946814494e-07, 5.48215382423e-07, 1.77891465114e-07, 3.4802025084e-07, 1.3806314314e-08, 1.34278499431e-08, 1.27644783632e-08, 6.82637146809e-09, 5.48730394456e-09, 6.06161787431e-09, 2.35909580759e-09, 2.21825291469e-09, 4.49062875774e-09, 4.2666710165e-09, 2.07321848578e-09, 5.84254755687e-10, 4.62987176375e-10, 5.80018533203e-10, 2.80917594742e-10, 1.53670659531e-10, 1.39996528259e-10, 1.24349100461e-10, 1.88314697169e-10, 1.20812360116e-10, 1.02839729788e-10, 1.02246280886e-10, 1.01833902422e-10, 1.20386464686e-10, 1.97729763118e-10, 1.6322317109e-10, 8.44098263508e-11, 4.91331489383e-11, 4.20076091967e-11, 3.25632923404e-11]
    },
    "mfcc": {
        "mean": [-719.654418945, 101.550445557, 41.5290718079, 26.3935413361, 11.1421127319, 9.19900894165, 2.89383888245, 4.52188396454, 2.43636655807, 5.00549554825, 2.19803857803, -0.626299023628, -3.35223412514],
        "cov": [[20406.0390625, -3770.23120117, -3629.25732422, -1018.18652344, -993.528320312, -203.394165039, -450.801361084, 59.1661720276, -236.356842041, 74.6755447388, -232.82824707, -3.58751821518, -221.634414673], [-3770.23120117, 3706.51147461, 985.848693848, -226.400817871, -168.328125, -374.298461914, 100.124603271, 0.156269356608, 113.372802734, -28.868429184, 276.51675415, 143.144073486, 200.351318359], [-3629.25732422, 985.848693848, 1782.01574707, 346.170379639, 231.938049316, -9.28500175476, 29.8668804169, -136.217514038, 66.9633255005, 10.1068143845, 104.563926697, -9.45769023895, 93.5984573364], [-1018.18652344, -226.400817871, 346.170379639, 483.65145874, 263.631713867, 159.663726807, 34.0358505249, 41.5595779419, 0.869152069092, 16.1886367798, -17.9646873474, -16.9065742493, -30.7694625854], [-993.528320312, -168.328125, 231.938049316, 263.631713867, 374.859466553, 210.242965698, 127.86125946, 46.5908851624, 58.2495422363, -3.60722517967, -0.82842195034, -17.1713142395, 2.28597569466], [-203.394165039, -374.298461914, -9.28500175476, 159.663726807, 210.242965698, 242.013687134, 133.700012207, 61.8632164001, 24.31508255, 8.04402065277, -30.716047287, -23.5711898804, -29.5661621094], [-450.801361084, 100.124603271, 29.8668804169, 34.0358505249, 127.86125946, 133.700012207, 219.397918701, 109.575996399, 32.5106277466, -5.64351272583, 46.5790939331, 0.74626994133, 0.659305334091], [59.1661720276, 0.156269356608, -136.217514038, 41.5595779419, 46.5908851624, 61.8632164001, 109.575996399, 135.877502441, 31.4753227234, 6.29730224609, 22.9738788605, 12.4521760941, -12.9416255951], [-236.356842041, 113.372802734, 66.9633255005, 0.869152069092, 58.2495422363, 24.31508255, 32.5106277466, 31.4753227234, 105.735443115, 37.0501060486, 19.7649726868, 29.8037185669, 34.8022232056], [74.6755447388, -28.868429184, 10.1068143845, 16.1886367798, -3.60722517967, 8.04402065277, -5.64351272583, 6.29730224609, 37.0501060486, 58.3842582703, 25.9594345093, 30.619977951, 21.6551494598], [-232.82824707, 276.51675415, 104.563926697, -17.9646873474, -0.82842195034, -30.716047287, 46.5790939331, 22.9738788605, 19.7649726868, 25.9594345093, 100.544326782, 49.2462081909, 41.9723548889], [-3.58751821518, 143.144073486, -9.45769023895, -16.9065742493, -17.1713142395, -23.5711898804, 0.74626994133, 12.4521760941, 29.8037185669, 30.619977951, 49.2462081909, 70.6953201294, 51.1713371277], [-221.634414673, 200.351318359, 93.5984573364, -30.7694625854, 2.28597569466, -29.5661621094, 0.659305334091, -12.9416255951, 34.8022232056, 21.6551494598, 41.9723548889, 51.1713371277, 78.9704437256]],
