{
"lowlevel": {
    "average_loudness": 0.939205288887,
    "barkbands_crest": {
        "dmean": 3.37596130371,
        "dmean2": 5.06638765335,
        "dvar": 10.7706012726,
        "dvar2": 19.838394165,
        "max": 26.7465629578,
        "mean": 12.0119333267,
        "median": 10.1822881699,
        "min": 2.08157277107,
        "var": 46.8579101562
    },
    "barkbands_flatness_db": {
        "dmean": 0.0368777066469,
        "dmean2": 0.0516272261739,
        "dvar": 0.00188690191135,
        "dvar2": 0.00312167895027,
        "max": 0.590244114399,
        "mean": 0.133595600724,
        "median": 0.105464972556,
        "min": 0.0189679246396,
        "var": 0.00981505587697
    },
    "barkbands_kurtosis": {
        "dmean": 26.9988498688,
        "dmean2": 40.6035804749,
        "dvar": 9188.82617188,
        "dvar2": 19699.8183594,
        "max": 1591.58398438,
        "mean": 37.7703819275,
        "median": 2.15746212006,
        "min": -1.90040147305,
        "var": 19486.8378906
    },
    "barkbands_skewness": {
        "dmean": 1.37071788311,
        "dmean2": 1.91323947906,
        "dvar": 5.18105840683,
        "dvar2": 9.71680641174,
        "max": 33.9377059937,
        "mean": 2.82101678848,
        "median": 1.46599555016,
        "min": -2.40357303619,
        "var": 19.3532600403
    },
    "barkbands_spread": {
        "dmean": 10.343788147,
        "dmean2": 15.3048677444,
        "dvar": 143.511138916,
        "dvar2": 283.693969727,
        "max": 104.105079651,
        "mean": 28.0523929596,
        "median": 22.2475833893,
        "min": 0.0536011718214,
        "var": 498.475952148
    },
    "dissonance": {
        "dmean": 0.0183517187834,
        "dmean2": 0.0315707959235,
        "dvar": 0.0003647278063,
        "dvar2": 0.00101266789716,
        "max": 0.500000119209,
        "mean": 0.474035680294,
        "median": 0.479547083378,
        "min": 0.307657748461,
        "var": 0.000517131295055
    },
    "dynamic_complexity": 4.12318181992,
    "erbbands_crest": {
        "dmean": 3.17593383789,
        "dmean2": 5.0948176384,
        "dvar": 9.70422172546,
        "dvar2": 21.9283428192,
        "max": 27.2915687561,
        "mean": 8.43210124969,
        "median": 6.74414968491,
        "min": 2.21716165543,
        "var": 23.7482032776
    },
    "erbbands_flatness_db": {
        "dmean": 0.0214618425816,
        "dmean2": 0.0310341995209,
        "dvar": 0.000397634867113,
        "dvar2": 0.000852582918014,
        "max": 0.33849003911,
        "mean": 0.131911873817,
        "median": 0.125242099166,
        "min": 0.0232388135046,
        "var": 0.00142827664968
    },
    "erbbands_kurtosis": {
        "dmean": 1.55475354195,
        "dmean2": 2.45074319839,
        "dvar": 12.3885278702,
        "dvar2": 26.1630268097,
        "max": 100.012184143,
        "mean": 0.824505805969,
        "median": -0.289287805557,
        "min": -1.85551917553,
        "var": 21.4903469086
    },
    "erbbands_skewness": {
        "dmean": 0.559046208858,
        "dmean2": 0.837923228741,
        "dvar": 0.332438975573,
        "dvar2": 0.655299067497,
        "max": 9.14799880981,
        "mean": 0.378200531006,
        "median": 0.281172275543,
        "min": -2.14338803291,
        "var": 1.1500235796
    },
    "erbbands_spread": {
        "dmean": 13.9773902893,
        "dmean2": 21.0034675598,
        "dvar": 219.819564819,
        "dvar2": 487.383575439,
        "max": 178.87953186,
        "mean": 46.9928627014,
        "median": 45.5519599915,
        "min": 2.74981808662,
        "var": 475.747619629
    },
    "hfc": {
        "dmean": 17.08253479,
        "dmean2": 24.3756046295,
        "dvar": 580.599121094,
        "dvar2": 1176.00976562,
        "max": 151.449401855,
        "mean": 21.5019187927,
        "median": 9.79011821747,
        "min": 1.13927546062e-16,
        "var": 809.940307617
    },
    "melbands_crest": {
        "dmean": 4.7460026741,
        "dmean2": 7.52329111099,
        "dvar": 21.5892467499,
        "dvar2": 45.6537666321,
        "max": 35.9123039246,
        "mean": 17.4582481384,
        "median": 15.9276657104,
        "min": 1.8411771059,
        "var": 69.5643234253
    },
    "melbands_flatness_db": {
        "dmean": 0.0491456501186,
        "dmean2": 0.0674828961492,
        "dvar": 0.00316068902612,
        "dvar2": 0.00502370251343,
        "max": 0.72923207283,
        "mean": 0.200225889683,
        "median": 0.170817568898,
        "min": 0.00585285574198,
        "var": 0.0155929615721
    },
    "melbands_kurtosis": {
        "dmean": 38.146194458,
        "dmean2": 59.3355140686,
        "dvar": 11472.9404297,
        "dvar2": 26652.4238281,
        "max": 1829.19677734,
        "mean": 55.5954856873,
        "median": 8.94796466827,
        "min": -1.70377182961,
        "var": 20649.5976562
    },
    "melbands_skewness": {
        "dmean": 1.66502141953,
        "dmean2": 2.51158285141,
        "dvar": 7.4975771904,
        "dvar2": 15.5752716064,
        "max": 30.8617687225,
        "mean": 4.04242277145,
        "median": 2.47278237343,
        "min": -1.25707650185,
        "var": 17.7090435028
    },
    "melbands_spread": {
        "dmean": 15.0028076172,
        "dmean2": 21.0320854187,
        "dvar": 446.863769531,
        "dvar2": 721.745727539,
        "max": 216.81149292,
        "mean": 32.1806106567,
        "median": 19.4656734467,
        "min": 0.128625556827,
        "var": 1374.72119141
    },
    "pitch_salience": {
        "dmean": 0.105463340878,
        "dmean2": 0.160216495395,
        "dvar": 0.0141092166305,
        "dvar2": 0.0278424490243,
        "max": 0.9680082798,
        "mean": 0.488538563251,
        "median": 0.549605965614,
        "min": 0.0176425408572,
        "var": 0.0500522889197
    },
    "silence_rate_20dB": {
        "dmean": 0,
        "dmean2": 0,
        "dvar": 0,
        "dvar2": 0,
        "max": 1,
        "mean": 1,
        "median": 1,
        "min": 1,
        "var": 0
    },
    "silence_rate_30dB": {
        "dmean": 0.036092530936,
        "dmean2": 0.0721900910139,
        "dvar": 0.0347930453718,
        "dvar2": 0.0894195884466,
        "max": 1,
        "mean": 0.97491812706,
        "median": 1,
        "min": 0,
        "var": 0.024455351755
    },
    "silence_rate_60dB": {
        "dmean": 0.0574136003852,
        "dmean2": 0.114765524864,
        "dvar": 0.054117102176,
        "dvar2": 0.127109333873,
        "max": 1,
        "mean": 0.117675743997,
        "median": 0,
        "min": 0,
        "var": 0.103832304478
    },
    "spectral_centroid": {
        "dmean": 442.600799561,
        "dmean2": 648.97833252,
        "dvar": 249168.796875,
        "dvar2": 426630.90625,
        "max": 11298.0996094,
        "mean": 1665.00866699,
        "median": 1517.19958496,
        "min": 81.9013061523,
        "var": 994317.9375
    },
    "spectral_complexity": {
        "dmean": 6.80448722839,
        "dmean2": 9.44979476929,
        "dvar": 57.6302604675,
        "dvar2": 97.3750534058,
        "max": 58,
        "mean": 16.0388774872,
        "median": 14,
        "min": 0,
        "var": 161.149047852
    },
    "spectral_decrease": {
        "dmean": 3.60994056869e-09,
        "dmean2": 5.16966602859e-09,
        "dvar": 2.86437293655e-17,
        "dvar2": 6.31475569149e-17,
        "max": 6.26487196057e-28,
        "mean": -6.61592070017e-09,
        "median": -3.44735262559e-09,
        "min": -4.73094914355e-08,
        "var": 6.10589060159e-17
    },
    "spectral_energy": {
        "dmean": 0.0149591341615,
        "dmean2": 0.0212721675634,
        "dvar": 0.000437648239313,
        "dvar2": 0.000961255747825,
        "max": 0.182915970683,
        "mean": 0.0269202422351,
        "median": 0.0149312000722,
        "min": 1.06052446672e-20,
        "var": 0.000928735069465
    },
    "spectral_energyband_high": {
        "dmean": 0.00143875321373,
        "dmean2": 0.00209361244924,
        "dvar": 6.34415891909e-06,
        "dvar2": 1.29996769829e-05,
        "max": 0.0156957171857,
        "mean": 0.00154278287664,
        "median": 0.000404283026,
        "min": 7.65131403736e-21,
        "var": 8.06087336969e-06
    },
    "spectral_energyband_low": {
        "dmean": 0.00835115462542,
        "dmean2": 0.0113357324153,
        "dvar": 0.000250672135735,
        "dvar2": 0.000518335378729,
        "max": 0.160322040319,
        "mean": 0.0139135457575,
        "median": 0.00253728753887,
        "min": 3.49013300605e-23,
        "var": 0.000532953883521
    },
    "spectral_energyband_middle_high": {
        "dmean": 0.0024235106539,
        "dmean2": 0.00368853192776,
        "dvar": 1.30244361571e-05,
        "dvar2": 3.04289078485e-05,
        "max": 0.0296739693731,
        "mean": 0.00309188407846,
        "median": 0.00149569427595,
        "min": 1.7572288891e-21,
        "var": 1.7284985006e-05
    },
    "spectral_energyband_middle_low": {
        "dmean": 0.00985571369529,
        "dmean2": 0.016465626657,
        "dvar": 0.000432769127656,
        "dvar2": 0.00108951004222,
        "max": 0.165903657675,
        "mean": 0.00984628498554,
        "median": 0.00362205458805,
        "min": 2.41148164916e-22,
        "var": 0.000355164287612
    },
    "spectral_entropy": {
        "dmean": 0.245741814375,
        "dmean2": 0.353744536638,
        "dvar": 0.0741918161511,
        "dvar2": 0.131648331881,
        "max": 9.80708408356,
        "mean": 7.84775590897,
        "median": 7.91774559021,
        "min": 4.36475658417,
        "var": 0.266153335571
    },
    "spectral_flux": {
        "dmean": 0.0421346761286,
        "dmean2": 0.0589677356184,
        "dvar": 0.00233045080677,
        "dvar2": 0.00401592394337,
        "max": 0.425869971514,
        "mean": 0.101512804627,
        "median": 0.0764572173357,
        "min": 1.05647768311e-10,
        "var": 0.00629712082446
    },
    "spectral_kurtosis": {
        "dmean": 1.425365448,
        "dmean2": 2.27737045288,
        "dvar": 3.2689538002,
        "dvar2": 8.13229942322,
        "max": 45.3397979736,
        "mean": 3.23317980766,
        "median": 2.76923418045,
        "min": -1.2365218401,
        "var": 6.10664606094
    },
    "spectral_rms": {
        "dmean": 0.00138084264472,
        "dmean2": 0.00185066787526,
        "dvar": 2.35460356635e-06,
        "dvar2": 4.71289740744e-06,
        "max": 0.0133586898446,
        "mean": 0.00436477223411,
        "median": 0.00381667725742,
        "min": 3.21661013797e-12,
        "var": 7.21243441149e-06
    },
    "spectral_rolloff": {
        "dmean": 1099.59216309,
        "dmean2": 1633.8939209,
        "dvar": 2387764.5,
        "dvar2": 3994047.75,
        "max": 18669.2871094,
        "mean": 2292.20922852,
        "median": 1033.59375,
        "min": 64.599609375,
        "var": 6982783.5
    },
    "spectral_skewness": {
        "dmean": 0.247098073363,
        "dmean2": 0.377723097801,
        "dvar": 0.0749832317233,
        "dvar2": 0.164696127176,
        "max": 5.53118515015,
        "mean": 1.3807747364,
        "median": 1.34304058552,
        "min": -0.00761907128617,
        "var": 0.195529848337
    },
    "spectral_spread": {
        "dmean": 966913.5625,
        "dmean2": 1343568.625,
        "dvar": 951087595520,
        "dvar2": 1.83403754291e+12,
        "max": 41779376,
        "mean": 5516929.5,
        "median": 5432037.5,
        "min": 1925599.75,
        "var": 2.25901674496e+12
    },
    "spectral_strongpeak": {
        "dmean": 0.317911684513,
        "dmean2": 0.513375222683,
        "dvar": 0.148965895176,
        "dvar2": 0.373453080654,
        "max": 4.14593076706,
        "mean": 0.533400952816,
        "median": 0.398163050413,
        "min": 0,
        "var": 0.230788484216
    },
    "zerocrossingrate": {
        "dmean": 0.0232290476561,
        "dmean2": 0.0242371018976,
        "dvar": 0.000683654972818,
        "dvar2": 0.000701184384525,
        "max": 0.517578125,
        "mean": 0.0774586945772,
        "median": 0.0595703125,
        "min": 0.001953125,
        "var": 0.0038191517815
    },
    "barkbands": {
        "dmean": [8.98349171621e-05, 0.00535526545718, 0.00511276675388, 0.0040547712706, 0.00258198427036, 0.00147500808816, 0.00104363192804, 0.00152718718164, 0.000972779584117, 0.000506811018568, 0.000623017025646, 0.000374144146917, 0.00023052902543, 0.000192215287825, 0.000231515004998, 0.000211473918171, 0.000173092834302, 0.000204941257834, 0.00016551540466, 0.000183374766493, 0.000239377259277, 0.000226486110478, 0.000364638777683, 0.000246021401836, 0.000216683445615, 9.22820909182e-05, 1.99662390514e-05],
        "dmean2": [0.000141875090776, 0.00734226265922, 0.00804240815341, 0.0072492333129, 0.00478865997866, 0.00244778674096, 0.00170569354668, 0.00280878739432, 0.00171468267217, 0.000911116308998, 0.00107201607898, 0.000636667944491, 0.000358822231647, 0.000300821120618, 0.000347579596564, 0.000346770655597, 0.00027242754004, 0.000323243933963, 0.000262500834651, 0.000272872857749, 0.000375852134312, 0.000313462893246, 0.000562606437597, 0.000357800803613, 0.000311425741529, 0.000134787376737, 2.942977153e-05],
        "dvar": [2.14140882804e-08, 0.000110349828901, 0.00015786838776, 0.000159124814672, 6.87079227646e-05, 7.23733592167e-06, 3.56600980922e-06, 1.08954791358e-05, 5.46422688785e-06, 1.91568847185e-06, 1.82036649221e-06, 5.84789972891e-07, 1.68560688962e-07, 1.1449053261e-07, 2.60012058106e-07, 1.94321216895e-07, 6.76386093801e-08, 7.60073106676e-08, 6.04494729828e-08, 9.76572565037e-08, 1.80187655019e-07, 1.73513214463e-07, 4.92442723043e-07, 1.87487103176e-07, 1.441578803e-07, 2.44607818445e-08, 1.74291137078e-09],
        "dvar2": [5.5964150647e-08, 0.000247792951996, 0.000369168847101, 0.000428439932875, 0.000195463988348, 1.7815238607e-05, 8.71056272445e-06, 3.16969089909e-05, 1.41170539791e-05, 5.43168835065e-06, 4.97861037729e-06, 1.5855376887e-06, 3.60254887255e-07, 2.48281480708e-07, 5.21557808497e-07, 4.45253590442e-07, 1.53921277501e-07, 1.8099787269e-07, 1.46920328348e-07, 1.96489892801e-07, 4.1479628976e-07, 3.49276234601e-07, 1.12735835955e-06, 3.50040949115e-07, 3.09008754584e-07, 5.03910477789e-08, 3.41686212657e-09],
        "max": [0.00574268959463, 0.0968332886696, 0.133046612144, 0.110706157982, 0.0663450211287, 0.0312632136047, 0.0219570584595, 0.0379596464336, 0.0251060128212, 0.0191594660282, 0.0111921457574, 0.00647810101509, 0.00487773120403, 0.00476117059588, 0.00679010571912, 0.00560843525454, 0.00310011673719, 0.0031013675034, 0.0027594412677, 0.00234087137505, 0.00305657065473, 0.00361044541933, 0.00516979955137, 0.00288569484837, 0.00237411446869, 0.000927670218516, 0.000287344853859],
        "mean": [0.00013325701002, 0.00808186642826, 0.00433021830395, 0.00273531116545, 0.00176495290361, 0.00158762210049, 0.001238449011, 0.00143263605423, 0.000903275737073, 0.000441314885393, 0.00054725073278, 0.000338157900842, 0.000267179042567, 0.000235928295297, 0.00029175839154, 0.000272338482318, 0.000212303973967, 0.000262012064923, 0.000196344699361, 0.000214640749618, 0.000259773602011, 0.000254405371379, 0.000340304744896, 0.000265585636953, 0.000208512748941, 8.48688505357e-05, 2.00282083824e-05],
        "median": [6.87083520461e-05, 0.00123429228552, 0.000301742984448, 0.000159742630785, 0.000241309142439, 0.000482978066429, 0.000473718391731, 0.0003267833672, 0.000270256190561, 0.000141599826748, 0.000158691720571, 8.79588842508e-05, 7.19027229934e-05, 8.81227388163e-05, 7.55998189561e-05, 0.00010991950694, 0.000100430414022, 0.000134804155095, 0.000100489589386, 7.47338708607e-05, 7.78216563049e-05, 5.28015989403e-05, 6.55481780996e-05, 6.07169167779e-05, 3.89969172829e-05, 8.75148725754e-06, 2.66327924692e-06],
        "min": [8.57673241983e-24, 2.09889491593e-23, 5.16666540356e-24, 5.65873159269e-24, 2.01016368354e-23, 3.8641496317e-23, 5.42282991761e-23, 3.14675321361e-23, 5.21434092234e-23, 4.35772948714e-23, 5.41114404771e-23, 4.95811101172e-23, 1.59655980886e-22, 1.07690494506e-22, 1.5816129773e-22, 6.86297312401e-23, 1.99542694142e-22, 2.32163884865e-22, 1.95378530926e-22, 2.24526651073e-22, 5.11486404758e-22, 4.18677361021e-22, 5.85928873355e-22, 8.84605849434e-22, 1.18606320048e-21, 1.49457703223e-21, 2.3209839805e-21],
        "var": [2.97614075606e-08, 0.000206412587431, 0.000149912157212, 0.000104978906165, 4.00452227041e-05, 8.05165109341e-06, 4.12553981732e-06, 7.85056545283e-06, 4.56817224403e-06, 1.2637223108e-06, 1.44016155446e-06, 4.44710423153e-07, 2.51074055768e-07, 1.72517502506e-07, 4.24202369231e-07, 2.59485148035e-07, 9.09722501774e-08, 1.12142586772e-07, 6.95268838058e-08, 1.28761143969e-07, 1.97592854079e-07, 2.45735805038e-07, 5.0596310075e-07, 2.63435850911e-07, 1.71691482365e-07, 2.96251325693e-08, 2.14866435755e-09]
    },
    "erbbands": {
        "dmean": [0.0974901244044, 1.43939232826, 5.15795469284, 9.34776592255, 13.7013425827, 6.06756258011, 4.6990609169, 15.7103424072, 13.0392980576, 22.1223278046, 35.5581321716, 20.912940979, 20.3213291168, 14.7987098694, 26.8577976227, 12.7831964493, 10.8759231567, 9.86644077301, 11.3728761673, 11.0181493759, 11.5593538284, 9.62213993073, 10.9144210815, 9.44838237762, 8.39473819733, 8.56844234467, 9.59409809113, 8.93380832672, 7.88234949112, 9.23218250275, 10.533864975, 6.22374868393, 3.89205694199, 2.63067030907, 1.38880860806, 0.55310434103, 0.153523921967, 0.029353749007, 0.00344577315263, 0.000132581524667],
        "dmean2": [0.127148479223, 1.91398262978, 7.6153421402, 15.3540897369, 25.1228237152, 11.1241779327, 8.0182056427, 26.1343345642, 21.8884334564, 37.2106361389, 65.1621551514, 37.1868591309, 35.5455818176, 26.1923675537, 46.5411872864, 20.8417491913, 16.4148292542, 16.0115699768, 16.588224411, 16.88630867, 19.0599765778, 15.0111513138, 16.886554718, 14.4323825836, 13.2599925995, 12.7051525116, 15.1334171295, 13.634519577, 11.2292003632, 13.5557441711, 16.0940666199, 8.86012554169, 5.71676826477, 3.77248048782, 2.0649433136, 0.847764670849, 0.222454279661, 0.0430104807019, 0.00508744455874, 0.00018927329802],
        "dvar": [0.0226558502764, 8.27211761475, 136.804489136, 660.820068359, 2036.50378418, 332.59262085, 76.8480606079, 939.59552002, 433.090484619, 1893.28479004, 6489.95410156, 2345.42602539, 2075.4597168, 1159.57324219, 3645.87255859, 533.844848633, 359.738342285, 280.432891846, 623.177185059, 500.421966553, 479.47177124, 207.97013855, 208.919586182, 183.504302979, 136.528320312, 231.581787109, 276.270782471, 231.382232666, 221.365127563, 301.645690918, 417.216583252, 132.63734436, 44.8655700684, 23.5619602203, 5.59457540512, 0.828539133072, 0.0810973197222, 0.00318979797885, 5.45672010048e-05, 6.16461406366e-08],
        "dvar2": [0.0499705486, 17.8222465515, 298.397247314, 1633.87915039, 5674.07714844, 944.811584473, 204.998748779, 2315.01806641, 1144.32800293, 4685.95507812, 18952.7265625, 6105.32128906, 5693.92724609, 3258.11743164, 10143.6445312, 1382.56005859, 743.793762207, 633.688049316, 1218.40209961, 1026.68041992, 1127.97888184, 464.088745117, 482.454803467, 415.621826172, 312.273071289, 478.611816406, 628.971069336, 526.643981934, 482.961456299, 652.173095703, 958.82409668, 260.226470947, 87.0173873901, 51.4379081726, 11.5191545486, 1.8435870409, 0.161545947194, 0.00593864731491, 0.000112485817226, 1.27954379536e-07],
        "max": [1.70709908009, 28.0306625366, 124.630325317, 238.504440308, 346.401519775, 158.281051636, 108.770797729, 356.00869751, 293.903198242, 419.129211426, 961.07244873, 458.33505249, 471.231140137, 412.3855896, 425.615631104, 215.755996704, 220.35307312, 194.700088501, 327.053710938, 290.250854492, 250.661682129, 180.249435425, 132.08001709, 132.526931763, 129.954696655, 109.067382812, 127.742897034, 108.492790222, 110.10194397, 159.93182373, 142.54498291, 84.1827468872, 43.7113494873, 32.0723419189, 13.8057880402, 6.35443162918, 1.6058369875, 0.349140077829, 0.0505050420761, 0.00179610657506],
        "mean": [0.183297336102, 1.98123526573, 5.06703424454, 7.36710262299, 8.80852508545, 4.52759075165, 4.98697185516, 16.4518051147, 15.8648118973, 23.8409290314, 33.993270874, 19.9088687897, 18.7429103851, 13.3825569153, 23.1176242828, 12.9143304825, 12.8219213486, 12.322517395, 13.6036643982, 15.2202367783, 14.3417873383, 11.971072197, 14.0349636078, 11.8808727264, 10.0110673904, 10.1687431335, 10.7473068237, 9.43514347076, 8.69529438019, 9.40286254883, 9.82781791687, 6.71306610107, 4.04411935806, 2.59441542625, 1.29607772827, 0.4759722054, 0.146443888545, 0.0310254655778, 0.00325906835496, 0.000143788260175],
        "median": [0.0479919426143, 0.233916282654, 0.460274040699, 0.586322784424, 0.56400769949, 0.84892475605, 1.78748095036, 4.51795530319, 7.24450111389, 7.11298322678, 6.90521287918, 5.66995763779, 6.60294818878, 4.8814125061, 7.45594978333, 4.2558631897, 3.78107404709, 4.83594274521, 3.6838092804, 5.22196245193, 6.11414051056, 5.90023469925, 6.9471154213, 6.04903793335, 5.13416671753, 3.55748319626, 3.42224836349, 2.84826135635, 1.86560976505, 1.98746597767, 1.72569191456, 1.39358603954, 0.951267242432, 0.527351617813, 0.210885867476, 0.0535677969456, 0.0143489437178, 0.00486515229568, 0.000242825888563, 3.5980843677e-05],
        "min": [9.89550451658e-22, 3.222075483e-21, 3.91119468338e-21, 1.72970994721e-20, 3.70801416412e-20, 9.48883825325e-20, 1.31566876287e-19, 3.31213508723e-19, 5.45206632455e-19, 1.13153685926e-18, 1.04434064896e-18, 7.48544739319e-19, 1.99867391431e-18, 1.76172595989e-18, 2.89766745251e-18, 2.10578718619e-18, 5.7650179084e-18, 5.74583476281e-18, 6.11249911294e-18, 7.51528989835e-18, 6.09124677505e-18, 1.040683456e-17, 1.06988450326e-17, 1.19805779354e-17, 1.39409463563e-17, 1.08026595082e-17, 1.60687973446e-17, 1.48609631034e-17, 1.35839451301e-17, 1.38327585768e-17, 1.67882674608e-17, 1.28401724474e-17, 1.90633896854e-17, 1.33130443067e-17, 7.74601952251e-18, 4.50603371325e-18, 2.75794651409e-18, 1.15672616327e-18, 3.23294365881e-19, 3.3828656212e-20],
        "var": [0.0723573341966, 14.8584384918, 161.18586731, 542.188903809, 1238.42907715, 200.402114868, 72.9048309326, 985.208251953, 514.56262207, 2070.48925781, 4758.94335938, 1931.79833984, 1574.73950195, 807.655151367, 2690.32641602, 500.111206055, 549.186462402, 442.680603027, 939.549377441, 846.585388184, 621.780517578, 287.403411865, 321.299835205, 247.670959473, 170.800506592, 299.327178955, 314.44140625, 260.157684326, 287.038024902, 366.542907715, 428.48059082, 179.575119019, 60.1186180115, 27.9159946442, 6.63543558121, 0.899759173393, 0.0992692559958, 0.00416786363348, 6.33975068922e-05, 7.39657437521e-08]
    },
    "gfcc": {
        "mean": [-29.4654827118, 59.8892288208, -102.738594055, 34.8063812256, -59.0656967163, 18.6919631958, -27.7477207184, 19.7000198364, -10.0228395462, 9.13973426819, -7.0108704567, 4.53053426743, -10.2970523834],
        "cov": [[16673.1601562, -732.206970215, -362.125305176, -1029.85437012, -1071.10742188, -513.787475586, -1368.61157227, -90.9730072021, -1008.97406006, -249.897384644, -579.680480957, -53.1216506958, -309.379211426], [-732.206970215, 2528.0300293, 205.903717041, -5.29237031937, 256.62097168, -298.480377197, -46.2551994324, -62.8668212891, 94.4913253784, -220.367279053, -19.7189025879, -232.079696655, -29.3249416351], [-362.125305176, 205.903717041, 771.624328613, 267.43560791, 134.837493896, 104.302284241, 84.921913147, -27.960401535, 32.1230659485, -19.2713413239, -68.1146850586, -70.3695526123, -83.3010025024], [-1029.85437012, -5.29237031937, 267.43560791, 436.276428223, 260.666717529, 152.250442505, 154.41519165, 38.4113197327, 94.7885513306, 41.250995636, 34.8032493591, -18.5753040314, 19.6073551178], [-1071.10742188, 256.62097168, 134.837493896, 260.666717529, 546.983581543, 174.336364746, 209.804611206, 35.5687065125, 110.374420166, 65.04347229, 19.5040931702, -17.3711643219, 6.68497419357], [-513.787475586, -298.480377197, 104.302284241, 152.250442505, 174.336364746, 255.34916687, 146.230331421, 61.3203773499, 48.2644004822, 57.1063690186, 18.3938045502, 24.1127891541, -2.26106953621], [-1368.61157227, -46.2551994324, 84.921913147, 154.41519165, 209.804611206, 146.230331421, 314.93927002, 81.7922744751, 165.401733398, 54.9724502563, 96.0147705078, 41.4722747803, 49.7809104919], [-90.9730072021, -62.8668212891, -27.960401535, 38.4113197327, 35.5687065125, 61.3203773499, 81.7922744751, 115.607246399, 65.4874801636, 34.6123657227, 41.8656082153, 23.9016094208, 24.9069919586], [-1008.97406006, 94.4913253784, 32.1230659485, 94.7885513306, 110.374420166, 48.2644004822, 165.401733398, 65.4874801636, 186.255249023, 62.7500190735, 88.0949020386, 10.4955224991, 44.74269104], [-249.897384644, -220.367279053, -19.2713413239, 41.250995636, 65.04347229, 57.1063690186, 54.9724502563, 34.6123657227, 62.7500190735, 114.729919434, 55.118019104, 46.8381614685, 30.3134117126], [-579.680480957, -19.7189025879, -68.1146850586, 34.8032493591, 19.5040931702, 18.3938045502, 96.0147705078, 41.8656082153, 88.0949020386, 55.118019104, 139.477722168, 73.3489379883, 74.5596237183], [-53.1216506958, -232.079696655, -70.3695526123, -18.5753040314, -17.3711643219, 24.1127891541, 41.4722747803, 23.9016094208, 10.4955224991, 46.8381614685, 73.3489379883, 114.327980042, 69.1263427734], [-309.379211426, -29.3249416351, -83.3010025024, 19.6073551178, 6.68497419357, -2.26106953621, 49.7809104919, 24.9069919586, 44.74269104, 30.3134117126, 74.5596237183, 69.1263427734, 109.914642334]],
        "icov": [[0.000125457620015, 2.73192872555e-05, -7.40865143598e-05, 0.000146431862959, -4.58791691926e-05, 9.79138712864e-05, 0.000381986959837, -0.000507177668624, 0.000388977205148, -3.95110982936e-05, 0.000131417938974, -0.00010483108781, 5.4216121498e-05], [2.73192872555e-05, 0.00118660717271, -0.000590098672546, 0.000791745842434, -0.00147933338303, 0.00130818726029, 0.00095191487344, -0.00058124656789, -0.000698885938618, 0.00246170163155, -0.00189051311463, 0.00229495414533, -0.000932832015678], [-7.40865143598e-05, -0.000590098672546, 0.00243004760705, -0.00190428330097, 0.00110163749196, -0.000822815229185, -0.0011191329686, 0.00150805304293, -0.000680463796016, -0.000781144422945, 0.00213779718615, -0.00188963650726, 0.0021272751037], [0.000146431862959, 0.000791745842434, -0.00190428330097, 0.0054673566483, -0.00235058949329, -0.000597078236751, 0.0011953356443, -0.00124032131862, 0.000227272990742, 0.00135873933323, -0.00279995636083, 0.00403819372877, -0.00303231272846], [-4.58791691926e-05, -0.00147933338303, 0.00110163749196, -0.00235058949329, 0.00527377706021, -0.00236565480009, -0.00307306740433, 0.00177621352486, 0.000765673699789, -0.00444298703223, 0.00359423877671, -0.00183170184027, 0.000977799179964], [9.79138712864e-05, 0.00130818726029, -0.000822815229185, -0.000597078236751, -0.00236565480009, 0.0096432659775, -0.00219373870641, -0.00356390303932, 0.00235071429051, -0.000198116933461, -0.000423058954766, 0.000634070020169, 0.00123688858002], [0.000381986959837, 0.00095191487344, -0.0011191329686, 0.0011953356443, -0.00307306740433, -0.00219373870641, 0.012160114944, -0.00278714625165, -0.00675268331543, 0.00582726253197, -0.00281361327507, -0.00213568960316, -7.2822032962e-05], [-0.000507177668624, -0.00058124656789, 0.00150805304293, -0.00124032131862, 0.00177621352486, -0.00356390303932, -0.00278714625165, 0.0152019066736, -0.00504633178934, -0.00101449154317, 0.000707111030351, -0.00156362436246, 0.000255398917943], [0.000388977205148, -0.000698885938618, -0.000680463796016, 0.000227272990742, 0.000765673699789, 0.00235071429051, -0.00675268331543, -0.00504633178934, 0.0202076677233, -0.00869624316692, -0.00527887092903, 0.00839604530483, -0.00297123705968], [-3.95110982936e-05, 0.00246170163155, -0.000781144422945, 0.00135873933323, -0.00444298703223, -0.000198116933461, 0.00582726253197, -0.00101449154317, -0.00869624316692, 0.0211123377085, -0.0054085967131, -0.0025253535714, 0.000542479741853], [0.000131417938974, -0.00189051311463, 0.00213779718615, -0.00279995636083, 0.00359423877671, -0.000423058954766, -0.00281361327507, 0.000707111030351, -0.00527887092903, -0.0054085967131, 0.0234200973064, -0.0130128366873, -0.00119049113709], [-0.00010483108781, 0.00229495414533, -0.00188963650726, 0.00403819372877, -0.00183170184027, 0.000634070020169, -0.00213568960316, -0.00156362436246, 0.00839604530483, -0.0025253535714, -0.0130128366873, 0.0301661733538, -0.0132551444694], [5.4216121498e-05, -0.000932832015678, 0.0021272751037, -0.00303231272846, 0.000977799179964, 0.00123688858002, -7.2822032962e-05, 0.000255398917943, -0.00297123705968, 0.000542479741853, -0.00119049113709, -0.0132551444694, 0.0212996266782]]
    },
    "melbands": {
        "dmean": [0.00115783209912, 0.00223297509365, 0.00172213185579, 0.000710628926754, 0.000165117686265, 0.000331164046656, 0.000204398733331, 0.000254802987911, 0.000277603103314, 0.000128046245663, 0.000101153767901, 5.69089752389e-05, 9.87247840385e-05, 4.483833618e-05, 2.89407489618e-05, 2.30029054364e-05, 1.82360727194e-05, 1.78572245204e-05, 1.79726357601e-05, 1.41882746902e-05, 1.33600642584e-05, 9.45045303524e-06, 1.04697828647e-05, 1.14674394354e-05, 7.52935739001e-06, 5.89496812609e-06, 7.18644787412e-06, 5.11846383233e-06, 6.62860475131e-06, 5.73475881538e-06, 5.06271226186e-06, 4.40203166363e-06, 4.41282281827e-06, 5.4874954003e-06, 6.30146905678e-06, 5.02623288412e-06, 3.51715630131e-06, 2.6875079584e-06, 2.50055109063e-06, 2.1736002509e-06],
        "dmean2": [0.0015816144878, 0.00305544701405, 0.00279109715484, 0.00131455715746, 0.000286753667751, 0.000551576318685, 0.000338738638675, 0.000438670482254, 0.00050710409414, 0.000226317846682, 0.000177477268153, 0.000101990997791, 0.000170284780324, 7.7996206528e-05, 4.36047012045e-05, 3.70859743271e-05, 2.96140588034e-05, 2.57499159488e-05, 2.75140191661e-05, 2.32489073824e-05, 2.19739831664e-05, 1.49242086991e-05, 1.62622945936e-05, 1.83092997759e-05, 1.15314478535e-05, 9.45829287957e-06, 1.1273355085e-05, 7.55318251322e-06, 1.0621898582e-05, 9.1798547146e-06, 7.70582937548e-06, 6.39521476842e-06, 6.00064686296e-06, 8.46835519042e-06, 9.81595349003e-06, 7.46912019167e-06, 4.9785835472e-06, 4.01388933824e-06, 3.58440024684e-06, 3.14878684549e-06],
        "dvar": [4.29386318501e-06, 2.18908080569e-05, 2.20021502173e-05, 5.3560647757e-06, 1.09287235261e-07, 3.90372122183e-07, 1.0811579898e-07, 2.43661276045e-07, 3.99494126668e-07, 9.3897014608e-08, 5.39118332199e-08, 2.01240197839e-08, 4.78790127545e-08, 1.02608650465e-08, 2.84232659631e-09, 1.8777632782e-09, 1.0003373685e-09, 1.44999035001e-09, 1.61853885849e-09, 9.50673206823e-10, 5.51610590538e-10, 2.12529036037e-10, 2.07446240741e-10, 2.75839046049e-10, 1.30200961124e-10, 7.75203304326e-11, 1.36244501792e-10, 8.07078431864e-11, 1.39022224288e-10, 1.19760215633e-10, 7.64200300263e-11, 6.70547506409e-11, 7.14835204918e-11, 1.07162487217e-10, 1.57504356779e-10, 8.68380159447e-11, 4.18572884686e-11, 2.04825011119e-11, 2.03129145449e-11, 1.69182289705e-11],
        "dvar2": [9.4436109066e-06, 4.49758845207e-05, 5.3338775615e-05, 1.50736423166e-05, 2.99110126889e-07, 9.66067091213e-07, 2.76255263998e-07, 6.29439114164e-07, 1.16130752303e-06, 2.41802155188e-07, 1.48675098899e-07, 5.70304123926e-08, 1.31093301547e-07, 2.85490351359e-08, 6.61459464979e-09, 4.37120206698e-09, 2.32295005453e-09, 2.79304979145e-09, 3.33541305686e-09, 2.20389950734e-09, 1.28448618408e-09, 4.82701101312e-10, 4.78779516033e-10, 6.85662193689e-10, 2.99819197247e-10, 1.92684493361e-10, 2.84302303921e-10, 1.7354648274e-10, 3.25684534896e-10, 3.12511877487e-10, 1.62755531274e-10, 1.47540674122e-10, 1.37288541646e-10, 2.46850401231e-10, 3.72515629454e-10, 1.78702636022e-10, 8.29397661661e-11, 4.02425037738e-11, 4.23053189702e-11, 3.7577520956e-11],
        "max": [0.0226404853165, 0.0470553040504, 0.0415037535131, 0.0184441749007, 0.00404385384172, 0.00723734311759, 0.00413829600438, 0.00465605966747, 0.00740253925323, 0.00324541097507, 0.00244721281342, 0.00183777278289, 0.0016380926827, 0.000765254488215, 0.000494505395181, 0.000540730485227, 0.000377089978429, 0.000468172016554, 0.000540150271263, 0.000373477960238, 0.000247739837505, 0.000172931788256, 0.000148025821545, 0.000203024377697, 0.000108462001663, 0.000116688315757, 0.000100931822089, 7.2122180427e-05, 0.000113472677185, 9.85040460364e-05, 5.32927006134e-05, 6.10147508269e-05, 8.08922632132e-05, 9.26763459574e-05, 8.92270982149e-05, 6.94514383213e-05, 5.34261853318e-05, 2.95391037071e-05, 3.00478732242e-05, 2.8038803066e-05],
        "mean": [0.00198025163263, 0.00273678964004, 0.00139006017707, 0.000471787701827, 0.000170757004526, 0.000355159194442, 0.000247337535257, 0.000261911074631, 0.000266911520157, 0.000118631316582, 9.22102553886e-05, 4.98597728438e-05, 8.5700157797e-05, 3.88972293877e-05, 3.17721278407e-05, 2.59865228145e-05, 2.22439666686e-05, 2.03498384508e-05, 2.32672391576e-05, 1.87163277587e-05, 1.58575076057e-05, 1.14517488328e-05, 1.24503803818e-05, 1.42009876072e-05, 9.02221836441e-06, 7.06765149516e-06, 7.90373997006e-06, 6.0832849158e-06, 6.99637530488e-06, 5.94000084675e-06, 5.3115868468e-06, 4.77513640362e-06, 5.01827298649e-06, 5.23077460457e-06, 5.70968768443e-06, 5.00022315464e-06, 3.82434473067e-06, 2.77870890386e-06, 2.50154789683e-06, 2.12887607631e-06],
        "median": [0.000389342400013, 0.00031152824522, 0.000107968189695, 4.82499199279e-05, 6.1409198679e-05, 0.000104635269963, 0.000109788845293, 7.79205875006e-05, 5.26694384462e-05, 3.48942667188e-05, 3.16481855407e-05, 1.67997750395e-05, 2.56860821537e-05, 1.07428013507e-05, 7.76063097874e-06, 8.16325245978e-06, 8.56005499372e-06, 4.47470256404e-06, 6.25463871984e-06, 7.24259552953e-06, 6.43373959974e-06, 5.24946881342e-06, 5.8305508901e-06, 6.88002364768e-06, 4.3392956286e-06, 3.89100569009e-06, 3.12033921546e-06, 2.10110192711e-06, 2.25244070862e-06, 1.73499654466e-06, 1.31825015615e-06, 1.00826082416e-06, 9.88083456832e-07, 1.10112046059e-06, 9.75661691882e-07, 9.42219571698e-07, 7.51560378376e-07, 6.76737670346e-07, 5.14592727541e-07, 4.16190061969e-07],
        "min": [7.7744553572e-24, 3.01927242358e-24, 3.62672608617e-24, 4.9232745986e-24, 4.37165808859e-24, 7.6017382063e-24, 9.52107149859e-24, 1.09188935796e-23, 8.95823028676e-24, 5.9366693777e-24, 9.97436596308e-24, 6.57482195685e-24, 8.5111520462e-24, 7.43073682788e-24, 7.84380017507e-24, 1.40365886284e-23, 1.08382357075e-23, 9.07083623668e-24, 1.31865334162e-23, 4.97634442713e-24, 8.33126809398e-24, 1.19528046587e-23, 8.60123049525e-24, 1.0042133848e-23, 9.29866715472e-24, 8.89423552355e-24, 1.18594303488e-23, 5.34531321074e-24, 9.03017913449e-24, 1.02960776397e-23, 7.51797853311e-24, 6.69292153411e-24, 6.68706345303e-24, 6.7462264432e-24, 9.86547002601e-24, 8.2366079408e-24, 6.69734152177e-24, 1.24373545811e-23, 1.43014660323e-23, 1.00490308589e-23],
        "var": [1.02098974821e-05, 3.38511053997e-05, 1.88394842553e-05, 3.1851300264e-06, 9.10872230975e-08, 4.17859638446e-07, 1.27639680159e-07, 2.3915777092e-07, 2.96087421248e-07, 7.8344726262e-08, 4.01381861082e-08, 1.34649473793e-08, 3.73092134964e-08, 6.94512580779e-09, 3.46828898934e-09, 2.58286347865e-09, 1.4811353255e-09, 2.14839368518e-09, 2.64427746366e-09, 1.28357746654e-09, 7.14459658102e-10, 2.79979289752e-10, 2.8645424921e-10, 3.7789352203e-10, 1.61222368789e-10, 8.8717644342e-11, 1.67034094889e-10, 1.03960860753e-10, 1.46420611746e-10, 1.11471241959e-10, 9.01406171927e-11, 8.45414918627e-11, 1.05658419514e-10, 1.15102427589e-10, 1.52870160974e-10, 1.03325306644e-10, 5.80932801864e-11, 2.71937368457e-11, 2.52531190403e-11, 1.9518334865e-11]
    },
    "mfcc": {
        "mean": [-672.12109375, 91.7999801636, 13.3908510208, 19.6978435516, 2.54831290245, 2.22618412971, 0.677644848824, 9.25218200684, 4.47855710983, 8.37715244293, 7.00470304489, 9.30500411987, 5.48313856125],
        "cov": [[13384.3544922, 1.49214422703, -461.123046875, -727.994689941, -414.311950684, -795.164489746, -512.691345215, -490.275848389, -499.080810547, -514.497192383, -516.741516113, -337.085906982, -308.245574951], [1.49214422703, 2066.91821289, 53.7195510864, 196.165802002, 182.350891113, -151.797866821, -88.4315261841, -22.7634773254, -20.1512336731, -18.5193729401, 17.0424785614, -55.8835906982, -129.429702759], [-461.123046875, 53.7195510864, 611.780883789, 153.112304688, 18.7158126831, 82.3222198486, 2.63158082962, 57.6341247559, 2.16970705986, 34.7454223633, 20.5494594574, 1.30503106117, -16.3453083038], [-727.994689941, 196.165802002, 153.112304688, 338.211669922, 188.325698853, 136.153244019, 84.1052474976, 67.0296554565, 71.5976409912, 78.1291809082, 39.4010467529, 32.1795005798, 16.7562332153], [-414.311950684, 182.350891113, 18.7158126831, 188.325698853, 275.43371582, 176.168579102, 97.978187561, 43.1736335754, 68.5228881836, 70.1864089966, 33.6758956909, 27.3558654785, 3.02533626556], [-795.164489746, -151.797866821, 82.3222198486, 136.153244019, 176.168579102, 280.989349365, 144.716537476, 94.0713653564, 91.6524734497, 92.8246231079, 46.4437217712, 55.7261428833, 47.4149589539], [-512.691345215, -88.4315261841, 2.63158082962, 84.1052474976, 97.978187561, 144.716537476, 155.683288574, 96.799987793, 71.9766235352, 54.2220458984, 37.7320251465, 44.7671508789, 53.1500015259], [-490.275848389, -22.7634773254, 57.6341247559, 67.0296554565, 43.1736335754, 94.0713653564, 96.799987793, 151.41116333, 73.7855453491, 60.2036972046, 44.4015350342, 43.3836174011, 44.18176651], [-499.080810547, -20.1512336731, 2.16970705986, 71.5976409912, 68.5228881836, 91.6524734497, 71.9766235352, 73.7855453491, 112.5990448, 80.0451049805, 43.5742721558, 36.6242485046, 38.0885925293], [-514.497192383, -18.5193729401, 34.7454223633, 78.1291809082, 70.1864089966, 92.8246231079, 54.2220458984, 60.2036972046, 80.0451049805, 118.016685486, 71.0669784546, 43.5909996033, 29.8264732361], [-516.741516113, 17.0424785614, 20.5494594574, 39.4010467529, 33.6758956909, 46.4437217712, 37.7320251465, 44.4015350342, 43.5742721558, 71.0669784546, 94.2795944214, 52.124671936, 31.6922702789], [-337.085906982, -55.8835906982, 1.30503106117, 32.1795005798, 27.3558654785, 55.7261428833, 44.7671508789, 43.3836174011, 36.6242485046, 43.5909996033, 52.124671936, 73.0341949463, 55.6620826721], [-308.245574951, -129.429702759, -16.3453083038, 16.7562332153, 3.02533626556, 47.4149589539, 53.1500015259, 44.18176651, 38.0885925293, 29.8264732361, 31.6922702789, 55.6620826721, 92.9197006226]],
