{
"lowlevel": {
    "average_loudness": 0.0708814933896,
    "barkbands_crest": {
        "dmean": 1.99973261356,
        "dmean2": 3.1517803669,
        "dvar": 5.35845708847,
        "dvar2": 13.3842887878,
        "max": 26.5583438873,
        "mean": 15.5483350754,
        "median": 15.4090909958,
        "min": 3.29034018517,
        "var": 23.5210170746
    },
    "barkbands_flatness_db": {
        "dmean": 0.030584089458,
        "dmean2": 0.0467468649149,
        "dvar": 0.00154674600344,
        "dvar2": 0.00359638477676,
        "max": 0.634268343449,
        "mean": 0.312639385462,
        "median": 0.315930604935,
        "min": 0.0642477050424,
        "var": 0.00772574730217
    },
    "barkbands_kurtosis": {
        "dmean": 7.08483123779,
        "dmean2": 10.7853813171,
        "dvar": 179.247879028,
        "dvar2": 329.33493042,
        "max": 591.978149414,
        "mean": 19.4193725586,
        "median": 13.5988035202,
        "min": -1.89994013309,
        "var": 633.000549316
    },
    "barkbands_skewness": {
        "dmean": 0.676430583,
        "dmean2": 1.06766796112,
        "dvar": 0.624896228313,
        "dvar2": 1.63209009171,
        "max": 14.2830696106,
        "mean": 2.56126832962,
        "median": 2.45141744614,
        "min": -3.99186754227,
        "var": 2.9963350296
    },
    "barkbands_spread": {
        "dmean": 1.87402200699,
        "dmean2": 3.10919618607,
        "dvar": 19.3972148895,
        "dvar2": 47.8693733215,
        "max": 141.146270752,
        "mean": 7.50762844086,
        "median": 2.65610814095,
        "min": 0.0491245947778,
        "var": 432.113494873
    },
    "dissonance": {
        "dmean": 0.0311698745936,
        "dmean2": 0.0504459552467,
        "dvar": 0.00086716923397,
        "dvar2": 0.00213651964441,
        "max": 0.500000059605,
        "mean": 0.388000696898,
        "median": 0.394516080618,
        "min": 0.149275049567,
        "var": 0.00383111229166
    },
    "dynamic_complexity": 6.56822872162,
    "erbbands_crest": {
        "dmean": 2.18842387199,
        "dmean2": 3.39831137657,
        "dvar": 7.19190645218,
        "dvar2": 18.6283378601,
        "max": 31.1429157257,
        "mean": 13.7873601913,
        "median": 13.1773281097,
        "min": 2.34914731979,
        "var": 28.9112281799
    },
    "erbbands_flatness_db": {
        "dmean": 0.0231924541295,
        "dmean2": 0.034575343132,
        "dvar": 0.000816817278974,
        "dvar2": 0.00181273033377,
        "max": 0.568828463554,
        "mean": 0.280013978481,
        "median": 0.281563252211,
        "min": 0.0510102137923,
        "var": 0.00463376892731
    },
    "erbbands_kurtosis": {
        "dmean": 2.73614215851,
        "dmean2": 4.16333627701,
        "dvar": 31.7863445282,
        "dvar2": 62.1793441772,
        "max": 231.118164062,
        "mean": 6.70641517639,
        "median": 3.78435254097,
        "min": -1.83211016655,
        "var": 126.934883118
    },
    "erbbands_skewness": {
        "dmean": 0.424173921347,
        "dmean2": 0.649612009525,
        "dvar": 0.34595900774,
        "dvar2": 0.817491769791,
        "max": 10.0936040878,
        "mean": 1.78002083302,
        "median": 1.7428497076,
        "min": -3.24746370316,
        "var": 1.42156982422
    },
    "erbbands_spread": {
        "dmean": 5.28986167908,
        "dmean2": 8.25302410126,
        "dvar": 84.2434310913,
        "dvar2": 205.223602295,
        "max": 138.035110474,
        "mean": 18.7366371155,
        "median": 14.8626804352,
        "min": 0.451916217804,
        "var": 202.020584106
    },
    "hfc": {
        "dmean": 2.16876840591,
        "dmean2": 3.07291698456,
        "dvar": 46.6543998718,
        "dvar2": 84.2794723511,
        "max": 263.788269043,
        "mean": 5.87969827652,
        "median": 2.72563791275,
        "min": 1.19176251894e-16,
        "var": 132.220077515
    },
    "melbands_crest": {
        "dmean": 2.39785790443,
        "dmean2": 3.88790392876,
        "dvar": 7.6342921257,
        "dvar2": 20.6464614868,
        "max": 37.9868011475,
        "mean": 18.7799911499,
        "median": 18.6917266846,
        "min": 2.27710390091,
        "var": 27.4298496246
    },
    "melbands_flatness_db": {
        "dmean": 0.0342640392482,
        "dmean2": 0.0518666170537,
        "dvar": 0.00218827277422,
        "dvar2": 0.00506018474698,
        "max": 0.738333106041,
        "mean": 0.408456742764,
        "median": 0.416293203831,
        "min": 0.00898205302656,
        "var": 0.0129118245095
    },
    "melbands_kurtosis": {
        "dmean": 8.32657623291,
        "dmean2": 13.0720796585,
        "dvar": 189.595184326,
        "dvar2": 483.329650879,
        "max": 312.445251465,
        "mean": 24.6890449524,
        "median": 17.4280509949,
        "min": -1.77612662315,
        "var": 596.571411133
    },
    "melbands_skewness": {
        "dmean": 0.651972711086,
        "dmean2": 1.00584459305,
        "dvar": 0.642660021782,
        "dvar2": 1.55938637257,
        "max": 13.8455696106,
        "mean": 2.96206784248,
        "median": 2.78223562241,
        "min": -1.3266825676,
        "var": 3.22664690018
    },
    "melbands_spread": {
        "dmean": 1.87238883972,
        "dmean2": 3.10626745224,
        "dvar": 22.6520366669,
        "dvar2": 58.2719268799,
        "max": 197.375701904,
        "mean": 8.9685459137,
        "median": 3.04511880875,
        "min": 0.327832221985,
        "var": 755.62322998
    },
    "pitch_salience": {
        "dmean": 0.0593986660242,
        "dmean2": 0.0938928350806,
        "dvar": 0.00444925669581,
        "dvar2": 0.0113700842485,
        "max": 0.867048203945,
        "mean": 0.459106743336,
        "median": 0.47271668911,
        "min": 0.10340834409,
        "var": 0.0173621475697
    },
    "silence_rate_20dB": {
        "dmean": 0.00114887510426,
        "dmean2": 0.00229797023349,
        "dvar": 0.00114754051901,
        "dvar2": 0.00229285401292,
        "max": 1,
        "mean": 0.996840894222,
        "median": 1,
        "min": 0,
        "var": 0.00314889173023
    },
    "silence_rate_30dB": {
        "dmean": 0.0157012920827,
        "dmean2": 0.0314055904746,
        "dvar": 0.015453656204,
        "dvar2": 0.0350131243467,
        "max": 1,
        "mean": 0.964771211147,
        "median": 1,
        "min": 0,
        "var": 0.0339900963008
    },
    "silence_rate_60dB": {
        "dmean": 0.0457635223866,
        "dmean2": 0.0915358066559,
        "dvar": 0.0436743721366,
        "dvar2": 0.0921515673399,
        "max": 1,
        "mean": 0.235018193722,
        "median": 0,
        "min": 0,
        "var": 0.179762110114
    },
    "spectral_centroid": {
        "dmean": 86.4006195068,
        "dmean2": 142.304260254,
        "dvar": 53980.2226562,
        "dvar2": 128414.765625,
        "max": 11454.4980469,
        "mean": 486.328491211,
        "median": 328.451538086,
        "min": 134.289428711,
        "var": 398107
    },
    "spectral_complexity": {
        "dmean": 1.26357114315,
        "dmean2": 2.04864025116,
        "dvar": 6.27359628677,
        "dvar2": 14.4475908279,
        "max": 36,
        "mean": 5.88158130646,
        "median": 5,
        "min": 0,
        "var": 14.9157209396
    },
    "spectral_decrease": {
        "dmean": 1.99733074524e-09,
        "dmean2": 2.93638979798e-09,
        "dvar": 3.86064746428e-17,
        "dvar2": 7.91854706441e-17,
        "max": 6.72765968544e-29,
        "mean": -6.13557560314e-09,
        "median": -2.60425370158e-09,
        "min": -2.09890330893e-07,
        "var": 1.26325884949e-16
    },
    "spectral_energy": {
        "dmean": 0.00771846296266,
        "dmean2": 0.0113200983033,
        "dvar": 0.000572898832615,
        "dvar2": 0.00116612331476,
        "max": 0.816100478172,
        "mean": 0.0236902497709,
        "median": 0.0100852679461,
        "min": 1.05557131891e-20,
        "var": 0.00188071618322
    },
    "spectral_energyband_high": {
        "dmean": 3.83833648812e-05,
        "dmean2": 7.02227844158e-05,
        "dvar": 5.37094706488e-08,
        "dvar2": 1.56759753622e-07,
        "max": 0.00965264812112,
        "mean": 2.86882677756e-05,
        "median": 1.35398954626e-06,
        "min": 7.56386472919e-21,
        "var": 3.06516980686e-08
    },
    "spectral_energyband_low": {
        "dmean": 0.00379831390455,
        "dmean2": 0.00655463850126,
        "dvar": 0.000253151636571,
        "dvar2": 0.000743766897358,
        "max": 0.481240302324,
        "mean": 0.0101463347673,
        "median": 0.000989522319287,
        "min": 5.48970954516e-23,
        "var": 0.000583476794418
    },
    "spectral_energyband_middle_high": {
        "dmean": 0.000319413142279,
        "dmean2": 0.00050857354654,
        "dvar": 1.97451367967e-06,
        "dvar2": 5.01339036418e-06,
        "max": 0.044487439096,
        "mean": 0.000509439967573,
        "median": 0.000135769383633,
        "min": 1.61859414545e-21,
        "var": 2.14452984437e-06
    },
    "spectral_energyband_middle_low": {
        "dmean": 0.00497766956687,
        "dmean2": 0.00661604385823,
        "dvar": 0.000298091646982,
        "dvar2": 0.000439169351012,
        "max": 0.815480828285,
        "mean": 0.015186605975,
        "median": 0.00672467285767,
        "min": 3.0822204157e-22,
        "var": 0.00105292501394
    },
    "spectral_entropy": {
        "dmean": 0.305150032043,
        "dmean2": 0.46017614007,
        "dvar": 0.163954213262,
        "dvar2": 0.378009825945,
        "max": 9.79897975922,
        "mean": 5.84667873383,
        "median": 5.74350595474,
        "min": 3.16766023636,
        "var": 0.809513747692
    },
    "spectral_flux": {
        "dmean": 0.0195874329656,
        "dmean2": 0.0297300815582,
        "dvar": 0.00147316453513,
        "dvar2": 0.00309289689176,
        "max": 0.589782893658,
        "mean": 0.0391705371439,
        "median": 0.0224311836064,
        "min": 1.02741003205e-10,
        "var": 0.00284020369872
    },
    "spectral_kurtosis": {
        "dmean": 14.2408285141,
        "dmean2": 23.8118286133,
        "dvar": 225.524551392,
        "dvar2": 546.87689209,
        "max": 226.164764404,
        "mean": 33.5583839417,
        "median": 24.5154151917,
        "min": -1.14262485504,
        "var": 920.615905762
    },
    "spectral_rms": {
        "dmean": 0.000618459831458,
        "dmean2": 0.000873703858815,
        "dvar": 1.41312830237e-06,
        "dvar2": 2.80078938886e-06,
        "max": 0.0282169375569,
        "mean": 0.00383559893817,
        "median": 0.00313676334918,
        "min": 3.20908967802e-12,
        "var": 8.4007233454e-06
    },
    "spectral_rolloff": {
        "dmean": 98.0943450928,
        "dmean2": 176.398620605,
        "dvar": 130337.664062,
        "dvar2": 336794.125,
        "max": 19207.6171875,
        "mean": 814.661376953,
        "median": 344.53125,
        "min": 21.533203125,
        "var": 6508918
    },
    "spectral_skewness": {
        "dmean": 1.03877663612,
        "dmean2": 1.72696042061,
        "dvar": 0.934760868549,
        "dvar2": 2.31238079071,
        "max": 12.7076587677,
        "mean": 3.94717359543,
        "median": 3.61164712906,
        "min": -0.0592608526349,
        "var": 4.13667297363
    },
    "spectral_spread": {
        "dmean": 483495.53125,
        "dmean2": 811677.625,
        "dvar": 304817078272,
        "dvar2": 668382461952,
        "max": 38292104,
        "mean": 2343039.5,
        "median": 2003283.75,
        "min": 364941.5,
        "var": 2.98236274278e+12
    },
    "spectral_strongpeak": {
        "dmean": 0.192949578166,
        "dmean2": 0.298467129469,
        "dvar": 0.175956875086,
        "dvar2": 0.360472500324,
        "max": 12.8417263031,
        "mean": 0.746602237225,
        "median": 0.590388774872,
        "min": 0,
        "var": 0.556945264339
    },
    "zerocrossingrate": {
        "dmean": 0.00292459200136,
        "dmean2": 0.00381064158864,
        "dvar": 4.45336045232e-05,
        "dvar2": 7.84263756941e-05,
        "max": 0.50048828125,
        "mean": 0.0268820654601,
        "median": 0.01513671875,
        "min": 0.00244140625,
        "var": 0.00403402978554
    },
    "barkbands": {
        "dmean": [0.000330962560838, 0.00121799379122, 0.00220004864968, 0.00107823929284, 0.00211055739783, 0.00203200033866, 0.000316902005579, 0.000205311967875, 0.000126447761431, 5.74716432311e-05, 3.86672581953e-05, 5.17015032528e-05, 4.75990200357e-05, 6.82345271343e-05, 1.86648685485e-05, 2.28609296755e-05, 1.74070173671e-05, 2.18264631258e-05, 2.53584094025e-05, 1.98832658498e-05, 1.30541720864e-05, 9.67885807768e-06, 4.81667302665e-06, 1.23285747122e-06, 1.79771816988e-07, 8.41718019728e-08, 5.82575765407e-08],
        "dmean2": [0.000586997834034, 0.002228125697, 0.00383806694299, 0.00152597553097, 0.00305132335052, 0.00255785835907, 0.000513596518431, 0.000362563732779, 0.000197735294932, 8.42740992084e-05, 6.20873543085e-05, 8.59950450831e-05, 8.22201909614e-05, 0.000109420543595, 3.17248377542e-05, 3.71764290321e-05, 3.05339563056e-05, 3.63039580407e-05, 4.34009998571e-05, 3.50682093995e-05, 2.42114310822e-05, 1.7997199393e-05, 9.12498308026e-06, 2.2535464268e-06, 3.32646322931e-07, 1.53348821641e-07, 1.08878914773e-07],
        "dvar": [3.25502378473e-06, 4.87138131575e-05, 0.000103225531348, 2.0820321879e-05, 4.89335252496e-05, 0.000190227467101, 1.496146524e-06, 2.47415232479e-06, 3.53716217205e-07, 7.73901263074e-08, 2.82806791319e-08, 9.1134168656e-08, 3.77145141783e-08, 8.16142915028e-07, 5.0050670275e-09, 1.25593473399e-08, 6.4175513792e-09, 8.72772787375e-09, 1.43047946821e-08, 1.10479119186e-08, 9.3677483548e-09, 3.58594687278e-09, 1.33415178905e-09, 4.28631817539e-11, 1.07810646261e-12, 2.0863242774e-13, 1.04504200974e-13],
        "dvar2": [8.73769840837e-06, 0.000141442083986, 0.000316218793159, 4.39313189418e-05, 0.000109130218334, 0.000205584132345, 3.65042183148e-06, 7.06891523805e-06, 8.29668692859e-07, 1.5597345282e-07, 7.3263791478e-08, 2.37445988205e-07, 1.03032142817e-07, 2.06358708965e-06, 1.34317481582e-08, 3.23090993959e-08, 1.81163954949e-08, 2.28904664112e-08, 3.78102384957e-08, 3.15879518098e-08, 2.75316693887e-08, 1.0447449128e-08, 3.94864496656e-09, 1.22281546e-10, 3.28077062045e-12, 5.90805182554e-13, 3.00775734614e-13],
        "max": [0.053192794323, 0.165819734335, 0.424715697765, 0.159482419491, 0.206663951278, 0.801111280918, 0.05460087955, 0.0402007773519, 0.0190132092685, 0.014160762541, 0.00645246217027, 0.00829861871898, 0.00460926722735, 0.0443199500442, 0.00203871051781, 0.0040490180254, 0.00171054364182, 0.00197262177244, 0.00227624061517, 0.00339980307035, 0.00433116219938, 0.00234946981072, 0.00106593652163, 0.000149922663695, 4.36692207586e-05, 1.42948838402e-05, 6.1753294176e-06],
        "mean": [0.000261091132415, 0.00115731032565, 0.00655818544328, 0.00438500801101, 0.00472949957475, 0.00486312294379, 0.000739482697099, 0.000198983791051, 0.000248003925662, 0.000122302459204, 5.63023495488e-05, 5.2329924074e-05, 5.86457135796e-05, 9.08666625037e-05, 3.23719941662e-05, 2.94700566883e-05, 1.93659652723e-05, 2.77548260783e-05, 2.23814549827e-05, 1.81980794878e-05, 9.12668201636e-06, 6.39781274003e-06, 3.08237326863e-06, 8.55889254581e-07, 1.3021846712e-07, 6.95896744674e-08, 3.91944183775e-08],
        "median": [9.86875420494e-06, 0.000147220736835, 0.000146656355355, 0.00063432182651, 0.00134675367735, 0.00113717885688, 0.000136838134495, 1.29509535327e-05, 4.10469729104e-05, 1.33210669446e-05, 6.29267924523e-06, 3.66746940017e-06, 9.58186410571e-06, 1.58593575179e-05, 7.93826438894e-06, 3.60013609679e-06, 2.27383043239e-06, 3.40722681358e-06, 1.18275806926e-06, 9.48320689531e-07, 3.80993128601e-07, 1.85793652463e-07, 8.31281283808e-08, 2.93078521452e-08, 4.22021217972e-09, 1.56992499001e-08, 4.56970017382e-09],
        "min": [1.2097871446e-23, 4.76932405421e-24, 3.88093690731e-23, 1.66545828923e-23, 1.06363277054e-22, 8.88685320543e-23, 4.62678974707e-23, 2.65962276939e-23, 1.91982254382e-23, 2.42853716903e-23, 4.78258914476e-23, 6.24198813031e-23, 1.28616513076e-22, 1.24222305398e-22, 1.23849874699e-22, 1.62120748385e-22, 1.33171282347e-22, 2.40588338731e-22, 4.5194999939e-22, 3.28437025096e-22, 3.96258211773e-22, 5.3603242398e-22, 4.19136061549e-22, 9.16184014579e-22, 9.56106081425e-22, 1.78892569892e-21, 2.50479760861e-21],
        "var": [2.75025581686e-06, 3.1161638617e-05, 0.000361257523764, 0.000123056393932, 0.000130501706735, 0.000651448441204, 4.48176297141e-06, 1.55942143465e-06, 8.05810486781e-07, 2.49942900155e-07, 3.28744320655e-08, 8.04593440762e-08, 3.30599156939e-08, 6.57412897453e-07, 7.26227344927e-09, 1.64442397477e-08, 5.23137533293e-09, 1.02545856251e-08, 1.1686554835e-08, 7.54958584537e-09, 5.08478636974e-09, 2.00903449432e-09, 7.13866188384e-10, 2.72028823078e-11, 7.0932978458e-13, 1.38433752309e-13, 6.24160079632e-14]
    },
    "erbbands": {
        "dmean": [0.0288077089936, 0.326708167791, 2.17445492744, 3.05120897293, 4.30864286423, 8.06477737427, 13.6049003601, 16.2239208221, 6.69898223877, 2.9060921669, 4.40182733536, 3.11100387573, 1.71221506596, 1.78788638115, 1.72551286221, 2.03897333145, 2.07475829124, 3.44421076775, 1.65913450718, 1.19468414783, 1.13260555267, 0.962383031845, 1.16946911812, 1.16524088383, 1.27846574783, 0.985223591328, 0.62821739912, 0.460369378328, 0.395896553993, 0.188994511962, 0.140547052026, 0.0435414724052, 0.0139012755826, 0.00348379416391, 0.000847664196044, 0.000273436453426, 0.000171432635398, 8.26278192108e-05, 1.27829052872e-05, 8.58224393596e-06],
        "dmean2": [0.0523005910218, 0.600558519363, 3.85057067871, 4.6328587532, 6.01316690445, 12.0861463547, 17.5530033112, 21.3085479736, 10.4835891724, 4.6589422226, 7.84623479843, 4.8416223526, 2.40492773056, 2.83883738518, 2.68531131744, 3.42123889923, 3.58086919785, 5.6418170929, 2.63810706139, 1.90940785408, 1.91324770451, 1.67587995529, 1.95036566257, 1.99128031731, 2.21278953552, 1.72394323349, 1.15125107765, 0.856680035591, 0.736650288105, 0.354653805494, 0.267769724131, 0.0802054107189, 0.0256585944444, 0.00648009544238, 0.00156167021487, 0.000500049500261, 0.000312671065331, 0.000152126216562, 2.24200557568e-05, 1.25635560835e-05],
        "dvar": [0.0318857580423, 3.01235556602, 100.162063599, 121.300491333, 269.855102539, 737.405090332, 5961.50048828, 10024.0517578, 592.473510742, 163.121261597, 1108.62719727, 235.957092285, 47.9871940613, 104.331687927, 51.6791305542, 136.382141113, 75.5423355103, 2369.98120117, 77.6758346558, 16.6124382019, 37.426410675, 21.3454322815, 24.2877235413, 34.8960571289, 40.9201698303, 28.4828891754, 19.8447113037, 11.4914398193, 6.50332403183, 1.17592668533, 1.72202754021, 0.0608184672892, 0.00504073034972, 0.000345729582477, 2.30547448155e-05, 3.01955901705e-06, 8.54166273712e-07, 1.8058736373e-07, 3.64042151979e-09, 6.93364810012e-10],
        "dvar2": [0.0911202505231, 8.83832454681, 320.324310303, 274.422668457, 547.239379883, 1802.43188477, 7732.84277344, 12959.3515625, 1434.70202637, 444.731658936, 3187.42578125, 546.637207031, 81.704208374, 260.210845947, 123.843513489, 362.204986572, 208.157318115, 6059.60009766, 184.981246948, 39.820186615, 104.382659912, 60.2825775146, 64.3675460815, 93.8635253906, 110.317886353, 80.9287414551, 58.1405754089, 33.8664703369, 18.9245510101, 3.44363951683, 5.09393882751, 0.174799233675, 0.0144899776205, 0.00103300379124, 6.7979322921e-05, 8.63514742377e-06, 2.46088029598e-06, 5.14106147875e-07, 1.02973967131e-08, 1.40032219154e-09],
        "max": [5.2347035408, 35.9595985413, 331.533599854, 424.764587402, 571.739929199, 947.398010254, 3989.09082031, 5487.29394531, 971.302734375, 319.442596436, 830.526672363, 523.307861328, 567.329467773, 258.024078369, 313.000366211, 300.148651123, 204.795730591, 2378.24121094, 383.24230957, 157.924514771, 175.237686157, 101.359542847, 97.2802200317, 130.251327515, 144.219696045, 170.142593384, 211.606842041, 134.728271484, 98.3743057251, 32.5378303528, 43.2088775635, 5.73225736618, 1.16710186005, 0.580176770687, 0.171939685941, 0.0587354488671, 0.0319191962481, 0.00781267229468, 0.00130852044094, 0.000902395346202],
        "mean": [0.0232735574245, 0.397559940815, 5.42389822006, 12.9299659729, 13.2133874893, 18.6564006805, 27.6340293884, 39.9108963013, 15.3644247055, 5.80692863464, 4.49647426605, 5.74382448196, 4.53359031677, 2.68557405472, 2.60712957382, 2.16252827644, 2.49274468422, 4.05285072327, 2.84363341331, 2.20558595657, 1.3399283886, 1.11960577965, 1.50413584709, 1.19290935993, 1.1017999649, 0.906028687954, 0.463810265064, 0.33480116725, 0.259182959795, 0.12626041472, 0.0876214206219, 0.0295054167509, 0.00969039835036, 0.00248310784809, 0.000637047865894, 0.000213604769669, 0.000149095620145, 6.52865346638e-05, 1.73196349351e-05, 2.61775949184e-05],
        "median": [0.00281098927371, 0.0484759397805, 0.241640597582, 1.44956159592, 3.60299277306, 4.8921957016, 7.01394844055, 10.2519340515, 2.98173475266, 1.47579693794, 0.480582088232, 1.00215935707, 0.789739191532, 0.430844068527, 0.352813273668, 0.236320734024, 0.450382858515, 0.607070207596, 0.700841903687, 0.464893400669, 0.164559870958, 0.153272509575, 0.195207223296, 0.105896994472, 0.0605469793081, 0.0423585996032, 0.0217507258058, 0.0150956567377, 0.00737260375172, 0.00389833701774, 0.00218402221799, 0.000956714851782, 0.000367288885172, 9.24716587178e-05, 3.22392734233e-05, 2.55864488281e-05, 4.07334810006e-05, 1.41057626024e-05, 5.51311222807e-06, 1.12900725071e-05],
        "min": [1.25096691448e-22, 2.49702744229e-21, 4.18891467715e-20, 4.62798860865e-20, 1.44109273744e-19, 4.23571326042e-19, 6.60651836152e-19, 6.82998895882e-19, 7.29735841262e-19, 3.53958700821e-19, 8.0684282623e-19, 4.33928040901e-19, 6.54577435324e-19, 1.32770212114e-18, 1.63064109726e-18, 2.90760127128e-18, 4.45520305102e-18, 7.66336101826e-18, 5.63724373276e-18, 7.69195417049e-18, 8.20663918251e-18, 8.1847991328e-18, 1.25482496559e-17, 1.57177997952e-17, 2.33392748688e-17, 1.48171258396e-17, 1.73232564482e-17, 1.5629645503e-17, 2.09873158372e-17, 9.8346935826e-18, 1.54676074384e-17, 1.77450854733e-17, 1.51232670387e-17, 1.03063561038e-17, 7.54451336221e-18, 6.78860924868e-18, 3.5273425638e-18, 1.08907550706e-18, 3.18285787272e-19, 4.15521159084e-20],
        "var": [0.0194377154112, 2.16068649292, 233.540008545, 705.386352539, 879.453308105, 2667.43017578, 16957.6328125, 33449.953125, 1655.28295898, 224.422103882, 686.768005371, 520.241210938, 319.544250488, 99.2555236816, 69.0590591431, 116.574623108, 61.4542236328, 1845.51599121, 93.2303848267, 36.1369857788, 34.53282547, 16.6257457733, 27.1317481995, 28.8727111816, 31.0085639954, 20.0314998627, 11.0303583145, 6.2199883461, 3.6465446949, 0.659158110619, 0.906561970711, 0.0367123447359, 0.00320077175274, 0.000225463722018, 1.53121563926e-05, 1.93872824639e-06, 5.50282777567e-07, 1.15064530348e-07, 2.639983121e-09, 2.27762209093e-09]
    },
    "gfcc": {
        "mean": [-195.40007019, 177.162307739, -97.1478881836, 18.1154212952, -38.0489501953, -26.2999477386, -32.3485412598, -27.9664096832, -14.7104587555, -12.8576517105, -9.61761569977, -7.17139720917, -8.6493024826],
        "cov": [[15093.3564453, 3738.84375, -1640.25805664, 1096.31433105, -151.243255615, -500.129394531, 171.679138184, -523.334533691, 124.142990112, -498.690673828, 154.466552734, -518.04119873, 64.8254547119], [3738.84375, 2624.31982422, 94.9783172607, -66.876991272, 304.246673584, -393.880432129, 50.1450500488, -375.357879639, 110.742233276, -277.947113037, -5.71612262726, -228.250717163, -12.1101121902], [-1640.25805664, 94.9783172607, 1176.48266602, 77.5630722046, 140.900909424, 108.972381592, 2.81707549095, 48.5871047974, -31.3665237427, 0.826297998428, -11.5694847107, -69.4803237915, -66.2196807861], [1096.31433105, -66.876991272, 77.5630722046, 730.675231934, 151.647979736, 108.790939331, 123.261581421, 32.8230743408, 18.438457489, -1.12585449219, 42.4745559692, -86.8494644165, -34.8651351929], [-151.243255615, 304.246673584, 140.900909424, 151.647979736, 412.646087646, 7.49428701401, 67.6364364624, -41.783657074, 17.7913570404, -35.9318199158, -17.3519439697, -69.0427093506, -45.5176925659], [-500.129394531, -393.880432129, 108.972381592, 108.790939331, 7.49428701401, 263.866821289, 51.6612968445, 94.2441482544, -17.8030109406, 57.2039680481, 20.7927875519, 19.9179210663, -28.888338089], [171.679138184, 50.1450500488, 2.81707549095, 123.261581421, 67.6364364624, 51.6612968445, 172.004608154, 54.6794052124, 31.630897522, 0.606659948826, 14.7600297928, -7.74619150162, -16.1389217377], [-523.334533691, -375.357879639, 48.5871047974, 32.8230743408, -41.783657074, 94.2441482544, 54.6794052124, 223.333984375, 13.1951713562, 63.496055603, 9.82764053345, 47.1030349731, 17.3892345428], [124.142990112, 110.742233276, -31.3665237427, 18.438457489, 17.7913570404, -17.8030109406, 31.630897522, 13.1951713562, 119.386154175, 23.1690769196, -2.19712233543, 12.4917345047, 16.2033023834], [-498.690673828, -277.947113037, 0.826297998428, -1.12585449219, -35.9318199158, 57.2039680481, 0.606659948826, 63.496055603, 23.1690769196, 124.241638184, 31.4252624512, 43.8742790222, 10.8788080215], [154.466552734, -5.71612262726, -11.5694847107, 42.4745559692, -17.3519439697, 20.7927875519, 14.7600297928, 9.82764053345, -2.19712233543, 31.4252624512, 88.9161529541, 27.8523254395, 9.00930690765], [-518.04119873, -228.250717163, -69.4803237915, -86.8494644165, -69.0427093506, 19.9179210663, -7.74619150162, 47.1030349731, 12.4917345047, 43.8742790222, 27.8523254395, 144.104934692, 49.9440765381], [64.8254547119, -12.1101121902, -66.2196807861, -34.8651351929, -45.5176925659, -28.888338089, -16.1389217377, 17.3892345428, 16.2033023834, 10.8788080215, 9.00930690765, 49.9440765381, 93.1831130981]],
        "icov": [[0.000358659483027, -0.000635389296804, 0.000578123668674, -0.000702988065314, 0.000690448447131, -0.00029029554571, 0.000216230226215, -0.000253513659118, 0.000199068017537, 0.000314203527523, -0.000340176135069, 0.000636603799649, -0.000231860336498], [-0.000635389296804, 0.00212529650889, -0.00119783054106, 0.0015944665065, -0.00158954365179, 0.00128366192803, -0.000987192848697, 0.00136867398396, -0.00150783604477, 0.000918240635656, -0.000637945136987, 5.37498053745e-05, -0.000153440778377], [0.000578123668674, -0.00119783054106, 0.00193817110267, -0.00115542288404, 0.000845175876748, -0.000948249129578, 0.000790799502283, -0.000913162599318, 0.000618337653577, 0.000317518453812, -0.000400533317588, 0.00120120355859, 6.37374905637e-05], [-0.000702988065314, 0.0015944665065, -0.00115542288404, 0.00341596640646, -0.00190256570932, 0.000128078245325, -0.00142282596789, 0.000696085044183, -0.00104411703069, 6.42943559797e-05, -0.000910926260985, 0.000567331793718, -0.000154641311383], [0.000690448447131, -0.00158954365179, 0.000845175876748, -0.00190256570932, 0.00460826745257, -0.000766640354414, -0.000447516853455, -6.9153997174e-05, 0.0003707385913, 0.000291567150271, 0.000364718522178, 0.00122054561507, 0.000362648628652], [-0.00029029554571, 0.00128366192803, -0.000948249129578, 0.000128078245325, -0.000766640354414, 0.0065723080188, -0.00157340185251, -0.000531753408723, 0.00045907535241, -0.00108602782711, -0.000496918219142, -0.000798387045506, 0.00175552640576], [0.000216230226215, -0.000987192848697, 0.000790799502283, -0.00142282596789, -0.000447516853455, -0.00157340185251, 0.00900086853653, -0.00300734653138, -0.00154715962708, 0.00128889095504, -0.00106858217623, -0.000399083714001, 0.00160040426999], [-0.000253513659118, 0.00136867398396, -0.000913162599318, 0.000696085044183, -6.9153997174e-05, -0.000531753408723, -0.00300734653138, 0.00788776855916, -0.000934127543587, -0.00139405904338, 0.000609761977103, -0.000487704557599, -0.00169807614293], [0.000199068017537, -0.00150783604477, 0.000618337653577, -0.00104411703069, 0.0003707385913, 0.00045907535241, -0.00154715962708, -0.000934127543587, 0.0116406567395, -0.00448932079598, 0.00291515165009, -0.00151821854524, -0.00102407624945], [0.000314203527523, 0.000918240635656, 0.000317518453812, 6.42943559797e-05, 0.000291567150271, -0.00108602782711, 0.00128889095504, -0.00139405904338, -0.00448932079598, 0.0147135118023, -0.0057289050892, 0.000721852353308, -0.00033055737731], [-0.000340176135069, -0.000637945136987, -0.000400533317588, -0.000910926260985, 0.000364718522178, -0.000496918219142, -0.00106858217623, 0.000609761977103, 0.00291515165009, -0.0057289050892, 0.0160152036697, -0.00473251892254, 0.000403556565288], [0.000636603799649, 5.37498053745e-05, 0.00120120355859, 0.000567331793718, 0.00122054561507, -0.000798387045506, -0.000399083714001, -0.000487704557599, -0.00151821854524, 0.000721852353308, -0.00473251892254, 0.0139100048691, -0.00581757584587], [-0.000231860336498, -0.000153440778377, 6.37374905637e-05, -0.000154641311383, 0.000362648628652, 0.00175552640576, 0.00160040426999, -0.00169807614293, -0.00102407624945, -0.00033055737731, 0.000403556565288, -0.00581757584587, 0.0154715450481]]
    },
    "melbands": {
        "dmean": [0.000301031745039, 0.000889864575583, 0.000546669820324, 0.000436685601017, 0.000468520069262, 0.000368409324437, 8.82246895344e-05, 3.44855798176e-05, 3.36347293342e-05, 1.84480486496e-05, 8.59551073518e-06, 7.61581804909e-06, 5.46541696167e-06, 5.88856528339e-06, 5.49147307538e-06, 4.36317395724e-06, 7.09969071977e-06, 3.13674149766e-06, 1.33746073061e-06, 1.77533263468e-06, 1.31596311803e-06, 9.91865704236e-07, 1.07030234631e-06, 1.08175095193e-06, 9.47595538037e-07, 9.19058379623e-07, 8.75720047588e-07, 6.09358835391e-07, 4.15157046518e-07, 3.04771702986e-07, 2.48753394771e-07, 2.55627668366e-07, 1.37832998348e-07, 8.88985525194e-08, 9.27681043095e-08, 4.52645103621e-08, 1.87377988681e-08, 1.0344976431e-08, 5.98196558954e-09, 1.9495947079e-09],
        "dmean2": [0.000543369911611, 0.00158616749104, 0.000818437663838, 0.000639750389382, 0.000620722072199, 0.000476177956443, 0.000140281219501, 5.69033982174e-05, 5.95098681515e-05, 2.84435172944e-05, 1.1974492736e-05, 1.19643673315e-05, 8.60458203533e-06, 9.3938988357e-06, 9.82054825727e-06, 7.43759119359e-06, 1.15790708151e-05, 4.89089779876e-06, 2.26182396545e-06, 2.80178255707e-06, 2.28698127103e-06, 1.75608681729e-06, 1.79950768597e-06, 1.80889060175e-06, 1.62053333952e-06, 1.59342903316e-06, 1.51634810663e-06, 1.07832067897e-06, 7.63100501899e-07, 5.6583451169e-07, 4.64253247401e-07, 4.76832440199e-07, 2.56375244589e-07, 1.67224172287e-07, 1.78154863306e-07, 8.38828810856e-08, 3.4419027628e-08, 1.91067730526e-08, 1.11192459684e-08, 3.62464147585e-09],
        "dvar": [3.10584664476e-06, 1.58968032338e-05, 3.77109518013e-06, 2.18557374865e-06, 5.52370647711e-06, 5.56017585041e-06, 1.04819328328e-07, 3.94431047823e-08, 5.7114199592e-08, 8.51549941672e-09, 1.22284671278e-09, 1.81886083972e-09, 4.96992946797e-10, 1.16516629678e-09, 9.56849599554e-10, 3.11231956873e-10, 1.2368689184e-08, 2.54809812139e-10, 2.78987631608e-11, 5.96379057249e-11, 6.33427060803e-11, 2.50176841049e-11, 2.12812961697e-11, 2.09199151058e-11, 2.71451246897e-11, 1.8428885154e-11, 1.98370209148e-11, 1.31976799281e-11, 8.95181845317e-12, 5.09579010932e-12, 3.50714769726e-12, 2.9637197644e-12, 6.83109927131e-13, 2.98507529459e-13, 1.02003746161e-12, 6.53120542675e-14, 1.24048898391e-14, 3.06764713254e-15, 1.46802202352e-15, 1.22666729086e-16],
        "dvar2": [8.93725791684e-06, 4.93932966492e-05, 8.41046949063e-06, 4.73786212751e-06, 7.91373895481e-06, 6.63039872961e-06, 2.60361844084e-07, 1.10136106457e-07, 1.63817986731e-07, 1.95025009475e-08, 2.03032723967e-09, 4.46695791467e-09, 1.23256560514e-09, 2.95366509029e-09, 2.73516964633e-09, 8.30126301032e-10, 3.16665165201e-08, 5.80611170253e-10, 7.43985290041e-11, 1.38923747506e-10, 1.80616216428e-10, 7.12121472901e-11, 5.55476289965e-11, 5.48613446338e-11, 7.31359001138e-11, 4.94264039419e-11, 5.42209263599e-11, 3.80373649245e-11, 2.62830278375e-11, 1.497384855e-11, 1.03405044943e-11, 8.61888772158e-12, 1.98761818636e-12, 8.76371512252e-13, 3.0241972121e-12, 1.8832805866e-13, 3.56143710172e-14, 8.81100866503e-15, 4.36986118609e-15, 3.67266524377e-16],
        "max": [0.0471628680825, 0.123510837555, 0.0647811889648, 0.0574957877398, 0.11400192976, 0.133140087128, 0.0126487566158, 0.0049567995593, 0.00583884771913, 0.00285153626464, 0.00278819259256, 0.00106694141869, 0.000865984533448, 0.00111056445166, 0.000838474137709, 0.000555906968657, 0.00543968379498, 0.000671907910146, 0.000148445586092, 0.000365316082025, 0.000244395370828, 0.000111444489448, 0.000119770149468, 0.000100091725471, 0.000120912292914, 8.31250945339e-05, 0.000112042820547, 0.000125616730656, 0.000142842851346, 9.92645582301e-05, 7.01193421264e-05, 6.33268573438e-05, 3.03899068967e-05, 1.42017570397e-05, 3.49285328411e-05, 5.39281472811e-06, 2.93248285743e-06, 1.09894187972e-06, 1.11676820325e-06, 3.54924253543e-07],
        "mean": [0.000265432521701, 0.00209686462767, 0.00231245998293, 0.00111425493378, 0.000993704074062, 0.000910103030037, 0.00020017263887, 5.4861218814e-05, 3.55962802132e-05, 3.54638286808e-05, 2.28638182307e-05, 1.19646165331e-05, 8.48019317345e-06, 6.56903694107e-06, 5.56579516342e-06, 5.66806784263e-06, 8.10949950392e-06, 5.55390852242e-06, 2.17573438022e-06, 2.83750478047e-06, 1.359280418e-06, 1.05152980723e-06, 1.42272256198e-06, 1.37311315029e-06, 9.18146497497e-07, 7.77765592375e-07, 7.7971895962e-07, 5.52223752948e-07, 3.11159055855e-07, 2.11723403254e-07, 1.80396625638e-07, 1.65427181287e-07, 9.1410051084e-08, 5.85265667041e-08, 5.6087785083e-08, 3.04955598551e-08, 1.26846044779e-08, 7.20786763608e-09, 4.00936350786e-09, 1.39631872731e-09],
        "median": [3.4009313822e-05, 9.2920869065e-05, 0.000419255229644, 0.000342784944223, 0.00025578943314, 0.00023842327937, 3.39925718436e-05, 8.41979999677e-06, 3.41048621522e-06, 5.54141752218e-06, 3.52912820745e-06, 1.62762148648e-06, 1.06141840206e-06, 4.32994994526e-07, 6.25947393473e-07, 9.50027526869e-07, 1.12828536203e-06, 1.21426876376e-06, 4.77247226627e-07, 4.73631217801e-07, 1.04397287259e-07, 1.14265233719e-07, 1.90075198248e-07, 1.51470118226e-07, 7.10686691718e-08, 3.98535284774e-08, 3.78385713873e-08, 2.29029097909e-08, 1.47576191267e-08, 8.18258705237e-09, 7.79876252466e-09, 4.06710043421e-09, 2.66275224092e-09, 1.65339464342e-09, 1.20678778082e-09, 8.441631838e-10, 4.27895163746e-10, 2.71798028528e-10, 9.77595504548e-11, 4.08956271625e-11],
        "min": [1.68453002713e-24, 1.41752719533e-23, 9.78252919043e-24, 2.07398158414e-23, 2.2894617803e-23, 1.61902072987e-23, 1.06247817794e-23, 3.38378690408e-24, 6.666958544e-24, 2.53986528261e-24, 3.3928939088e-24, 5.23939049041e-24, 5.55018512099e-24, 7.55889122624e-24, 5.86508261714e-24, 1.42051287608e-23, 1.40930947351e-23, 8.57201582048e-24, 1.08390900438e-23, 1.13554413159e-23, 8.7077156734e-24, 7.76619756124e-24, 9.41908519418e-24, 1.24076326688e-23, 1.20793387367e-23, 1.95075819753e-23, 1.15779758219e-23, 9.90158644483e-24, 1.01583377925e-23, 1.30890948949e-23, 7.79399465296e-24, 1.30532766655e-23, 8.80053068092e-24, 4.04406269289e-24, 8.47489757672e-24, 1.06575013632e-23, 1.05233902762e-23, 1.04746591826e-23, 9.90137660783e-24, 8.47902568584e-24],
        "var": [1.94296740119e-06, 3.46850938513e-05, 2.11729329749e-05, 6.61103649691e-06, 1.53476830747e-05, 1.88991652976e-05, 2.89272804821e-07, 3.44593438228e-08, 3.67382533284e-08, 1.89907041204e-08, 8.05448596708e-09, 1.91011428896e-09, 6.7722921715e-10, 1.1768418462e-09, 6.23643359177e-10, 2.86699386454e-10, 9.57584944672e-09, 3.57391366501e-10, 3.88752294245e-11, 1.04230672704e-10, 4.90436337375e-11, 1.80902168245e-11, 2.522878087e-11, 2.46970586343e-11, 2.15945109017e-11, 1.41791526437e-11, 1.513682929e-11, 8.72577878008e-12, 4.95388192273e-12, 2.76826912088e-12, 1.88882113075e-12, 1.66341376437e-12, 3.84581011785e-13, 1.6525157436e-13, 5.3037690342e-13, 3.86043058414e-14, 7.54530088447e-15, 1.92128714129e-15, 8.65148335018e-16, 8.01270867313e-17]
    },
    "mfcc": {
        "mean": [-832.149414062, 194.956954956, 13.5319833755, 33.6422309875, 11.5785102844, 1.74110758305, -8.48566055298, -12.9729948044, -13.0907506943, -6.35744190216, -7.6376953125, -12.2540693283, -11.5219106674],
        "cov": [[8973.26367188, 1656.16003418, -1331.70178223, 1100.79724121, -429.131500244, 192.569671631, -99.7974472046, 101.943809509, -160.486587524, 108.961334229, 16.6759090424, -29.6966190338, -145.817443848], [1656.16003418, 1996.38330078, 210.28553772, 81.8481674194, 206.001342773, -76.7748413086, -30.5975189209, -101.903770447, -26.404083252, -44.8354988098, -31.9819164276, -135.802337646, -127.262611389], [-1331.70178223, 210.28553772, 953.16229248, 20.2217941284, 158.766845703, 37.7456893921, 47.6258506775, 11.8505764008, 9.87745761871, 9.34394454956, 0.378383278847, 13.4225111008, 37.4129562378], [1100.79724121, 81.8481674194, 20.2217941284, 613.903381348, 116.653938293, 137.127716064, 105.040267944, 62.9060440063, 15.6987342834, 79.5660018921, 57.7929153442, 23.5690231323, -20.0113010406], [-429.131500244, 206.001342773, 158.766845703, 116.653938293, 335.349334717, 80.0069503784, 73.6104812622, -1.21693432331, 21.3519935608, 11.2061061859, 27.6466255188, -11.4736690521, -46.2575721741], [192.569671631, -76.7748413086, 37.7456893921, 137.127716064, 80.0069503784, 209.054382324, 69.0613632202, 31.0570430756, 2.29768157005, 18.9347705841, 33.1004714966, 38.8265724182, 2.72589182854], [-99.7974472046, -30.5975189209, 47.6258506775, 105.040267944, 73.6104812622, 69.0613632202, 167.598312378, 70.2234420776, 12.4232625961, 31.4302959442, 25.693315506, 39.7154464722, 29.0164699554], [101.943809509, -101.903770447, 11.8505764008, 62.9060440063, -1.21693432331, 31.0570430756, 70.2234420776, 142.537002563, 50.8574333191, 14.1291456223, 14.1721429825, 43.1057014465, 42.5914535522], [-160.486587524, -26.404083252, 9.87745761871, 15.6987342834, 21.3519935608, 2.29768157005, 12.4232625961, 50.8574333191, 126.819702148, 28.9537162781, 19.1355800629, 21.249546051, 8.00740337372], [108.961334229, -44.8354988098, 9.34394454956, 79.5660018921, 11.2061061859, 18.9347705841, 31.4302959442, 14.1291456223, 28.9537162781, 120.778938293, 52.7164077759, 14.066493988, 10.8578805923], [16.6759090424, -31.9819164276, 0.378383278847, 57.7929153442, 27.6466255188, 33.1004714966, 25.693315506, 14.1721429825, 19.1355800629, 52.7164077759, 98.32472229, 29.1895217896, -15.7145900726], [-29.6966190338, -135.802337646, 13.4225111008, 23.5690231323, -11.4736690521, 38.8265724182, 39.7154464722, 43.1057014465, 21.249546051, 14.066493988, 29.1895217896, 101.926208496, 63.1679801941], [-145.817443848, -127.262611389, 37.4129562378, -20.0113010406, -46.2575721741, 2.72589182854, 29.0164699554, 42.5914535522, 8.00740337372, 10.8578805923, -15.7145900726, 63.1679801941, 139.592956543]],
