{
"lowlevel": {
    "average_loudness": 0.916598379612,
    "barkbands_crest": {
        "dmean": 2.34025239944,
        "dmean2": 3.69427847862,
        "dvar": 5.20927810669,
        "dvar2": 12.7170238495,
        "max": 26.6081790924,
        "mean": 13.1178369522,
        "median": 12.7310714722,
        "min": 2.84198093414,
        "var": 20.3387527466
    },
    "barkbands_flatness_db": {
        "dmean": 0.0201741699129,
        "dmean2": 0.0298373680562,
        "dvar": 0.000436558242654,
        "dvar2": 0.000907853303943,
        "max": 0.456452190876,
        "mean": 0.217774927616,
        "median": 0.209715098143,
        "min": 0.0426218621433,
        "var": 0.00471599306911
    },
    "barkbands_kurtosis": {
        "dmean": 3.97288966179,
        "dmean2": 6.39000320435,
        "dvar": 133.4322052,
        "dvar2": 331.520782471,
        "max": 556.374633789,
        "mean": 9.4199924469,
        "median": 3.85229539871,
        "min": -1.84236478806,
        "var": 1147.27893066
    },
    "barkbands_skewness": {
        "dmean": 0.522339224815,
        "dmean2": 0.810081899166,
        "dvar": 0.390107184649,
        "dvar2": 0.861251592636,
        "max": 14.3876085281,
        "mean": 1.51340866089,
        "median": 1.63890528679,
        "min": -21.511472702,
        "var": 5.16519546509
    },
    "barkbands_spread": {
        "dmean": 2.39571237564,
        "dmean2": 3.68604564667,
        "dvar": 9.90388011932,
        "dvar2": 22.9910011292,
        "max": 73.6208190918,
        "mean": 11.5417661667,
        "median": 10.23204422,
        "min": 0.377781748772,
        "var": 49.7036361694
    },
    "dissonance": {
        "dmean": 0.027146641165,
        "dmean2": 0.0460698269308,
        "dvar": 0.000765801349189,
        "dvar2": 0.00213550985791,
        "max": 0.500000059605,
        "mean": 0.443833172321,
        "median": 0.453042298555,
        "min": 0.164198890328,
        "var": 0.00158086023293
    },
    "dynamic_complexity": 3.73209547997,
    "erbbands_crest": {
        "dmean": 2.59677314758,
        "dmean2": 4.29718828201,
        "dvar": 5.89210319519,
        "dvar2": 15.8765573502,
        "max": 28.744562149,
        "mean": 10.55509758,
        "median": 9.61361503601,
        "min": 2.89257502556,
        "var": 19.956609726
    },
    "erbbands_flatness_db": {
        "dmean": 0.0181332118809,
        "dmean2": 0.0258888211101,
        "dvar": 0.000350132177118,
        "dvar2": 0.000688825559337,
        "max": 0.540581703186,
        "mean": 0.21363337338,
        "median": 0.20073762536,
        "min": 0.0638114064932,
        "var": 0.00661163497716
    },
    "erbbands_kurtosis": {
        "dmean": 1.23393881321,
        "dmean2": 1.95736801624,
        "dvar": 4.0960278511,
        "dvar2": 10.396156311,
        "max": 78.5143356323,
        "mean": 1.69561088085,
        "median": 0.623958110809,
        "min": -1.81956458092,
        "var": 16.9475727081
    },
    "erbbands_skewness": {
        "dmean": 0.335144162178,
        "dmean2": 0.521948635578,
        "dvar": 0.10870847851,
        "dvar2": 0.264091014862,
        "max": 5.69195175171,
        "mean": 0.5120703578,
        "median": 0.545590400696,
        "min": -3.65623092651,
        "var": 0.753774940968
    },
    "erbbands_spread": {
        "dmean": 4.67014074326,
        "dmean2": 7.16867923737,
        "dvar": 40.2073745728,
        "dvar2": 83.2567520142,
        "max": 148.325286865,
        "mean": 26.043838501,
        "median": 23.7910728455,
        "min": 1.16647171974,
        "var": 276.878143311
    },
    "hfc": {
        "dmean": 3.64252138138,
        "dmean2": 5.33866405487,
        "dvar": 29.8442745209,
        "dvar2": 62.6332168579,
        "max": 128.726455688,
        "mean": 17.099899292,
        "median": 13.1857585907,
        "min": 1.20718778301e-16,
        "var": 226.486663818
    },
    "melbands_crest": {
        "dmean": 2.92545032501,
        "dmean2": 4.6735663414,
        "dvar": 7.84942674637,
        "dvar2": 18.6603374481,
        "max": 35.5567359924,
        "mean": 16.7582378387,
        "median": 16.4567012787,
        "min": 1.64931297302,
        "var": 31.3624668121
    },
    "melbands_flatness_db": {
        "dmean": 0.0232021976262,
        "dmean2": 0.0340658463538,
        "dvar": 0.000579220999498,
        "dvar2": 0.00116759503726,
        "max": 0.610593140125,
        "mean": 0.316474378109,
        "median": 0.310736000538,
        "min": 0.00379626592621,
        "var": 0.0069782519713
    },
    "melbands_kurtosis": {
        "dmean": 5.76967716217,
        "dmean2": 9.02694320679,
        "dvar": 127.772346497,
        "dvar2": 290.606140137,
        "max": 393.05480957,
        "mean": 12.8845567703,
        "median": 7.29562902451,
        "min": -1.78826236725,
        "var": 365.565887451
    },
    "melbands_skewness": {
        "dmean": 0.630631446838,
        "dmean2": 0.975565135479,
        "dvar": 0.48754799366,
        "dvar2": 1.07933449745,
        "max": 15.2935857773,
        "mean": 2.32460188866,
        "median": 2.21224284172,
        "min": -3.69954514503,
        "var": 3.51780939102
    },
    "melbands_spread": {
        "dmean": 2.71824455261,
        "dmean2": 4.19959640503,
        "dvar": 12.9196748734,
        "dvar2": 30.2000045776,
        "max": 172.36114502,
        "mean": 12.8125486374,
        "median": 10.5023612976,
        "min": 0.431962996721,
        "var": 152.900787354
    },
    "pitch_salience": {
        "dmean": 0.0591166503727,
        "dmean2": 0.0939215868711,
        "dvar": 0.00309053482488,
        "dvar2": 0.00763486651704,
        "max": 0.926907300949,
        "mean": 0.463036835194,
        "median": 0.466189473867,
        "min": 0.067378744483,
        "var": 0.0123346103355
    },
    "silence_rate_20dB": {
        "dmean": 0,
        "dmean2": 0,
        "dvar": 0,
        "dvar2": 0,
        "max": 1,
        "mean": 1,
        "median": 1,
        "min": 1,
        "var": 0
    },
    "silence_rate_30dB": {
        "dmean": 0.0455005988479,
        "dmean2": 0.0910095795989,
        "dvar": 0.0434336699545,
        "dvar2": 0.0934211686254,
        "max": 1,
        "mean": 0.947135746479,
        "median": 1,
        "min": 0,
        "var": 0.0500765405595
    },
    "silence_rate_60dB": {
        "dmean": 0.00663166632876,
        "dmean2": 0.0132645545527,
        "dvar": 0.00658828951418,
        "dvar2": 0.0160362534225,
        "max": 1,
        "mean": 0.0508380904794,
        "median": 0,
        "min": 0,
        "var": 0.048251926899
    },
    "spectral_centroid": {
        "dmean": 107.526512146,
        "dmean2": 159.338150024,
        "dvar": 29017.2597656,
        "dvar2": 53183.5117188,
        "max": 10611.2255859,
        "mean": 851.635925293,
        "median": 777.746337891,
        "min": 131.06803894,
        "var": 214779.40625
    },
    "spectral_complexity": {
        "dmean": 2.14865994453,
        "dmean2": 3.39535737038,
        "dvar": 5.12651062012,
        "dvar2": 10.8200178146,
        "max": 57,
        "mean": 15.6905508041,
        "median": 14,
        "min": 0,
        "var": 61.8171157837
    },
    "spectral_decrease": {
        "dmean": 3.01364533328e-09,
        "dmean2": 4.52363879688e-09,
        "dvar": 2.24732614352e-17,
        "dvar2": 4.59963970475e-17,
        "max": 7.86084638595e-16,
        "mean": -1.24985515271e-08,
        "median": -1.17067582295e-08,
        "min": -6.18809465891e-08,
        "var": 7.19274835471e-17
    },
    "spectral_energy": {
        "dmean": 0.0115908021107,
        "dmean2": 0.0173711236566,
        "dvar": 0.000325095898006,
        "dvar2": 0.000663824903313,
        "max": 0.235249504447,
        "mean": 0.048723205924,
        "median": 0.0456973835826,
        "min": 1.10370402171e-20,
        "var": 0.00107463996392
    },
    "spectral_energyband_high": {
        "dmean": 8.54222016642e-05,
        "dmean2": 0.000121639197459,
        "dvar": 6.17688442617e-08,
        "dvar2": 1.24190506767e-07,
        "max": 0.00626950059086,
        "mean": 0.000196243679966,
        "median": 3.77692849725e-05,
        "min": 8.04666113373e-21,
        "var": 2.25218684591e-07
    },
    "spectral_energyband_low": {
        "dmean": 0.00991667155176,
        "dmean2": 0.0151390684769,
        "dvar": 0.000334859505529,
        "dvar2": 0.000709851447027,
        "max": 0.22528475523,
        "mean": 0.029185006395,
        "median": 0.0244046971202,
        "min": 9.88729607176e-23,
        "var": 0.000754814536776
    },
    "spectral_energyband_middle_high": {
        "dmean": 0.00159979786258,
        "dmean2": 0.00241355644539,
        "dvar": 1.2527756553e-05,
        "dvar2": 2.90345506073e-05,
        "max": 0.106317661703,
        "mean": 0.00555985234678,
        "median": 0.0025058798492,
        "min": 1.69219999234e-21,
        "var": 8.24507660582e-05
    },
    "spectral_energyband_middle_low": {
        "dmean": 0.00405107066035,
        "dmean2": 0.00635170657188,
        "dvar": 2.90542830044e-05,
        "dvar2": 6.94037225912e-05,
        "max": 0.103729709983,
        "mean": 0.0145000461489,
        "median": 0.0122570712119,
        "min": 3.39330272807e-22,
        "var": 0.000131345892441
    },
    "spectral_entropy": {
        "dmean": 0.151091590524,
        "dmean2": 0.223622664809,
        "dvar": 0.025161344558,
        "dvar2": 0.0504315011203,
        "max": 9.78920936584,
        "mean": 6.9089512825,
        "median": 6.88688182831,
        "min": 4.7957482338,
        "var": 0.317899346352
    },
    "spectral_flux": {
        "dmean": 0.0236029587686,
        "dmean2": 0.0383561849594,
        "dvar": 0.000914164003916,
        "dvar2": 0.00243717385456,
        "max": 0.386412322521,
        "mean": 0.0780252888799,
        "median": 0.067964091897,
        "min": 1.05057317012e-10,
        "var": 0.00228167534806
    },
    "spectral_kurtosis": {
        "dmean": 6.24684333801,
        "dmean2": 10.6566410065,
        "dvar": 103.97769928,
        "dvar2": 308.843231201,
        "max": 220.296463013,
        "mean": 17.8822574615,
        "median": 10.3461942673,
        "min": -1.19148504734,
        "var": 659.028686523
    },
    "spectral_rms": {
        "dmean": 0.000748818914872,
        "dmean2": 0.0011132999789,
        "dvar": 8.79830110989e-07,
        "dvar2": 1.75095010491e-06,
        "max": 0.0151496436447,
        "mean": 0.00642490107566,
        "median": 0.00667703617364,
        "min": 3.28143935635e-12,
        "var": 6.25520169706e-06
    },
    "spectral_rolloff": {
        "dmean": 134.215286255,
        "dmean2": 229.274520874,
        "dvar": 241869.84375,
        "dvar2": 632253.625,
        "max": 20133.5449219,
        "mean": 848.78338623,
        "median": 516.796875,
        "min": 64.599609375,
        "var": 4337529.5
    },
    "spectral_skewness": {
        "dmean": 0.464407354593,
        "dmean2": 0.777897536755,
        "dvar": 0.332019627094,
        "dvar2": 0.969194114208,
        "max": 11.3940401077,
        "mean": 2.70269823074,
        "median": 2.4039273262,
        "min": -0.273733317852,
        "var": 2.01235961914
    },
    "spectral_spread": {
        "dmean": 413599.3125,
        "dmean2": 604351.9375,
        "dvar": 424608727040,
        "dvar2": 687970189312,
        "max": 38935136,
        "mean": 3090136.75,
        "median": 2665426.75,
        "min": 361467.65625,
        "var": 5.42063460352e+12
    },
    "spectral_strongpeak": {
        "dmean": 0.365236520767,
        "dmean2": 0.627795100212,
        "dvar": 0.540331125259,
        "dvar2": 1.34916961193,
        "max": 13.4654626846,
        "mean": 0.819248318672,
        "median": 0.382324099541,
        "min": 0,
        "var": 1.81953883171
    },
    "zerocrossingrate": {
        "dmean": 0.00453363545239,
        "dmean2": 0.00577715504915,
        "dvar": 4.23070559918e-05,
        "dvar2": 5.59698601137e-05,
        "max": 0.81494140625,
        "mean": 0.0368200391531,
        "median": 0.02587890625,
        "min": 0.00244140625,
        "var": 0.00620999466628
    },
    "barkbands": {
        "dmean": [0.000809856923297, 0.00905719213188, 0.00147440750152, 0.000478185422253, 0.00125190254766, 0.00140501942951, 0.00170825934038, 0.00109089328907, 0.000766132492572, 0.000545126036741, 0.000607339898124, 0.000408563937526, 0.000551370554604, 0.000108491949504, 9.23720217543e-05, 0.000122998768347, 0.000138600124046, 8.66868795129e-05, 6.39213030809e-05, 2.42667047132e-05, 2.37005988311e-05, 1.79801518243e-05, 1.53887867782e-05, 1.83430602192e-05, 1.05955714389e-05, 6.97298492014e-06, 3.07066352434e-06],
        "dmean2": [0.00137143558823, 0.0138308499008, 0.00224455632269, 0.000753712200094, 0.00195331079885, 0.00217952090316, 0.00281221163459, 0.00170774257276, 0.0011024059495, 0.000856976723298, 0.00101870368235, 0.000666340056341, 0.000790505553596, 0.000167592079379, 0.000147391765495, 0.000185453565791, 0.000220829431782, 0.000130066502606, 9.33333503781e-05, 3.79535631509e-05, 3.62398059224e-05, 2.60568431258e-05, 2.29830893659e-05, 2.74164649454e-05, 1.61090338224e-05, 1.12946981972e-05, 5.13985241923e-06],
        "dvar": [1.90740706785e-06, 0.000308045913698, 6.65887637297e-06, 6.83722078065e-07, 3.91309504266e-06, 6.91621653459e-06, 8.9271707111e-06, 5.43617352378e-06, 3.29097224494e-06, 1.64177299666e-06, 2.1868861495e-06, 1.4022839423e-06, 5.19512968822e-06, 8.15932494902e-08, 9.71347091649e-08, 1.76502950922e-07, 2.29491050163e-07, 4.53615989215e-08, 2.99065447962e-08, 7.95591592606e-09, 1.02425117277e-08, 3.14982284699e-09, 2.92091573151e-09, 5.17336440353e-09, 1.98254124228e-09, 4.20143503321e-10, 1.12753972825e-10],
        "dvar2": [4.8712354328e-06, 0.000659876677673, 1.7734731955e-05, 1.85012083875e-06, 9.39262190514e-06, 1.6934967789e-05, 2.4375225621e-05, 1.29746249513e-05, 6.07520587437e-06, 3.68590258404e-06, 6.10410415902e-06, 3.7825147956e-06, 1.12797388283e-05, 1.8279585845e-07, 2.54568732316e-07, 3.31139546006e-07, 6.44524050131e-07, 1.06680388967e-07, 6.2997990824e-08, 2.10751132101e-08, 2.63148276503e-08, 6.34375574293e-09, 6.64581900622e-09, 1.14913936144e-08, 4.96308594222e-09, 1.09865982978e-09, 2.91566576438e-10],
        "max": [0.018628148362, 0.217504188418, 0.0426280908287, 0.013497970067, 0.0414797477424, 0.056168012321, 0.0689899995923, 0.0431763008237, 0.0733928531408, 0.0401403531432, 0.0348140373826, 0.0209744032472, 0.0740490853786, 0.01012290176, 0.0178540293127, 0.0209481865168, 0.021072793752, 0.00659802276641, 0.00501472549513, 0.00428206147626, 0.0035639423877, 0.00129088037647, 0.00124706490897, 0.00234527606517, 0.00238371198066, 0.000580383231863, 0.000117956406029],
        "mean": [0.0013046793174, 0.023005630821, 0.00432246783748, 0.00107788830064, 0.00273539405316, 0.00320664094761, 0.00341909658164, 0.00211579003371, 0.00160208926536, 0.00115839228965, 0.00127182540018, 0.000660441408399, 0.00118695944548, 0.000245409202762, 0.000190558741451, 0.000273446697975, 0.000352172617568, 0.000226172123803, 0.000140972042573, 4.74847511214e-05, 4.55329354736e-05, 3.81009231205e-05, 3.01710933854e-05, 3.61177008017e-05, 1.96235960175e-05, 7.91808815848e-06, 2.43855288318e-06],
        "median": [0.000640965881757, 0.0184103250504, 0.00284656463191, 0.000666304782499, 0.00174651946872, 0.00166055536829, 0.00200217938982, 0.000781714974437, 0.000614225456957, 0.000341850565746, 0.000428865954746, 0.000210054335184, 0.000141616124893, 7.77150489739e-05, 5.53914214834e-05, 8.23087902972e-05, 8.71180382092e-05, 6.1566439399e-05, 3.11188050546e-05, 1.09975781015e-05, 5.88051625527e-06, 4.08241066907e-06, 2.35481502386e-06, 1.7816497575e-06, 8.8144554411e-07, 3.0630206993e-07, 9.19838072377e-08],
        "min": [2.2477487089e-24, 2.54769697535e-23, 4.84175339711e-23, 3.89183959611e-23, 5.65457516346e-23, 6.43301805603e-23, 6.89248851255e-23, 4.72772639316e-23, 3.7213156363e-23, 5.91873628163e-23, 6.971132265e-23, 2.08849157609e-22, 6.40454585715e-23, 1.64884184934e-22, 1.14627888768e-22, 1.39099313303e-22, 1.38561032487e-22, 3.40428569136e-22, 2.33885116251e-22, 2.51029373506e-22, 4.24954952021e-22, 5.77475869035e-22, 6.60684765857e-22, 9.61174279238e-22, 1.30836880107e-21, 1.62698873619e-21, 2.65555491032e-21],
        "var": [3.15113334182e-06, 0.000589211646002, 2.18173863686e-05, 1.64440223216e-06, 1.1650397937e-05, 2.07166103792e-05, 1.98623674805e-05, 1.43241986734e-05, 1.20182148748e-05, 7.09445748726e-06, 7.1493041105e-06, 2.11499423131e-06, 2.21528025577e-05, 2.61287397052e-07, 1.58423631547e-07, 5.11662676672e-07, 5.02248610701e-07, 1.77232578835e-07, 8.63669669116e-08, 1.31504629408e-08, 1.79415771129e-08, 9.952802138e-09, 7.74281438964e-09, 1.50318566483e-08, 3.73402331277e-09, 4.4670173116e-10, 8.73634567466e-11]
    },
    "erbbands": {
        "dmean": [0.383066952229, 1.71235918999, 1.85638964176, 1.45206236839, 2.27657580376, 4.88460016251, 6.84251785278, 13.7090425491, 23.8590888977, 24.3252658844, 20.8316612244, 18.0646266937, 15.1021203995, 16.8721599579, 26.9825725555, 11.8913908005, 24.9515323639, 5.91652727127, 3.77201342583, 6.56941080093, 6.8967666626, 8.02006340027, 4.65783023834, 3.66771221161, 2.53242683411, 1.02253699303, 0.901050329208, 0.913163363934, 0.658488988876, 0.514561772346, 0.437428772449, 0.443837672472, 0.279480457306, 0.151115939021, 0.0607879981399, 0.0235213376582, 0.0126698110253, 0.00562539417297, 0.000493543455377, 2.22777434828e-05],
        "dmean2": [0.590831875801, 2.60435295105, 2.85477209091, 2.27453112602, 3.56588625908, 7.71613359451, 10.2503471375, 21.4187202454, 39.3527145386, 38.5713920593, 31.5504207611, 25.843624115, 22.5106372833, 27.354970932, 45.830165863, 17.8836994171, 36.0335960388, 9.06878852844, 5.92676925659, 10.1274423599, 10.3642711639, 12.7358541489, 6.95344877243, 5.49215364456, 3.66917133331, 1.5398825407, 1.38243305683, 1.38537430763, 0.945966362953, 0.757161855698, 0.64882671833, 0.663764953613, 0.423367738724, 0.227881416678, 0.0934781655669, 0.0360208190978, 0.0208636280149, 0.00942043680698, 0.000827331095934, 3.43643332599e-05],
        "dvar": [0.595017492771, 10.1395139694, 9.98273086548, 6.1784787178, 17.1900310516, 64.3489227295, 203.799163818, 729.534423828, 2166.49560547, 2134.61816406, 2094.86254883, 2022.7578125, 1340.26123047, 1387.46447754, 6885.67529297, 983.955505371, 10053.8251953, 189.072067261, 113.216171265, 397.132965088, 321.494689941, 763.472473145, 126.626602173, 87.3416976929, 63.5131759644, 9.75995159149, 12.2802743912, 14.0670862198, 4.23649644852, 2.90034413338, 2.35200929642, 2.80299448967, 1.36685621738, 0.44114023447, 0.051438126713, 0.00714706582949, 0.00149646354839, 0.000364026374882, 3.01976274386e-06, 2.36520625307e-09],
        "dvar2": [1.24853622913, 23.5112228394, 26.5204601288, 16.7281932831, 41.6155662537, 158.170410156, 466.792358398, 1759.86437988, 6082.45507812, 5297.71826172, 4639.34130859, 3794.52148438, 2581.5559082, 3708.87426758, 20290.953125, 2151.90283203, 22184.4492188, 427.001342773, 258.496307373, 952.937194824, 633.684509277, 2168.62792969, 290.334197998, 201.703186035, 135.073394775, 22.7430038452, 30.2886791229, 35.5063743591, 8.59559822083, 6.33220529556, 5.27158021927, 6.38087940216, 3.15454220772, 1.09449541569, 0.125961095095, 0.018118172884, 0.00392775190994, 0.000957288895734, 7.80312166171e-06, 5.77259484658e-09],
        "max": [8.8092508316, 42.2126312256, 45.215763092, 48.2839813232, 106.766365051, 156.453277588, 524.886230469, 628.382385254, 1337.06872559, 1174.91320801, 1169.30688477, 1865.11376953, 1377.80969238, 879.986999512, 1985.40917969, 875.866271973, 3282.21972656, 471.76449585, 316.593048096, 831.761962891, 788.21887207, 1396.12438965, 380.305053711, 218.314453125, 280.885955811, 139.107589722, 129.774108887, 159.099899292, 47.6689491272, 37.2160682678, 39.2873191833, 54.6697807312, 39.6221046448, 35.9889984131, 9.17076683044, 4.10657978058, 0.588285923004, 0.225615426898, 0.0204536765814, 0.000800386769697],
        "mean": [0.859832882881, 4.32548761368, 5.90643024445, 4.04775476456, 4.71257543564, 9.77913093567, 16.3515014648, 30.4870948792, 46.4075126648, 51.6940002441, 44.9767951965, 37.5159339905, 35.2086601257, 37.9852828979, 52.8039932251, 29.5326938629, 55.7410545349, 14.2818727493, 8.3561000824, 14.0196371078, 16.3180065155, 21.4460296631, 13.350561142, 8.52499389648, 5.69702720642, 2.19651794434, 1.77740347385, 1.75577676296, 1.41219055653, 1.03237760067, 0.861771345139, 0.857248663902, 0.52684867382, 0.281313329935, 0.106800749898, 0.0380228869617, 0.0125501323491, 0.00448569143191, 0.000417383766035, 6.43433668301e-05],
        "median": [0.598770558834, 3.44729661942, 4.32386398315, 3.10468006134, 2.71815919876, 5.66560029984, 8.77649307251, 15.2761573792, 24.3751487732, 30.1819419861, 18.5778541565, 15.53855896, 12.0169172287, 14.96808815, 17.2036857605, 8.87627220154, 8.24538135529, 4.82754182816, 3.09022903442, 3.41939163208, 5.32759094238, 5.57569599152, 3.90313601494, 2.31289291382, 1.20808827877, 0.528975963593, 0.260827481747, 0.230935007334, 0.159037858248, 0.110530532897, 0.0633578151464, 0.0440290011466, 0.0252748653293, 0.0130164781585, 0.00399475218728, 0.00133673974779, 0.000489020254463, 0.000135498063173, 3.90166896977e-05, 5.37418600288e-05],
        "min": [1.36045280591e-21, 4.07656335513e-21, 3.85274621439e-20, 1.14566686188e-19, 1.48858040092e-19, 2.29395226738e-19, 2.16967355022e-19, 6.29487341285e-19, 7.52036992468e-19, 1.44841972236e-18, 8.99117511897e-19, 8.79919994048e-19, 1.76571979469e-18, 1.75370396231e-18, 5.19160307288e-18, 7.75397203692e-18, 2.98547453569e-18, 5.67326000382e-18, 7.72006838515e-18, 7.49257055564e-18, 7.29607628267e-18, 9.89781904386e-18, 1.87165478914e-17, 1.40741737201e-17, 1.16045333571e-17, 1.04749561921e-17, 1.37278902731e-17, 1.71729147175e-17, 1.98656175675e-17, 2.09728418308e-17, 1.86208546751e-17, 2.127356996e-17, 1.4739365899e-17, 1.39977521577e-17, 8.79211431135e-18, 5.97512054321e-18, 3.19620810252e-18, 1.43844102904e-18, 3.91463586782e-19, 3.62821482258e-20],
        "var": [1.07082486153, 19.5993785858, 34.3494529724, 16.2029304504, 36.5356864929, 175.587234497, 625.989990234, 2165.45288086, 4413.90185547, 4973.89208984, 6599.98828125, 6195.69873047, 6359.41064453, 4322.16162109, 16358.8671875, 4306.22021484, 44398.1796875, 745.705444336, 288.167144775, 925.130310059, 1016.07641602, 1719.2635498, 581.485839844, 262.221405029, 165.341278076, 21.9808673859, 23.6803874969, 27.4642944336, 13.5319719315, 8.00346660614, 6.43191671371, 7.61305379868, 3.61136579514, 0.868269026279, 0.100300110877, 0.0117411930114, 0.00134056538809, 0.000275427330052, 2.35138099924e-06, 3.4720915032e-09]
    },
    "gfcc": {
        "mean": [-52.6913032532, 152.959075928, -108.028587341, 10.3498935699, -36.4939346313, 4.90282344818, -19.0809288025, 15.4008331299, -7.91961574554, -0.403057187796, 1.83061039448, 6.92582798004, -5.78407478333],
        "cov": [[19096.1386719, 965.473327637, 31.9446029663, 2546.83740234, -1106.78405762, 330.243865967, -1300.69506836, 780.564697266, 231.564102173, 343.596374512, -686.359863281, 21.9477100372, -203.193008423], [965.473327637, 2194.06958008, -388.087554932, -361.638305664, 399.033843994, -468.392150879, 193.298934937, -168.336044312, 65.4027099609, -86.361076355, 142.378143311, -29.3270263672, 62.3804702759], [31.9446029663, -388.087554932, 967.247314453, 356.840209961, -74.6303405762, 96.089012146, -250.313323975, 86.6013565063, 95.6220932007, 74.1316146851, -156.092895508, 5.93646907806, -64.3123703003], [2546.83740234, -361.638305664, 356.840209961, 1121.92102051, -211.427230835, 24.5568904877, -355.592285156, 153.513046265, 226.345581055, 68.5032653809, -239.078308105, -8.74935340881, -2.80297875404], [-1106.78405762, 399.033843994, -74.6303405762, -211.427230835, 440.407348633, -176.002944946, 186.028961182, -81.7655105591, 48.8285560608, -14.9784402847, 27.8137760162, 11.8728761673, 14.9914674759], [330.243865967, -468.392150879, 96.089012146, 24.5568904877, -176.002944946, 357.716064453, -67.4310302734, 105.508972168, -44.0752487183, -5.88718557358, -8.15504169464, -22.0638446808, -17.4560241699], [-1300.69506836, 193.298934937, -250.313323975, -355.592285156, 186.028961182, -67.4310302734, 407.797912598, -90.6950378418, -72.0617294312, -25.8167533875, 97.3999023438, 28.2172298431, 3.68060898781], [780.564697266, -168.336044312, 86.6013565063, 153.513046265, -81.7655105591, 105.508972168, -90.6950378418, 180.26663208, 44.0882263184, 15.451166153, -46.0288352966, -9.70285797119, -18.0399932861], [231.564102173, 65.4027099609, 95.6220932007, 226.345581055, 48.8285560608, -44.0752487183, -72.0617294312, 44.0882263184, 213.959289551, 21.0267486572, -50.2305717468, -6.30338573456, 6.06983232498], [343.596374512, -86.361076355, 74.1316146851, 68.5032653809, -14.9784402847, -5.88718557358, -25.8167533875, 15.451166153, 21.0267486572, 118.593353271, -26.3077716827, 5.3264336586, -8.7667760849], [-686.359863281, 142.378143311, -156.092895508, -239.078308105, 27.8137760162, -8.15504169464, 97.3999023438, -46.0288352966, -50.2305717468, -26.3077716827, 169.033096313, -1.16450250149, 29.3402938843], [21.9477100372, -29.3270263672, 5.93646907806, -8.74935340881, 11.8728761673, -22.0638446808, 28.2172298431, -9.70285797119, -6.30338573456, 5.3264336586, -1.16450250149, 82.6859130859, 7.10670518875], [-203.193008423, 62.3804702759, -64.3123703003, -2.80297875404, 14.9914674759, -17.4560241699, 3.68060898781, -18.0399932861, 6.06983232498, -8.7667760849, 29.3402938843, 7.10670518875, 95.4753417969]],
        "icov": [[0.000251277087955, -0.000464301498141, 0.000350272079231, -0.000521454261616, 0.00027838058304, -0.000468097598059, 0.000429062114563, -0.00054722483037, 0.000504117866512, -0.000720011477824, 0.000458548223833, -0.000649129215162, 0.000618775899056], [-0.000464301498141, 0.00163236993831, -0.000532633741386, 0.00111420254689, -0.00078280136222, 0.00174224900547, -0.000682829879224, 0.00092895294074, -0.00117909442633, 0.00172245618887, -0.00116730632726, 0.00166954379529, -0.0012698735809], [0.000350272079231, -0.000532633741386, 0.00198799581267, -0.000825206108857, 3.14666394843e-05, -0.000997404567897, 0.00134555238765, -0.000586770765949, 0.000465039571282, -0.00148973334581, 0.00116544915363, -0.00130297080614, 0.00163079344202], [-0.000521454261616, 0.00111420254689, -0.000825206108857, 0.00311562349088, 0.000198577268748, 0.00150680181105, -0.000299614679534, 0.000679605815094, -0.00253148446791, 0.0014039427042, 0.000805574993137, 0.00137600582093, -0.00197800341994], [0.00027838058304, -0.00078280136222, 3.14666394843e-05, 0.000198577268748, 0.00445638038218, 0.000653037568554, -0.0011047469452, -0.00035671229125, -0.0010769587243, -0.000553324120119, 0.00150736200158, -0.000498585170135, 0.000117334609968], [-0.000468097598059, 0.00174224900547, -0.000997404567897, 0.00150680181105, 0.000653037568554, 0.00627223495394, -0.00100152578671, -0.00144612125587, -0.00047728017671, 0.00231177848764, -0.00128061336, 0.00265200086869, -0.00151380919851], [0.000429062114563, -0.000682829879224, 0.00134555238765, -0.000299614679534, -0.0011047469452, -0.00100152578671, 0.00528879929334, -0.000292326323688, 0.00135104358196, -0.00140149542131, -3.13595228363e-05, -0.00240797549486, 0.00196237815544], [-0.00054722483037, 0.00092895294074, -0.000586770765949, 0.000679605815094, -0.00035671229125, -0.00144612125587, -0.000292326323688, 0.00950261671096, -0.00257713487372, 0.00111679767724, -0.000379276549211, 0.0012172323186, -0.000256131228525], [0.000504117866512, -0.00117909442633, 0.000465039571282, -0.00253148446791, -0.0010769587243, -0.00047728017671, 0.00135104358196, -0.00257713487372, 0.00837595760822, -0.00192915752996, 0.000607751135249, -0.000886391149834, 0.000794571416918], [-0.000720011477824, 0.00172245618887, -0.00148973334581, 0.0014039427042, -0.000553324120119, 0.00231177848764, -0.00140149542131, 0.00111679767724, -0.00192915752996, 0.0114310672507, -0.000974313705228, 0.00159431749489, -0.00149240030441], [0.000458548223833, -0.00116730632726, 0.00116544915363, 0.000805574993137, 0.00150736200158, -0.00128061336, -3.13595228363e-05, -0.000379276549211, 0.000607751135249, -0.000974313705228, 0.0108487280086, -0.000743869110011, -0.00140063336585], [-0.000649129215162, 0.00166954379529, -0.00130297080614, 0.00137600582093, -0.000498585170135, 0.00265200086869, -0.00240797549486, 0.0012172323186, -0.000886391149834, 0.00159431749489, -0.000743869110011, 0.0149273704737, -0.00310339708813], [0.000618775899056, -0.0012698735809, 0.00163079344202, -0.00197800341994, 0.000117334609968, -0.00151380919851, 0.00196237815544, -0.000256131228525, 0.000794571416918, -0.00149240030441, -0.00140063336585, -0.00310339708813, 0.013715563342]]
    },
    "melbands": {
        "dmean": [0.0028794570826, 0.00128606520593, 0.000251381861744, 0.000244244001806, 0.000241765315877, 0.00030813695048, 0.00035320603638, 0.000266362563707, 0.000161019721418, 0.000108176704089, 7.77852328611e-05, 7.15023561497e-05, 9.10925591597e-05, 5.31920268259e-05, 6.7291308369e-05, 3.28472851834e-05, 1.03673919511e-05, 6.91972218192e-06, 6.32751607554e-06, 8.85651388671e-06, 8.64631329023e-06, 9.49826880969e-06, 6.14949385636e-06, 4.04749152949e-06, 3.1646802654e-06, 2.13905650526e-06, 1.49969582708e-06, 5.58775241188e-07, 5.5274352917e-07, 6.41543863367e-07, 5.231569844e-07, 3.88130644069e-07, 3.6780468804e-07, 2.72508685839e-07, 2.37033688677e-07, 3.19637649682e-07, 2.71876331226e-07, 2.12296683344e-07, 1.79049465032e-07, 1.19292849377e-07],
        "dmean2": [0.00442033447325, 0.00197580386885, 0.000392824178562, 0.000384396844311, 0.0003691065358, 0.00048359320499, 0.000580919440836, 0.000419604941271, 0.000241124944296, 0.000155727859237, 0.000115836941404, 0.000115799550258, 0.000153302666149, 8.88784488779e-05, 9.92983623291e-05, 4.92136314278e-05, 1.60180370585e-05, 1.09861985038e-05, 1.00461975308e-05, 1.32951008709e-05, 1.31934302772e-05, 1.52432166942e-05, 9.52519530983e-06, 6.0350662352e-06, 4.8570996114e-06, 3.09859024128e-06, 2.29883630709e-06, 8.66494872298e-07, 8.57188297232e-07, 9.97148845272e-07, 8.06729417491e-07, 5.70260169752e-07, 5.47064871625e-07, 4.16572618178e-07, 3.55686893272e-07, 4.86546412048e-07, 4.13842059288e-07, 3.29045434455e-07, 2.73890151448e-07, 1.81270905841e-07],
        "dvar": [3.27814159391e-05, 4.43751741841e-06, 1.69283026707e-07, 1.52516975049e-07, 2.15489592392e-07, 3.52022794914e-07, 4.29709672289e-07, 2.43710218228e-07, 1.18087342571e-07, 6.90826382765e-08, 3.52076199306e-08, 2.57169912032e-08, 5.78285579422e-08, 2.93270137064e-08, 6.63154224867e-08, 1.36940156992e-08, 7.50115969339e-10, 3.97194360735e-10, 7.70982444553e-10, 1.35178435112e-09, 4.06477074222e-10, 1.05116826354e-09, 3.75332459557e-10, 1.26347557416e-10, 6.67084373851e-11, 3.5887143951e-11, 3.68170181841e-11, 2.47914210862e-12, 3.56988722437e-12, 1.18214838959e-11, 4.84615082438e-12, 1.5580555509e-12, 1.36728410711e-12, 9.81230179574e-13, 7.4709883462e-13, 1.29229840804e-12, 1.2595698139e-12, 8.94037827711e-13, 6.14745288095e-13, 2.49171614331e-13],
        "dvar2": [6.88914224156e-05, 1.12427769636e-05, 4.50357077852e-07, 3.74113341195e-07, 4.96234576985e-07, 8.68608196924e-07, 1.19393496334e-06, 6.07218737514e-07, 2.51621969483e-07, 1.29125368176e-07, 6.73183748745e-08, 6.76061802096e-08, 1.65524141948e-07, 8.42887430963e-08, 1.48171935166e-07, 3.1763363495e-08, 1.72617942162e-09, 8.98844054742e-10, 2.12361372931e-09, 2.53640597414e-09, 8.76590022791e-10, 2.99221047939e-09, 9.56828949406e-10, 2.92437685179e-10, 1.57225052422e-10, 7.22985560309e-11, 9.58107274074e-11, 5.66909019728e-12, 8.47316314334e-12, 3.1759036373e-11, 1.2642943116e-11, 3.30531305451e-12, 2.92766570535e-12, 2.35245763841e-12, 1.7312892656e-12, 3.01648267996e-12, 2.97441715355e-12, 2.12247168625e-12, 1.5274567635e-12, 6.14023046817e-13],
        "max": [0.0670317038894, 0.0274163112044, 0.00683490978554, 0.0071588777937, 0.0153044676408, 0.0130357062444, 0.0175318866968, 0.0110700866207, 0.0115595785901, 0.0100918058306, 0.0070259780623, 0.00409718323499, 0.0055699525401, 0.00325774634257, 0.00831303372979, 0.00378298154101, 0.000894599070307, 0.000574218807742, 0.00186685787048, 0.00172829569783, 0.000603686552495, 0.00171070359647, 0.000835650134832, 0.000346341781551, 0.000179612179636, 0.000158674578415, 0.000279496453004, 4.42375676357e-05, 5.70915944991e-05, 0.000159037634148, 0.000116576113214, 2.93881967082e-05, 2.7102567401e-05, 2.71883745881e-05, 2.21147456614e-05, 3.33978023264e-05, 4.09622807638e-05, 3.44471409335e-05, 4.01391444029e-05, 2.46531362791e-05],
        "mean": [0.0069444347173, 0.00401525152847, 0.00073362182593, 0.000491167942528, 0.000576313061174, 0.000685925595462, 0.000706301885657, 0.000556286773644, 0.000347827299265, 0.000220866990276, 0.000175500113983, 0.000152540014824, 0.000191593222553, 7.9220844782e-05, 0.000144966688822, 7.06652353983e-05, 2.32571437664e-05, 1.35681657412e-05, 1.31180913741e-05, 1.90697810467e-05, 1.8599032046e-05, 2.36134310398e-05, 1.61970438057e-05, 9.45754163695e-06, 6.67396625431e-06, 4.69559745397e-06, 2.92132722279e-06, 1.09118127511e-06, 1.04138803181e-06, 1.13262649393e-06, 9.7684994671e-07, 7.92652883774e-07, 7.24420772258e-07, 5.04611364249e-07, 4.43173632902e-07, 5.95985170548e-07, 4.95082304042e-07, 3.7427270172e-07, 3.22924734064e-07, 2.06943724379e-07],
        "median": [0.00527890957892, 0.00338661042042, 0.000584050139878, 0.00030459149275, 0.000332671916112, 0.000356116506737, 0.000396186253056, 0.000312632124405, 0.000134222733323, 8.77851998666e-05, 5.69367475691e-05, 5.61674823985e-05, 6.41618680675e-05, 2.25433104788e-05, 2.34659310081e-05, 1.35448353831e-05, 7.08312290953e-06, 4.51944515589e-06, 3.71403803001e-06, 4.6560339797e-06, 5.86070564168e-06, 5.71826421947e-06, 4.09290714742e-06, 2.33974378716e-06, 1.71689930539e-06, 9.29613008793e-07, 5.69839244235e-07, 2.35102675106e-07, 1.40556409178e-07, 1.21689311072e-07, 1.1459436422e-07, 7.83658720138e-08, 6.82189948975e-08, 4.82883351083e-08, 3.10653618385e-08, 3.01871629915e-08, 2.13634034907e-08, 1.54020831644e-08, 1.35382789423e-08, 6.61829036019e-09],
        "min": [8.93519081517e-24, 1.49717422108e-23, 2.08865376589e-23, 1.30618058296e-23, 8.3575821272e-24, 1.38988472035e-23, 1.20535855836e-23, 1.44294303152e-23, 6.16866942562e-24, 5.78506096134e-24, 8.73015718843e-24, 6.52273978217e-24, 1.22726569902e-23, 2.54547222982e-23, 1.26719697029e-23, 5.41007159131e-24, 1.1504059555e-23, 1.38710619447e-23, 1.01057862456e-23, 1.08713150118e-23, 7.23811592749e-24, 9.42252857203e-24, 1.44405406322e-23, 1.64794762817e-23, 1.09939221403e-23, 7.44587901296e-24, 1.09794015776e-23, 5.62055900791e-24, 6.98620266374e-24, 1.00365226804e-23, 1.09268492418e-23, 9.99664655049e-24, 1.38792455877e-23, 1.16522660087e-23, 1.11683534859e-23, 8.82658991207e-24, 1.5060986045e-23, 7.85615452571e-24, 1.37433832295e-23, 1.09707035973e-23],
        "var": [6.02594009251e-05, 1.24497555589e-05, 4.82860230022e-07, 3.53808786713e-07, 7.0537873853e-07, 1.01020634702e-06, 9.18425314467e-07, 5.71459338516e-07, 4.08911205341e-07, 2.18875840119e-07, 1.71349597622e-07, 8.03535442628e-08, 1.76536616436e-07, 4.10986551458e-08, 2.54875658356e-07, 5.76627812165e-08, 2.57183097041e-09, 9.71162372743e-10, 8.98560170715e-10, 3.81538844962e-09, 1.22027632443e-09, 2.29099428317e-09, 1.16497644864e-09, 3.94377780433e-10, 1.71089087342e-10, 1.07766066904e-10, 5.72414546318e-11, 5.79631568437e-12, 7.82719201953e-12, 1.44075047032e-11, 9.227654231e-12, 4.52008439358e-12, 3.69417994459e-12, 2.20766785929e-12, 1.84792610901e-12, 3.23383203896e-12, 3.03775234134e-12, 2.14260120063e-12, 1.22459833073e-12, 4.82971735521e-13]
    },
    "mfcc": {
        "mean": [-695.031616211, 187.709182739, -4.1783747673, 18.3469619751, 6.68864202499, -2.7126083374, 4.46043157578, 15.197930336, 1.2015863657, 0.460558593273, 7.21691083908, 10.0405111313, 6.39710950851],
        "cov": [[10014.5546875, -472.056549072, 464.716918945, 1092.9486084, 430.62991333, -38.472114563, -597.747070312, 105.020553589, 275.754089355, 210.247741699, 74.8520278931, 22.420999527, 73.4974594116], [-472.056549072, 2393.11254883, -554.296569824, 69.3701477051, -13.0039434433, -88.1447677612, 134.743225098, -14.6178398132, -49.5812911987, -78.7757415771, 22.1701545715, 76.0035552979, 43.8710975647], [464.716918945, -554.296569824, 911.549987793, 82.8382797241, 193.596298218, 26.8597793579, -181.218643188, -19.808599472, 44.2289428711, 59.9468765259, 2.67823958397, -41.237071991, 5.79830789566], [1092.9486084, 69.3701477051, 82.8382797241, 832.535705566, 223.948944092, 0.887645840645, -272.644042969, -81.6260757446, 167.452209473, 21.9781036377, -42.9107131958, 26.6666889191, 77.8803787231], [430.62991333, -13.0039434433, 193.596298218, 223.948944092, 372.681091309, -21.6917266846, -182.048751831, -21.9962024689, 96.9979934692, 56.9542694092, -23.6645641327, 25.899263382, 4.43178415298], [-38.472114563, -88.1447677612, 26.8597793579, 0.887645840645, -21.6917266846, 134.56187439, 27.1702156067, 3.66241908073, 21.2481269836, 1.96579682827, 0.314197689295, 1.12240695953, -0.876599013805], [-597.747070312, 134.743225098, -181.218643188, -272.644042969, -182.048751831, 27.1702156067, 304.054046631, 54.9072303772, -85.6327514648, -25.2324848175, 11.9997320175, -7.14007902145, -21.3176364899], [105.020553589, -14.6178398132, -19.808599472, -81.6260757446, -21.9962024689, 3.66241908073, 54.9072303772, 161.850280762, -3.71294379234, 12.7844667435, 24.8268032074, -19.9870376587, -12.6327800751], [275.754089355, -49.5812911987, 44.2289428711, 167.452209473, 96.9979934692, 21.2481269836, -85.6327514648, -3.71294379234, 168.09437561, 32.8981895447, -14.3944559097, 33.8025016785, 13.1615991592], [210.247741699, -78.7757415771, 59.9468765259, 21.9781036377, 56.9542694092, 1.96579682827, -25.2324848175, 12.7844667435, 32.8981895447, 113.033317566, 18.3903636932, 2.22601866722, -0.117227517068], [74.8520278931, 22.1701545715, 2.67823958397, -42.9107131958, -23.6645641327, 0.314197689295, 11.9997320175, 24.8268032074, -14.3944559097, 18.3903636932, 94.7548675537, -1.14480006695, -4.42497873306], [22.420999527, 76.0035552979, -41.237071991, 26.6666889191, 25.899263382, 1.12240695953, -7.14007902145, -19.9870376587, 33.8025016785, 2.22601866722, -1.14480006695, 116.709037781, 5.54894638062], [73.4974594116, 43.8710975647, 5.79830789566, 77.8803787231, 4.43178415298, -0.876599013805, -21.3176364899, -12.6327800751, 13.1615991592, -0.117227517068, -4.42497873306, 5.54894638062, 87.3225250244]],
