{
"lowlevel": {
    "average_loudness": 0.934536933899,
    "barkbands_crest": {
        "dmean": 2.51172089577,
        "dmean2": 4.10066604614,
        "dvar": 8.10956573486,
        "dvar2": 22.2639923096,
        "max": 26.5990142822,
        "mean": 16.7892436981,
        "median": 17.2978191376,
        "min": 3.63580441475,
        "var": 20.0750007629
    },
    "barkbands_flatness_db": {
        "dmean": 0.0303192716092,
        "dmean2": 0.0474380329251,
        "dvar": 0.00131732632872,
        "dvar2": 0.0032152144704,
        "max": 0.677891731262,
        "mean": 0.246710434556,
        "median": 0.224343731999,
        "min": 0.0389133431017,
        "var": 0.0103603228927
    },
    "barkbands_kurtosis": {
        "dmean": 18.7766246796,
        "dmean2": 29.4657115936,
        "dvar": 4846.09619141,
        "dvar2": 11460.4775391,
        "max": 3555.46508789,
        "mean": 34.4652481079,
        "median": 10.9270620346,
        "min": -1.85982704163,
        "var": 8150.70605469
    },
    "barkbands_skewness": {
        "dmean": 1.06130278111,
        "dmean2": 1.65105187893,
        "dvar": 2.43121480942,
        "dvar2": 5.71344184875,
        "max": 49.9553184509,
        "mean": 3.59758806229,
        "median": 3.02989935875,
        "min": -20.9616966248,
        "var": 10.0002737045
    },
    "barkbands_spread": {
        "dmean": 2.80489659309,
        "dmean2": 4.52385807037,
        "dvar": 16.5865077972,
        "dvar2": 41.992225647,
        "max": 137.307525635,
        "mean": 9.41229343414,
        "median": 7.51543188095,
        "min": 0.0679565519094,
        "var": 84.6051025391
    },
    "dissonance": {
        "dmean": 0.0204478465021,
        "dmean2": 0.0346404053271,
        "dvar": 0.00040500954492,
        "dvar2": 0.00109377130866,
        "max": 0.500000059605,
        "mean": 0.460786104202,
        "median": 0.467193484306,
        "min": 0.231816202402,
        "var": 0.000827945536003
    },
    "dynamic_complexity": 4.43715715408,
    "erbbands_crest": {
        "dmean": 2.45441675186,
        "dmean2": 3.94417905807,
        "dvar": 5.34006214142,
        "dvar2": 13.0164690018,
        "max": 27.4453105927,
        "mean": 8.94260406494,
        "median": 8.12297439575,
        "min": 2.19328069687,
        "var": 13.7724790573
    },
    "erbbands_flatness_db": {
        "dmean": 0.0175971463323,
        "dmean2": 0.0250720307231,
        "dvar": 0.000426292826887,
        "dvar2": 0.000788771489169,
        "max": 0.416108906269,
        "mean": 0.168993324041,
        "median": 0.168541505933,
        "min": 0.0203993059695,
        "var": 0.00223156739958
    },
    "erbbands_kurtosis": {
        "dmean": 1.00290620327,
        "dmean2": 1.56662905216,
        "dvar": 7.61308050156,
        "dvar2": 14.5774803162,
        "max": 201.838226318,
        "mean": 1.29881763458,
        "median": 0.415383815765,
        "min": -1.70578217506,
        "var": 46.0556640625
    },
    "erbbands_skewness": {
        "dmean": 0.315751075745,
        "dmean2": 0.490600675344,
        "dvar": 0.112295210361,
        "dvar2": 0.259493231773,
        "max": 11.4551515579,
        "mean": 0.334266990423,
        "median": 0.217120334506,
        "min": -2.48897004128,
        "var": 0.733178853989
    },
    "erbbands_spread": {
        "dmean": 6.99632883072,
        "dmean2": 10.7086057663,
        "dvar": 78.2529678345,
        "dvar2": 168.780502319,
        "max": 219.246490479,
        "mean": 32.0161399841,
        "median": 29.0560626984,
        "min": 1.3317797184,
        "var": 256.550506592
    },
    "hfc": {
        "dmean": 5.03683853149,
        "dmean2": 7.62845754623,
        "dvar": 84.0925140381,
        "dvar2": 182.037200928,
        "max": 174.255996704,
        "mean": 17.5069274902,
        "median": 13.0896148682,
        "min": 1.187270465e-16,
        "var": 297.250640869
    },
    "melbands_crest": {
        "dmean": 3.27014565468,
        "dmean2": 5.27204847336,
        "dvar": 12.6253728867,
        "dvar2": 32.0769119263,
        "max": 39.5170555115,
        "mean": 24.6840457916,
        "median": 25.1821994781,
        "min": 1.56722927094,
        "var": 42.7713890076
    },
    "melbands_flatness_db": {
        "dmean": 0.0348436161876,
        "dmean2": 0.0546869076788,
        "dvar": 0.00175715854857,
        "dvar2": 0.00432178936899,
        "max": 0.834004282951,
        "mean": 0.356174349785,
        "median": 0.329017102718,
        "min": 0.00389857427217,
        "var": 0.0157811213285
    },
    "melbands_kurtosis": {
        "dmean": 26.2341365814,
        "dmean2": 42.6295661926,
        "dvar": 7311.05126953,
        "dvar2": 21983.1679688,
        "max": 5147.26416016,
        "mean": 50.9810523987,
        "median": 23.416891098,
        "min": -1.35953259468,
        "var": 8760.12207031
    },
    "melbands_skewness": {
        "dmean": 1.20258867741,
        "dmean2": 1.89475059509,
        "dvar": 2.40786933899,
        "dvar2": 6.31369543076,
        "max": 49.8185272217,
        "mean": 4.88390350342,
        "median": 4.17788219452,
        "min": -0.245456874371,
        "var": 8.37148189545
    },
    "melbands_spread": {
        "dmean": 2.77736902237,
        "dmean2": 4.49279737473,
        "dvar": 17.2947273254,
        "dvar2": 41.71043396,
        "max": 166.550216675,
        "mean": 8.80964279175,
        "median": 6.02215194702,
        "min": 0.0445200912654,
        "var": 151.620956421
    },
    "pitch_salience": {
        "dmean": 0.0755798146129,
        "dmean2": 0.122528709471,
        "dvar": 0.00677246181294,
        "dvar2": 0.0178029406816,
        "max": 0.974704027176,
        "mean": 0.347633481026,
        "median": 0.338935017586,
        "min": 0.0227422825992,
        "var": 0.0196326989681
    },
    "silence_rate_20dB": {
        "dmean": 0.0365963838995,
        "dmean2": 0.0731982812285,
        "dvar": 0.0352603010833,
        "dvar2": 0.0925511494279,
        "max": 1,
        "mean": 0.974098324776,
        "median": 1,
        "min": 0,
        "var": 0.0252311322838
    },
    "silence_rate_30dB": {
        "dmean": 0.117469877005,
        "dmean2": 0.234957456589,
        "dvar": 0.103666000068,
        "dvar2": 0.200669899583,
        "max": 1,
        "mean": 0.733378529549,
        "median": 1,
        "min": 0,
        "var": 0.195517554879
    },
    "silence_rate_60dB": {
        "dmean": 0.00271084345877,
        "dmean2": 0.00534678809345,
        "dvar": 0.00270377076231,
        "dvar2": 0.00561950542033,
        "max": 1,
        "mean": 0.0536857172847,
        "median": 0,
        "min": 0,
        "var": 0.0508050769567
    },
    "spectral_centroid": {
        "dmean": 144.987701416,
        "dmean2": 238.385559082,
        "dvar": 51540.1210938,
        "dvar2": 122579.015625,
        "max": 10493.8916016,
        "mean": 792.880065918,
        "median": 740.071960449,
        "min": 80.0404434204,
        "var": 247648.765625
    },
    "spectral_complexity": {
        "dmean": 2.74713850021,
        "dmean2": 4.43873786926,
        "dvar": 15.6068172455,
        "dvar2": 36.8837089539,
        "max": 62,
        "mean": 16.4052410126,
        "median": 16,
        "min": 0,
        "var": 94.6684799194
    },
    "spectral_decrease": {
        "dmean": 1.08638253948e-08,
        "dmean2": 1.7449952594e-08,
        "dvar": 3.7982018793e-16,
        "dvar2": 9.66680692098e-16,
        "max": 1.82666254965e-15,
        "mean": -2.48140779036e-08,
        "median": -1.84242416879e-08,
        "min": -1.73252303171e-07,
        "var": 5.58594035336e-16
    },
    "spectral_energy": {
        "dmean": 0.0413242205977,
        "dmean2": 0.0663301497698,
        "dvar": 0.00547697581351,
        "dvar2": 0.0139250541106,
        "max": 0.659579575062,
        "mean": 0.095242023468,
        "median": 0.0711149722338,
        "min": 1.08984115319e-20,
        "var": 0.00812074076384
    },
    "spectral_energyband_high": {
        "dmean": 0.000186630364624,
        "dmean2": 0.000294516736176,
        "dvar": 3.86694779309e-07,
        "dvar2": 9.34581521506e-07,
        "max": 0.011202564463,
        "mean": 0.000329000875354,
        "median": 6.79761724314e-05,
        "min": 7.81944011245e-21,
        "var": 5.87251292927e-07
    },
    "spectral_energyband_low": {
        "dmean": 0.0403639748693,
        "dmean2": 0.0652384981513,
        "dvar": 0.005425369367,
        "dvar2": 0.0139407487586,
        "max": 0.648865580559,
        "mean": 0.0801395252347,
        "median": 0.05623325333,
        "min": 6.13926897412e-23,
        "var": 0.00743057066575
    },
    "spectral_energyband_middle_high": {
        "dmean": 0.00141924398486,
        "dmean2": 0.00225545582362,
        "dvar": 5.91451134824e-06,
        "dvar2": 1.40140209623e-05,
        "max": 0.0704830214381,
        "mean": 0.00458690989763,
        "median": 0.0027417477686,
        "min": 1.78395554705e-21,
        "var": 2.78652132693e-05
    },
    "spectral_energyband_middle_low": {
        "dmean": 0.00361743150279,
        "dmean2": 0.00574621092528,
        "dvar": 3.87439577025e-05,
        "dvar2": 9.9461467471e-05,
        "max": 0.131918236613,
        "mean": 0.0110818948597,
        "median": 0.00810071732849,
        "min": 3.18826881735e-22,
        "var": 0.000124899597722
    },
    "spectral_entropy": {
        "dmean": 0.171135663986,
        "dmean2": 0.253694236279,
        "dvar": 0.059887625277,
        "dvar2": 0.124098159373,
        "max": 9.79918479919,
        "mean": 7.13878297806,
        "median": 7.25156974792,
        "min": 3.53610920906,
        "var": 0.403385609388
    },
    "spectral_flux": {
        "dmean": 0.0484482869506,
        "dmean2": 0.0763714909554,
        "dvar": 0.00485037686303,
        "dvar2": 0.0114501025528,
        "max": 0.694097936153,
        "mean": 0.115291193128,
        "median": 0.0812482014298,
        "min": 1.04395457556e-10,
        "var": 0.0112049458548
    },
    "spectral_kurtosis": {
        "dmean": 3.92167496681,
        "dmean2": 6.41709899902,
        "dvar": 37.5813179016,
        "dvar2": 87.3954086304,
        "max": 151.646133423,
        "mean": 11.5261707306,
        "median": 6.96458339691,
        "min": -1.17379021645,
        "var": 161.438095093
    },
    "spectral_rms": {
        "dmean": 0.0017296995502,
        "dmean2": 0.00270235328935,
        "dvar": 6.18943022346e-06,
        "dvar2": 1.47993659994e-05,
        "max": 0.0253671500832,
        "mean": 0.00876438990235,
        "median": 0.00832949392498,
        "min": 3.26076622301e-12,
        "var": 1.61037478392e-05
    },
    "spectral_rolloff": {
        "dmean": 146.66468811,
        "dmean2": 253.989212036,
        "dvar": 270878.46875,
        "dvar2": 628843.6875,
        "max": 19681.3476562,
        "mean": 535.802856445,
        "median": 172.265625,
        "min": 43.06640625,
        "var": 3674129
    },
    "spectral_skewness": {
        "dmean": 0.358311802149,
        "dmean2": 0.574034392834,
        "dvar": 0.231629550457,
        "dvar2": 0.523518741131,
        "max": 10.6880636215,
        "mean": 2.36386680603,
        "median": 2.06374311447,
        "min": 0.0561261549592,
        "var": 1.1806653738
    },
    "spectral_spread": {
        "dmean": 496248.46875,
        "dmean2": 679663.875,
        "dvar": 587427479552,
        "dvar2": 988420898816,
        "max": 39159652,
        "mean": 3618194.75,
        "median": 3296110.5,
        "min": 687985.5,
        "var": 4.62414990541e+12
    },
    "spectral_strongpeak": {
        "dmean": 0.195968851447,
        "dmean2": 0.332466900349,
        "dvar": 0.14352349937,
        "dvar2": 0.373573333025,
        "max": 6.10412693024,
        "mean": 0.426966816187,
        "median": 0.31017640233,
        "min": 0,
        "var": 0.185041099787
    },
    "zerocrossingrate": {
        "dmean": 0.00444427877665,
        "dmean2": 0.00581447780132,
        "dvar": 8.68061397341e-05,
        "dvar2": 9.82899509836e-05,
        "max": 0.81103515625,
        "mean": 0.02638582699,
        "median": 0.0166015625,
        "min": 0.00146484375,
        "var": 0.00519886892289
    },
    "barkbands": {
        "dmean": [0.00487079145387, 0.0359184518456, 0.00432338053361, 0.00152498320676, 0.00110988784581, 0.000707410159521, 0.000552414509002, 0.000450055667898, 0.00124100199901, 0.000571684911847, 0.000574747740757, 0.000262914050836, 0.000316239777021, 0.000203818941372, 0.000157356553245, 0.00011261463078, 0.000129966472741, 8.41552609927e-05, 8.96292258403e-05, 6.88289510435e-05, 6.55211115372e-05, 3.69780573237e-05, 2.05460983125e-05, 2.60457163677e-05, 2.49039785558e-05, 1.16457376862e-05, 2.35423703998e-06],
        "dmean2": [0.00793805252761, 0.058412566781, 0.00720460386947, 0.00257952488028, 0.00183069484774, 0.00108084222302, 0.00081052276073, 0.000715584028512, 0.00184883864131, 0.000904321554117, 0.000941271835472, 0.0004315894912, 0.000504413153976, 0.000334204465616, 0.000264479720499, 0.000185496042832, 0.000216579486732, 0.000139941374073, 0.000150092731928, 0.000119834730867, 0.000116837923997, 6.10895876889e-05, 3.28263013216e-05, 4.08987179981e-05, 3.51682247128e-05, 1.85837998288e-05, 3.70990915144e-06],
        "dvar": [8.6168089183e-05, 0.00440281350166, 0.000118431351439, 1.04962109617e-05, 4.43302769781e-06, 2.88192745757e-06, 1.87151374575e-06, 1.00961665339e-06, 6.4294722506e-06, 1.24370080812e-06, 1.10314385893e-06, 3.72515330582e-07, 5.11064683906e-07, 2.1078261625e-07, 1.82182787967e-07, 9.97551694581e-08, 1.23958415088e-07, 6.24916225433e-08, 8.36634228563e-08, 5.52576899793e-08, 6.83605350105e-08, 1.50826373613e-08, 3.72337316534e-09, 6.42414788032e-09, 9.59486978758e-09, 1.85015358589e-09, 5.57840197646e-11],
        "dvar2": [0.000210382524529, 0.011423965916, 0.000311851181323, 3.00844130834e-05, 1.19646047096e-05, 6.5405629357e-06, 3.7543891267e-06, 2.51134815699e-06, 1.39520543598e-05, 3.0210821933e-06, 2.78417996924e-06, 9.39822541568e-07, 1.23198628899e-06, 5.26009728219e-07, 4.75332171845e-07, 2.58691244426e-07, 3.29374699959e-07, 1.59070921768e-07, 2.17851649609e-07, 1.52101719664e-07, 1.9219859837e-07, 3.85168945627e-08, 8.64020499591e-09, 1.47093333069e-08, 2.04970547202e-08, 4.493293293e-09, 1.32079638893e-10],
        "max": [0.134406805038, 0.569019913673, 0.147867754102, 0.0544378682971, 0.0423240810633, 0.0932754352689, 0.0489547289908, 0.0441391356289, 0.0633065551519, 0.0354684777558, 0.0280791837722, 0.0332193672657, 0.0198013260961, 0.0205810908228, 0.0191918835044, 0.0174685735255, 0.00966397020966, 0.00572303263471, 0.00752485916018, 0.00574345327914, 0.00378164858557, 0.00290692783892, 0.00218464271165, 0.00312024052255, 0.00144676037598, 0.000535105587915, 9.86454251688e-05],
        "mean": [0.0105913300067, 0.0638004988432, 0.00504260975868, 0.00276982598007, 0.00211470993236, 0.0014374878956, 0.00118125008885, 0.000798966153525, 0.00240081478842, 0.00124144041911, 0.000950089772232, 0.000538496708032, 0.000578116043471, 0.000385779654607, 0.000283026573015, 0.000213424689719, 0.000226963806199, 0.000144673933391, 0.000153689645231, 0.000107510575617, 9.06103668967e-05, 5.95754827373e-05, 3.32800118485e-05, 4.56949346699e-05, 3.92013644159e-05, 1.06289999167e-05, 2.40124882112e-06],
        "median": [0.00838159304112, 0.0424554683268, 0.00217578955926, 0.00167121260893, 0.00124671123922, 0.000541304063518, 0.000325438799337, 0.000270137737971, 0.000840541440994, 0.000460700015537, 0.000441868469352, 0.000198654190172, 0.000217453329242, 0.000142793520354, 9.95789523586e-05, 6.08067311987e-05, 5.56930281164e-05, 4.32820706919e-05, 3.64741754311e-05, 2.71385270025e-05, 1.83394604392e-05, 1.25643909996e-05, 6.42237728243e-06, 5.19477998751e-06, 3.18599222737e-06, 5.31612045052e-07, 2.89793064212e-07],
        "min": [9.11723940171e-24, 3.22860100351e-24, 2.37625541254e-23, 4.27919049541e-23, 4.41501845934e-23, 3.64398707275e-23, 5.6340887613e-23, 5.59976573886e-23, 6.71316275831e-23, 2.56686424431e-23, 8.6194943607e-23, 1.97542786597e-22, 1.44597598082e-22, 6.02150403165e-23, 1.17052367563e-22, 9.70467224785e-23, 3.17122967423e-22, 2.89431652487e-22, 3.3580604618e-22, 3.59534729773e-22, 3.06846848753e-22, 5.78909147259e-22, 6.71009528846e-22, 8.73034711458e-22, 1.43899386761e-21, 1.24714955976e-21, 2.76232381334e-21],
        "var": [0.00011512904166, 0.00557642895728, 9.84762882581e-05, 1.23772988445e-05, 7.54437724027e-06, 8.45075282996e-06, 7.51532434151e-06, 2.29015040532e-06, 1.8360438844e-05, 3.98073007091e-06, 2.20622587221e-06, 9.51573895236e-07, 1.17001354738e-06, 4.75167325931e-07, 3.69148466461e-07, 3.4960675066e-07, 3.04733930534e-07, 1.20049463703e-07, 1.39000448485e-07, 6.26582519203e-08, 5.64529578639e-08, 2.23709513136e-08, 7.51238005137e-09, 1.51897623368e-08, 1.66644635868e-08, 1.68601721473e-09, 5.42213149379e-11]
    },
    "erbbands": {
        "dmean": [1.58399522305, 6.70319986343, 7.24476003647, 4.11003112793, 3.7048060894, 4.63249015808, 4.78293943405, 5.80205059052, 5.21232938766, 12.7129058838, 11.7423248291, 33.2021827698, 16.9121513367, 15.3582010269, 20.1907196045, 9.80097389221, 14.7429981232, 9.68433856964, 7.16314077377, 9.76857280731, 5.72332620621, 6.68085956573, 5.10800743103, 4.9688577652, 3.58747458458, 3.30565667152, 3.13108873367, 2.0281355381, 1.43631184101, 0.863493382931, 0.560739457607, 0.476001739502, 0.490061044693, 0.310318976641, 0.156714916229, 0.071407161653, 0.0167938638479, 0.0033186620567, 0.000419942021836, 5.55905498913e-05],
        "dmean2": [2.62114429474, 10.8621425629, 12.0401678085, 6.90699958801, 6.24296092987, 7.56485462189, 7.51644182205, 8.9955329895, 8.26504135132, 18.4067764282, 18.1814651489, 49.2450561523, 26.6317424774, 24.8261146545, 33.0650787354, 15.888209343, 23.3833751678, 15.9678058624, 11.6713409424, 16.3475952148, 9.31565380096, 11.1462211609, 8.53898143768, 8.38527488708, 5.9513335228, 5.79421567917, 5.50819444656, 3.58422374725, 2.37772011757, 1.39805984497, 0.891044259071, 0.743140816689, 0.77206158638, 0.448737233877, 0.227756753564, 0.11191829294, 0.027600441128, 0.00535737723112, 0.00066677184077, 8.96073906915e-05],
        "dvar": [9.31157016754, 164.477386475, 325.226623535, 84.3788146973, 63.3141479492, 72.3160247803, 132.493148804, 192.760604858, 175.850906372, 1089.17248535, 547.055175781, 4845.63720703, 1039.59069824, 1056.43920898, 1328.77246094, 506.646118164, 1104.02807617, 552.395202637, 223.526870728, 1023.11785889, 271.105926514, 329.389801025, 194.223434448, 246.867156982, 164.822357178, 135.448822021, 161.953384399, 54.0853614807, 22.6528453827, 6.85483694077, 3.02466487885, 2.30115914345, 2.58141684532, 1.27657461166, 0.419567614794, 0.0848573893309, 0.00318661169149, 0.000109919041279, 1.81512450581e-06, 9.50039069636e-09],
        "dvar2": [24.2683563232, 422.121063232, 853.280944824, 235.439620972, 173.6144104, 199.552734375, 317.056030273, 455.95715332, 407.903564453, 2203.79370117, 1285.42614746, 10301.6025391, 2520.12670898, 2584.79052734, 3272.35766602, 1246.01782227, 2658.06079102, 1385.32409668, 556.895385742, 2812.03613281, 666.016052246, 864.697937012, 503.728546143, 664.28692627, 410.659851074, 376.116149902, 443.128936768, 152.34588623, 58.1726913452, 16.2964458466, 7.05341625214, 5.08143901825, 6.16031551361, 2.56118583679, 0.962086975574, 0.203172236681, 0.00819965917617, 0.00027425843291, 4.45790146841e-06, 2.34823467338e-08],
        "max": [29.8112182617, 126.870796204, 228.390213013, 158.114425659, 170.949127197, 154.71697998, 482.856018066, 637.643554688, 552.187194824, 1174.69995117, 1212.18811035, 1695.13293457, 780.676696777, 1325.47949219, 1223.78625488, 1351.00939941, 743.936950684, 1170.93103027, 414.282501221, 1620.9185791, 1179.73840332, 516.638183594, 325.529052734, 341.321380615, 478.807495117, 307.140441895, 182.260284424, 131.613540649, 117.751800537, 72.422996521, 66.4506225586, 83.7710113525, 52.7550239563, 17.6775875092, 10.1201438904, 3.68111991882, 0.72876393795, 0.283672749996, 0.015927342698, 0.000852175813634],
        "mean": [2.84510707855, 9.94305610657, 9.24879074097, 7.06543636322, 6.66701173782, 9.00769233704, 9.54953765869, 11.6537857056, 10.3702383041, 26.4194335938, 23.8721790314, 62.0595817566, 38.8893928528, 33.5215339661, 38.4534950256, 21.9549350739, 28.3850021362, 18.6965465546, 15.2606601715, 17.066444397, 11.5001478195, 12.110991478, 9.51114177704, 8.60977935791, 6.33752775192, 5.24194812775, 4.15763187408, 3.04193639755, 2.20473098755, 1.45164513588, 0.913832426071, 0.86065363884, 0.833641409874, 0.550225734711, 0.204969793558, 0.06825093925, 0.0147748300806, 0.00314724189229, 0.000449060869869, 0.000123443373013],
        "median": [2.04516887665, 5.28459024429, 4.59296751022, 4.45769405365, 4.25066423416, 4.97850084305, 4.40267133713, 4.42780351639, 3.58664655685, 6.06116056442, 10.5762243271, 21.0995121002, 17.5772418976, 15.5618753433, 18.8883323669, 10.255364418, 11.3402757645, 8.38692951202, 5.78273630142, 5.56836128235, 3.30419325829, 3.12907195091, 2.61524939537, 2.33605360985, 1.54379224777, 1.30336248875, 0.805281221867, 0.734302461147, 0.438072890043, 0.305785149336, 0.158761039376, 0.116907119751, 0.0914076641202, 0.0531836263835, 0.0117189269513, 0.00280969333835, 0.000925531727262, 0.000260916101979, 8.36125691421e-05, 8.57299601194e-05],
        "min": [1.61598661306e-22, 8.15040131574e-22, 1.64336553907e-20, 1.15449249127e-19, 7.50592864366e-20, 2.30829842264e-19, 2.37374857162e-19, 3.44745097869e-19, 9.56986757359e-19, 8.13712302723e-19, 9.5608089119e-19, 1.71578021277e-18, 1.26831644682e-18, 1.88360936879e-18, 3.65509523273e-18, 8.80403977425e-18, 6.77523125663e-18, 3.78396294113e-18, 7.15201533437e-18, 3.47904224706e-18, 6.80053926106e-18, 1.85059046941e-17, 1.35488288316e-17, 2.81923468314e-17, 9.17784434742e-18, 1.64815108394e-17, 1.54458707863e-17, 1.21410989507e-17, 2.06604885054e-17, 1.87293278319e-17, 2.29834267324e-17, 1.80333595712e-17, 1.3844516122e-17, 1.38673620234e-17, 1.10951720795e-17, 5.07476712008e-18, 2.53081161007e-18, 1.23195482786e-18, 3.76755359063e-19, 3.77840303372e-20],
        "var": [10.197303772, 202.848388672, 279.787902832, 81.6449127197, 70.301940918, 143.701705933, 328.539672852, 533.410339355, 529.734375, 3899.65966797, 1414.58483887, 13124.7939453, 3213.30957031, 3329.62255859, 3202.54321289, 1312.34814453, 2552.99804688, 1183.19641113, 654.529052734, 2021.7878418, 1038.48303223, 845.041625977, 452.037872314, 393.272613525, 309.736206055, 151.274978638, 136.143325806, 52.3026351929, 32.665309906, 12.5426807404, 5.88875150681, 5.84246683121, 5.27418613434, 2.77585244179, 0.568141520023, 0.0826675891876, 0.0026390356943, 9.948497609e-05, 1.68182066318e-06, 1.46030263437e-08]
    },
    "gfcc": {
        "mean": [-46.5862808228, 140.539367676, -90.2796096802, 26.4889411926, -30.8139972687, 22.8133029938, -7.51371669769, 13.9273796082, -9.59267139435, -0.760982394218, -6.38914394379, -3.38875722885, -0.0630850270391],
        "cov": [[20321.7832031, 93.835105896, -2428.32250977, 1178.58032227, -1513.00500488, 800.143737793, -960.005065918, 501.581970215, -363.159484863, 334.066009521, -9.38703536987, 25.1377696991, -94.5244522095], [93.835105896, 1676.07287598, -29.368522644, -294.183349609, 450.941558838, -155.436203003, 236.691146851, -108.959159851, 58.569026947, -92.036819458, 12.6515893936, -61.4057998657, 49.8899345398], [-2428.32250977, -29.368522644, 1186.85913086, -11.3169345856, 199.730163574, -97.7525634766, 130.590255737, 18.8061962128, 49.013256073, -19.7197093964, -37.2794876099, 51.5071754456, -38.343132019], [1178.58032227, -294.183349609, -11.3169345856, 368.549621582, -225.792755127, 57.3596496582, -112.409988403, 45.1821670532, -22.2723503113, 5.41317605972, 15.1942605972, 2.05700230598, 2.47748327255], [-1513.00500488, 450.941558838, 199.730163574, -225.792755127, 524.739318848, -90.6719589233, 194.14302063, -79.0390472412, 57.3587532043, -18.6384048462, -38.2254066467, 4.14890241623, -3.3640229702], [800.143737793, -155.436203003, -97.7525634766, 57.3596496582, -90.6719589233, 188.505981445, -28.5424823761, 36.6288642883, -32.9531402588, 16.2328910828, 2.41106057167, -17.9508934021, 8.60754871368], [-960.005065918, 236.691146851, 130.590255737, -112.409988403, 194.14302063, -28.5424823761, 222.86769104, -32.8993110657, 32.82289505, -23.0050106049, -12.3051939011, -8.58612728119, -2.15211653709], [501.581970215, -108.959159851, 18.8061962128, 45.1821670532, -79.0390472412, 36.6288642883, -32.8993110657, 105.584220886, -6.25639343262, 20.3151454926, 7.50869369507, -4.14727210999, -9.93798828125], [-363.159484863, 58.569026947, 49.013256073, -22.2723503113, 57.3587532043, -32.9531402588, 32.82289505, -6.25639343262, 101.092063904, 11.4000043869, -1.71083855629, -3.11619567871, 0.485111713409], [334.066009521, -92.036819458, -19.7197093964, 5.41317605972, -18.6384048462, 16.2328910828, -23.0050106049, 20.3151454926, 11.4000043869, 80.1995697021, 6.20817899704, 1.40410113335, -12.9114561081], [-9.38703536987, 12.6515893936, -37.2794876099, 15.1942605972, -38.2254066467, 2.41106057167, -12.3051939011, 7.50869369507, -1.71083855629, 6.20817899704, 83.6031799316, 2.26443862915, 5.04337120056], [25.1377696991, -61.4057998657, 51.5071754456, 2.05700230598, 4.14890241623, -17.9508934021, -8.58612728119, -4.14727210999, -3.11619567871, 1.40410113335, 2.26443862915, 74.6881713867, 4.99466085434], [-94.5244522095, 49.8899345398, -38.343132019, 2.47748327255, -3.3640229702, 8.60754871368, -2.15211653709, -9.93798828125, 0.485111713409, -12.9114561081, 5.04337120056, 4.99466085434, 75.239730835]],
        "icov": [[0.000277271785308, -0.000567870680243, 0.000446772726718, -0.000732133572455, 0.000370511377696, -0.000788915494923, 0.000480091519421, -0.000772992905695, 0.000369176646927, -0.00103301438503, 0.000845298229251, -0.00109247094952, 0.000831333687529], [-0.000567870680243, 0.00216391216964, -0.000764321885072, 0.00174918945413, -0.00136508233845, 0.00214013503864, -0.00132757320534, 0.00160894962028, -0.000789661018644, 0.00286813662387, -0.00225126044825, 0.00311025674455, -0.00228498806246], [0.000446772726718, -0.000764321885072, 0.00180562585592, -0.00147281563841, 0.000176924906555, -0.000800575129688, 0.000219481022214, -0.00189553562086, 0.000391200126614, -0.00131091172807, 0.00161174929235, -0.00238828244619, 0.00171518826392], [-0.000732133572455, 0.00174918945413, -0.00147281563841, 0.00593157066032, 0.000241485759034, 0.00159225298557, -0.000386347383028, 0.00185493682511, -0.00131676427554, 0.0033824222628, -0.00245661684312, 0.00308210914955, -0.00241392478347], [0.000370511377696, -0.00136508233845, 0.000176924906555, 0.000241485759034, 0.00468769203871, -0.000827611365821, -0.00119385705329, 0.000404509919463, -0.0002143211168, -0.00216388818808, 0.00236742245033, -0.00208250666037, 0.00138600147329], [-0.000788915494923, 0.00214013503864, -0.000800575129688, 0.00159225298557, -0.000827611365821, 0.00933104008436, -0.00230505457148, 0.000510696612764, 0.000875571276993, 0.00190208491404, -0.00211623450741, 0.00490682665259, -0.00383670045994], [0.000480091519421, -0.00132757320534, 0.000219481022214, -0.000386347383028, -0.00119385705329, -0.00230505457148, 0.0083297630772, -0.000945312494878, -0.000523141759913, -0.000320326536894, 0.00118551345076, -0.0011536644306, 0.00187724735588], [-0.000772992905695, 0.00160894962028, -0.00189553562086, 0.00185493682511, 0.000404509919463, 0.000510696612764, -0.000945312494878, 0.0141990436241, -0.00127114297356, 0.000746157660615, -0.00286802812479, 0.00371764134616, -0.00117525970563], [0.000369176646927, -0.000789661018644, 0.000391200126614, -0.00131676427554, -0.0002143211168, 0.000875571276993, -0.000523141759913, -0.00127114297356, 0.0121621768922, -0.00409954320639, 0.0010453107534, -0.000369926507119, 0.000110090317321], [-0.00103301438503, 0.00286813662387, -0.00131091172807, 0.0033824222628, -0.00216388818808, 0.00190208491404, -0.000320326536894, 0.000746157660615, -0.00409954320639, 0.0190680008382, -0.00445776293054, 0.00376151269302, -0.000856293656398], [0.000845298229251, -0.00225126044825, 0.00161174929235, -0.00245661684312, 0.00236742245033, -0.00211623450741, 0.00118551345076, -0.00286802812479, 0.0010453107534, -0.00445776293054, 0.0154900290072, -0.00431407056749, 0.00193638331257], [-0.00109247094952, 0.00311025674455, -0.00238828244619, 0.00308210914955, -0.00208250666037, 0.00490682665259, -0.0011536644306, 0.00371764134616, -0.000369926507119, 0.00376151269302, -0.00431407056749, 0.0196449998766, -0.00531688099727], [0.000831333687529, -0.00228498806246, 0.00171518826392, -0.00241392478347, 0.00138600147329, -0.00383670045994, 0.00187724735588, -0.00117525970563, 0.000110090317321, -0.000856293656398, 0.00193638331257, -0.00531688099727, 0.0172788184136]]
    },
    "melbands": {
        "dmean": [0.0115077225491, 0.00540420645848, 0.000703133177012, 0.000255178252701, 0.000181254989002, 0.000131814595079, 8.48459967528e-05, 0.000127811348648, 0.000127123654238, 0.000188277088455, 8.53972960613e-05, 6.41136211925e-05, 8.47643314046e-05, 2.99007315334e-05, 3.52364950231e-05, 2.42762453126e-05, 1.95717038878e-05, 1.34443116622e-05, 1.10619666884e-05, 1.06444394987e-05, 7.19652871339e-06, 7.0176661211e-06, 6.82919699102e-06, 4.34660387327e-06, 4.38928191215e-06, 2.7981434414e-06, 2.62987487076e-06, 2.17827073357e-06, 1.97576514438e-06, 1.77435595106e-06, 1.10322935143e-06, 8.94014988262e-07, 6.21941751433e-07, 4.60611289554e-07, 3.42823881283e-07, 3.0985978583e-07, 2.9656297329e-07, 3.36560475489e-07, 3.8465458374e-07, 2.31222855973e-07],
        "dmean2": [0.018785007298, 0.0088333087042, 0.00116973626427, 0.000426068669185, 0.000287316739559, 0.000203186049475, 0.000131127890199, 0.000187726240256, 0.000192502338905, 0.000281321699731, 0.000134825124405, 0.000103657395812, 0.000138803748996, 4.89650519739e-05, 5.66453018109e-05, 3.90483037336e-05, 3.23075946653e-05, 2.1826588636e-05, 1.84962846106e-05, 1.7775577362e-05, 1.17846848298e-05, 1.16340770546e-05, 1.15192915473e-05, 7.2858420026e-06, 7.45612533137e-06, 4.63865899292e-06, 4.47593401987e-06, 3.84703707823e-06, 3.44182194567e-06, 3.19108039548e-06, 1.94952235688e-06, 1.49440222685e-06, 1.03575587218e-06, 7.48883280721e-07, 5.51420555439e-07, 4.9003699587e-07, 4.65319232035e-07, 5.3500946251e-07, 5.91795753735e-07, 3.39963065699e-07],
        "dvar": [0.000464599783299, 0.000137654453283, 2.29007741837e-06, 2.44691165108e-07, 1.45066479718e-07, 9.71134710426e-08, 4.44227516994e-08, 1.03350060954e-07, 6.12176123127e-08, 1.49527309645e-07, 2.69155293608e-08, 1.95956548765e-08, 2.40397515228e-08, 5.63979130064e-09, 5.49031753394e-09, 2.85346346551e-09, 2.49645415451e-09, 8.24859014426e-10, 9.23857434998e-10, 1.09966880046e-09, 4.55270682265e-10, 3.71700087376e-10, 4.3362330393e-10, 1.67246327898e-10, 1.95512578349e-10, 9.22965662231e-11, 7.75002215181e-11, 6.44291772711e-11, 6.08248937328e-11, 5.74992414792e-11, 1.33240510639e-11, 8.31677782198e-12, 5.43759091573e-12, 1.68091267901e-12, 1.15205674861e-12, 9.55258875474e-13, 9.0881935224e-13, 1.16132168985e-12, 2.18786750869e-12, 6.56612513927e-13],
        "dvar2": [0.00120502861682, 0.000353317998815, 6.28679845249e-06, 6.75247065374e-07, 3.61772151791e-07, 2.24054033993e-07, 9.98806086727e-08, 2.18014193365e-07, 1.40164686968e-07, 3.22354736682e-07, 6.54361898e-08, 4.81223771942e-08, 6.07181078749e-08, 1.34070283764e-08, 1.36370328363e-08, 7.01553304339e-09, 6.29799945528e-09, 2.02010230765e-09, 2.44377940106e-09, 3.06304692721e-09, 1.13735731944e-09, 9.52857237557e-10, 1.20405552195e-09, 4.2931322386e-10, 5.31087007705e-10, 2.36963032529e-10, 1.98024902032e-10, 1.80284939755e-10, 1.62518415392e-10, 1.63155364219e-10, 3.77220372993e-11, 2.1193461916e-11, 1.37918869034e-11, 3.97421462059e-12, 2.73050961182e-12, 2.23615375348e-12, 2.02748690233e-12, 2.89122588717e-12, 5.07204608174e-12, 1.26534394941e-12],
        "max": [0.201183572412, 0.133515462279, 0.0241447705775, 0.0110961589962, 0.0140110859647, 0.0154160670936, 0.00898386444896, 0.010617883876, 0.00906310696155, 0.00925287231803, 0.00385756208561, 0.00583531148732, 0.00395923526958, 0.00492133898661, 0.00177207146771, 0.00170864595566, 0.00256565841846, 0.000791558297351, 0.00140148459468, 0.00152988976333, 0.00140610302333, 0.000700167380273, 0.000538940832485, 0.000306017696857, 0.000347657944076, 0.000246234063525, 0.0003597784671, 0.000215621388634, 0.000105240185803, 0.000133088731673, 7.7491364209e-05, 9.37963777687e-05, 4.97413384437e-05, 3.85360872315e-05, 3.73064103769e-05, 5.41569752386e-05, 5.05115640408e-05, 3.80639103241e-05, 2.71011122095e-05, 1.17937324831e-05],
        "mean": [0.0211377777159, 0.00784006062895, 0.00127634021919, 0.000506940239575, 0.000378704804461, 0.000268449744908, 0.000177657580934, 0.000262241635937, 0.000249813077971, 0.000356381875463, 0.000186241537449, 0.000137399343657, 0.000145016630995, 6.05601562711e-05, 7.00919190422e-05, 4.6072735131e-05, 3.51150374627e-05, 2.66492370429e-05, 2.02373157663e-05, 1.86663819477e-05, 1.29635427584e-05, 1.2133108612e-05, 1.14783806566e-05, 7.19887657397e-06, 7.1394842962e-06, 4.59884358861e-06, 4.39240920969e-06, 3.16177602144e-06, 2.53366420111e-06, 2.26486508836e-06, 1.637970513e-06, 1.28669387323e-06, 1.01226873994e-06, 7.14024054105e-07, 5.09524625159e-07, 5.19186301062e-07, 5.1669229606e-07, 5.48108971543e-07, 6.2411726276e-07, 4.12996200794e-07],
        "median": [0.0147475032136, 0.00407530553639, 0.000825157214422, 0.000333314324962, 0.000196052074898, 0.000100101889984, 5.73969118705e-05, 6.45228064968e-05, 9.99932090053e-05, 0.00012270003208, 7.65078584664e-05, 5.82705506531e-05, 6.87221327098e-05, 2.23583065235e-05, 2.76899263554e-05, 1.91249455384e-05, 1.39422700158e-05, 8.76819103723e-06, 6.87145575284e-06, 5.6922172007e-06, 3.15362262882e-06, 3.16518321597e-06, 2.43063664129e-06, 1.91812341654e-06, 1.78154436981e-06, 1.17030720048e-06, 9.82795768323e-07, 7.58474300255e-07, 4.32029452213e-07, 4.84596000661e-07, 3.66421090803e-07, 2.27008655429e-07, 2.19709761495e-07, 1.38834849395e-07, 7.91939029909e-08, 8.33034690118e-08, 5.86916648615e-08, 5.73631844247e-08, 6.4027915414e-08, 3.52579903051e-08],
        "min": [1.64637785414e-24, 6.17164540339e-24, 1.79528333721e-23, 9.31432131052e-24, 8.99862548714e-24, 7.59809682437e-24, 1.36826724942e-23, 1.03665528953e-23, 6.76311516632e-24, 1.15534248928e-23, 6.02516103304e-24, 6.59467048609e-24, 1.10056430356e-23, 2.2552304235e-23, 1.99062612328e-23, 1.15819430033e-23, 6.21573602267e-24, 1.11892196457e-23, 6.38631496608e-24, 5.31610208585e-24, 7.45047255001e-24, 2.04608998689e-23, 1.19472297787e-23, 1.57662781814e-23, 2.55305917847e-23, 5.21616366435e-24, 7.51316253728e-24, 1.21322870807e-23, 1.02385326033e-23, 8.25752616542e-24, 6.35619941216e-24, 1.17634914521e-23, 1.10111264078e-23, 9.67071367914e-24, 1.30529193115e-23, 1.21169019265e-23, 1.08328469986e-23, 8.51031585364e-24, 1.1417287222e-23, 1.18175765446e-23],
        "var": [0.000564932648558, 0.000146755744936, 2.41571910919e-06, 3.49376023223e-07, 3.61199909094e-07, 2.82319149392e-07, 1.52939918507e-07, 3.46789363448e-07, 1.6870895081e-07, 4.08771768434e-07, 7.99129864504e-08, 6.06309100704e-08, 5.04945241175e-08, 1.43673650754e-08, 1.38505216185e-08, 6.51022524778e-09, 4.89407980808e-09, 2.31778329862e-09, 1.93513050029e-09, 2.53352960833e-09, 1.50981349645e-09, 9.28409182865e-10, 9.21423881639e-10, 3.12097098165e-10, 3.0589494826e-10, 1.42354711352e-10, 1.43448072865e-10, 6.39376954159e-11, 5.38561868713e-11, 4.3111968856e-11, 1.47164832404e-11, 1.30753775862e-11, 7.6597434992e-12, 3.16249782438e-12, 1.92770235538e-12, 2.16489543306e-12, 2.25487662396e-12, 2.28597913168e-12, 3.73454652619e-12, 1.55847286031e-12]
    },
    "mfcc": {
        "mean": [-692.780883789, 171.331665039, 12.0037746429, 22.9548931122, 10.8764810562, 14.9085111618, 17.7670516968, 16.1314716339, 13.366189003, 9.562292099, 6.30268287659, 2.92728734016, 1.22647750378],
        "cov": [[14703.1601562, -1047.97302246, -994.17779541, -167.073181152, -481.682189941, -163.86428833, -206.390640259, -216.997634888, -133.129821777, -77.5208816528, 149.529327393, 104.475822449, -66.1207351685], [-1047.97302246, 2122.8190918, -237.769836426, 21.941204071, 172.812728882, 108.716789246, 144.578643799, 104.796295166, 85.2542800903, 70.4429321289, -16.1768417358, -23.7334766388, 30.5286617279], [-994.17779541, -237.769836426, 802.482543945, 166.681991577, 40.3600158691, -32.0584487915, -2.18338251114, 55.3290100098, 7.54440784454, 0.235864281654, 14.4670667648, 1.97911083698, 13.8544616699], [-167.073181152, 21.941204071, 166.681991577, 242.116851807, 38.3447532654, 2.43870782852, -18.3620223999, 22.9578380585, 2.90496277809, -1.34378945827, -2.19884896278, 8.50761032104, 11.2900018692], [-481.682189941, 172.812728882, 40.3600158691, 38.3447532654, 181.217376709, 34.7876434326, 8.39594554901, 16.7852191925, 21.2222194672, 14.9359407425, -12.4030237198, 5.06432151794, 12.0196752548], [-163.86428833, 108.716789246, -32.0584487915, 2.43870782852, 34.7876434326, 141.605667114, 40.8601341248, 19.7322406769, 34.4969749451, 15.6643047333, -7.38139533997, -7.71367025375, -0.576836407185], [-206.390640259, 144.578643799, -2.18338251114, -18.3620223999, 8.39594554901, 40.8601341248, 141.651992798, 35.0175323486, 11.0772075653, 14.075255394, 1.43716692924, -1.65055882931, -5.66228342056], [-216.997634888, 104.796295166, 55.3290100098, 22.9578380585, 16.7852191925, 19.7322406769, 35.0175323486, 92.1919784546, 21.7754440308, -1.57460618019, 3.73070287704, -2.24560809135, -0.252641320229], [-133.129821777, 85.2542800903, 7.54440784454, 2.90496277809, 21.2222194672, 34.4969749451, 11.0772075653, 21.7754440308, 98.1293487549, 23.4341182709, -14.6494588852, 4.07572841644, 5.03579282761], [-77.5208816528, 70.4429321289, 0.235864281654, -1.34378945827, 14.9359407425, 15.6643047333, 14.075255394, -1.57460618019, 23.4341182709, 82.9214706421, 20.26197052, -1.02390694618, 5.35838651657], [149.529327393, -16.1768417358, 14.4670667648, -2.19884896278, -12.4030237198, -7.38139533997, 1.43716692924, 3.73070287704, -14.6494588852, 20.26197052, 81.7512359619, 17.9629650116, -9.41896438599], [104.475822449, -23.7334766388, 1.97911083698, 8.50761032104, 5.06432151794, -7.71367025375, -1.65055882931, -2.24560809135, 4.07572841644, -1.02390694618, 17.9629650116, 61.9218330383, 14.3544254303], [-66.1207351685, 30.5286617279, 13.8544616699, 11.2900018692, 12.0196752548, -0.576836407185, -5.66228342056, -0.252641320229, 5.03579282761, 5.35838651657, -9.41896438599, 14.3544254303, 77.1410446167]],
