{
"lowlevel": {
    "average_loudness": 0.667459309101,
    "barkbands_crest": {
        "dmean": 2.47404026985,
        "dmean2": 4.00581789017,
        "dvar": 5.02344703674,
        "dvar2": 13.4749927521,
        "max": 24.4891147614,
        "mean": 9.31100940704,
        "median": 8.53904724121,
        "min": 2.54555130005,
        "var": 13.0405540466
    },
    "barkbands_flatness_db": {
        "dmean": 0.0206103138626,
        "dmean2": 0.0321183241904,
        "dvar": 0.000421443750383,
        "dvar2": 0.00104097591247,
        "max": 0.403671085835,
        "mean": 0.145545080304,
        "median": 0.137353718281,
        "min": 0.0170229487121,
        "var": 0.00259364279918
    },
    "barkbands_kurtosis": {
        "dmean": 2.39037108421,
        "dmean2": 3.81746554375,
        "dvar": 14.6173276901,
        "dvar2": 37.5187339783,
        "max": 70.4630661011,
        "mean": 3.8110909462,
        "median": 2.28205394745,
        "min": -1.91648745537,
        "var": 32.3293380737
    },
    "barkbands_skewness": {
        "dmean": 0.477262854576,
        "dmean2": 0.755809724331,
        "dvar": 0.260620087385,
        "dvar2": 0.66646707058,
        "max": 7.32643222809,
        "mean": 1.52837157249,
        "median": 1.40591478348,
        "min": -2.46681189537,
        "var": 1.1031639576
    },
    "barkbands_spread": {
        "dmean": 6.9358830452,
        "dmean2": 10.7072086334,
        "dvar": 55.0959625244,
        "dvar2": 121.358581543,
        "max": 106.79006958,
        "mean": 30.3748588562,
        "median": 26.1112766266,
        "min": 2.36342668533,
        "var": 362.431640625
    },
    "dissonance": {
        "dmean": 0.0266402419657,
        "dmean2": 0.0455281808972,
        "dvar": 0.000628187844995,
        "dvar2": 0.00178218970541,
        "max": 0.499991714954,
        "mean": 0.45124155283,
        "median": 0.458570569754,
        "min": 0.190288692713,
        "var": 0.00127903977409
    },
    "dynamic_complexity": 2.79654216766,
    "erbbands_crest": {
        "dmean": 2.64302396774,
        "dmean2": 4.34436178207,
        "dvar": 6.67425870895,
        "dvar2": 18.3214035034,
        "max": 29.775308609,
        "mean": 9.76166629791,
        "median": 8.91464042664,
        "min": 2.62763977051,
        "var": 16.6644248962
    },
    "erbbands_flatness_db": {
        "dmean": 0.0154585409909,
        "dmean2": 0.023547494784,
        "dvar": 0.000198238019948,
        "dvar2": 0.000483122275909,
        "max": 0.450796991587,
        "mean": 0.164009138942,
        "median": 0.153732031584,
        "min": 0.0486775301397,
        "var": 0.00457425741479
    },
    "erbbands_kurtosis": {
        "dmean": 1.56634032726,
        "dmean2": 2.44010066986,
        "dvar": 3.72145676613,
        "dvar2": 9.58802700043,
        "max": 39.8766822815,
        "mean": 3.42073535919,
        "median": 2.73073911667,
        "min": -1.83140718937,
        "var": 14.2431926727
    },
    "erbbands_skewness": {
        "dmean": 0.336482614279,
        "dmean2": 0.520457446575,
        "dvar": 0.0850759968162,
        "dvar2": 0.204443246126,
        "max": 4.05213546753,
        "mean": 0.996744692326,
        "median": 1.03916990757,
        "min": -1.481092453,
        "var": 0.53246986866
    },
    "erbbands_spread": {
        "dmean": 6.89669656754,
        "dmean2": 10.3187475204,
        "dvar": 70.0999908447,
        "dvar2": 142.562530518,
        "max": 172.592590332,
        "mean": 30.2241230011,
        "median": 25.2844810486,
        "min": 4.08838319778,
        "var": 363.442199707
    },
    "hfc": {
        "dmean": 9.58238601685,
        "dmean2": 15.1113910675,
        "dvar": 377.699066162,
        "dvar2": 956.210205078,
        "max": 348.073730469,
        "mean": 33.8144073486,
        "median": 30.5834121704,
        "min": 1.1696998253e-16,
        "var": 698.042907715
    },
    "melbands_crest": {
        "dmean": 3.74908995628,
        "dmean2": 6.09727287292,
        "dvar": 14.8851919174,
        "dvar2": 38.895160675,
        "max": 36.8729629517,
        "mean": 14.4932031631,
        "median": 11.6529712677,
        "min": 1.52160966396,
        "var": 64.7236785889
    },
    "melbands_flatness_db": {
        "dmean": 0.0255453661084,
        "dmean2": 0.0387892611325,
        "dvar": 0.0007195424987,
        "dvar2": 0.00170239829458,
        "max": 0.458688527346,
        "mean": 0.229023888707,
        "median": 0.22930316627,
        "min": 0.00314638996497,
        "var": 0.00308366678655
    },
    "melbands_kurtosis": {
        "dmean": 3.88772106171,
        "dmean2": 6.16791391373,
        "dvar": 51.7187995911,
        "dvar2": 127.20224762,
        "max": 131.919113159,
        "mean": 5.8643450737,
        "median": 1.72003126144,
        "min": -1.61323010921,
        "var": 115.085380554
    },
    "melbands_skewness": {
        "dmean": 0.606618106365,
        "dmean2": 0.946653068066,
        "dvar": 0.456943273544,
        "dvar2": 1.10187041759,
        "max": 9.46237564087,
        "mean": 1.55907571316,
        "median": 1.13986384869,
        "min": -1.56974971294,
        "var": 2.15096211433
    },
    "melbands_spread": {
        "dmean": 5.00003862381,
        "dmean2": 7.95489597321,
        "dvar": 33.3357582092,
        "dvar2": 83.1320343018,
        "max": 152.915115356,
        "mean": 20.8917999268,
        "median": 18.6068572998,
        "min": 1.19500398636,
        "var": 225.5730896
    },
    "pitch_salience": {
        "dmean": 0.0753622055054,
        "dmean2": 0.122590616345,
        "dvar": 0.00506663369015,
        "dvar2": 0.0131708774716,
        "max": 0.874175488949,
        "mean": 0.542824327946,
        "median": 0.558257639408,
        "min": 0.123597763479,
        "var": 0.0171304531395
    },
    "silence_rate_20dB": {
        "dmean": 0,
        "dmean2": 0,
        "dvar": 0,
        "dvar2": 0,
        "max": 1,
        "mean": 1,
        "median": 1,
        "min": 1,
        "var": 0
    },
    "silence_rate_30dB": {
        "dmean": 0.0315789468586,
        "dmean2": 0.0631633475423,
        "dvar": 0.0305825714022,
        "dvar2": 0.0755637958646,
        "max": 1,
        "mean": 0.972651183605,
        "median": 1,
        "min": 0,
        "var": 0.0266051124781
    },
    "silence_rate_60dB": {
        "dmean": 0.00500431424007,
        "dmean2": 0.0100094918162,
        "dvar": 0.00498001137748,
        "dvar2": 0.0111172217876,
        "max": 1,
        "mean": 0.0435682870448,
        "median": 0,
        "min": 0,
        "var": 0.0416683405638
    },
    "spectral_centroid": {
        "dmean": 154.813400269,
        "dmean2": 238.808868408,
        "dvar": 40219.8476562,
        "dvar2": 81858.2734375,
        "max": 10730.234375,
        "mean": 1052.89575195,
        "median": 956.435180664,
        "min": 268.009521484,
        "var": 226892.875
    },
    "spectral_complexity": {
        "dmean": 2.54357194901,
        "dmean2": 4.13443803787,
        "dvar": 9.06906509399,
        "dvar2": 21.1407871246,
        "max": 53,
        "mean": 17.0057811737,
        "median": 17,
        "min": 0,
        "var": 37.4069252014
    },
    "spectral_decrease": {
        "dmean": 3.17619019974e-09,
        "dmean2": 5.20625142997e-09,
        "dvar": 2.60509780576e-17,
        "dvar2": 6.93742549288e-17,
        "max": 5.09123090941e-18,
        "mean": -8.12045097831e-09,
        "median": -6.04306649166e-09,
        "min": -5.3149971535e-08,
        "var": 5.7978028811e-17
    },
    "spectral_energy": {
        "dmean": 0.0125299869105,
        "dmean2": 0.0205593910068,
        "dvar": 0.000409504835261,
        "dvar2": 0.00108977302443,
        "max": 0.212332978845,
        "mean": 0.0337154567242,
        "median": 0.0260131806135,
        "min": 1.06168001542e-20,
        "var": 0.000909119844437
    },
    "spectral_energyband_high": {
        "dmean": 0.000537020736374,
        "dmean2": 0.00078878889326,
        "dvar": 1.63521292507e-06,
        "dvar2": 3.4812303511e-06,
        "max": 0.0272479858249,
        "mean": 0.00158842396922,
        "median": 0.00123531022109,
        "min": 7.93632541821e-21,
        "var": 3.85023895433e-06
    },
    "spectral_energyband_low": {
        "dmean": 0.00718881981447,
        "dmean2": 0.0115306898952,
        "dvar": 0.000218922126805,
        "dvar2": 0.000581731612328,
        "max": 0.139381960034,
        "mean": 0.012835951522,
        "median": 0.00248220935464,
        "min": 4.55772718363e-23,
        "var": 0.000469119433546
    },
    "spectral_energyband_middle_high": {
        "dmean": 0.00343817542307,
        "dmean2": 0.00583609053865,
        "dvar": 4.53591856058e-05,
        "dvar2": 0.000125821461552,
        "max": 0.106864616275,
        "mean": 0.007439465262,
        "median": 0.00517289573327,
        "min": 1.62871610176e-21,
        "var": 5.88856419199e-05
    },
    "spectral_energyband_middle_low": {
        "dmean": 0.00514824036509,
        "dmean2": 0.00819328054786,
        "dvar": 8.9988738182e-05,
        "dvar2": 0.000220512083615,
        "max": 0.193274155259,
        "mean": 0.0117027014494,
        "median": 0.00804855953902,
        "min": 2.51954322384e-22,
        "var": 0.000169365797774
    },
    "spectral_entropy": {
        "dmean": 0.160624518991,
        "dmean2": 0.242384642363,
        "dvar": 0.028065642342,
        "dvar2": 0.0627555623651,
        "max": 9.80177879333,
        "mean": 7.36080408096,
        "median": 7.27398729324,
        "min": 5.48907709122,
        "var": 0.231729581952
    },
    "spectral_flux": {
        "dmean": 0.0242078434676,
        "dmean2": 0.0388536714017,
        "dvar": 0.00101137510501,
        "dvar2": 0.00217798864469,
        "max": 0.380301564932,
        "mean": 0.0866143330932,
        "median": 0.0760523378849,
        "min": 1.03037856025e-10,
        "var": 0.00308951945044
    },
    "spectral_kurtosis": {
        "dmean": 2.127617836,
        "dmean2": 3.36401700974,
        "dvar": 10.7600717545,
        "dvar2": 32.6790466309,
        "max": 103.091537476,
        "mean": 9.76572227478,
        "median": 9.75462341309,
        "min": -1.16435372829,
        "var": 39.9426879883
    },
    "spectral_rms": {
        "dmean": 0.000916833349038,
        "dmean2": 0.00148281583097,
        "dvar": 1.41845521284e-06,
        "dvar2": 3.71512692254e-06,
        "max": 0.0143928499892,
        "mean": 0.00520001305267,
        "median": 0.00503772916272,
        "min": 3.21836199184e-12,
        "var": 5.8529094531e-06
    },
    "spectral_rolloff": {
        "dmean": 847.997497559,
        "dmean2": 1530.57397461,
        "dvar": 4680022,
        "dvar2": 11538692,
        "max": 19789.0136719,
        "mean": 2461.20776367,
        "median": 1227.39257812,
        "min": 43.06640625,
        "var": 13865702
    },
    "spectral_skewness": {
        "dmean": 0.255867302418,
        "dmean2": 0.378985255957,
        "dvar": 0.0797376483679,
        "dvar2": 0.202794060111,
        "max": 8.19484424591,
        "mean": 2.63780641556,
        "median": 2.80372834206,
        "min": -0.0057360897772,
        "var": 0.549230217934
    },
    "spectral_spread": {
        "dmean": 689270.4375,
        "dmean2": 992631.0625,
        "dvar": 676145397760,
        "dvar2": 1.2775620608e+12,
        "max": 39430472,
        "mean": 6448215,
        "median": 6140406.5,
        "min": 714885.625,
        "var": 8.01392295936e+12
    },
    "spectral_strongpeak": {
        "dmean": 0.582553505898,
        "dmean2": 1.00034177303,
        "dvar": 0.884482741356,
        "dvar2": 2.36131453514,
        "max": 12.2810916901,
        "mean": 1.10066592693,
        "median": 0.540680885315,
        "min": 0,
        "var": 1.66108810902
    },
    "zerocrossingrate": {
        "dmean": 0.0154048306867,
        "dmean2": 0.0189691092819,
        "dvar": 0.000227243741392,
        "dvar2": 0.000325225002598,
        "max": 0.5302734375,
        "mean": 0.115525759757,
        "median": 0.10400390625,
        "min": 0.00927734375,
        "var": 0.00555872265249
    },
    "barkbands": {
        "dmean": [0.00271896226332, 0.00484019611031, 0.000965738901868, 0.000545629765838, 0.00170976819936, 0.000994461472146, 0.00144945795182, 0.00127769471146, 0.00136419758201, 0.000886412861291, 0.00183670071419, 0.00086205767002, 0.000508808647282, 0.000377977383323, 0.000218147615669, 0.000114236594527, 0.000122192170238, 9.14027987164e-05, 6.07719921391e-05, 3.95184542867e-05, 3.85292696592e-05, 3.60511621693e-05, 7.99038825789e-05, 0.000112542591523, 8.48494164529e-05, 0.000240649373154, 3.35196782544e-05],
        "dmean2": [0.00458182673901, 0.00783241540194, 0.00165324017871, 0.00093647808535, 0.00277845212258, 0.00160119193606, 0.00235094199888, 0.00215141032822, 0.00227069482207, 0.00149493012577, 0.0030798765365, 0.0014710141113, 0.000845967326313, 0.000620197795797, 0.000365686399164, 0.00019343434542, 0.000204604642931, 0.000153990375111, 9.95025402517e-05, 6.19164056843e-05, 5.9967431298e-05, 5.48539537704e-05, 0.000123101111967, 0.000152708656969, 0.000124613769003, 0.000377259741072, 5.30543475179e-05],
        "dvar": [5.48040225112e-05, 9.87166131381e-05, 9.11376719159e-06, 2.63535366685e-06, 1.49477173181e-05, 7.25749623598e-06, 8.6049476522e-06, 9.98523591988e-06, 1.13666073958e-05, 2.83155145553e-06, 1.5639967387e-05, 4.54330211141e-06, 1.15451450711e-06, 6.13119311765e-07, 3.15993702316e-07, 2.57909988477e-07, 1.01505762018e-07, 7.13971175514e-08, 4.85886957335e-08, 2.68614925858e-08, 2.06390939894e-08, 1.82604029675e-08, 9.62345936273e-08, 1.40593272135e-07, 9.0622656046e-08, 1.06033446912e-07, 4.21370804915e-09],
        "dvar2": [0.0001666223543, 0.000258589017903, 2.57653173321e-05, 7.08552988726e-06, 3.90573986806e-05, 1.7582635337e-05, 2.20799229282e-05, 2.50497014349e-05, 3.09456045215e-05, 7.33541901354e-06, 4.40425719717e-05, 1.28434667204e-05, 3.13213331538e-06, 1.59575870384e-06, 8.4424692659e-07, 7.28459951915e-07, 2.70831208127e-07, 1.68386989685e-07, 1.23358034898e-07, 6.03456768999e-08, 4.91194320773e-08, 3.56928921974e-08, 2.36228316908e-07, 2.96578207326e-07, 2.03395401854e-07, 2.49114634698e-07, 1.04333066631e-08],
        "max": [0.0782196372747, 0.111906826496, 0.0472070723772, 0.0311349220574, 0.112100847065, 0.135831534863, 0.0519346110523, 0.0497173592448, 0.049341943115, 0.0290417522192, 0.0681787878275, 0.0520740300417, 0.0127147752792, 0.0184937417507, 0.0154140740633, 0.0150618348271, 0.00958234537393, 0.0133194318041, 0.00639828015119, 0.00717265624553, 0.00213019689545, 0.00201630196534, 0.00490344967693, 0.00803391169757, 0.00746944965795, 0.00526430271566, 0.00135290261824],
        "mean": [0.00362228811719, 0.00843356177211, 0.00114065269008, 0.000632881768979, 0.00292469467968, 0.00178471615072, 0.00216135545634, 0.00168412923813, 0.00203427835368, 0.00128109031357, 0.00263172737323, 0.00124447594862, 0.000816910120193, 0.000660258636344, 0.00035346270306, 0.000176561312401, 0.000227328360779, 0.000161346033565, 0.000105603096017, 7.05444617779e-05, 5.2206680266e-05, 5.18117085448e-05, 0.000109226122731, 0.000188606340089, 0.000129533582367, 0.000942295941059, 9.39597812248e-05],
        "median": [6.35554124528e-06, 0.00135648646392, 0.000401251018047, 0.000255722436123, 0.00152425665874, 0.000577038445044, 0.000945255276747, 0.000424777739681, 0.000844974420033, 0.000564352609217, 0.00110520632006, 0.000633664953057, 0.000441214506282, 0.000332047202392, 0.000159209390404, 8.38106425363e-05, 0.000115445385745, 7.13492336217e-05, 4.29671199527e-05, 1.32205641421e-05, 9.31542035687e-06, 7.03322939444e-06, 6.68963957651e-06, 7.51572997615e-06, 5.00624128108e-06, 0.000942724000197, 3.6688074033e-05],
        "min": [1.16555374149e-23, 1.21099212963e-23, 2.55414891092e-23, 1.89396399889e-23, 3.91426312511e-23, 3.00449508667e-23, 4.92467025131e-23, 6.51280723451e-23, 4.40137116568e-23, 1.89828569447e-23, 1.58787564936e-22, 1.36371886677e-22, 4.71965287511e-23, 9.78793493867e-23, 1.3760692731e-22, 1.85395666564e-22, 1.72283687603e-22, 2.07848541193e-22, 2.3597545881e-22, 3.47464198669e-22, 4.58313948572e-22, 7.32781603884e-22, 5.475963423e-22, 7.99160172225e-22, 1.13487160558e-21, 1.81415046669e-21, 2.58753707639e-21],
        "var": [7.16677241144e-05, 0.000217666718527, 7.61053752285e-06, 2.17717820306e-06, 2.61705226876e-05, 2.49406184594e-05, 1.25623973872e-05, 1.48491371874e-05, 1.2385105947e-05, 4.30819955e-06, 1.98670331883e-05, 5.63641833651e-06, 1.40946656302e-06, 1.26559814362e-06, 4.03662255621e-07, 1.94651605057e-07, 2.03668960808e-07, 2.29903733384e-07, 7.45467971797e-08, 8.72945165042e-08, 2.71212226011e-08, 3.32862661878e-08, 1.50150341938e-07, 2.89428186306e-07, 1.48136990674e-07, 5.6893384226e-07, 1.55863322249e-08]
    },
    "erbbands": {
        "dmean": [0.278769552708, 0.638754427433, 1.02719295025, 1.55346393585, 2.88705444336, 7.63714551926, 6.86850261688, 8.11215591431, 17.6828098297, 30.6832809448, 21.3824729919, 26.5843448639, 33.889667511, 33.7309570312, 70.7247848511, 36.2182998657, 24.5795783997, 21.7337970734, 10.0793800354, 9.71199893951, 6.63701820374, 5.83840799332, 4.87019300461, 3.94175577164, 2.61166882515, 2.06089520454, 1.47253119946, 1.47128844261, 1.27089822292, 1.95853793621, 2.32368326187, 2.03089237213, 1.95355856419, 1.01082360744, 0.724022686481, 1.4087792635, 0.457504034042, 0.0746445283294, 0.00329960905947, 0.00010949823627],
        "dmean2": [0.447277009487, 1.08139741421, 1.76684451103, 2.66201734543, 4.79629611969, 12.3106937408, 11.2737150192, 12.9194955826, 28.4843864441, 51.1200714111, 36.1372375488, 44.8098640442, 56.7432518005, 56.6108207703, 119.081748962, 61.6191825867, 41.0043830872, 35.6016082764, 16.8076591492, 16.4607410431, 11.2052021027, 9.87217903137, 8.24518299103, 6.44830226898, 4.20390319824, 3.1976890564, 2.31671953201, 2.23755288124, 1.89074683189, 3.07262945175, 3.62196540833, 2.92054724693, 2.67545628548, 1.47608149052, 1.08849012852, 2.20106053352, 0.713679671288, 0.116990022361, 0.00518921157345, 0.000175597291673],
        "dvar": [0.36697819829, 1.89447450638, 10.3651599884, 20.1579990387, 45.9310112, 312.810760498, 614.596435547, 345.280731201, 1539.96618652, 4432.67138672, 2722.18188477, 4570.71533203, 4513.8359375, 4615.68798828, 23273.7246094, 9789.53710938, 2756.7565918, 1933.83850098, 554.078979492, 913.626403809, 835.75402832, 244.084381104, 163.5909729, 228.360076904, 182.040527344, 76.4546890259, 25.9631385803, 31.1054039001, 23.7402153015, 69.9393692017, 69.8038253784, 46.0296554565, 40.3116607666, 10.6716489792, 5.2334523201, 3.94730448723, 0.437630951405, 0.0143477814272, 4.77992725791e-05, 1.2506660596e-07],
        "dvar2": [0.957948386669, 5.34098672867, 28.8429870605, 54.840763092, 125.854347229, 809.223510742, 1468.94433594, 856.326782227, 3775.55126953, 11613.3779297, 7160.76025391, 12801.9443359, 12231.3955078, 12091.5751953, 66409.15625, 27925.9882812, 7561.86669922, 4962.61328125, 1372.72839355, 2547.58227539, 2348.00952148, 670.142700195, 416.068511963, 460.679138184, 480.438293457, 161.155105591, 62.0595321655, 69.972984314, 43.4766311646, 171.715148926, 168.775924683, 103.436187744, 83.2635879517, 22.8487224579, 12.4231891632, 9.33311271667, 1.00391674042, 0.0353988297284, 0.000117725343443, 3.07130306965e-07],
        "max": [6.03079032898, 17.7408485413, 39.0748825073, 73.8699188232, 113.389213562, 613.852905273, 1473.79638672, 752.526611328, 962.457336426, 868.279724121, 990.803710938, 916.531982422, 953.975830078, 1655.12878418, 2541.49267578, 2630.85058594, 626.61151123, 1059.46716309, 747.603942871, 931.843139648, 850.746765137, 454.53805542, 526.484680176, 607.177368164, 446.563781738, 449.975524902, 86.9899215698, 86.1725769043, 78.9643859863, 139.887084961, 120.978286743, 131.183700562, 137.618469238, 79.2719116211, 54.8352203369, 29.8319091797, 10.9152574539, 2.1508307457, 0.15990023315, 0.00568852759898],
        "mean": [0.477799862623, 0.971739113331, 1.28547036648, 2.02008008957, 4.43664741516, 12.8740673065, 11.4352836609, 14.878909111, 26.135093689, 42.5843734741, 30.5595283508, 38.5021095276, 52.1639633179, 55.1180610657, 104.895858765, 55.2584877014, 41.7635192871, 40.613483429, 17.7961807251, 14.6842813492, 11.4240074158, 11.2538394928, 9.52056789398, 7.54629468918, 4.37821245193, 3.89427280426, 2.10671949387, 1.99175679684, 1.86428952217, 2.55186009407, 3.1380147934, 3.30365347862, 3.24858021736, 1.58856880665, 1.32068049908, 4.22898244858, 1.62275767326, 0.271721601486, 0.0120386779308, 0.000346713175531],
        "median": [0.0221780296415, 0.335102915764, 0.55743342638, 0.835330486298, 2.13640975952, 5.12476587296, 3.82042694092, 5.38647651672, 11.1820220947, 14.6286144257, 11.1841897964, 17.7193527222, 27.6973419189, 29.5938415527, 48.0215568542, 29.2353153229, 23.8436069489, 21.8340740204, 9.17077541351, 6.75585746765, 6.10044527054, 5.96947479248, 4.78720998764, 3.33849000931, 1.59744811058, 0.70599681139, 0.441249638796, 0.316099733114, 0.249694138765, 0.219171747565, 0.190026149154, 0.174270391464, 0.113177672029, 0.0668895170093, 0.507944941521, 3.55389118195, 1.44467258453, 0.181864976883, 0.00660854624584, 0.000240667359321],
        "min": [2.36810262975e-22, 3.39377301539e-21, 2.83878498835e-20, 4.32270015524e-20, 1.223675939e-19, 1.42757751096e-19, 7.83989053751e-20, 2.99627849677e-19, 7.68926624709e-19, 7.72871138858e-19, 1.31343346237e-18, 7.50785261406e-19, 1.25408283982e-18, 2.06613917866e-18, 7.40959937712e-18, 4.88033087248e-18, 2.4438747209e-18, 4.25838865915e-18, 5.61102169376e-18, 1.04111226643e-17, 9.32156697885e-18, 9.47397831544e-18, 1.07313126989e-17, 1.14675878164e-17, 1.71849948631e-17, 1.41937492951e-17, 1.53250081183e-17, 2.0685968977e-17, 1.94325223424e-17, 2.00641673843e-17, 1.97699789451e-17, 1.73237246324e-17, 1.27532332835e-17, 1.3759486091e-17, 7.18539289927e-18, 4.90295591659e-18, 3.79594672026e-18, 1.36382975138e-18, 3.62582963436e-19, 3.99941115311e-20],
        "var": [0.853187143803, 2.61600613594, 8.94118785858, 17.8942813873, 52.0783348083, 660.926147461, 2002.90124512, 1115.65002441, 2408.97753906, 6298.44335938, 3835.2590332, 4189.05615234, 5384.22167969, 6535.62939453, 29993.1191406, 12359.9042969, 3305.61572266, 4277.69970703, 909.155395508, 892.355285645, 671.391296387, 391.079315186, 471.858123779, 591.758605957, 220.192138672, 319.73651123, 34.5621871948, 44.9547805786, 43.9528388977, 101.125701904, 114.077606201, 90.99949646, 84.4553833008, 20.1931247711, 7.76715421677, 15.4443941116, 2.00476503372, 0.081326149404, 0.000188666206668, 1.7767308691e-07]
    },
    "gfcc": {
        "mean": [-5.33070468903, 74.3826446533, -93.0513458252, -33.4970436096, -36.0019187927, 8.93776321411, -32.0873794556, 14.4273061752, -32.7618598938, 11.1220541, -18.9000110626, 15.8480978012, -19.038602829],
        "cov": [[18650.9316406, 719.403564453, 1807.46984863, 516.58190918, 475.423522949, 671.169128418, 67.111289978, 572.088989258, -345.223114014, 329.721923828, -470.539855957, 520.150939941, -448.352416992], [719.403564453, 1125.49951172, -677.600524902, -148.778411865, -157.545639038, -267.227722168, -89.4332885742, -92.9005508423, -0.316912531853, -210.755981445, 77.741065979, -88.4158935547, 18.0045509338], [1807.46984863, -677.600524902, 2193.08544922, 277.182830811, 814.909484863, 539.54901123, 288.403686523, 313.15713501, -209.999267578, 361.141448975, -346.13192749, 267.543792725, -183.360336304], [516.58190918, -148.778411865, 277.182830811, 795.03527832, -145.724838257, 347.500152588, -13.53378582, 90.3591079712, 143.775131226, -73.9159545898, 109.558570862, -26.5904006958, 97.1469497681], [475.423522949, -157.545639038, 814.909484863, -145.724838257, 662.290283203, 39.7025222778, 219.788330078, 119.227973938, -159.174072266, 237.662796021, -224.532592773, 151.136795044, -134.763549805], [671.169128418, -267.227722168, 539.54901123, 347.500152588, 39.7025222778, 476.453704834, 30.6310901642, 108.548339844, 68.0476455688, 80.3493041992, 18.9118022919, 20.3795986176, 45.5883255005], [67.111289978, -89.4332885742, 288.403686523, -13.53378582, 219.788330078, 30.6310901642, 189.401428223, 80.3579406738, -18.0706272125, 75.0017623901, -68.424331665, 62.1417961121, -52.3567085266], [572.088989258, -92.9005508423, 313.15713501, 90.3591079712, 119.227973938, 108.548339844, 80.3579406738, 246.602432251, -9.47794914246, 30.9808044434, -33.5570793152, 64.700592041, -80.3866043091], [-345.223114014, -0.316912531853, -209.999267578, 143.775131226, -159.174072266, 68.0476455688, -18.0706272125, -9.47794914246, 203.183868408, -24.7236003876, 138.257049561, -30.7244853973, 91.2986602783], [329.721923828, -210.755981445, 361.141448975, -73.9159545898, 237.662796021, 80.3493041992, 75.0017623901, 30.9808044434, -24.7236003876, 260.093933105, -69.5003662109, 69.8216705322, -21.2706851959], [-470.539855957, 77.741065979, -346.13192749, 109.558570862, -224.532592773, 18.9118022919, -68.424331665, -33.5570793152, 138.257049561, -69.5003662109, 201.990707397, -43.4843711853, 100.309898376], [520.150939941, -88.4158935547, 267.543792725, -26.5904006958, 151.136795044, 20.3795986176, 62.1417961121, 64.700592041, -30.7244853973, 69.8216705322, -43.4843711853, 122.827857971, -36.3797035217], [-448.352416992, 18.0045509338, -183.360336304, 97.1469497681, -134.763549805, 45.5883255005, -52.3567085266, -80.3866043091, 91.2986602783, -21.2706851959, 100.309898376, -36.3797035217, 152.636352539]],
        "icov": [[9.70305409282e-05, -0.000184273827472, 5.81816721024e-06, -9.89441105048e-05, 0.000187309473404, -0.000173032633029, 0.00011592766532, -3.45108128386e-05, 5.08534576511e-05, -0.000220221292693, 0.000272013858194, -0.000510503712576, 0.000253818696365], [-0.000184273827472, 0.00163307285402, 0.000339813879691, 0.000231540412642, -0.0010386086069, 0.00049657386262, 9.26492139115e-05, 1.86737761396e-05, 3.85064522561e-05, 0.00133365567308, -0.000823598296847, 0.00121570727788, -0.00050293217646], [5.81816721024e-06, 0.000339813879691, 0.00217960146256, -0.000605243491009, -0.00153328746092, -0.00179977645166, 0.000187101875781, -0.000173900582013, 0.000743532960769, -0.00010383483459, 0.00134839618113, -0.00163501035422, 0.00040189534775], [-9.89441105048e-05, 0.000231540412642, -0.000605243491009, 0.00261466135271, 0.000205749383895, -0.000868156377692, -0.000225721887546, -0.000487163721118, -0.000898158352356, 0.0014349228004, -0.000713678309694, 0.00110314111225, -0.00113305530977], [0.000187309473404, -0.0010386086069, -0.00153328746092, 0.000205749383895, 0.00664356071502, 0.000755467219278, -0.00325040449388, -0.000129683088744, 0.00116518489085, -0.00309330783784, 0.00182811170816, -0.00193860789295, 0.00036513019586], [-0.000173032633029, 0.00049657386262, -0.00179977645166, -0.000868156377692, 0.000755467219278, 0.00591957522556, 2.33941336774e-05, -0.00128160661552, -0.000980810844339, -0.000801986490842, -0.00109747040551, 0.00277822138742, -0.00208598002791], [0.00011592766532, 9.26492139115e-05, 0.000187101875781, -0.000225721887546, -0.00325040449388, 2.33941336774e-05, 0.0102221444249, -0.00142567849252, -0.00283430144191, 0.000397851748858, 0.00159396172967, -0.00139590422623, 0.000947292137425], [-3.45108128386e-05, 1.86737761396e-05, -0.000173900582013, -0.000487163721118, -0.000129683088744, -0.00128160661552, -0.00142567849252, 0.00736666889861, -0.000664804130793, 0.000690592103638, -0.00144385755993, -0.00205909204669, 0.00460851797834], [5.08534576511e-05, 3.85064522561e-05, 0.000743532960769, -0.000898158352356, 0.00116518489085, -0.000980810844339, -0.00283430144191, -0.000664804130793, 0.011811635457, -0.00164964445867, -0.00543700437993, -0.000157941220095, -0.00215046643279], [-0.000220221292693, 0.00133365567308, -0.00010383483459, 0.0014349228004, -0.00309330783784, -0.000801986490842, 0.000397851748858, 0.000690592103638, -0.00164964445867, 0.00820716749877, -0.000417878065491, 0.000166338286363, -0.00138888589572], [0.000272013858194, -0.000823598296847, 0.00134839618113, -0.000713678309694, 0.00182811170816, -0.00109747040551, 0.00159396172967, -0.00144385755993, -0.00543700437993, -0.000417878065491, 0.0153639428318, -0.00353536638431, -0.00304727791809], [-0.000510503712576, 0.00121570727788, -0.00163501035422, 0.00110314111225, -0.00193860789295, 0.00277822138742, -0.00139590422623, -0.00205909204669, -0.000157941220095, 0.000166338286363, -0.00353536638431, 0.0167195424438, -0.0019878030289], [0.000253818696365, -0.00050293217646, 0.00040189534775, -0.00113305530977, 0.00036513019586, -0.00208598002791, 0.000947292137425, 0.00460851797834, -0.00215046643279, -0.00138888589572, -0.00304727791809, -0.0019878030289, 0.0148793598637]]
    },
    "melbands": {
        "dmean": [0.00193631416187, 0.000579830666538, 0.000278078310657, 0.000374106719391, 0.000266299262876, 0.000190309860045, 0.00027542267344, 0.000329084228724, 0.000169342471054, 0.000183120573638, 0.000170911662281, 0.000129119536723, 0.000264010071987, 0.000113307090942, 7.94298975961e-05, 4.20628857682e-05, 4.1034687456e-05, 1.60053587024e-05, 1.40246183946e-05, 9.724379197e-06, 8.40848406369e-06, 6.56154315948e-06, 5.66406424696e-06, 4.99460793435e-06, 3.2444986573e-06, 2.1308092073e-06, 1.61498644502e-06, 1.2987845821e-06, 9.16937210604e-07, 9.88952024272e-07, 8.83643451743e-07, 7.43799773772e-07, 7.14408940894e-07, 1.32225954985e-06, 1.36692972319e-06, 1.21619507354e-06, 1.42997726016e-06, 1.54613042014e-06, 1.06596428395e-06, 8.08395554941e-07],
        "dmean2": [0.00313528487459, 0.000972109322902, 0.000463700300315, 0.00061075593112, 0.000432984175859, 0.00030435656663, 0.000444170611445, 0.000550775090232, 0.000285831774818, 0.000307122129016, 0.000285195885226, 0.000215711421333, 0.000443602155428, 0.00019166104903, 0.000135372320074, 6.87831561663e-05, 6.75999035593e-05, 2.67131799774e-05, 2.3817852707e-05, 1.64181656146e-05, 1.41681894092e-05, 1.11578001452e-05, 9.63548336586e-06, 8.23968366603e-06, 5.31640080226e-06, 3.51085986949e-06, 2.53869461631e-06, 2.02942328542e-06, 1.46691184e-06, 1.59742967298e-06, 1.35772722842e-06, 1.117003535e-06, 1.10356847927e-06, 2.11336191569e-06, 2.15858517549e-06, 1.91093204194e-06, 2.02014393835e-06, 2.18841978494e-06, 1.52305744905e-06, 1.22101857869e-06],
        "dvar": [1.69237282535e-05, 2.18913669414e-06, 5.97080941134e-07, 6.13619249634e-07, 6.95661469763e-07, 2.0234371334e-07, 3.52504827106e-07, 5.63168612189e-07, 1.77347502017e-07, 2.12740673078e-07, 1.09919646718e-07, 7.13565739829e-08, 3.21664941794e-07, 7.04095484139e-08, 3.36664029987e-08, 5.49925793791e-09, 7.25724147443e-09, 1.35894406839e-09, 1.91746507561e-09, 1.24932630907e-09, 1.19970122725e-09, 3.3347979933e-10, 1.88308993399e-10, 2.66040828256e-10, 1.66876068519e-10, 8.24857127046e-11, 8.00884636387e-11, 2.80359572363e-11, 8.87836679175e-12, 1.479323955e-11, 1.072591755e-11, 7.94671099758e-12, 7.16967414258e-12, 3.7475824527e-11, 2.65132915622e-11, 1.42400622544e-11, 2.6754740784e-11, 2.79236876677e-11, 1.25745603166e-11, 6.88334762453e-12],
        "dvar2": [4.55191693618e-05, 5.86192209084e-06, 1.5742253936e-06, 1.62033541073e-06, 1.7499015712e-06, 5.02745137965e-07, 8.69649170454e-07, 1.45305637034e-06, 4.74656843608e-07, 5.86841395034e-07, 2.95820342444e-07, 1.84052709074e-07, 9.14282622944e-07, 1.97467372232e-07, 9.52478558247e-08, 1.46287497671e-08, 1.89434601339e-08, 3.36365846287e-09, 5.35773914123e-09, 3.5323779457e-09, 3.36397887324e-09, 9.36627109205e-10, 4.56366111568e-10, 5.68469327167e-10, 3.24782006844e-10, 2.14228246254e-10, 2.0595564143e-10, 5.90965609781e-11, 2.1300095368e-11, 3.68987375376e-11, 2.42419400526e-11, 1.42619041577e-11, 1.48494376517e-11, 9.53225762212e-11, 6.4314074899e-11, 3.55970704302e-11, 5.96330068658e-11, 5.80931552863e-11, 2.73520216892e-11, 1.50163787654e-11],
        "max": [0.0400077626109, 0.0184215623885, 0.0136666512117, 0.0200460907072, 0.0394123792648, 0.0172848012298, 0.0138727407902, 0.0103196194395, 0.00752109894529, 0.00604066904634, 0.00489136157557, 0.00673037441447, 0.00969507638365, 0.00580082274973, 0.00358036952093, 0.000879125960637, 0.00216903118417, 0.00127454777248, 0.00130357139278, 0.00111937592737, 0.00103757355828, 0.000603394350037, 0.000667211483233, 0.000974480703007, 0.000534000166226, 0.000266066519544, 0.000281187327346, 0.000270415708655, 5.34264436283e-05, 5.69773146708e-05, 5.08661105414e-05, 4.52262356703e-05, 4.04011443607e-05, 0.000104846149043, 7.47172962292e-05, 6.19095590082e-05, 0.000132373010274, 0.000139790936373, 7.96224339865e-05, 6.12068761257e-05],
        "mean": [0.00332037662156, 0.000860103347804, 0.000393033202272, 0.000624031934422, 0.000462170195533, 0.000342017359799, 0.000411700370023, 0.000449523620773, 0.000236758205574, 0.000268761214102, 0.000260142900515, 0.000203893068829, 0.000386001949664, 0.000170896440977, 0.000114886795927, 7.92169375927e-05, 7.19914532965e-05, 2.60689848801e-05, 2.13770308619e-05, 1.422436344e-05, 1.37459428515e-05, 1.14439353638e-05, 1.04379596451e-05, 8.83841858013e-06, 5.73573925067e-06, 3.45493299392e-06, 2.72364172815e-06, 2.34540539168e-06, 1.26546603951e-06, 1.19590572467e-06, 1.15768193609e-06, 1.06390450583e-06, 9.81774178399e-07, 1.63919730767e-06, 1.70773148511e-06, 1.827333449e-06, 2.26492625188e-06, 2.58129875874e-06, 1.62063849984e-06, 1.24408495594e-06],
        "median": [0.000313366821501, 0.000408662104746, 0.000184062926564, 0.000337153265718, 0.000168545011547, 0.000118451876915, 0.000179335140274, 0.000147213897435, 8.04234441603e-05, 0.000117678646347, 0.0001370247046, 0.000100086916063, 0.000173823951627, 7.87602839409e-05, 5.81805506954e-05, 4.87742145197e-05, 3.73055881937e-05, 1.23557974803e-05, 8.95578341442e-06, 6.48025343253e-06, 6.73248587191e-06, 5.96181325818e-06, 4.3906566134e-06, 3.36813559443e-06, 2.29451143241e-06, 1.35326513373e-06, 5.76253341933e-07, 4.00412119461e-07, 2.83970990722e-07, 1.75369180511e-07, 1.7610339853e-07, 1.31494402922e-07, 1.26643413978e-07, 1.11534674829e-07, 1.06834839642e-07, 9.98681954911e-08, 1.07617161405e-07, 8.80063950603e-08, 4.29123154788e-08, 4.68348133609e-08],
        "min": [2.35784568671e-24, 1.1144952716e-23, 1.00439805714e-23, 1.0468747459e-23, 2.84330536297e-24, 7.13482326942e-24, 1.10761356461e-23, 9.55379739324e-24, 9.57536406153e-24, 5.6732111346e-24, 6.17886663611e-24, 6.63593106688e-24, 2.48241558e-23, 1.71397560149e-23, 7.67529080825e-24, 4.6951048648e-24, 8.35513744725e-24, 8.48241305456e-24, 1.17194375148e-23, 1.48114614521e-23, 1.0209990038e-23, 8.62781195231e-24, 1.33101976183e-23, 7.10826468932e-24, 9.31764083721e-24, 1.03605843737e-23, 1.51981326688e-23, 7.67031940682e-24, 6.66255985559e-24, 1.42383319163e-23, 1.17278877928e-23, 1.11124910898e-23, 1.42290470235e-23, 7.88290953217e-24, 9.54311858317e-24, 1.37388709451e-23, 9.40039786819e-24, 7.66241738713e-24, 1.0082298701e-23, 1.27695762516e-23],
        "var": [3.72369649995e-05, 2.47191746894e-06, 5.74187822622e-07, 1.0675842077e-06, 1.88243666344e-06, 6.38228868866e-07, 5.42014731764e-07, 7.97261634489e-07, 2.31008797869e-07, 2.13096583934e-07, 1.34735842039e-07, 1.06982696479e-07, 4.00460862693e-07, 9.44446654216e-08, 3.68492543146e-08, 8.89113405123e-09, 1.46927918721e-08, 2.23758456208e-09, 1.92037807878e-09, 9.95359572542e-10, 1.00720998208e-09, 3.78324149786e-10, 6.93118118456e-10, 1.11899089994e-09, 3.96455507312e-10, 1.13705760085e-10, 1.29512067737e-10, 1.16546175488e-10, 1.19029525819e-11, 1.72371127788e-11, 1.54871150626e-11, 1.46506591581e-11, 1.24266872834e-11, 4.85513469706e-11, 4.00274119405e-11, 2.60176810651e-11, 4.8325881491e-11, 5.57315547878e-11, 2.31331741957e-11, 1.24179512159e-11]
    },
    "mfcc": {
        "mean": [-671.328735352, 153.795913696, -12.3390598297, -13.5926361084, 0.636461555958, -2.06616926193, 4.84992313385, 6.48934602737, -5.90586042404, -1.74079275131, -1.39066183567, 3.50332665443, -1.12147295475],
        "cov": [[8154.39941406, 132.432266235, 1080.08764648, 523.154663086, 493.83605957, 366.340026855, 327.477020264, 523.029296875, 212.139648438, 154.81312561, 157.257629395, 199.379898071, 37.9844512939], [132.432266235, 1372.77600098, -458.431793213, 65.7915344238, -60.2203521729, -85.9709472656, 78.4714508057, 40.3636474609, -41.7308502197, -35.9230194092, -9.70593547821, -27.4884433746, -28.3458881378], [1080.08764648, -458.431793213, 1241.9498291, 243.203781128, 463.024688721, 389.825927734, 302.458587646, 231.824310303, 204.854248047, 180.002182007, 80.6721343994, 21.50481987, -24.3177337646], [523.154663086, 65.7915344238, 243.203781128, 408.341491699, 158.758514404, 109.895523071, 144.8646698, 142.765884399, 82.9301147461, 44.169342041, 28.3000125885, 7.13723325729, -5.95888471603], [493.83605957, -60.2203521729, 463.024688721, 158.758514404, 321.696533203, 204.569503784, 184.676055908, 115.158996582, 114.875473022, 100.96081543, 56.5156173706, 29.493806839, -7.4540476799], [366.340026855, -85.9709472656, 389.825927734, 109.895523071, 204.569503784, 358.492889404, 167.518127441, -2.33452916145, 119.708221436, 118.610366821, 32.8157234192, -9.31894397736, -8.04908275604], [327.477020264, 78.4714508057, 302.458587646, 144.8646698, 184.676055908, 167.518127441, 251.739898682, 125.534645081, 106.747489929, 93.913269043, 52.3706207275, 18.4282093048, -1.52041244507], [523.029296875, 40.3636474609, 231.824310303, 142.765884399, 115.158996582, -2.33452916145, 125.534645081, 282.150939941, 69.7061080933, 30.8491802216, 54.9723854065, 53.3707923889, 7.44964027405], [212.139648438, -41.7308502197, 204.854248047, 82.9301147461, 114.875473022, 119.708221436, 106.747489929, 69.7061080933, 131.160064697, 88.693321228, 45.0643730164, 20.263086319, 9.72960567474], [154.81312561, -35.9230194092, 180.002182007, 44.169342041, 100.96081543, 118.610366821, 93.913269043, 30.8491802216, 88.693321228, 131.584671021, 54.6613349915, 19.8637275696, 16.9834346771], [157.257629395, -9.70593547821, 80.6721343994, 28.3000125885, 56.5156173706, 32.8157234192, 52.3706207275, 54.9723854065, 45.0643730164, 54.6613349915, 103.77948761, 55.716506958, 20.1735782623], [199.379898071, -27.4884433746, 21.50481987, 7.13723325729, 29.493806839, -9.31894397736, 18.4282093048, 53.3707923889, 20.263086319, 19.8637275696, 55.716506958, 115.603492737, 44.6342124939], [37.9844512939, -28.3458881378, -24.3177337646, -5.95888471603, -7.4540476799, -8.04908275604, -1.52041244507, 7.44964027405, 9.72960567474, 16.9834346771, 20.1735782623, 44.6342124939, 73.9878768921]],
