{
"lowlevel": {
    "average_loudness": 0.961767554283,
    "barkbands_crest": {
        "dmean": 2.77069616318,
        "dmean2": 4.44987869263,
        "dvar": 8.79934215546,
        "dvar2": 18.439332962,
        "max": 26.5402107239,
        "mean": 13.4216089249,
        "median": 11.8349561691,
        "min": 1.89945042133,
        "var": 27.1244335175
    },
    "barkbands_flatness_db": {
        "dmean": 0.0327250957489,
        "dmean2": 0.0488064326346,
        "dvar": 0.0014027543366,
        "dvar2": 0.00284437066875,
        "max": 0.568753898144,
        "mean": 0.158463925123,
        "median": 0.142554908991,
        "min": 0.0148160597309,
        "var": 0.00496131461114
    },
    "barkbands_kurtosis": {
        "dmean": 13.3632984161,
        "dmean2": 20.3947162628,
        "dvar": 1092.16174316,
        "dvar2": 2284.05712891,
        "max": 648.213562012,
        "mean": 23.7205581665,
        "median": 11.8489074707,
        "min": -1.86211323738,
        "var": 2408.70019531
    },
    "barkbands_skewness": {
        "dmean": 1.02960693836,
        "dmean2": 1.59034061432,
        "dvar": 2.01624798775,
        "dvar2": 4.28356409073,
        "max": 23.026725769,
        "mean": 3.67199349403,
        "median": 3.24310660362,
        "min": -2.38698744774,
        "var": 5.58748531342
    },
    "barkbands_spread": {
        "dmean": 6.96572160721,
        "dmean2": 11.0858459473,
        "dvar": 58.8395957947,
        "dvar2": 146.930847168,
        "max": 87.8362426758,
        "mean": 17.9654064178,
        "median": 16.2786254883,
        "min": 0.179900065064,
        "var": 154.634658813
    },
    "dissonance": {
        "dmean": 0.0157397110015,
        "dmean2": 0.0260925088078,
        "dvar": 0.000300575135043,
        "dvar2": 0.000736523536034,
        "max": 0.5,
        "mean": 0.471449792385,
        "median": 0.477270841599,
        "min": 0.0846423283219,
        "var": 0.000490213511512
    },
    "dynamic_complexity": 2.65058302879,
    "erbbands_crest": {
        "dmean": 2.10688734055,
        "dmean2": 3.3870844841,
        "dvar": 5.45342922211,
        "dvar2": 11.7192363739,
        "max": 26.8691120148,
        "mean": 7.23853397369,
        "median": 6.34745311737,
        "min": 2.18906497955,
        "var": 13.2436561584
    },
    "erbbands_flatness_db": {
        "dmean": 0.0141953667626,
        "dmean2": 0.0208778325468,
        "dvar": 0.000315521581797,
        "dvar2": 0.000578804174438,
        "max": 0.372356534004,
        "mean": 0.101363874972,
        "median": 0.0861158892512,
        "min": 0.0434231981635,
        "var": 0.00202328362502
    },
    "erbbands_kurtosis": {
        "dmean": 1.20544373989,
        "dmean2": 1.88280725479,
        "dvar": 12.2351408005,
        "dvar2": 27.6992969513,
        "max": 87.6687774658,
        "mean": 0.345163106918,
        "median": -0.556665897369,
        "min": -1.77023613453,
        "var": 15.7170038223
    },
    "erbbands_skewness": {
        "dmean": 0.468252032995,
        "dmean2": 0.709561526775,
        "dvar": 0.298363655806,
        "dvar2": 0.667738616467,
        "max": 8.14317321777,
        "mean": 0.739354372025,
        "median": 0.694624423981,
        "min": -2.06402921677,
        "var": 0.707781612873
    },
    "erbbands_spread": {
        "dmean": 13.4714460373,
        "dmean2": 19.5178546906,
        "dvar": 148.483734131,
        "dvar2": 306.213500977,
        "max": 160.391342163,
        "mean": 71.601852417,
        "median": 73.6379013062,
        "min": 2.06769943237,
        "var": 830.192749023
    },
    "hfc": {
        "dmean": 10.0789203644,
        "dmean2": 15.4338960648,
        "dvar": 150.369094849,
        "dvar2": 371.996520996,
        "max": 147.10723877,
        "mean": 27.0448856354,
        "median": 22.8176345825,
        "min": 1.15862804588e-16,
        "var": 400.284423828
    },
    "melbands_crest": {
        "dmean": 3.72146964073,
        "dmean2": 5.91581392288,
        "dvar": 12.6196336746,
        "dvar2": 30.9008235931,
        "max": 32.5262031555,
        "mean": 18.9657325745,
        "median": 19.0371875763,
        "min": 1.89484369755,
        "var": 28.591337204
    },
    "melbands_flatness_db": {
        "dmean": 0.0373341552913,
        "dmean2": 0.0560930706561,
        "dvar": 0.00191388826352,
        "dvar2": 0.00397107796744,
        "max": 0.696095049381,
        "mean": 0.247973486781,
        "median": 0.234637916088,
        "min": 0.00528361415491,
        "var": 0.0066179879941
    },
    "melbands_kurtosis": {
        "dmean": 30.9427986145,
        "dmean2": 48.4897041321,
        "dvar": 3119.9074707,
        "dvar2": 6103.55371094,
        "max": 950.95715332,
        "mean": 68.2246246338,
        "median": 48.4350738525,
        "min": -1.73234570026,
        "var": 6822.07910156
    },
    "melbands_skewness": {
        "dmean": 1.44672858715,
        "dmean2": 2.26882243156,
        "dvar": 2.75641179085,
        "dvar2": 6.23350906372,
        "max": 22.3341369629,
        "mean": 6.01245594025,
        "median": 5.70982789993,
        "min": -0.724848389626,
        "var": 7.62047958374
    },
    "melbands_spread": {
        "dmean": 4.6668138504,
        "dmean2": 7.62745523453,
        "dvar": 59.2193412781,
        "dvar2": 132.153244019,
        "max": 216.926269531,
        "mean": 10.6849431992,
        "median": 7.91277980804,
        "min": 0.260548591614,
        "var": 215.499420166
    },
    "pitch_salience": {
        "dmean": 0.093022480607,
        "dmean2": 0.137602284551,
        "dvar": 0.0102554084733,
        "dvar2": 0.0178050752729,
        "max": 0.98027575016,
        "mean": 0.505221307278,
        "median": 0.574056386948,
        "min": 0.0337549597025,
        "var": 0.0364559367299
    },
    "silence_rate_20dB": {
        "dmean": 0,
        "dmean2": 0,
        "dvar": 0,
        "dvar2": 0,
        "max": 1,
        "mean": 1,
        "median": 1,
        "min": 1,
        "var": 0
    },
    "silence_rate_30dB": {
        "dmean": 0.0366294048727,
        "dmean2": 0.0732651129365,
        "dvar": 0.0352884121239,
        "dvar2": 0.0897413939238,
        "max": 1,
        "mean": 0.971541583538,
        "median": 1,
        "min": 0,
        "var": 0.0276502296329
    },
    "silence_rate_60dB": {
        "dmean": 0.0108340494335,
        "dmean2": 0.0216699633747,
        "dvar": 0.0107155144215,
        "dvar2": 0.0239503644407,
        "max": 1,
        "mean": 0.0510704144835,
        "median": 0,
        "min": 0,
        "var": 0.0484536699951
    },
    "spectral_centroid": {
        "dmean": 267.859558105,
        "dmean2": 413.922515869,
        "dvar": 100705.796875,
        "dvar2": 236951.40625,
        "max": 11463.4394531,
        "mean": 884.786010742,
        "median": 768.796508789,
        "min": 94.6602554321,
        "var": 331951.8125
    },
    "spectral_complexity": {
        "dmean": 5.10472917557,
        "dmean2": 7.96594715118,
        "dvar": 38.5132675171,
        "dvar2": 92.5588302612,
        "max": 54,
        "mean": 15.7504081726,
        "median": 15,
        "min": 0,
        "var": 81.8078536987
    },
    "spectral_decrease": {
        "dmean": 3.88137699758e-09,
        "dmean2": 5.96498406225e-09,
        "dvar": 1.86770698695e-17,
        "dvar2": 4.30119657934e-17,
        "max": 3.67053547654e-24,
        "mean": -1.39728504323e-08,
        "median": -1.34263506979e-08,
        "min": -4.38385114876e-08,
        "var": 5.26459795691e-17
    },
    "spectral_energy": {
        "dmean": 0.0150403669104,
        "dmean2": 0.0230360478163,
        "dvar": 0.000275147991488,
        "dvar2": 0.000635110656731,
        "max": 0.170690611005,
        "mean": 0.0551897250116,
        "median": 0.0533901564777,
        "min": 1.04008785494e-20,
        "var": 0.000798078312073
    },
    "spectral_energyband_high": {
        "dmean": 0.000888943963218,
        "dmean2": 0.00136857060716,
        "dvar": 1.22140727399e-06,
        "dvar2": 2.9845350582e-06,
        "max": 0.0185029283166,
        "mean": 0.00190364918672,
        "median": 0.0014751808485,
        "min": 7.52618277488e-21,
        "var": 3.45297871718e-06
    },
    "spectral_energyband_low": {
        "dmean": 0.0141017381102,
        "dmean2": 0.0207611937076,
        "dvar": 0.00026397491456,
        "dvar2": 0.000578109873459,
        "max": 0.140645757318,
        "mean": 0.0359754264355,
        "median": 0.0314317047596,
        "min": 5.99489922431e-23,
        "var": 0.000592430355027
    },
    "spectral_energyband_middle_high": {
        "dmean": 0.00118989392649,
        "dmean2": 0.00201266026124,
        "dvar": 5.27246129423e-06,
        "dvar2": 1.43846764331e-05,
        "max": 0.0168937128037,
        "mean": 0.00191866164096,
        "median": 0.00133938132785,
        "min": 1.33025213075e-21,
        "var": 4.72920009997e-06
    },
    "spectral_energyband_middle_low": {
        "dmean": 0.00917496904731,
        "dmean2": 0.0140728708357,
        "dvar": 0.000158872280736,
        "dvar2": 0.000332443712978,
        "max": 0.129644230008,
        "mean": 0.0237398874015,
        "median": 0.0242225378752,
        "min": 2.4947053387e-22,
        "var": 0.000368923851056
    },
    "spectral_entropy": {
        "dmean": 0.227963626385,
        "dmean2": 0.330690652132,
        "dvar": 0.0822022631764,
        "dvar2": 0.164768472314,
        "max": 9.81116390228,
        "mean": 7.74144506454,
        "median": 7.858689785,
        "min": 4.3415312767,
        "var": 0.282239168882
    },
    "spectral_flux": {
        "dmean": 0.0372003167868,
        "dmean2": 0.0513471253216,
        "dvar": 0.00115525559522,
        "dvar2": 0.00241357274354,
        "max": 0.337756931782,
        "mean": 0.10957801342,
        "median": 0.0914517045021,
        "min": 6.75144870566e-11,
        "var": 0.0044583985582
    },
    "spectral_kurtosis": {
        "dmean": 0.940447568893,
        "dmean2": 1.43932163715,
        "dvar": 7.05250358582,
        "dvar2": 15.3705368042,
        "max": 76.0998916626,
        "mean": 2.6088488102,
        "median": 1.73291158676,
        "min": -1.22170948982,
        "var": 11.4698610306
    },
    "spectral_rms": {
        "dmean": 0.00100947136525,
        "dmean2": 0.00153989694081,
        "dvar": 1.16487444757e-06,
        "dvar2": 2.62565890807e-06,
        "max": 0.0129045508802,
        "mean": 0.00697413505986,
        "median": 0.00721719861031,
        "min": 3.1854666474e-12,
        "var": 5.20540515936e-06
    },
    "spectral_rolloff": {
        "dmean": 295.971313477,
        "dmean2": 515.82232666,
        "dvar": 393251,
        "dvar2": 925223.75,
        "max": 19229.1503906,
        "mean": 583.890563965,
        "median": 322.998046875,
        "min": 64.599609375,
        "var": 1253916.25
    },
    "spectral_skewness": {
        "dmean": 0.184230461717,
        "dmean2": 0.271348267794,
        "dvar": 0.0636432170868,
        "dvar2": 0.12454251945,
        "max": 6.95018196106,
        "mean": 1.39898145199,
        "median": 1.31207096577,
        "min": -0.0218635108322,
        "var": 0.207205027342
    },
    "spectral_spread": {
        "dmean": 628132.5,
        "dmean2": 912695.6875,
        "dvar": 495645229056,
        "dvar2": 904835760128,
        "max": 41319804,
        "mean": 7196119,
        "median": 7750179.5,
        "min": 1203582.75,
        "var": 4.43387058586e+12
    },
    "spectral_strongpeak": {
        "dmean": 0.244125410914,
        "dmean2": 0.395222514868,
        "dvar": 0.109656505287,
        "dvar2": 0.315815359354,
        "max": 8.48487663269,
        "mean": 0.741756498814,
        "median": 0.743058860302,
        "min": 0,
        "var": 0.163187533617
    },
    "zerocrossingrate": {
        "dmean": 0.0112229110673,
        "dmean2": 0.0140598043799,
        "dvar": 0.000140907097375,
        "dvar2": 0.000188397651073,
        "max": 0.51220703125,
        "mean": 0.0506738610566,
        "median": 0.04931640625,
        "min": 0.00244140625,
        "var": 0.00126245047431
    },
    "barkbands": {
        "dmean": [0.000197597430088, 0.0100784702227, 0.0066720857285, 0.00650424975902, 0.00412054779008, 0.00195016886573, 0.000672666588798, 0.000508988508955, 0.000517753360327, 0.000250600161962, 0.000155041125254, 0.000177814887138, 0.000166286015883, 0.000210617683479, 0.000240477631451, 0.000142106247949, 8.68600836839e-05, 8.25271126814e-05, 8.98757716641e-05, 0.000110155851871, 0.000152615844854, 0.000156653797603, 0.000185733224498, 0.000176430039573, 0.000154297769768, 9.71214176388e-05, 1.65270867001e-05],
        "dmean2": [0.000324608990923, 0.0153553644195, 0.0102367885411, 0.0108165116981, 0.00703623471782, 0.00307703344151, 0.0010925688548, 0.000871344178449, 0.000900743936654, 0.00042631677934, 0.000265082519036, 0.00030577040161, 0.000276650796877, 0.000372218084522, 0.000433414475992, 0.000257176463492, 0.000157354050316, 0.000149010971654, 0.000153986606165, 0.000185761484317, 0.000272709614364, 0.000250434270129, 0.000302144093439, 0.000271679513389, 0.00022381573217, 0.000149266212247, 2.49372787948e-05],
        "dvar": [7.41148014072e-08, 0.000224803530728, 0.00012597348541, 0.000130980944959, 6.2911567511e-05, 7.08580182618e-06, 1.10134271836e-06, 5.11571727202e-07, 5.63040202906e-07, 1.1305059644e-07, 4.26007993326e-08, 7.17310300047e-08, 5.18753147105e-08, 2.00841213882e-07, 2.96502975061e-07, 8.80341488596e-08, 2.68314170881e-08, 2.58212935478e-08, 2.72469815599e-08, 1.86376443168e-08, 1.19529289577e-07, 3.70389017235e-08, 5.04489463538e-08, 5.13367979238e-08, 4.40828884507e-08, 1.86801738522e-08, 8.02969080116e-10],
        "dvar2": [1.84278135862e-07, 0.000512562168296, 0.000285482150503, 0.000351130351191, 0.000170590457856, 1.66223835549e-05, 2.64401637651e-06, 1.37137146794e-06, 1.56820067332e-06, 2.90717309781e-07, 1.15720794724e-07, 1.92567483737e-07, 1.35933177603e-07, 5.52393260023e-07, 8.31993020256e-07, 2.47745873594e-07, 7.71743202677e-08, 7.35810914421e-08, 7.47058450656e-08, 5.0001741414e-08, 3.36545042501e-07, 1.05036342291e-07, 1.21967872246e-07, 1.13055072859e-07, 8.1019884135e-08, 3.77553526221e-08, 1.67253877414e-09],
        "max": [0.00203401222825, 0.100430987775, 0.0862613990903, 0.0919814035296, 0.0762329176068, 0.0369648449123, 0.0152534488589, 0.00952488556504, 0.00829798635095, 0.00429351301864, 0.00207803514786, 0.00414075236768, 0.00320018175989, 0.0037288533058, 0.00399240292609, 0.00234438409097, 0.00129685958382, 0.00133076997008, 0.00145791238174, 0.00154829304665, 0.0057469829917, 0.00195646332577, 0.0029072787147, 0.00545903434977, 0.00350169767626, 0.00113724882249, 0.000292729819193],
        "mean": [0.000198315101443, 0.0178764462471, 0.0095970518887, 0.0115809552372, 0.00582828605548, 0.00378276896663, 0.00116799911484, 0.000685280538164, 0.000618132820819, 0.000287271977868, 0.000200620270334, 0.000231098019867, 0.000211928738281, 0.000204419324291, 0.000220446905587, 0.000153893197421, 0.000113582907943, 0.000105845458165, 0.000123903970234, 0.000219795547309, 0.000192241437617, 0.000301231542835, 0.000363932893379, 0.000398878357373, 0.000335540797096, 0.000159115326824, 3.07914197037e-05],
        "median": [5.82840948482e-05, 0.00763442507014, 0.00668136030436, 0.00723228277639, 0.00421300902963, 0.00267497403547, 0.000775609398261, 0.000375851755962, 0.00032151088817, 0.000141382435686, 0.000134586312925, 0.000131613458507, 0.000121388031403, 8.88980430318e-05, 9.67008381849e-05, 8.34717648104e-05, 7.33308697818e-05, 6.25448665232e-05, 7.45162906242e-05, 0.000181057170266, 9.2764661531e-05, 0.000254981889157, 0.000249862438068, 0.000289474468445, 0.000233973842114, 0.00010329381621, 1.65333731275e-05],
        "min": [1.00010704824e-23, 5.99437928608e-24, 3.67305036511e-24, 6.5771578726e-25, 2.3975551303e-23, 1.16281749856e-23, 3.78019116556e-23, 2.36071863924e-23, 3.70001828513e-23, 6.18831782085e-23, 6.38786491999e-23, 3.0798297254e-23, 3.85569809151e-23, 3.89355931288e-23, 1.20330747268e-22, 1.15703794069e-22, 9.50018183073e-23, 1.3839575035e-22, 1.61611169484e-22, 1.95102921858e-22, 2.94036202036e-22, 4.7061396878e-22, 6.15719946695e-22, 7.35136019209e-22, 1.03526096526e-21, 1.39173430887e-21, 2.38127062414e-21],
        "var": [8.92691218723e-08, 0.000404805643484, 0.000150547799421, 0.00016905584198, 5.85290399613e-05, 1.66536538018e-05, 1.9636675006e-06, 7.38825690405e-07, 6.22575441867e-07, 1.42331231245e-07, 4.76299995e-08, 8.67886598144e-08, 6.77791405224e-08, 1.41506362183e-07, 1.89927945371e-07, 6.07529955232e-08, 2.07348609393e-08, 2.01861993787e-08, 2.4684512212e-08, 3.99919990457e-08, 1.12872477587e-07, 8.08528852758e-08, 1.35846434546e-07, 1.89418784657e-07, 1.41622280125e-07, 3.58671741196e-08, 1.76874015434e-09]
    },
    "erbbands": {
        "dmean": [0.2020432055, 2.63537049294, 6.69245195389, 16.2352676392, 13.9295454025, 13.1345615387, 14.2362966537, 18.6212406158, 11.0283517838, 8.97070980072, 9.68629455566, 12.4553823471, 7.88732719421, 8.00837230682, 6.66899633408, 7.77005004883, 7.58806753159, 10.7811803818, 8.95320987701, 13.6533966064, 6.54057121277, 4.59638977051, 4.84817695618, 3.71090197563, 5.22316360474, 4.78309202194, 5.31310033798, 6.22472238541, 5.61292505264, 4.683157444, 5.28561401367, 4.87606620789, 2.82665038109, 1.8252954483, 0.958210110664, 0.505604565144, 0.170332342386, 0.0301680639386, 0.00307706394233, 0.000144528734381],
        "dmean2": [0.299409687519, 3.86083459854, 9.81083583832, 25.8475494385, 22.7027721405, 22.5051574707, 21.276266098, 30.200553894, 17.7706317902, 15.2136278152, 16.5233669281, 21.5657939911, 13.6046361923, 13.732334137, 11.2076911926, 13.3532867432, 12.5394277573, 18.8248634338, 15.5897121429, 25.4215164185, 11.8016004562, 8.29064178467, 8.72817993164, 6.45907068253, 8.79346656799, 8.03295040131, 9.05331802368, 11.2380962372, 9.26917743683, 7.29347419739, 8.78920555115, 7.7799372673, 4.40630292892, 2.67438077927, 1.42473423481, 0.789204001427, 0.257896572351, 0.0449352413416, 0.00460840296, 0.000216661734157],
        "dvar": [0.0782707035542, 15.037153244, 119.835502625, 634.049926758, 718.032592773, 647.479248047, 397.289642334, 698.862487793, 255.802001953, 171.97227478, 186.792297363, 360.750213623, 116.464691162, 125.397041321, 71.2437286377, 146.545227051, 107.161636353, 502.847991943, 220.677627563, 1364.51794434, 185.379211426, 77.9857025146, 93.424911499, 52.3203926086, 70.9287796021, 36.625743866, 110.08366394, 176.827972412, 58.9138259888, 33.4839935303, 42.4999313354, 37.0894584656, 13.8947553635, 5.54269123077, 2.01239967346, 0.511127471924, 0.0541509054601, 0.00173637014814, 2.71147855528e-05, 8.25023533935e-08],
        "dvar2": [0.152913376689, 33.8945159912, 237.034286499, 1543.98999023, 1766.34460449, 1772.0748291, 855.300537109, 1740.875, 608.880249023, 469.125061035, 503.319122314, 986.677185059, 317.795379639, 331.232421875, 187.984893799, 392.700195312, 279.390136719, 1356.27893066, 593.697753906, 3899.2800293, 522.933898926, 222.277496338, 267.887298584, 142.794342041, 191.798065186, 98.9188156128, 309.313232422, 516.095947266, 169.631271362, 75.8289337158, 105.589324951, 90.3880310059, 29.6137924194, 10.8892450333, 3.71738481522, 0.987720549107, 0.112818568945, 0.0038908876013, 5.59603104193e-05, 1.61020039968e-07],
        "max": [2.64500689507, 27.3732624054, 97.1828536987, 211.403457642, 257.601379395, 282.175628662, 314.750549316, 375.31048584, 239.360702515, 175.085861206, 245.737091064, 217.570205688, 144.797790527, 138.135925293, 88.3104858398, 187.808670044, 152.360702515, 178.460235596, 129.482254028, 260.847412109, 104.83946228, 76.7545089722, 80.1273803711, 77.709236145, 105.284133911, 71.2699356079, 273.339508057, 121.256324768, 74.3154678345, 104.056640625, 89.7762832642, 89.348991394, 115.984016418, 57.6049346924, 18.6082611084, 6.38575315475, 1.91777074337, 0.360390484333, 0.0522504337132, 0.00332294381224],
        "mean": [0.366737633944, 4.52230644226, 10.4419994354, 31.9598388672, 21.4925994873, 18.920331955, 29.0902767181, 30.8132553101, 20.4536075592, 14.8198204041, 13.0665998459, 15.1060619354, 9.60287952423, 9.47986984253, 9.46826267242, 9.78011989594, 10.2124414444, 11.1053161621, 10.2785491943, 11.669219017, 7.63994169235, 6.29389619827, 6.08277320862, 5.42236042023, 8.30697441101, 9.2789888382, 8.17014503479, 8.23633480072, 9.36357879639, 10.5623674393, 10.3772916794, 9.32163619995, 6.58698511124, 4.05775308609, 2.10498332977, 0.88681268692, 0.260214924812, 0.0425192564726, 0.00568404467776, 0.000375317584258],
        "median": [0.141183823347, 1.95959937572, 5.96883201599, 23.1702213287, 16.2031459808, 15.0341377258, 19.334821701, 20.1609325409, 14.6464090347, 10.6190958023, 7.06335496902, 7.96138048172, 5.0048623085, 5.19140052795, 6.65988922119, 5.18285560608, 5.97850036621, 5.16608762741, 5.84586334229, 4.54571437836, 4.55585575104, 4.22562789917, 3.50934696198, 3.23589396477, 5.25374031067, 7.77385234833, 5.44293165207, 4.52926492691, 6.97610998154, 8.57894706726, 6.93971776962, 6.53659725189, 4.76615190506, 2.82274603844, 1.47322201729, 0.601726651192, 0.163258999586, 0.0237697120756, 0.00324983615428, 0.000187059689779],
        "min": [6.67771336871e-22, 9.47546498841e-22, 2.80399142111e-21, 7.08958166105e-21, 9.06314202946e-20, 9.14648306112e-20, 4.91198006933e-20, 5.69773121166e-20, 4.26521517395e-19, 1.70244639734e-19, 5.4223901861e-19, 8.97535839168e-19, 1.56440719465e-18, 1.6153181968e-18, 2.50035068402e-18, 1.60585990348e-18, 1.85663624979e-18, 1.87684509933e-18, 6.44654359561e-18, 4.57177347884e-18, 7.52539390953e-18, 6.33044879663e-18, 7.92491470077e-18, 9.26963327127e-18, 8.2621008154e-18, 9.81532101265e-18, 1.27670232115e-17, 1.29879697706e-17, 1.40720263593e-17, 1.56156347178e-17, 1.9740987919e-17, 1.58919428209e-17, 1.1775210496e-17, 1.13937288596e-17, 8.33736101626e-18, 5.17297661985e-18, 2.79009964489e-18, 1.15327102985e-18, 3.1195558084e-19, 3.53428038609e-20],
        "var": [0.18935342133, 27.0010910034, 173.793075562, 1027.71289062, 871.292175293, 612.604675293, 995.24420166, 1325.6829834, 495.932128906, 268.662078857, 265.347686768, 387.671020508, 139.641326904, 138.775909424, 93.0415267944, 166.450515747, 147.717651367, 377.233825684, 185.324737549, 797.893127441, 128.970626831, 60.1934204102, 70.9166793823, 49.7438621521, 83.8349533081, 68.8015060425, 131.743652344, 151.871688843, 90.5180740356, 107.056015015, 114.800788879, 102.779937744, 50.7977485657, 20.1850357056, 5.72953653336, 1.106808424, 0.0969356149435, 0.0027554158587, 5.83882829233e-05, 2.34658514842e-07]
    },
    "gfcc": {
        "mean": [28.3151626587, 70.1940155029, -66.0840148926, 39.0772590637, -56.7679519653, 19.3964290619, -38.0969085693, 3.52257704735, -22.3353099823, 4.43462467194, -14.0352058411, -0.314752429724, -10.9267120361],
        "cov": [[8993.01464844, -1474.53625488, 1365.34289551, 250.607971191, -160.900115967, 516.580810547, -244.292770386, 195.140090942, -362.623077393, 108.640983582, -254.537796021, 36.4680633545, -265.382995605], [-1474.53625488, 1331.23791504, -134.640777588, 42.3685417175, 180.871307373, -187.500305176, 120.272041321, -110.7137146, 132.187484741, -104.923240662, 34.4580841064, -103.699493408, 75.4996261597], [1365.34289551, -134.640777588, 940.665893555, 227.501831055, 123.488121033, 204.719726562, 99.2352218628, 148.150939941, 14.4063463211, 65.6574172974, -41.3635978699, -15.5696153641, -80.9319763184], [250.607971191, 42.3685417175, 227.501831055, 264.493133545, 179.169937134, 149.642028809, 90.379524231, 54.278842926, 37.3716278076, 15.8310890198, 7.1156411171, -3.24949121475, -8.01303100586], [-160.900115967, 180.871307373, 123.488121033, 179.169937134, 255.340362549, 122.802909851, 131.5050354, 41.2710456848, 69.6619110107, 14.2664470673, 33.429977417, -0.728247523308, 11.6888828278], [516.580810547, -187.500305176, 204.719726562, 149.642028809, 122.802909851, 208.167755127, 101.69908905, 98.3318557739, 29.7977180481, 43.3010253906, 18.7783489227, 28.8761787415, -9.01939105988], [-244.292770386, 120.272041321, 99.2352218628, 90.379524231, 131.5050354, 101.69908905, 160.561660767, 88.8553009033, 95.248664856, 26.8380661011, 52.8710861206, 12.4500417709, 25.9980945587], [195.140090942, -110.7137146, 148.150939941, 54.278842926, 41.2710456848, 98.3318557739, 88.8553009033, 133.588348389, 78.7452316284, 64.4316253662, 35.7325210571, 31.3155899048, 6.63412857056], [-362.623077393, 132.187484741, 14.4063463211, 37.3716278076, 69.6619110107, 29.7977180481, 95.248664856, 78.7452316284, 131.81968689, 50.1613464355, 70.762008667, 17.4938583374, 42.2830429077], [108.640983582, -104.923240662, 65.6574172974, 15.8310890198, 14.2664470673, 43.3010253906, 26.8380661011, 64.4316253662, 50.1613464355, 79.649887085, 42.5248641968, 36.5978889465, 4.10309123993], [-254.537796021, 34.4580841064, -41.3635978699, 7.1156411171, 33.429977417, 18.7783489227, 52.8710861206, 35.7325210571, 70.762008667, 42.5248641968, 92.6297683716, 42.7888832092, 37.6987342834], [36.4680633545, -103.699493408, -15.5696153641, -3.24949121475, -0.728247523308, 28.8761787415, 12.4500417709, 31.3155899048, 17.4938583374, 36.5978889465, 42.7888832092, 60.067401886, 25.4830093384], [-265.382995605, 75.4996261597, -80.9319763184, -8.01303100586, 11.6888828278, -9.01939105988, 25.9980945587, 6.63412857056, 42.2830429077, 4.10309123993, 37.6987342834, 25.4830093384, 65.5693130493]],
        "icov": [[0.000242481037276, -8.32883742987e-05, -0.000242299996899, 0.000122200275655, 0.000125420236145, -0.000910627422854, 0.00098645419348, -0.00051795685431, 0.000516157306265, -4.07842453569e-05, -4.28906096204e-05, 7.45178258512e-05, -2.77642084257e-05], [-8.32883742987e-05, 0.00241836858913, -0.000270809483482, -0.000670333974995, -0.00121313182171, 0.00381232844666, -0.00301442062482, 0.00273463688791, -0.00263179652393, 0.00149885914288, 7.22512486391e-05, 0.00168487569317, -0.000971713277977], [-0.000242299996899, -0.000270809483482, 0.00220172270201, -0.00127319735475, 0.00016085903917, 0.000467848090921, -0.00118637271225, -0.00173423928209, 0.00112088234164, -0.00153408001643, 0.000739666982554, 0.000651241571177, 0.00126948719844], [0.000122200275655, -0.000670333974995, -0.00127319735475, 0.0107867773622, -0.00525636924431, -0.00671573216096, 0.00485329004005, -0.000651682843454, -0.0012686845148, 0.0017670962261, -0.000300218584016, 0.0012056499254, -0.000420377706178], [0.000125420236145, -0.00121313182171, 0.00016085903917, -0.00525636924431, 0.0140596264973, -0.00508584873751, -0.00741193303838, 0.00849772244692, -0.00365903577767, -0.00294249039143, 0.00258447183296, -0.0027117554564, 0.00244541210122], [-0.000910627422854, 0.00381232844666, 0.000467848090921, -0.00671573216096, -0.00508584873751, 0.0260824337602, -0.0134595436975, -0.00463021360338, 0.00568612013012, -0.000628677429631, -0.00028863598709, -0.00112979416735, -0.00104139547329], [0.00098645419348, -0.00301442062482, -0.00118637271225, 0.00485329004005, -0.00741193303838, -0.0134595436975, 0.0349834263325, -0.0176498293877, -0.00264529325068, 0.0105995293707, -0.00881026126444, 0.00363478809595, -0.00132760778069], [-0.00051795685431, 0.00273463688791, -0.00173423928209, -0.000651682843454, 0.00849772244692, -0.00463021360338, -0.0176498293877, 0.0424861386418, -0.024517538026, -0.00850081350654, 0.0140777472407, -0.0118364728987, 0.00593091268092], [0.000516157306265, -0.00263179652393, 0.00112088234164, -0.0012686845148, -0.00365903577767, 0.00568612013012, -0.00264529325068, -0.024517538026, 0.0468138791621, -0.0153728583828, -0.0178763233125, 0.0211033374071, -0.015838354826], [-4.07842453569e-05, 0.00149885914288, -0.00153408001643, 0.0017670962261, -0.00294249039143, -0.000628677429631, 0.0105995293707, -0.00850081350654, -0.0153728583828, 0.0389464236796, -0.00706621119753, -0.0138374222443, 0.0104436939582], [-4.28906096204e-05, 7.22512486391e-05, 0.000739666982554, -0.000300218584016, 0.00258447183296, -0.00028863598709, -0.00881026126444, 0.0140777472407, -0.0178763233125, -0.00706621119753, 0.0359559729695, -0.021978372708, 0.0020268978551], [7.45178258512e-05, 0.00168487569317, 0.000651241571177, 0.0012056499254, -0.0027117554564, -0.00112979416735, 0.00363478809595, -0.0118364728987, 0.0211033374071, -0.0138374222443, -0.021978372708, 0.0525853186846, -0.0211462117732], [-2.77642084257e-05, -0.000971713277977, 0.00126948719844, -0.000420377706178, 0.00244541210122, -0.00104139547329, -0.00132760778069, 0.00593091268092, -0.015838354826, 0.0104436939582, 0.0020268978551, -0.0211462117732, 0.0337331779301]]
    },
    "melbands": {
        "dmean": [0.00230898079462, 0.00319899781607, 0.00249837874435, 0.000991091714241, 0.000481607334223, 0.000386071071262, 0.000163815609994, 0.000101129895484, 7.6160140452e-05, 8.09634148027e-05, 3.97984113079e-05, 3.36500852427e-05, 2.17675951717e-05, 1.89687816601e-05, 1.77687834366e-05, 1.72828040377e-05, 2.17863362195e-05, 1.36378539537e-05, 1.8393213395e-05, 1.44992345668e-05, 6.86550765749e-06, 4.80004973724e-06, 5.03547744302e-06, 4.00195403927e-06, 2.85580631498e-06, 4.1327280087e-06, 4.15232307205e-06, 3.21152765537e-06, 3.1649333323e-06, 4.0192862798e-06, 3.7517659166e-06, 3.12766951538e-06, 3.3002490909e-06, 2.51071969615e-06, 3.02072135128e-06, 4.26281076216e-06, 2.76979949376e-06, 1.99091505237e-06, 2.09715494748e-06, 1.39784788189e-06],
        "dmean2": [0.00355242635123, 0.00463659921661, 0.00388498208486, 0.00168104912154, 0.000736363464966, 0.000622102059424, 0.000263833324425, 0.000172531203134, 0.000130042390083, 0.000140775911859, 6.86198691255e-05, 5.79389343329e-05, 3.69874287571e-05, 3.23758104059e-05, 2.93805969704e-05, 2.88912124233e-05, 3.84491650038e-05, 2.36620362557e-05, 3.35608347086e-05, 2.67662653641e-05, 1.23163290482e-05, 8.59963620314e-06, 9.12691120902e-06, 7.23446055417e-06, 4.98060444443e-06, 7.21975675333e-06, 6.96318920745e-06, 5.39962002222e-06, 5.35032677362e-06, 7.12973132977e-06, 6.86384646542e-06, 5.23245989825e-06, 5.32922149432e-06, 3.96274936065e-06, 5.08073389938e-06, 7.17601824363e-06, 4.31061380368e-06, 3.1007882626e-06, 3.42175621881e-06, 2.05403239306e-06],
        "dvar": [1.09883530968e-05, 2.22517610382e-05, 1.47999471665e-05, 3.77796004614e-06, 4.52450478861e-07, 2.93502068871e-07, 5.78098706683e-08, 2.28146852521e-08, 1.16607070666e-08, 1.47614178658e-08, 3.00155544863e-09, 2.25855090186e-09, 7.97891197557e-10, 7.05071556695e-10, 6.51875275981e-10, 5.66610369734e-10, 2.26119722946e-09, 4.33770547259e-10, 2.19374496346e-09, 1.17381315778e-09, 1.87300050469e-10, 7.54783874291e-11, 9.16733633449e-11, 6.7256249181e-11, 2.78936648085e-11, 6.39334973851e-11, 3.49873775785e-11, 1.48507265513e-11, 3.10670066062e-11, 8.08253464157e-11, 5.79306221049e-11, 1.65041418032e-11, 1.74699039956e-11, 9.65373267436e-12, 1.53866086539e-11, 2.77434152041e-11, 1.28550269388e-11, 7.24150513859e-12, 7.93832360957e-12, 3.41603806873e-12],
        "dvar2": [2.4271375878e-05, 4.01551333198e-05, 3.49050169461e-05, 1.01622936199e-05, 9.98338123281e-07, 7.19012177797e-07, 1.36599652478e-07, 6.22867730726e-08, 3.15199102374e-08, 4.07293541116e-08, 8.17545675602e-09, 5.93105342617e-09, 2.13700168672e-09, 1.90974036585e-09, 1.55473223185e-09, 1.52387003016e-09, 6.18390316731e-09, 1.16015064222e-09, 6.21526830002e-09, 3.33765015625e-09, 5.28125876365e-10, 2.14198866977e-10, 2.67237787455e-10, 1.9041224153e-10, 7.44848904777e-11, 1.80132200822e-10, 9.15368822407e-11, 3.98896957132e-11, 8.58258950021e-11, 2.30024402303e-10, 1.72371728002e-10, 4.84125205202e-11, 4.58658527824e-11, 2.06989286822e-11, 4.02842169345e-11, 6.97466528976e-11, 3.23745127928e-11, 1.53884214399e-11, 1.83121833669e-11, 6.54676746842e-12],
        "max": [0.0268299765885, 0.0398411676288, 0.0322943329811, 0.0197095964104, 0.00848254002631, 0.00749423773959, 0.00363807706162, 0.00218696147203, 0.00201577693224, 0.00130769005045, 0.000700805569068, 0.000636314391159, 0.000337509874953, 0.00043442324386, 0.000302105851006, 0.000307184993289, 0.000380720710382, 0.000187116791494, 0.000344769388903, 0.000238568027271, 0.000114513815788, 8.06604439276e-05, 8.63084715093e-05, 6.4837942773e-05, 6.1862388975e-05, 6.69238579576e-05, 6.82811951265e-05, 4.0067552618e-05, 0.000135073409183, 0.000228698496358, 5.46880692127e-05, 3.86341307603e-05, 4.41134652647e-05, 6.24574022368e-05, 5.68814466533e-05, 4.78320944239e-05, 7.35501016607e-05, 7.24887941033e-05, 7.24296405679e-05, 4.63447722723e-05],
        "mean": [0.00432527717203, 0.00587897561491, 0.00499065872282, 0.00138360774145, 0.000963666185271, 0.000669365399517, 0.000299219012959, 0.000157626869623, 0.000100597935671, 9.48474626057e-05, 4.65974408144e-05, 3.80886849598e-05, 2.98173436022e-05, 2.60583037743e-05, 2.2675629225e-05, 2.18771692744e-05, 2.0880395823e-05, 1.59840365086e-05, 1.61213956744e-05, 1.34240362968e-05, 8.14979557617e-06, 6.47388151265e-06, 6.12748999629e-06, 4.8741108003e-06, 4.11905421061e-06, 5.28006830791e-06, 6.99622887623e-06, 6.15072030996e-06, 5.18140996064e-06, 4.93810193802e-06, 4.7729599828e-06, 4.96392522109e-06, 6.29368105365e-06, 5.32793774255e-06, 5.57782595934e-06, 6.98625581208e-06, 5.26872099726e-06, 4.62545585833e-06, 4.33754166806e-06, 3.09183042191e-06],
        "median": [0.0018798392266, 0.00328623503447, 0.00414399150759, 0.00107072782703, 0.000650623580441, 0.000449009326985, 0.00021097046556, 0.000105076745967, 5.32625344931e-05, 4.88910809509e-05, 2.27535474551e-05, 1.96226319531e-05, 2.10169346246e-05, 1.63369804795e-05, 1.19160959002e-05, 1.24526559375e-05, 8.91697163752e-06, 9.52640584728e-06, 6.70402778269e-06, 5.82172106078e-06, 4.93246488986e-06, 4.39819314124e-06, 3.51439325641e-06, 2.72332363238e-06, 2.35675815929e-06, 3.08431003759e-06, 3.95665392716e-06, 4.90776574225e-06, 3.76162984139e-06, 2.37555059357e-06, 2.58955537902e-06, 3.67250549971e-06, 4.95998210681e-06, 3.99692453357e-06, 3.65451342077e-06, 4.6259328883e-06, 3.75379181605e-06, 3.42286170962e-06, 2.70643772637e-06, 2.2828537567e-06],
        "min": [7.32773210404e-24, 1.58560943342e-24, 2.80328684368e-24, 6.90787114243e-24, 2.00195108932e-24, 1.3774416623e-24, 7.89743009485e-24, 1.37083219121e-24, 4.07427409341e-24, 5.75585733063e-24, 7.92456296569e-24, 6.41261361651e-24, 8.34942136113e-24, 5.67540968995e-24, 3.56814566978e-24, 3.52795675653e-24, 2.9240139194e-24, 1.00736922285e-23, 7.82494639944e-24, 6.14669136637e-24, 8.39669227316e-24, 6.38671965173e-24, 7.53427482169e-24, 4.26675891529e-24, 5.71032349032e-24, 6.19023451619e-24, 6.53195683299e-24, 5.89844472811e-24, 6.86936841937e-24, 6.93591278103e-24, 6.08099424132e-24, 7.97769274765e-24, 7.24363795382e-24, 7.5518175105e-24, 1.240321347e-23, 8.3219090482e-24, 9.28695335914e-24, 7.31449975122e-24, 8.29688559143e-24, 8.70921372026e-24],
        "var": [2.26544925681e-05, 4.08067644457e-05, 2.4283388484e-05, 3.5012369608e-06, 1.05861568045e-06, 5.98247936523e-07, 1.09363924139e-07, 3.35421930231e-08, 1.59495989749e-08, 1.5576819834e-08, 3.53996298941e-09, 2.50571163818e-09, 9.6454710885e-10, 8.83704109889e-10, 8.87546536266e-10, 7.32385041502e-10, 1.60083113432e-09, 3.9121378359e-10, 1.32851696311e-09, 7.30173033148e-10, 1.35929767442e-10, 6.01130326072e-11, 7.2821824959e-11, 4.98956188866e-11, 2.93122089101e-11, 5.11415319815e-11, 6.19416046233e-11, 3.02481893699e-11, 3.70752838152e-11, 9.14675765684e-11, 4.79124934172e-11, 2.59256539847e-11, 3.72853206643e-11, 3.03761911458e-11, 3.67431189641e-11, 5.54665272046e-11, 3.69992751714e-11, 2.5600343026e-11, 2.32603433042e-11, 1.22768878397e-11]
    },
    "mfcc": {
        "mean": [-628.715270996, 104.606765747, 43.088306427, 25.2244129181, 11.9458360672, 13.7094917297, 1.26503813267, 0.796205461025, -1.6866505146, 3.45300912857, -2.42821383476, 0.304199665785, 1.63163602352],
        "cov": [[6927.56542969, -846.280029297, 930.649353027, -63.9530105591, 184.194274902, 142.268890381, 157.808273315, 29.0894565582, -51.392288208, 42.9749183655, -98.8356628418, -84.4795379639, -31.9844284058], [-846.280029297, 1026.38964844, -73.532989502, 182.956619263, 5.85262918472, 11.8259086609, -43.6137123108, -3.69829416275, 42.2828598022, -7.76608514786, -7.30668449402, 5.34616565704, -17.04804039], [930.649353027, -73.532989502, 661.033203125, 121.517967224, 123.643798828, 79.4216995239, 105.295730591, 79.412109375, 61.2165107727, 104.895568848, 25.665184021, 20.5011234283, 56.224193573], [-63.9530105591, 182.956619263, 121.517967224, 196.32850647, 120.760864258, 105.718467712, 65.1725845337, 59.2051849365, 56.096496582, 33.6309547424, 26.5855388641, 30.5376415253, 18.0324344635], [184.194274902, 5.85262918472, 123.643798828, 120.760864258, 150.268386841, 120.560920715, 84.5805969238, 66.801940918, 48.2913742065, 41.7168579102, 31.2241077423, 28.6088676453, 21.4360980988], [142.268890381, 11.8259086609, 79.4216995239, 105.718467712, 120.560920715, 149.819168091, 103.838829041, 75.6750717163, 48.3753929138, 32.1221923828, 27.1416835785, 23.910987854, 15.1551809311], [157.808273315, -43.6137123108, 105.295730591, 65.1725845337, 84.5805969238, 103.838829041, 117.848999023, 89.0639724731, 49.534286499, 43.2683753967, 34.9026184082, 27.3631038666, 25.2074317932], [29.0894565582, -3.69829416275, 79.412109375, 59.2051849365, 66.801940918, 75.6750717163, 89.0639724731, 108.682670593, 70.118309021, 53.8641624451, 47.2440567017, 33.5123939514, 29.0930023193], [-51.392288208, 42.2828598022, 61.2165107727, 56.096496582, 48.2913742065, 48.3753929138, 49.534286499, 70.118309021, 83.6832962036, 62.1511764526, 40.989780426, 23.1356105804, 20.7501564026], [42.9749183655, -7.76608514786, 104.895568848, 33.6309547424, 41.7168579102, 32.1221923828, 43.2683753967, 53.8641624451, 62.1511764526, 88.7952575684, 55.3470916748, 28.2380123138, 33.4749908447], [-98.8356628418, -7.30668449402, 25.665184021, 26.5855388641, 31.2241077423, 27.1416835785, 34.9026184082, 47.2440567017, 40.989780426, 55.3470916748, 69.207862854, 45.2403373718, 33.5825996399], [-84.4795379639, 5.34616565704, 20.5011234283, 30.5376415253, 28.6088676453, 23.910987854, 27.3631038666, 33.5123939514, 23.1356105804, 28.2380123138, 45.2403373718, 58.860080719, 41.6571502686], [-31.9844284058, -17.04804039, 56.224193573, 18.0324344635, 21.4360980988, 15.1551809311, 25.2074317932, 29.0930023193, 20.7501564026, 33.4749908447, 33.5825996399, 41.6571502686, 62.0954093933]],
