{
"lowlevel": {
    "average_loudness": 0.697366535664,
    "barkbands_crest": {
        "dmean": 2.83036422729,
        "dmean2": 4.5062379837,
        "dvar": 8.66388225555,
        "dvar2": 18.6451740265,
        "max": 26.4341182709,
        "mean": 12.5960493088,
        "median": 10.9677467346,
        "min": 2.26729226112,
        "var": 38.6002616882
    },
    "barkbands_flatness_db": {
        "dmean": 0.0332035236061,
        "dmean2": 0.0461452677846,
        "dvar": 0.0012579705799,
        "dvar2": 0.00236147572286,
        "max": 0.527703523636,
        "mean": 0.137861922383,
        "median": 0.120986133814,
        "min": 0.0155629990622,
        "var": 0.00602345587686
    },
    "barkbands_kurtosis": {
        "dmean": 14.9795923233,
        "dmean2": 22.146238327,
        "dvar": 4434.97900391,
        "dvar2": 8807.91699219,
        "max": 1270.00939941,
        "mean": 20.9836483002,
        "median": 3.93116998672,
        "min": -1.91624689102,
        "var": 6867.16015625
    },
    "barkbands_skewness": {
        "dmean": 0.954567611217,
        "dmean2": 1.35247850418,
        "dvar": 2.41936659813,
        "dvar2": 4.46709489822,
        "max": 27.4880752563,
        "mean": 2.84812617302,
        "median": 2.03634500504,
        "min": -2.09430408478,
        "var": 8.918217659
    },
    "barkbands_spread": {
        "dmean": 7.085916996,
        "dmean2": 10.3440999985,
        "dvar": 60.1522903442,
        "dvar2": 113.755432129,
        "max": 110.875297546,
        "mean": 27.4113349915,
        "median": 21.9166870117,
        "min": 0.0845443680882,
        "var": 421.434814453
    },
    "dissonance": {
        "dmean": 0.0130148259923,
        "dmean2": 0.0219084639102,
        "dvar": 0.000214204846998,
        "dvar2": 0.00056525535183,
        "max": 0.500000059605,
        "mean": 0.474950283766,
        "median": 0.479760736227,
        "min": 0.25176808238,
        "var": 0.00039650753024
    },
    "dynamic_complexity": 6.10557508469,
    "erbbands_crest": {
        "dmean": 1.97045826912,
        "dmean2": 3.02030611038,
        "dvar": 5.13772773743,
        "dvar2": 10.4622087479,
        "max": 28.4146976471,
        "mean": 6.79059743881,
        "median": 5.38845157623,
        "min": 2.15876626968,
        "var": 16.322599411
    },
    "erbbands_flatness_db": {
        "dmean": 0.0136817935854,
        "dmean2": 0.0207516793162,
        "dvar": 0.000329811853589,
        "dvar2": 0.000661001075059,
        "max": 0.363888561726,
        "mean": 0.107322156429,
        "median": 0.0982635468245,
        "min": 0.040261965245,
        "var": 0.0017920746468
    },
    "erbbands_kurtosis": {
        "dmean": 0.80760627985,
        "dmean2": 1.25347518921,
        "dvar": 3.30850291252,
        "dvar2": 6.75844573975,
        "max": 43.4040260315,
        "mean": -0.061509501189,
        "median": -0.800518512726,
        "min": -1.90319013596,
        "var": 6.33020019531
    },
    "erbbands_skewness": {
        "dmean": 0.323974847794,
        "dmean2": 0.48447445035,
        "dvar": 0.144276767969,
        "dvar2": 0.29247969389,
        "max": 4.24337863922,
        "mean": 0.155369251966,
        "median": 0.080702111125,
        "min": -2.94235229492,
        "var": 0.629853785038
    },
    "erbbands_spread": {
        "dmean": 11.7427253723,
        "dmean2": 17.1298236847,
        "dvar": 186.869750977,
        "dvar2": 357.198364258,
        "max": 196.861755371,
        "mean": 67.3028945923,
        "median": 60.8436393738,
        "min": 2.37554168701,
        "var": 1180.6920166
    },
    "hfc": {
        "dmean": 5.84558391571,
        "dmean2": 9.17423248291,
        "dvar": 144.417068481,
        "dvar2": 358.419677734,
        "max": 153.529632568,
        "mean": 18.1803092957,
        "median": 10.0707550049,
        "min": 1.14736674285e-16,
        "var": 417.310150146
    },
    "melbands_crest": {
        "dmean": 3.70601439476,
        "dmean2": 5.67420578003,
        "dvar": 12.5959472656,
        "dvar2": 28.2789955139,
        "max": 33.5634994507,
        "mean": 17.921251297,
        "median": 17.0938529968,
        "min": 2.23382139206,
        "var": 42.2585296631
    },
    "melbands_flatness_db": {
        "dmean": 0.0403673537076,
        "dmean2": 0.0557584129274,
        "dvar": 0.00167647434864,
        "dvar2": 0.00323941814713,
        "max": 0.643078565598,
        "mean": 0.218418091536,
        "median": 0.200747355819,
        "min": 0.00751981744543,
        "var": 0.00869194231927
    },
    "melbands_kurtosis": {
        "dmean": 33.9909286499,
        "dmean2": 48.649230957,
        "dvar": 5079.00341797,
        "dvar2": 10498.2158203,
        "max": 1181.46472168,
        "mean": 64.1767349243,
        "median": 20.3361606598,
        "min": -1.59586906433,
        "var": 12296.6162109
    },
    "melbands_skewness": {
        "dmean": 1.50186598301,
        "dmean2": 2.07471942902,
        "dvar": 3.68794322014,
        "dvar2": 6.79274368286,
        "max": 26.4870872498,
        "mean": 5.42595767975,
        "median": 4.02634906769,
        "min": -1.34260582924,
        "var": 17.6403846741
    },
    "melbands_spread": {
        "dmean": 7.20620250702,
        "dmean2": 10.9899196625,
        "dvar": 128.834503174,
        "dvar2": 279.890930176,
        "max": 184.459228516,
        "mean": 19.3680534363,
        "median": 14.3228549957,
        "min": 0.203851431608,
        "var": 382.332550049
    },
    "pitch_salience": {
        "dmean": 0.0937078148127,
        "dmean2": 0.136360019445,
        "dvar": 0.00877809058875,
        "dvar2": 0.0170572157949,
        "max": 0.913019001484,
        "mean": 0.490159481764,
        "median": 0.538384437561,
        "min": 0.0325009413064,
        "var": 0.0359423682094
    },
    "silence_rate_20dB": {
        "dmean": 0,
        "dmean2": 0,
        "dvar": 0,
        "dvar2": 0,
        "max": 1,
        "mean": 1,
        "median": 1,
        "min": 1,
        "var": 0
    },
    "silence_rate_30dB": {
        "dmean": 0.092920742929,
        "dmean2": 0.185857877135,
        "dvar": 0.0842772200704,
        "dvar2": 0.193453684449,
        "max": 1,
        "mean": 0.866801857948,
        "median": 1,
        "min": 0,
        "var": 0.11544867605
    },
    "silence_rate_60dB": {
        "dmean": 0.0558935031295,
        "dmean2": 0.111796863377,
        "dvar": 0.0527631826699,
        "dvar2": 0.116578802466,
        "max": 1,
        "mean": 0.240303248167,
        "median": 0,
        "min": 0,
        "var": 0.18255455792
    },
    "spectral_centroid": {
        "dmean": 279.186126709,
        "dmean2": 427.748718262,
        "dvar": 103336.25,
        "dvar2": 209516.84375,
        "max": 11041.0302734,
        "mean": 1312.43005371,
        "median": 1182.3137207,
        "min": 105.276359558,
        "var": 529374.375
    },
    "spectral_complexity": {
        "dmean": 3.53574895859,
        "dmean2": 5.38494110107,
        "dvar": 24.5374183655,
        "dvar2": 52.0364227295,
        "max": 61,
        "mean": 12.2576694489,
        "median": 8,
        "min": 0,
        "var": 114.959327698
    },
    "spectral_decrease": {
        "dmean": 3.23541149427e-09,
        "dmean2": 4.88415263789e-09,
        "dvar": 2.90201958059e-17,
        "dvar2": 5.95151289125e-17,
        "max": -1.14937103706e-28,
        "mean": -9.14523123896e-09,
        "median": -2.50953591241e-09,
        "min": -7.19335133681e-08,
        "var": 1.40520674837e-16
    },
    "spectral_energy": {
        "dmean": 0.0125019419938,
        "dmean2": 0.0189509373158,
        "dvar": 0.000425549107604,
        "dvar2": 0.000880106759723,
        "max": 0.275884032249,
        "mean": 0.0361652188003,
        "median": 0.010619327426,
        "min": 1.0840747996e-20,
        "var": 0.00211402215064
    },
    "spectral_energyband_high": {
        "dmean": 0.000486114498926,
        "dmean2": 0.000748777471017,
        "dvar": 1.05210006041e-06,
        "dvar2": 2.61635682364e-06,
        "max": 0.0141963968053,
        "mean": 0.0012769473251,
        "median": 0.000645247346256,
        "min": 8.15477299355e-21,
        "var": 2.51063147516e-06
    },
    "spectral_energyband_low": {
        "dmean": 0.0109649095684,
        "dmean2": 0.0158139541745,
        "dvar": 0.000435459805885,
        "dvar2": 0.000813666556496,
        "max": 0.271460652351,
        "mean": 0.0246497746557,
        "median": 0.00275590689853,
        "min": 4.80209199515e-23,
        "var": 0.00171205098741
    },
    "spectral_energyband_middle_high": {
        "dmean": 0.000925065949559,
        "dmean2": 0.00152001762763,
        "dvar": 4.74745638712e-06,
        "dvar2": 1.28414903884e-05,
        "max": 0.0227600988001,
        "mean": 0.00187881744932,
        "median": 0.000524156028405,
        "min": 1.42801484232e-21,
        "var": 7.63921343605e-06
    },
    "spectral_energyband_middle_low": {
        "dmean": 0.00507606286556,
        "dmean2": 0.00820603407919,
        "dvar": 0.000157082788064,
        "dvar2": 0.000311165989842,
        "max": 0.203637108207,
        "mean": 0.010074140504,
        "median": 0.00254429597408,
        "min": 4.55067072817e-22,
        "var": 0.000309182622004
    },
    "spectral_entropy": {
        "dmean": 0.178218245506,
        "dmean2": 0.269663274288,
        "dvar": 0.0502074435353,
        "dvar2": 0.108830235898,
        "max": 9.80910968781,
        "mean": 7.85706949234,
        "median": 7.89616775513,
        "min": 5.76169490814,
        "var": 0.200108543038
    },
    "spectral_flux": {
        "dmean": 0.0275109745562,
        "dmean2": 0.0428683720529,
        "dvar": 0.00148050882854,
        "dvar2": 0.00278813880868,
        "max": 0.39728718996,
        "mean": 0.079371675849,
        "median": 0.0481521859765,
        "min": 1.04118914879e-10,
        "var": 0.00578773906454
    },
    "spectral_kurtosis": {
        "dmean": 0.972752094269,
        "dmean2": 1.59728252888,
        "dvar": 3.45780825615,
        "dvar2": 8.94449806213,
        "max": 29.6232147217,
        "mean": 2.61927008629,
        "median": 2.13287472725,
        "min": -1.20886659622,
        "var": 6.70734786987
    },
    "spectral_rms": {
        "dmean": 0.00088063738076,
        "dmean2": 0.00128030474298,
        "dvar": 1.49715310727e-06,
        "dvar2": 2.63179640569e-06,
        "max": 0.0164059493691,
        "mean": 0.00470105931163,
        "median": 0.00321874488145,
        "min": 3.2521283843e-12,
        "var": 1.31831320687e-05
    },
    "spectral_rolloff": {
        "dmean": 647.144958496,
        "dmean2": 1067.21350098,
        "dvar": 1302603.875,
        "dvar2": 2958567.75,
        "max": 18001.7578125,
        "mean": 1455.2545166,
        "median": 689.0625,
        "min": 64.599609375,
        "var": 3806690
    },
    "spectral_skewness": {
        "dmean": 0.16547729075,
        "dmean2": 0.260159015656,
        "dvar": 0.0520090609789,
        "dvar2": 0.121841952205,
        "max": 4.16821908951,
        "mean": 1.27339935303,
        "median": 1.22837376595,
        "min": 0.0188751854002,
        "var": 0.16612803936
    },
    "spectral_spread": {
        "dmean": 574633.8125,
        "dmean2": 826685.25,
        "dvar": 602951909376,
        "dvar2": 904762490880,
        "max": 40509392,
        "mean": 6491258,
        "median": 6478479.5,
        "min": 1527191,
        "var": 6.45215236915e+12
    },
    "spectral_strongpeak": {
        "dmean": 0.174520105124,
        "dmean2": 0.268538743258,
        "dvar": 0.0605978146195,
        "dvar2": 0.146288082004,
        "max": 7.00613021851,
        "mean": 0.499415010214,
        "median": 0.283348858356,
        "min": 0,
        "var": 0.261777549982
    },
    "zerocrossingrate": {
        "dmean": 0.0128782615066,
        "dmean2": 0.0146092185751,
        "dvar": 0.000223553419346,
        "dvar2": 0.000257700070506,
        "max": 0.501953125,
        "mean": 0.0682320967317,
        "median": 0.05322265625,
        "min": 0.00244140625,
        "var": 0.0024252012372
    },
    "barkbands": {
        "dmean": [0.000293992081424, 0.00994205940515, 0.00393213611096, 0.00339279090986, 0.00317906332202, 0.000612076430116, 0.000423047196819, 0.000236226784182, 0.00030408272869, 0.000257613777649, 0.000180235467269, 0.000125098027638, 8.72607342899e-05, 0.000126327824546, 9.20580423553e-05, 0.000123361343867, 0.000103490288893, 9.68199310591e-05, 6.73232643749e-05, 7.65147633501e-05, 7.24659257685e-05, 9.3187627499e-05, 0.000147737620864, 0.000109978434921, 7.06291975803e-05, 2.66378083325e-05, 1.33920239023e-05],
        "dmean2": [0.000434823101386, 0.0139693301171, 0.00571620790288, 0.00597181450576, 0.00554734794423, 0.00105338857975, 0.000734023808036, 0.000375714327674, 0.000491483195219, 0.000453858025139, 0.000318195001455, 0.000208108962397, 0.00014406129776, 0.000203157018404, 0.000153539644089, 0.000200254478841, 0.000167652033269, 0.000152466920554, 0.000111493216536, 0.000125134174596, 0.000116415794764, 0.000156431022333, 0.000240208610194, 0.00016965768009, 0.000107180596387, 4.07243605878e-05, 1.790931492e-05],
        "dvar": [4.15089886019e-07, 0.000434457266238, 0.00011855718185, 0.000114851085527, 8.47662086016e-05, 3.52990377905e-06, 1.65319522694e-06, 2.36453914226e-07, 3.07594120841e-07, 5.04892739173e-07, 2.69554078614e-07, 7.97555799181e-08, 2.24558132089e-08, 1.17806990829e-07, 3.56385285727e-08, 6.15025399497e-08, 3.6617564092e-08, 3.37355849922e-08, 1.57151074376e-08, 2.26428547023e-08, 2.03302334967e-08, 3.74172870465e-08, 1.14291836439e-07, 4.22277501855e-08, 1.74191612246e-08, 3.48483419899e-09, 7.66908647698e-10],
        "dvar2": [1.02414946923e-06, 0.000812167127151, 0.000228804652579, 0.000313014810672, 0.000231904065004, 1.00059723991e-05, 4.67670724902e-06, 6.02660406912e-07, 7.60777709274e-07, 1.44741341046e-06, 7.56220288167e-07, 2.12956592804e-07, 5.77426426673e-08, 3.12017021997e-07, 9.46797413803e-08, 1.54788637019e-07, 9.17567888337e-08, 7.79751090363e-08, 3.90771219827e-08, 5.81977559477e-08, 5.20298115703e-08, 1.01769572325e-07, 2.88120702407e-07, 9.37064186246e-08, 3.89805556722e-08, 8.16309064788e-09, 1.17327825233e-09],
        "max": [0.00771667156368, 0.245930254459, 0.105996616185, 0.104305133224, 0.169682472944, 0.0294198300689, 0.0258144252002, 0.00824245344847, 0.0102611603215, 0.00775638455525, 0.0107310712337, 0.00409102952108, 0.00269628618844, 0.0166072752327, 0.0032242347952, 0.00394554110244, 0.00352246081457, 0.00293231569231, 0.0020575162489, 0.00235706591047, 0.00222640042193, 0.00274427351542, 0.00423035118729, 0.00281577999704, 0.00203170021996, 0.000565253722016, 0.000434316316387],
        "mean": [0.000387447915273, 0.0182495582849, 0.00436023436487, 0.00319132674485, 0.00451637245715, 0.00081704929471, 0.000545666087419, 0.000392050802475, 0.000492552004289, 0.000293853314361, 0.000205662887311, 0.000187979487237, 0.000145669357153, 0.00019763688033, 0.000147374725202, 0.000205995718716, 0.000165573670529, 0.000162600990734, 0.000154308771016, 0.00013816113642, 0.000139919124194, 0.000197439774638, 0.000251071061939, 0.000309917726554, 0.00020375267195, 5.72735334572e-05, 4.87642173539e-05],
        "median": [7.57969701226e-06, 0.000974259339273, 0.000631509581581, 0.000461040472146, 0.000542441848665, 0.000150374457007, 0.000111255059892, 0.000130573200295, 0.000190962993656, 6.85867562424e-05, 3.30823240802e-05, 4.10270695284e-05, 4.07545012422e-05, 4.58071081084e-05, 3.02802181977e-05, 4.34854955529e-05, 3.99254349759e-05, 3.32716008415e-05, 5.91405332671e-05, 3.46899760189e-05, 5.59947075089e-05, 9.1897934908e-05, 0.000110441025754, 9.246202535e-05, 6.46658882033e-05, 1.33554858621e-05, 1.45414705912e-05],
        "min": [2.08660099204e-24, 3.67434938236e-23, 9.18963395584e-24, 2.12542762139e-23, 8.92926615422e-23, 6.61575484482e-23, 1.05338086044e-22, 7.2868438656e-23, 7.07831637392e-23, 7.52879949592e-23, 9.27220418456e-23, 5.86479902164e-23, 2.36864322035e-23, 1.8189991466e-22, 1.27764720003e-22, 1.19673518849e-22, 2.44252566081e-22, 1.83434507867e-22, 1.74396522165e-22, 3.46405862878e-22, 3.24514960136e-22, 6.46469265153e-22, 1.07228396196e-21, 7.90389856495e-22, 1.02056174767e-21, 2.20430668159e-21, 2.02360931911e-21],
        "var": [7.02626209659e-07, 0.00136086402927, 0.00015192234423, 8.77005513757e-05, 0.000127599734697, 4.21773893322e-06, 1.70493342466e-06, 4.86175849801e-07, 6.55180656395e-07, 4.09252720601e-07, 2.29830135368e-07, 1.16771929015e-07, 5.7630217043e-08, 1.81173248848e-07, 6.08196941698e-08, 1.25890622371e-07, 7.13916676887e-08, 8.06609321558e-08, 5.37184057237e-08, 4.55465567484e-08, 3.93385022335e-08, 6.74862974392e-08, 1.52367150008e-07, 1.60715956099e-07, 7.46379669181e-08, 7.52092610412e-09, 4.5847685648e-09]
    },
    "erbbands": {
        "dmean": [0.313684135675, 2.18156838417, 4.14658880234, 8.14902114868, 7.81423377991, 13.114979744, 7.10610389709, 4.96650075912, 5.63209676743, 6.5212726593, 4.35119724274, 7.75281333923, 6.60613870621, 8.30821418762, 6.51647758484, 4.8106379509, 3.89298939705, 6.38811588287, 4.36278057098, 5.40709114075, 6.55086374283, 5.5768494606, 5.03975439072, 3.98118877411, 3.64377331734, 3.65614295006, 3.11953401566, 2.87203097343, 3.03479647636, 5.1803984642, 3.73174905777, 3.05750250816, 1.67185950279, 0.757667422295, 0.591913819313, 0.137865245342, 0.0502977371216, 0.00994734559208, 0.00292509351857, 0.000168551356182],
        "dmean2": [0.424231678247, 2.99929785728, 5.31109952927, 13.416513443, 12.5645446777, 23.3455715179, 12.4250879288, 8.40193367004, 9.87435817719, 10.7247524261, 7.09934091568, 12.6215162277, 11.2596721649, 15.0967321396, 11.2874927521, 7.99329423904, 6.34107589722, 10.1792297363, 7.12280082703, 9.05260562897, 10.6755094528, 8.98035812378, 7.94118452072, 6.33759117126, 5.99538707733, 6.03772068024, 5.24096059799, 4.53754425049, 4.87336730957, 9.04944419861, 5.93967103958, 4.60815954208, 2.67254018784, 1.22620201111, 0.883372068405, 0.209337383509, 0.0841895788908, 0.0159678403288, 0.00391637487337, 0.000217072723899],
        "dvar": [0.554230570793, 20.6642742157, 103.403884888, 584.128173828, 440.540679932, 1575.67675781, 404.625152588, 235.810394287, 326.622253418, 255.809616089, 91.0733566284, 211.577377319, 242.572814941, 663.632385254, 337.32611084, 116.071411133, 45.7472267151, 316.918945312, 74.2644195557, 140.241012573, 174.105148315, 105.397941589, 90.4611740112, 52.0338439941, 46.4520225525, 53.4504051208, 39.7528114319, 31.2806129456, 38.4346122742, 123.237991333, 75.9635314941, 25.6988201141, 10.0132141113, 2.08970212936, 1.49714374542, 0.0937666147947, 0.0129833286628, 0.00047406507656, 3.96113973693e-05, 1.01028639676e-07],
        "dvar2": [0.774487316608, 41.1721305847, 163.841293335, 1474.70361328, 967.286621094, 4423.56494141, 1127.09655762, 663.017578125, 931.95715332, 699.76776123, 231.591522217, 533.192565918, 669.059020996, 1925.2947998, 934.978820801, 309.396209717, 115.909088135, 827.961120605, 192.176467896, 372.439331055, 441.993865967, 260.262268066, 207.673400879, 121.194793701, 117.117683411, 138.530532837, 106.580131531, 77.8359069824, 99.7601394653, 347.70123291, 185.583206177, 56.7317390442, 23.9723987579, 5.18874645233, 3.0859515667, 0.195850417018, 0.0338680148125, 0.00114648137242, 6.53298193356e-05, 1.59824580237e-07],
        "max": [7.92066669464, 55.7206344604, 93.8769226074, 241.394897461, 289.211914062, 714.19543457, 325.167755127, 325.240539551, 421.644866943, 250.081192017, 220.437088013, 280.171051025, 309.64654541, 231.016143799, 410.541015625, 167.747695923, 108.082870483, 915.155639648, 134.003219604, 167.051971436, 235.229873657, 199.993606567, 147.146530151, 101.746551514, 96.0456085205, 132.571487427, 96.4426193237, 77.0797958374, 94.3134460449, 170.392379761, 87.8098526001, 78.4191818237, 39.0970497131, 20.4816036224, 14.9896259308, 3.21116280556, 1.04484653473, 0.235891237855, 0.0979016646743, 0.00561760272831],
        "mean": [0.518363773823, 4.0448102951, 5.86368846893, 8.33223247528, 10.7703523636, 18.6268348694, 10.7598581314, 7.15261316299, 7.18711280823, 9.88391590118, 7.10758113861, 12.1392736435, 9.36340808868, 8.29845714569, 8.23460578918, 7.53707790375, 6.99479818344, 10.8230276108, 7.87790060043, 8.70837306976, 11.0634946823, 9.12819099426, 8.56407928467, 8.57824611664, 7.61832714081, 6.78055524826, 5.71244716644, 5.7544670105, 6.53220796585, 8.73676967621, 6.30858182907, 7.62270736694, 4.34051370621, 2.36580014229, 1.34749913216, 0.32275635004, 0.09341776371, 0.0260537657887, 0.00892447307706, 0.000670060340781],
        "median": [0.00960691645741, 0.254416614771, 0.929578542709, 1.45456075668, 1.87330067158, 1.66906261444, 1.78243207932, 1.35578012466, 1.45232629776, 2.8927719593, 2.69100809097, 4.7041349411, 3.20595026016, 1.81975150108, 1.56995916367, 1.68767523766, 1.85137295723, 2.68413543701, 1.48063397408, 2.06196117401, 2.24858260155, 2.29285001755, 1.77754986286, 3.44511389732, 1.90161728859, 1.7572081089, 1.9456307888, 2.81888580322, 3.23825883865, 3.68116855621, 2.65262842178, 2.29898881912, 1.25717842579, 0.944866418839, 0.322557628155, 0.082844235003, 0.0192129835486, 0.00619034655392, 0.00207671918906, 0.000212107232073],
        "min": [1.20885014824e-21, 7.1121530289e-21, 1.06661377619e-20, 3.53956432537e-20, 2.8685912785e-19, 2.48548593822e-19, 9.87508248546e-20, 6.56887492281e-19, 1.73444409572e-18, 1.73637432168e-18, 1.01847347043e-18, 1.37472289287e-18, 2.78770164829e-18, 1.66887803806e-18, 4.20535356059e-18, 3.14012442981e-18, 1.48225120262e-18, 5.78253138991e-18, 1.02671940649e-17, 5.51518454799e-18, 8.0397951986e-18, 1.21315855465e-17, 1.0445053613e-17, 8.46383610473e-18, 9.81555593195e-18, 1.92622041999e-17, 1.17045163321e-17, 1.51398784798e-17, 2.48240508335e-17, 3.46762781635e-17, 2.60619183483e-17, 2.11369627362e-17, 1.02533015665e-17, 1.01471941462e-17, 9.49732300668e-18, 8.49125383332e-18, 3.75425888534e-18, 1.27893217261e-18, 2.8363573425e-19, 2.9698627424e-20],
        "var": [1.52475667, 65.3229751587, 199.091018677, 517.546569824, 590.356384277, 2863.21606445, 717.159423828, 329.466247559, 332.484588623, 323.955993652, 168.060928345, 405.054473877, 319.27053833, 422.290374756, 328.78137207, 178.242050171, 113.896560669, 516.366394043, 160.68989563, 209.513290405, 360.656616211, 198.801055908, 200.58505249, 158.495346069, 141.146118164, 114.600379944, 73.2676467896, 60.1222953796, 75.6131134033, 155.693084717, 100.578155518, 94.5191421509, 34.722568512, 8.93458652496, 4.24143123627, 0.227396413684, 0.0223069842905, 0.00142946653068, 0.000171166437212, 8.06630851002e-07]
    },
    "gfcc": {
        "mean": [-27.2798290253, 66.1102752686, -83.1056442261, 40.5587005615, -50.5906028748, 17.3623046875, -30.4274978638, 4.75333452225, -14.8440170288, -5.33308839798, -13.9872055054, -5.6088104248, -11.3265762329],
        "cov": [[10856.1259766, -3096.18554688, 1218.03662109, -340.728210449, -452.024169922, 367.733703613, -463.63381958, 215.036361694, -355.017791748, 59.6071357727, -56.96118927, 147.47038269, -58.4405632019], [-3096.18554688, 2133.34570312, -883.276000977, 52.602558136, 114.074516296, -305.951599121, 92.6917495728, -170.554244995, 130.308944702, -95.5555648804, 11.4376459122, -91.8188400269, 88.3602828979], [1218.03662109, -883.276000977, 1212.90759277, 83.9115447998, 26.658208847, 289.076538086, 118.833618164, 226.581573486, 111.985595703, 42.9647102356, 62.7819290161, 33.8537216187, -28.4057540894], [-340.728210449, 52.602558136, 83.9115447998, 275.579071045, 138.558837891, 107.030502319, 42.9037818909, 2.16750407219, 52.3580513, 39.0574378967, 64.8793106079, 16.2022533417, 15.9128417969], [-452.024169922, 114.074516296, 26.658208847, 138.558837891, 330.457183838, 98.7096328735, 114.542922974, -3.27252554893, 56.5420341492, 55.3072319031, 55.3292503357, 27.0365371704, 27.0175876617], [367.733703613, -305.951599121, 289.076538086, 107.030502319, 98.7096328735, 197.667373657, 75.9306488037, 79.2031326294, 48.8037948608, 49.048324585, 42.2100028992, 29.4743900299, 0.321773469448], [-463.63381958, 92.6917495728, 118.833618164, 42.9037818909, 114.542922974, 75.9306488037, 161.444396973, 78.0481491089, 96.2890472412, 31.8627700806, 39.3403320312, 2.94961094856, 26.4900436401], [215.036361694, -170.554244995, 226.581573486, 2.16750407219, -3.27252554893, 79.2031326294, 78.0481491089, 113.679893494, 72.5141448975, 32.5602493286, 21.0307559967, 9.81306934357, -0.0205086767673], [-355.017791748, 130.308944702, 111.985595703, 52.3580513, 56.5420341492, 48.8037948608, 96.2890472412, 72.5141448975, 131.590927124, 38.5919113159, 56.9249382019, 5.48910045624, 27.9890289307], [59.6071357727, -95.5555648804, 42.9647102356, 39.0574378967, 55.3072319031, 49.048324585, 31.8627700806, 32.5602493286, 38.5919113159, 78.4137878418, 38.4082946777, 32.9003067017, 7.38478803635], [-56.96118927, 11.4376459122, 62.7819290161, 64.8793106079, 55.3292503357, 42.2100028992, 39.3403320312, 21.0307559967, 56.9249382019, 38.4082946777, 79.3741836548, 29.6313476562, 30.9288291931], [147.47038269, -91.8188400269, 33.8537216187, 16.2022533417, 27.0365371704, 29.4743900299, 2.94961094856, 9.81306934357, 5.48910045624, 32.9003067017, 29.6313476562, 62.1745185852, 33.2713356018], [-58.4405632019, 88.3602828979, -28.4057540894, 15.9128417969, 27.0175876617, 0.321773469448, 26.4900436401, -0.0205086767673, 27.9890289307, 7.38478803635, 30.9288291931, 33.2713356018, 66.2344741821]],
        "icov": [[0.000245795439696, 0.000133813533466, -5.63503526791e-05, 0.000373789313016, -0.000211823658901, -0.000471991399536, 0.00134376436472, -0.00120515713934, 0.000805538322311, -0.000201413757168, -0.0004188028106, 0.000781677779742, -0.00103975425009], [0.000133813533466, 0.00169695331715, 0.000706147693563, -0.000470499217045, -0.000173150881892, 0.00145563832484, -0.000957847631071, 0.00190751138143, -0.00316356611438, 0.00182057276834, 0.000431950233178, 0.000484144431539, -0.000593685836066], [-5.63503526791e-05, 0.000706147693563, 0.00214979075827, -0.000326202687575, -0.000140929958434, -0.000867993454449, -0.000185498953215, -0.00185633823276, -0.00177337101195, 0.00284437299706, -0.000746020057704, -0.000851027958561, 0.00135200854857], [0.000373789313016, -0.000470499217045, -0.000326202687575, 0.00745231565088, -0.00159030698705, -0.00541569339111, 0.00422071665525, 0.000466486962978, 0.000403131765779, -0.00117762538139, -0.00389633420855, 0.00300004682504, -0.00171236251481], [-0.000211823658901, -0.000173150881892, -0.000140929958434, -0.00159030698705, 0.00754685886204, -0.00197673495859, -0.00819334667176, 0.00942539144307, -0.00148409500252, -0.00263083097525, 0.00114568276331, -0.00306821265258, 0.00250341859646], [-0.000471991399536, 0.00145563832484, -0.000867993454449, -0.00541569339111, -0.00197673495859, 0.0171033591032, -0.00595785910264, -0.00256033590995, -0.000671498768497, 0.000845806847792, 0.000659215613268, -0.0040269154124, 0.00358022353612], [0.00134376436472, -0.000957847631071, -0.000185498953215, 0.00422071665525, -0.00819334667176, -0.00595785910264, 0.0302279759198, -0.0226238816977, 0.00322371977381, -0.00124492950272, -0.00339618697762, 0.0118412571028, -0.0129412850365], [-0.00120515713934, 0.00190751138143, -0.00185633823276, 0.000466486962978, 0.00942539144307, -0.00256033590995, -0.0226238816977, 0.0500430762768, -0.0236154366285, -0.00265556527302, 0.0104534104466, -0.0108129158616, 0.011540918611], [0.000805538322311, -0.00316356611438, -0.00177337101195, 0.000403131765779, -0.00148409500252, -0.000671498768497, 0.00322371977381, -0.0236154366285, 0.0363501124084, -0.00915096607059, -0.0140859242529, 0.0129986936226, -0.0109066534787], [-0.000201413757168, 0.00182057276834, 0.00284437299706, -0.00117762538139, -0.00263083097525, 0.000845806847792, -0.00124492950272, -0.00265556527302, -0.00915096607059, 0.0295075587928, -0.00542996590957, -0.015024671331, 0.0111223375425], [-0.0004188028106, 0.000431950233178, -0.000746020057704, -0.00389633420855, 0.00114568276331, 0.000659215613268, -0.00339618697762, 0.0104534104466, -0.0140859242529, -0.00542996590957, 0.0307644512504, -0.00808776915073, -0.00318391760811], [0.000781677779742, 0.000484144431539, -0.000851027958561, 0.00300004682504, -0.00306821265258, -0.0040269154124, 0.0118412571028, -0.0108129158616, 0.0129986936226, -0.015024671331, -0.00808776915073, 0.0439107194543, -0.0266085974872], [-0.00103975425009, -0.000593685836066, 0.00135200854857, -0.00171236251481, 0.00250341859646, 0.00358022353612, -0.0129412850365, 0.011540918611, -0.0109066534787, 0.0111223375425, -0.00318391760811, -0.0266085974872, 0.0383262708783]]
    },
    "melbands": {
        "dmean": [0.00273492559791, 0.0019657490775, 0.0013327577617, 0.000757299130782, 0.000323584215948, 0.000111593682959, 8.71332813404e-05, 6.83951293468e-05, 3.67846150766e-05, 4.95350795973e-05, 3.26576264342e-05, 3.45892367477e-05, 2.22055150516e-05, 1.30668904603e-05, 1.23913723655e-05, 1.05302733573e-05, 1.2979398889e-05, 7.31121781428e-06, 7.6123060353e-06, 7.97275333753e-06, 8.45719478093e-06, 6.24341191724e-06, 5.39528446097e-06, 4.79039863421e-06, 3.35616869052e-06, 2.39287442128e-06, 3.1040833619e-06, 2.43602812589e-06, 2.09010386243e-06, 1.91210756384e-06, 1.78541085916e-06, 1.70916223396e-06, 2.36836081058e-06, 3.32818967763e-06, 2.40797635342e-06, 2.14145507016e-06, 1.81169411917e-06, 1.23885229186e-06, 1.01778528006e-06, 6.11807195128e-07],
        "dmean2": [0.00381835433654, 0.00269173667766, 0.00209894194268, 0.00127950718161, 0.000566196220461, 0.000190045291674, 0.000152407737914, 0.000111453591671, 5.97691760049e-05, 8.02809954621e-05, 5.5896503909e-05, 6.27420522505e-05, 3.91058019886e-05, 2.17006636376e-05, 2.05541200557e-05, 1.7307467715e-05, 2.07110206247e-05, 1.20266531667e-05, 1.28900992422e-05, 1.31764390972e-05, 1.39040566864e-05, 1.0304582247e-05, 8.53346591612e-06, 7.67918754718e-06, 5.41479903404e-06, 3.90532613892e-06, 5.10584777658e-06, 4.0844488467e-06, 3.54140047421e-06, 3.17848025588e-06, 2.827672688e-06, 2.75013553619e-06, 4.06450135415e-06, 5.76724460188e-06, 3.91719186155e-06, 3.23514473166e-06, 2.86099475488e-06, 1.95291636373e-06, 1.71201941157e-06, 9.96050744106e-07],
        "dvar": [3.54104740836e-05, 1.88056310435e-05, 1.3751703591e-05, 4.64769300379e-06, 8.42652355004e-07, 1.1961762425e-07, 7.62392247111e-08, 2.58370871364e-08, 6.88628709611e-09, 8.5730746946e-09, 6.17322948315e-09, 1.13641718258e-08, 4.52489112845e-09, 8.20575829508e-10, 7.13620607051e-10, 3.34539174141e-10, 1.58441593179e-09, 2.12340547923e-10, 2.76569767088e-10, 2.65904354091e-10, 3.11848713519e-10, 1.51954809846e-10, 1.01770918082e-10, 9.53592343977e-11, 3.84911581774e-11, 2.36082594446e-11, 3.52267937043e-11, 2.47224515165e-11, 1.72579502772e-11, 1.45522361522e-11, 1.13390026535e-11, 1.08490777126e-11, 2.38480971082e-11, 5.2012359697e-11, 3.45028762505e-11, 1.34124907361e-11, 8.76959789509e-12, 5.48014238155e-12, 3.42458765339e-12, 1.32212795399e-12],
        "dvar2": [5.87889735471e-05, 2.77194940281e-05, 3.29230861098e-05, 1.22672872749e-05, 2.34705771618e-06, 3.38768103347e-07, 2.17328832264e-07, 6.95626383163e-08, 1.64571734018e-08, 2.12929371912e-08, 1.70686220713e-08, 3.30021734385e-08, 1.26355157448e-08, 2.22735585531e-09, 1.85986115397e-09, 8.54174841969e-10, 4.18438705907e-09, 5.54224499627e-10, 7.43033301553e-10, 6.87258694398e-10, 7.95580545887e-10, 3.99701660658e-10, 2.37261432723e-10, 2.29098004456e-10, 9.32185093006e-11, 5.9491599147e-11, 8.8234586304e-11, 6.57537774229e-11, 4.70154366827e-11, 3.87322743323e-11, 2.77295599677e-11, 2.69691630139e-11, 6.85371065456e-11, 1.44272566116e-10, 8.66283086931e-11, 3.04421141073e-11, 2.01740828903e-11, 1.24317526759e-11, 9.33015557175e-12, 3.31572182904e-12],
        "max": [0.0643049925566, 0.046708792448, 0.0389444828033, 0.0429449751973, 0.0165549125522, 0.0065342686139, 0.00599620211869, 0.00240187952295, 0.00240992871113, 0.00188344391063, 0.00152566912584, 0.000959408585913, 0.00171729770955, 0.000453008076875, 0.000412356399465, 0.00035958486842, 0.00209311093204, 0.000198517926037, 0.00031753082294, 0.000269389798632, 0.000339087331668, 0.000260086497292, 0.000209752921364, 0.000174470304046, 8.5380168457e-05, 9.709889855e-05, 7.0837122621e-05, 8.81448650034e-05, 6.55742041999e-05, 6.59725337755e-05, 4.54352084489e-05, 4.62036805402e-05, 6.93089459674e-05, 0.000115694150736, 5.84424378758e-05, 4.89922349516e-05, 4.1736951971e-05, 2.82975906885e-05, 3.07059817715e-05, 1.45096837514e-05],
        "mean": [0.00494569167495, 0.00398039771244, 0.00152031308971, 0.00106059934478, 0.000502893701196, 0.000154990018927, 0.000109366010292, 0.000106276092993, 5.83758082939e-05, 7.77528985054e-05, 4.49055696663e-05, 3.33333446179e-05, 2.59438875219e-05, 2.00132199097e-05, 1.84372911463e-05, 1.68574570125e-05, 2.07931316254e-05, 1.22887067846e-05, 1.19406167869e-05, 1.19993601402e-05, 1.37301303766e-05, 9.32349121285e-06, 8.49729076435e-06, 7.84755684435e-06, 6.91013292453e-06, 5.08745370098e-06, 5.55018414161e-06, 4.13923680753e-06, 3.561541007e-06, 3.27507700604e-06, 3.4656140997e-06, 3.35445292876e-06, 4.77027742818e-06, 4.87747820443e-06, 3.41692179973e-06, 4.36178743257e-06, 4.49670505986e-06, 2.83084932562e-06, 2.8193808248e-06, 1.70060172877e-06],
        "median": [0.00017663188919, 0.000492657942232, 0.000290187890641, 0.00012906959455, 7.11686516297e-05, 2.79261766991e-05, 2.11034312088e-05, 3.01929067064e-05, 1.83065967576e-05, 2.9629583878e-05, 1.4477480363e-05, 6.95427388564e-06, 4.6757841119e-06, 5.18816523254e-06, 3.70627708435e-06, 4.52380572824e-06, 4.78205174659e-06, 2.16577382162e-06, 2.51641358773e-06, 2.94341998597e-06, 2.49173490374e-06, 2.31125568462e-06, 2.01843022296e-06, 1.47406240103e-06, 3.08871312882e-06, 1.14187059808e-06, 1.26678378365e-06, 1.07411051431e-06, 1.10793223485e-06, 1.32189938995e-06, 1.76219327841e-06, 1.47983655552e-06, 1.63952597632e-06, 2.07621860682e-06, 1.20196830267e-06, 1.6257141624e-06, 1.26564123093e-06, 8.27448047858e-07, 8.47387525482e-07, 7.75966327637e-07],
        "min": [9.94052461911e-24, 7.56871333337e-24, 1.40179588893e-23, 2.19162898633e-23, 4.29085901038e-24, 1.65379939837e-23, 2.5043116766e-23, 1.939108773e-23, 7.11587956364e-24, 9.8234773823e-24, 1.4390582071e-23, 6.43320919702e-24, 1.25848321273e-23, 9.05508110668e-24, 5.59251815818e-24, 2.37481980402e-24, 1.26205596377e-23, 1.79433386423e-23, 9.7908713945e-24, 7.40406386295e-24, 1.00387133471e-23, 1.31035302606e-23, 1.0828103578e-23, 8.59511366779e-24, 6.05617707168e-24, 8.79647041384e-24, 6.51835056009e-24, 1.4079007257e-23, 6.93065738968e-24, 6.8399439076e-24, 9.05476871776e-24, 1.22002963571e-23, 1.52587739843e-23, 2.19812430925e-23, 1.42300614986e-23, 1.50960335573e-23, 1.18212581584e-23, 6.16232580065e-24, 9.10538124458e-24, 7.90347908027e-24],
        "var": [0.000111333582026, 5.91703465034e-05, 1.44461137097e-05, 7.00258078723e-06, 1.72560362444e-06, 1.50353358208e-07, 7.37266532269e-08, 3.7616779025e-08, 1.55423940384e-08, 1.70874727701e-08, 7.81004327877e-09, 7.16600689898e-09, 3.91571930436e-09, 1.12433273802e-09, 1.24040555605e-09, 7.80200626327e-10, 2.37799313574e-09, 4.38012293102e-10, 4.54192988775e-10, 4.23088369894e-10, 6.50590747941e-10, 2.27950353038e-10, 2.20669538198e-10, 2.11760983748e-10, 1.0308010695e-10, 7.91785595422e-11, 7.47063313988e-11, 4.58126939162e-11, 3.31976217349e-11, 2.34950392475e-11, 2.18261190371e-11, 2.24810933758e-11, 4.25103945101e-11, 5.76111172657e-11, 3.82699739954e-11, 3.32108437973e-11, 3.36627913045e-11, 1.58670160344e-11, 1.44028339602e-11, 4.49353445078e-12]
    },
    "mfcc": {
        "mean": [-678.676208496, 98.9315414429, 26.9611797333, 26.5592136383, 12.4497184753, 12.6093740463, 1.39271175861, 9.5531873703, 2.73686933517, 3.92887783051, 0.722585082054, 1.96451091766, -3.72189378738],
        "cov": [[9357.43847656, -1895.10217285, 569.60546875, -486.596313477, -1.76175355911, -153.113006592, -27.7982463837, -69.9561538696, -267.606842041, -53.0452079773, -101.624656677, -309.837097168, -26.2426681519], [-1895.10217285, 1348.81530762, -501.213745117, 154.374145508, -100.921470642, -55.034866333, -100.064796448, -45.8567314148, 56.0286140442, -35.321685791, -59.3771705627, 77.5598754883, -45.8640708923], [569.60546875, -501.213745117, 930.917297363, -53.2016334534, 100.545532227, 8.13526058197, 81.2578048706, 156.778930664, 74.0187072754, 100.654312134, 139.532470703, 16.0928401947, 31.9291324615], [-486.596313477, 154.374145508, -53.2016334534, 180.153549194, 83.1870040894, 82.5443878174, 27.4596538544, 8.36882781982, 17.3182048798, 5.02273273468, 15.0227327347, 53.7730751038, 16.4876651764], [-1.76175355911, -100.921470642, 100.545532227, 83.1870040894, 179.592880249, 122.9193573, 78.6227874756, 43.5111083984, 21.9489898682, 22.6095428467, 38.0746383667, 40.4602012634, 30.3501605988], [-153.113006592, -55.034866333, 8.13526058197, 82.5443878174, 122.9193573, 150.978118896, 82.409286499, 37.2377090454, 26.2540187836, 26.0678863525, 25.7840194702, 40.4880943298, 32.0256919861], [-27.7982463837, -100.064796448, 81.2578048706, 27.4596538544, 78.6227874756, 82.409286499, 102.013839722, 55.3896903992, 36.519115448, 37.3725547791, 34.5493354797, 17.8446159363, 26.5994205475], [-69.9561538696, -45.8567314148, 156.778930664, 8.36882781982, 43.5111083984, 37.2377090454, 55.3896903992, 88.0011367798, 59.0519218445, 47.544708252, 42.4963607788, 21.2016944885, 20.9640369415], [-267.606842041, 56.0286140442, 74.0187072754, 17.3182048798, 21.9489898682, 26.2540187836, 36.519115448, 59.0519218445, 84.422164917, 54.7885475159, 40.0060997009, 29.2495117188, 19.2476177216], [-53.0452079773, -35.321685791, 100.654312134, 5.02273273468, 22.6095428467, 26.0678863525, 37.3725547791, 47.544708252, 54.7885475159, 76.7508239746, 55.2165527344, 23.8403663635, 26.675951004], [-101.624656677, -59.3771705627, 139.532470703, 15.0227327347, 38.0746383667, 25.7840194702, 34.5493354797, 42.4963607788, 40.0060997009, 55.2165527344, 80.4321975708, 39.2901153564, 22.3365821838], [-309.837097168, 77.5598754883, 16.0928401947, 53.7730751038, 40.4602012634, 40.4880943298, 17.8446159363, 21.2016944885, 29.2495117188, 23.8403663635, 39.2901153564, 78.1109695435, 32.8133354187], [-26.2426681519, -45.8640708923, 31.9291324615, 16.4876651764, 30.3501605988, 32.0256919861, 26.5994205475, 20.9640369415, 19.2476177216, 26.675951004, 22.3365821838, 32.8133354187, 64.3334960938]],
