{
"lowlevel": {
    "average_loudness": 0.104608140886,
    "barkbands_crest": {
        "dmean": 2.14675426483,
        "dmean2": 3.46973538399,
        "dvar": 4.14703893661,
        "dvar2": 11.5389881134,
        "max": 25.7960796356,
        "mean": 13.583823204,
        "median": 13.1258773804,
        "min": 3.80107784271,
        "var": 21.4580459595
    },
    "barkbands_flatness_db": {
        "dmean": 0.0216800589114,
        "dmean2": 0.0349349752069,
        "dvar": 0.000354707270162,
        "dvar2": 0.000939784687944,
        "max": 0.576095700264,
        "mean": 0.368479818106,
        "median": 0.368210554123,
        "min": 0.0582919195294,
        "var": 0.00421807309613
    },
    "barkbands_kurtosis": {
        "dmean": 2.19488692284,
        "dmean2": 3.47509765625,
        "dvar": 46.5227012634,
        "dvar2": 127.285301208,
        "max": 306.859649658,
        "mean": 4.82890748978,
        "median": 2.40246462822,
        "min": -1.84619736671,
        "var": 163.379837036
    },
    "barkbands_skewness": {
        "dmean": 0.374797493219,
        "dmean2": 0.603324472904,
        "dvar": 0.16972592473,
        "dvar2": 0.419052183628,
        "max": 13.4702014923,
        "mean": 0.48274114728,
        "median": 0.471125364304,
        "min": -4.39713525772,
        "var": 1.3720113039
    },
    "barkbands_spread": {
        "dmean": 0.842981696129,
        "dmean2": 1.34854233265,
        "dvar": 1.00059831142,
        "dvar2": 2.55574035645,
        "max": 37.4733161926,
        "mean": 3.94737362862,
        "median": 3.47356081009,
        "min": 0.310451507568,
        "var": 5.97667169571
    },
    "dissonance": {
        "dmean": 0.0500176735222,
        "dmean2": 0.0853649377823,
        "dvar": 0.00208699190989,
        "dvar2": 0.00568430917338,
        "max": 0.500000119209,
        "mean": 0.367125451565,
        "median": 0.376980066299,
        "min": 0.0807036235929,
        "var": 0.00562393991277
    },
    "dynamic_complexity": 5.32694673538,
    "erbbands_crest": {
        "dmean": 2.33507299423,
        "dmean2": 3.67266201973,
        "dvar": 4.81353712082,
        "dvar2": 11.3007459641,
        "max": 32.3145294189,
        "mean": 15.6749334335,
        "median": 14.5416002274,
        "min": 2.63319897652,
        "var": 36.8268623352
    },
    "erbbands_flatness_db": {
        "dmean": 0.0161352902651,
        "dmean2": 0.0246104877442,
        "dvar": 0.000214819025132,
        "dvar2": 0.000495356565807,
        "max": 0.5808852911,
        "mean": 0.415486067533,
        "median": 0.416707396507,
        "min": 0.071675285697,
        "var": 0.00347452168353
    },
    "erbbands_kurtosis": {
        "dmean": 1.78906011581,
        "dmean2": 2.78652024269,
        "dvar": 6.37380599976,
        "dvar2": 14.8704137802,
        "max": 64.4861602783,
        "mean": 3.68259644508,
        "median": 1.81825375557,
        "min": -1.65759062767,
        "var": 27.3022708893
    },
    "erbbands_skewness": {
        "dmean": 0.364990770817,
        "dmean2": 0.566382050514,
        "dvar": 0.128461584449,
        "dvar2": 0.304364621639,
        "max": 5.67620372772,
        "mean": 0.691112756729,
        "median": 0.649690747261,
        "min": -4.27246332169,
        "var": 1.12407720089
    },
    "erbbands_spread": {
        "dmean": 1.30354726315,
        "dmean2": 2.05970644951,
        "dvar": 3.79384493828,
        "dvar2": 10.0510044098,
        "max": 97.2902450562,
        "mean": 6.67930936813,
        "median": 6.09000682831,
        "min": 0.50022816658,
        "var": 21.4204082489
    },
    "hfc": {
        "dmean": 2.24815440178,
        "dmean2": 3.17803049088,
        "dvar": 15.9076890945,
        "dvar2": 29.6042366028,
        "max": 163.76524353,
        "mean": 10.8243074417,
        "median": 6.50291252136,
        "min": 1.09784641743e-16,
        "var": 183.942855835
    },
    "melbands_crest": {
        "dmean": 2.19778966904,
        "dmean2": 3.55802345276,
        "dvar": 4.50952625275,
        "dvar2": 12.3663473129,
        "max": 31.8494262695,
        "mean": 14.5840034485,
        "median": 13.6996335983,
        "min": 1.60534179211,
        "var": 25.8793735504
    },
    "melbands_flatness_db": {
        "dmean": 0.0217539798468,
        "dmean2": 0.0345047228038,
        "dvar": 0.000414048292441,
        "dvar2": 0.0010490801651,
        "max": 0.763340592384,
        "mean": 0.457359194756,
        "median": 0.453942000866,
        "min": 0.00331158353947,
        "var": 0.00776293454692
    },
    "melbands_kurtosis": {
        "dmean": 1.98625421524,
        "dmean2": 3.17679834366,
        "dvar": 46.5052146912,
        "dvar2": 109.78527832,
        "max": 471.779663086,
        "mean": 4.6232624054,
        "median": 2.23220872879,
        "min": -1.85741770267,
        "var": 222.327392578
    },
    "melbands_skewness": {
        "dmean": 0.36093121767,
        "dmean2": 0.581829547882,
        "dvar": 0.142885431647,
        "dvar2": 0.351112425327,
        "max": 14.5057382584,
        "mean": 0.42886275053,
        "median": 0.483871281147,
        "min": -3.81696391106,
        "var": 1.27793347836
    },
    "melbands_spread": {
        "dmean": 1.45381379128,
        "dmean2": 2.32835888863,
        "dvar": 6.34047269821,
        "dvar2": 14.8319349289,
        "max": 160.607131958,
        "mean": 7.07278156281,
        "median": 6.20514822006,
        "min": 0.393955349922,
        "var": 49.0990333557
    },
    "pitch_salience": {
        "dmean": 0.0533300302923,
        "dmean2": 0.08694960922,
        "dvar": 0.0023588470649,
        "dvar2": 0.00634043710306,
        "max": 0.84366863966,
        "mean": 0.514973521233,
        "median": 0.516464471817,
        "min": 0.10019493103,
        "var": 0.0127294911072
    },
    "silence_rate_20dB": {
        "dmean": 0,
        "dmean2": 0,
        "dvar": 0,
        "dvar2": 0,
        "max": 1,
        "mean": 1,
        "median": 1,
        "min": 1,
        "var": 0
    },
    "silence_rate_30dB": {
        "dmean": 0.00491199363023,
        "dmean2": 0.00982479099184,
        "dvar": 0.00488755200058,
        "dvar2": 0.0113668208942,
        "max": 1,
        "mean": 0.988130331039,
        "median": 1,
        "min": 0,
        "var": 0.0117277717218
    },
    "silence_rate_60dB": {
        "dmean": 0.0235775690526,
        "dmean2": 0.0471589975059,
        "dvar": 0.0230177398771,
        "dvar2": 0.052134141326,
        "max": 1,
        "mean": 0.198018997908,
        "median": 0,
        "min": 0,
        "var": 0.158793002367
    },
    "spectral_centroid": {
        "dmean": 40.7243385315,
        "dmean2": 64.2923965454,
        "dvar": 11124.0117188,
        "dvar2": 14453.5058594,
        "max": 11681.5,
        "mean": 650.108764648,
        "median": 635.905395508,
        "min": 116.659751892,
        "var": 240020.703125
    },
    "spectral_complexity": {
        "dmean": 1.09128117561,
        "dmean2": 1.84984445572,
        "dvar": 1.22553753853,
        "dvar2": 2.95224070549,
        "max": 24,
        "mean": 9.03896522522,
        "median": 9,
        "min": 0,
        "var": 15.127122879
    },
    "spectral_decrease": {
        "dmean": 9.00945318349e-10,
        "dmean2": 1.31913868717e-09,
        "dvar": 2.43345493352e-18,
        "dvar2": 4.89373409353e-18,
        "max": 1.2804554257e-19,
        "mean": -4.30773905435e-09,
        "median": -2.73995048872e-09,
        "min": -5.88216053643e-08,
        "var": 2.71966364408e-17
    },
    "spectral_energy": {
        "dmean": 0.00359912915155,
        "dmean2": 0.00525908265263,
        "dvar": 3.89019405702e-05,
        "dvar2": 7.77700188337e-05,
        "max": 0.236316919327,
        "mean": 0.0172402001917,
        "median": 0.0108792837709,
        "min": 1.03131553992e-20,
        "var": 0.00043659718358
    },
    "spectral_energyband_high": {
        "dmean": 9.9331691672e-07,
        "dmean2": 1.3542007764e-06,
        "dvar": 2.08458875162e-11,
        "dvar2": 4.54288377749e-11,
        "max": 0.000141693235491,
        "mean": 2.16428225031e-06,
        "median": 1.73288526639e-07,
        "min": 7.42695987546e-21,
        "var": 5.70187126681e-11
    },
    "spectral_energyband_low": {
        "dmean": 0.000141068929224,
        "dmean2": 0.000234814098803,
        "dvar": 6.45301341251e-08,
        "dvar2": 1.73267480363e-07,
        "max": 0.0076331011951,
        "mean": 0.00047741716844,
        "median": 0.000169335457031,
        "min": 2.15137025889e-23,
        "var": 5.85551163113e-07
    },
    "spectral_energyband_middle_high": {
        "dmean": 0.000802126713097,
        "dmean2": 0.00115147430915,
        "dvar": 1.99008445634e-06,
        "dvar2": 4.25455300501e-06,
        "max": 0.0420425459743,
        "mean": 0.00284870294854,
        "median": 0.00175703968853,
        "min": 1.29724215151e-21,
        "var": 1.22833716887e-05
    },
    "spectral_energyband_middle_low": {
        "dmean": 0.00328905507922,
        "dmean2": 0.00484288856387,
        "dvar": 3.60979283869e-05,
        "dvar2": 7.31049804017e-05,
        "max": 0.230235010386,
        "mean": 0.0140689006075,
        "median": 0.00781765859574,
        "min": 2.06241801923e-22,
        "var": 0.000388314336305
    },
    "spectral_entropy": {
        "dmean": 0.135036870837,
        "dmean2": 0.212021097541,
        "dvar": 0.0190467201173,
        "dvar2": 0.0458106286824,
        "max": 9.82080078125,
        "mean": 5.60014486313,
        "median": 5.60660457611,
        "min": 4.34958076477,
        "var": 0.187673315406
    },
    "spectral_flux": {
        "dmean": 0.01124881953,
        "dmean2": 0.0183376334608,
        "dvar": 0.000207156132092,
        "dvar2": 0.000528425734956,
        "max": 0.240561783314,
        "mean": 0.0348749160767,
        "median": 0.03027112782,
        "min": 6.65354299434e-11,
        "var": 0.000587741669733
    },
    "spectral_kurtosis": {
        "dmean": 40.6011657715,
        "dmean2": 70.9089279175,
        "dvar": 2039.23535156,
        "dvar2": 6148.53369141,
        "max": 716.892883301,
        "mean": 134.553192139,
        "median": 111.184906006,
        "min": -1.24461972713,
        "var": 9738.22167969
    },
    "spectral_rms": {
        "dmean": 0.000382185156923,
        "dmean2": 0.000565035850741,
        "dvar": 2.2033616176e-07,
        "dvar2": 4.61304921373e-07,
        "max": 0.0151839749888,
        "mean": 0.00353941926733,
        "median": 0.00325790350325,
        "min": 3.17200475955e-12,
        "var": 4.2921392378e-06
    },
    "spectral_rolloff": {
        "dmean": 73.1515960693,
        "dmean2": 131.951782227,
        "dvar": 70245.9375,
        "dvar2": 146562.21875,
        "max": 19616.7480469,
        "mean": 824.371643066,
        "median": 753.662109375,
        "min": 86.1328125,
        "var": 741757.0625
    },
    "spectral_skewness": {
        "dmean": 1.78953742981,
        "dmean2": 3.16274189949,
        "dvar": 2.56435012817,
        "dvar2": 7.31932687759,
        "max": 21.8196048737,
        "mean": 7.95853471756,
        "median": 7.4784450531,
        "min": -0.0733896940947,
        "var": 12.7340011597
    },
    "spectral_spread": {
        "dmean": 280765.4375,
        "dmean2": 494883.28125,
        "dvar": 218999013376,
        "dvar2": 370039881728,
        "max": 43993776,
        "mean": 976041.0625,
        "median": 823098.3125,
        "min": 122821.132812,
        "var": 3.4605736919e+12
    },
    "spectral_strongpeak": {
        "dmean": 0.366318196058,
        "dmean2": 0.559139311314,
        "dvar": 0.25742867589,
        "dvar2": 0.578610897064,
        "max": 11.3452138901,
        "mean": 1.74658668041,
        "median": 1.36208295822,
        "min": 0,
        "var": 2.33163309097
    },
    "zerocrossingrate": {
        "dmean": 0.00180138403084,
        "dmean2": 0.00244788266718,
        "dvar": 3.9502960135e-05,
        "dvar2": 7.7261858678e-05,
        "max": 0.5166015625,
        "mean": 0.030396187678,
        "median": 0.02978515625,
        "min": 0.00341796875,
        "var": 0.00053837778978
    },
    "barkbands": {
        "dmean": [4.87740180688e-06, 8.87103451532e-05, 5.6886306993e-05, 8.17122127046e-05, 0.000155317422468, 0.0006229163846, 0.000930118141696, 0.00103485526051, 0.00161748705432, 0.000350338523276, 0.000194927299162, 0.000359140190994, 0.000136863367516, 5.31996884092e-05, 2.55926042882e-05, 1.92495426745e-05, 9.4619617812e-06, 8.08806998975e-06, 1.58039915732e-06, 4.58175748008e-07, 6.6406539645e-07, 2.11079552059e-07, 1.40747573596e-07, 3.94507111423e-08, 9.67609370406e-09, 5.554594118e-09, 9.06956898472e-10],
        "dmean2": [7.51076004235e-06, 0.000145478901686, 9.56501826295e-05, 0.000139895870234, 0.000242734575295, 0.00108781910967, 0.00157147704158, 0.00140096538235, 0.00217031477951, 0.000449022947578, 0.000301987165585, 0.000519481080119, 0.000222210001084, 8.05758536444e-05, 4.23445380875e-05, 3.20202816511e-05, 1.44013538375e-05, 1.2001187315e-05, 2.28441922445e-06, 6.65817253775e-07, 9.74272097665e-07, 3.24432477328e-07, 1.78128942707e-07, 6.02571645913e-08, 1.39771731966e-08, 7.51378781416e-09, 1.60481139488e-09],
        "dvar": [3.69262148636e-10, 3.92472614408e-08, 1.09110116497e-08, 2.92491275644e-08, 1.529594158e-07, 4.0919157982e-06, 4.39059795099e-06, 9.6506328191e-06, 1.93881114683e-05, 1.01146770248e-06, 2.30105143828e-07, 7.42383861052e-07, 2.54496455909e-07, 2.60792880624e-08, 4.6954888866e-09, 4.16362322397e-09, 1.02143582481e-09, 1.07510811365e-09, 3.80438423819e-11, 2.82837056727e-12, 1.16635702832e-11, 1.39212393783e-12, 5.71214354029e-13, 9.94774534556e-14, 2.75563894653e-15, 8.38863896813e-16, 3.37570753622e-18],
        "dvar2": [7.48922202032e-10, 1.01577235512e-07, 3.05973237857e-08, 8.78164314599e-08, 3.70246851844e-07, 1.36347352964e-05, 1.32444019982e-05, 1.67969337781e-05, 3.4525502997e-05, 1.89064098777e-06, 5.38594520094e-07, 1.76398407348e-06, 6.63359912778e-07, 5.49040315434e-08, 1.20292558137e-08, 1.22083552156e-08, 2.40687270114e-09, 2.34454899939e-09, 7.15824899356e-11, 5.83841265264e-12, 2.69332924019e-11, 3.32445247546e-12, 9.42819065007e-13, 2.37415610175e-13, 5.59034587759e-15, 1.36127247288e-15, 9.83557949303e-18],
        "max": [0.000685992883518, 0.00617807405069, 0.00190333276987, 0.00470333034173, 0.013282132335, 0.0519606210291, 0.0621166341007, 0.120493523777, 0.212364032865, 0.0395452529192, 0.0133820520714, 0.0185905732214, 0.0242587924004, 0.00438309460878, 0.00174121826421, 0.00199369853362, 0.00148877874017, 0.00101236917544, 0.000254816230154, 6.08893715253e-05, 9.72433481365e-05, 3.20399667544e-05, 2.54064270848e-05, 8.96917026694e-06, 1.96926771423e-06, 1.25081476199e-06, 4.68283580801e-08],
        "mean": [1.08621361505e-05, 0.000206788012292, 0.00016342390154, 0.000217012391658, 0.00048799457727, 0.00172562547959, 0.00197303085588, 0.00421287957579, 0.00530081707984, 0.00140139251016, 0.000324163615005, 0.000751250248868, 0.000245537783485, 0.000101876154076, 4.61801027996e-05, 2.95879144687e-05, 2.04514890356e-05, 1.55417910719e-05, 3.08623498313e-06, 8.41158168896e-07, 1.22455389828e-06, 3.29421823153e-07, 2.20358188585e-07, 5.13491436038e-08, 1.41001184062e-08, 8.99257734943e-09, 9.1566804139e-10],
        "median": [1.77618267116e-06, 2.00553622562e-05, 6.57912241877e-05, 7.91947240941e-05, 0.000177992711542, 0.000353379698936, 0.000889402348548, 0.00043261560495, 0.000996975344606, 0.000323413230944, 8.08241602499e-05, 0.000230537189054, 6.42632003292e-05, 2.27510281547e-05, 1.08508038466e-05, 4.87116676595e-06, 3.72473095922e-06, 1.43300439959e-06, 2.91807168651e-07, 8.00726667194e-08, 9.5824148616e-08, 9.3277563451e-09, 4.12992395837e-09, 1.59337454342e-09, 6.79565514972e-10, 5.10664732722e-10, 2.55198584487e-10],
        "min": [9.45230195753e-25, 7.79449163533e-24, 2.49289965976e-24, 3.14264100004e-24, 1.71277495519e-23, 1.58889397413e-23, 7.9055971718e-24, 6.58228773646e-24, 1.45503784692e-23, 1.68362354707e-23, 2.21757509482e-23, 3.44900116737e-23, 2.06204532979e-23, 4.93945760675e-23, 4.98241392294e-23, 7.83273561202e-23, 8.58041797798e-23, 1.20566219093e-22, 1.72083657721e-22, 1.92299878181e-22, 2.68227904392e-22, 4.00824593077e-22, 4.98925921611e-22, 6.36276828848e-22, 9.98725875862e-22, 1.34105626873e-21, 2.07083898949e-21],
        "var": [1.01625019511e-09, 2.48348527521e-07, 5.56797346007e-08, 1.40708365848e-07, 7.83313851116e-07, 1.68996921275e-05, 1.0545517398e-05, 0.000117305942695, 0.000176734931301, 7.58760870667e-06, 4.73900513498e-07, 1.95130633074e-06, 4.12695186469e-07, 6.82630414417e-08, 1.11126396973e-08, 6.87058321347e-09, 3.39715233721e-09, 2.82331336088e-09, 1.15849121962e-10, 7.72456838077e-12, 2.66306213192e-11, 2.41355329819e-12, 1.43479542483e-12, 1.16818501487e-13, 5.15231549442e-15, 2.31117323054e-15, 3.87166352481e-18]
    },
    "erbbands": {
        "dmean": [0.0018079840811, 0.0225564856082, 0.0483617447317, 0.173447370529, 0.463585853577, 0.558927595615, 2.81191039085, 4.99428367615, 11.0206394196, 13.7437076569, 28.6500511169, 36.6456794739, 16.9271640778, 10.2993135452, 10.1091899872, 11.6640872955, 6.39652395248, 3.52479887009, 0.930060207844, 1.33938336372, 1.22015476227, 0.456615358591, 0.463913112879, 0.183482468128, 0.0725273787975, 0.0212296061218, 0.0328750498593, 0.0149337789044, 0.00919925887138, 0.00419306661934, 0.00425865128636, 0.00134263176005, 0.000557434861548, 0.00020999701519, 3.01135823975e-05, 2.63365545834e-05, 1.00448396552e-05, 1.10321707325e-06, 1.78060645339e-06, 4.10500433645e-06],
        "dmean2": [0.00286588142626, 0.0374003499746, 0.0817472338676, 0.295487374067, 0.791910707951, 0.859159052372, 4.79483652115, 8.79412937164, 19.7743911743, 20.921869278, 38.8335418701, 48.3837356567, 23.2949714661, 12.883058548, 15.1511802673, 17.0291557312, 10.1523618698, 5.54132318497, 1.44175744057, 2.22736263275, 2.037327528, 0.706148207188, 0.693140208721, 0.266034692526, 0.105366781354, 0.0300923790783, 0.0470889285207, 0.0230703949928, 0.014187278226, 0.00593430968001, 0.00527010345832, 0.00179150211625, 0.000841172237415, 0.000327145535266, 4.20405995101e-05, 3.52122697223e-05, 1.39653893712e-05, 1.59857825111e-06, 2.57203669207e-06, 5.98270344199e-06],
        "dvar": [1.81699251698e-05, 0.0024811825715, 0.00690958509222, 0.117044463754, 1.38022232056, 1.68779575825, 127.270355225, 190.993713379, 600.055297852, 1366.13439941, 6602.26611328, 12359.7441406, 1887.23864746, 564.033630371, 380.929351807, 873.587219238, 606.549682617, 107.279121399, 11.8599405289, 13.1139888763, 17.3483009338, 2.36247611046, 2.77246403694, 0.422448217869, 0.0664082095027, 0.00477322051302, 0.0314848124981, 0.00551280239597, 0.00293694296852, 0.000594428915065, 0.000725426129065, 6.53620591038e-05, 1.80351216841e-05, 2.71045632871e-06, 1.49811842931e-08, 1.84128996494e-08, 2.28006125091e-09, 1.44461534748e-11, 9.51557409257e-12, 5.06830029334e-11],
        "dvar2": [4.05980172218e-05, 0.00665418896824, 0.0190650615841, 0.350286453962, 3.78468322754, 3.7001926899, 434.606567383, 592.895202637, 1976.69921875, 3544.12792969, 11430.6835938, 20536.9785156, 3712.00830078, 869.996154785, 907.39239502, 2079.98486328, 1561.69677734, 236.907897949, 30.3189525604, 35.9377059937, 51.2495651245, 5.36004304886, 6.07319641113, 0.881742417812, 0.129908069968, 0.00975122489035, 0.0650850385427, 0.0140296667814, 0.00709650572389, 0.00118669425137, 0.00121199863497, 0.000129662614199, 4.27068553108e-05, 6.94625850883e-06, 2.78805281084e-08, 3.17692858687e-08, 3.7574321432e-09, 2.22783042014e-11, 1.8506241678e-11, 1.00592832675e-10],
        "max": [0.14025862515, 1.53009605408, 1.86434960365, 10.8026685715, 38.366481781, 65.5191040039, 267.662078857, 449.250823975, 523.48059082, 1308.28991699, 3237.98242188, 5688.22607422, 1565.02453613, 942.907775879, 417.755645752, 742.950378418, 1196.1574707, 326.743347168, 115.378875732, 107.911048889, 125.371086121, 73.4332733154, 48.3828811646, 20.0422973633, 11.1508703232, 1.9961502552, 6.16956329346, 2.25401425362, 1.41499757767, 0.660899341106, 1.05875396729, 0.351220995188, 0.116204753518, 0.0454677827656, 0.00391486100852, 0.00637856125832, 0.00194513762835, 0.000146350008436, 0.000117506686365, 0.000271146534942],
        "mean": [0.00431439932436, 0.0531858541071, 0.146206274629, 0.533652961254, 1.07518172264, 1.97776627541, 7.1316280365, 14.6959428787, 23.4454479218, 36.7237739563, 121.506317139, 133.312835693, 52.8950233459, 42.2181472778, 21.8934440613, 24.4583110809, 12.7238435745, 6.52477169037, 2.22636246681, 2.29818248749, 1.94992673397, 0.998851954937, 0.96256840229, 0.370734721422, 0.152416229248, 0.0471292324364, 0.0619871579111, 0.0259097367525, 0.0146834328771, 0.0067357099615, 0.00665953475982, 0.00210107513703, 0.000742144940887, 0.00026752523263, 5.79980660405e-05, 4.97873916174e-05, 2.14572082768e-05, 2.78728771264e-06, 8.65220408741e-06, 1.97207791643e-05],
        "median": [0.000394148228224, 0.00686287786812, 0.0633062943816, 0.232189163566, 0.35171726346, 0.628158569336, 0.95542550087, 4.57272052765, 10.1720552444, 13.372587204, 20.1394691467, 23.8089332581, 18.5716533661, 12.3263702393, 11.7076444626, 9.05967140198, 4.39815616608, 1.669880867, 0.599229454994, 0.566789984703, 0.376153826714, 0.249809578061, 0.132942214608, 0.0429710522294, 0.0138255562633, 0.00551624922082, 0.00441320519894, 0.00200902298093, 0.000537221319973, 0.000222358619794, 0.000126077022287, 5.92983524257e-05, 3.33578391292e-05, 1.98211710085e-05, 1.28010151457e-05, 9.05356318981e-06, 5.02725288243e-06, 1.16949036055e-06, 5.41890130989e-06, 1.23812769743e-05],
        "min": [4.047755619e-22, 9.98406696429e-22, 3.41628945328e-21, 1.05608135977e-20, 1.85457496094e-20, 6.36092779142e-20, 1.21449410496e-19, 1.26398445025e-19, 1.27378227536e-19, 2.00221005973e-19, 1.85017374616e-19, 4.47109991143e-19, 5.9254323208e-19, 8.82959986197e-19, 1.55583801709e-18, 1.19562412478e-18, 1.61973513447e-18, 2.52646208762e-18, 2.32894417864e-18, 3.78335785851e-18, 4.15643285839e-18, 5.48307215584e-18, 5.12852558809e-18, 7.93054201047e-18, 8.50275495256e-18, 9.00746995665e-18, 1.08734140563e-17, 1.29878688545e-17, 1.25235839572e-17, 1.19883418526e-17, 1.31433233886e-17, 9.5634544423e-18, 1.11007927718e-17, 8.65058205419e-18, 7.76302304718e-18, 4.37876618574e-18, 2.58447950181e-18, 1.01867799084e-18, 2.7247820516e-19, 2.95993689817e-20],
        "var": [0.000121475059132, 0.0153644038364, 0.039973910898, 0.666990697384, 4.41567373276, 15.2071809769, 371.116729736, 1033.56005859, 1372.69494629, 4322.23876953, 84937.6171875, 130143.546875, 9705.53027344, 6832.37402344, 968.875061035, 2076.46533203, 986.984008789, 251.477645874, 32.0867919922, 23.8088722229, 29.5227622986, 6.81187534332, 7.60203170776, 1.25931608677, 0.236034721136, 0.0168925002217, 0.0859229713678, 0.00928541366011, 0.00486219022423, 0.00109771999996, 0.00171377731021, 0.000140350413858, 2.03392810363e-05, 2.72036527349e-06, 3.92103594038e-08, 4.74816737039e-08, 6.84593093325e-09, 4.84858264649e-11, 1.09892484002e-10, 5.72143887823e-10]
    },
    "gfcc": {
        "mean": [-228.111572266, 226.956817627, -140.168823242, -64.8519363403, -42.0862236023, -22.4577884674, -11.9884357452, -7.19710302353, -6.16686153412, -16.3037223816, -5.93190813065, -10.768611908, -6.86163806915],
        "cov": [[14205.9228516, -1038.18261719, -3822.63061523, 821.336364746, -887.71496582, -900.391052246, 14.901722908, -40.0165100098, 269.535827637, -58.6187019348, -58.0506019592, -163.907531738, -21.545917511], [-1038.18261719, 1981.99462891, 1448.55993652, -332.460845947, 549.218139648, -26.7655487061, -167.876998901, -109.092056274, -36.0236053467, 14.4482707977, 107.349143982, 80.0248336792, 158.501464844], [-3822.63061523, 1448.55993652, 2401.20141602, -57.0741233826, 446.771972656, 241.467819214, -208.97543335, -8.22422599792, -3.1033577919, 112.09564209, 119.176277161, 87.451461792, 85.5900268555], [821.336364746, -332.460845947, -57.0741233826, 638.64654541, -76.1989212036, -14.3609762192, -22.9767723083, 6.70982837677, 77.4220046997, 92.0535125732, 23.4608249664, 5.82920694351, 0.73215174675], [-887.71496582, 549.218139648, 446.771972656, -76.1989212036, 371.584411621, 75.9452133179, -0.729254961014, 2.72152805328, -50.9814720154, -10.2556400299, 30.0299282074, 62.6107177734, 75.9055328369], [-900.391052246, -26.7655487061, 241.467819214, -14.3609762192, 75.9452133179, 269.458862305, 78.4484863281, 12.3687772751, -40.8752212524, -43.5634880066, -4.68752479553, 37.8506393433, 0.326918661594], [14.901722908, -167.876998901, -208.97543335, -22.9767723083, -0.729254961014, 78.4484863281, 206.696212769, 39.4776306152, -19.9118213654, -16.9179954529, -23.5679969788, -8.9868850708, -4.94906997681], [-40.0165100098, -109.092056274, -8.22422599792, 6.70982837677, 2.72152805328, 12.3687772751, 39.4776306152, 124.421203613, 41.2792892456, 13.7297058105, 6.38776397705, -17.5287399292, -31.5198631287], [269.535827637, -36.0236053467, -3.1033577919, 77.4220046997, -50.9814720154, -40.8752212524, -19.9118213654, 41.2792892456, 129.997177124, 75.1877822876, 5.66494894028, -27.5514831543, -23.3437137604], [-58.6187019348, 14.4482707977, 112.09564209, 92.0535125732, -10.2556400299, -43.5634880066, -16.9179954529, 13.7297058105, 75.1877822876, 136.873321533, 40.9485778809, -16.4050617218, -8.69384765625], [-58.0506019592, 107.349143982, 119.176277161, 23.4608249664, 30.0299282074, -4.68752479553, -23.5679969788, 6.38776397705, 5.66494894028, 40.9485778809, 92.9201583862, 48.5794906616, 13.2566518784], [-163.907531738, 80.0248336792, 87.451461792, 5.82920694351, 62.6107177734, 37.8506393433, -8.9868850708, -17.5287399292, -27.5514831543, -16.4050617218, 48.5794906616, 130.851593018, 74.9581680298], [-21.545917511, 158.501464844, 85.5900268555, 0.73215174675, 75.9055328369, 0.326918661594, -4.94906997681, -31.5198631287, -23.3437137604, -8.69384765625, 13.2566518784, 74.9581680298, 124.062522888]],
        "icov": [[0.000339032907505, -0.000846532988362, 0.000900776241906, -0.000685731822159, 0.000901159190107, -9.00440718397e-05, 0.000299444247503, -0.00070232298458, 3.13074815494e-06, 8.40225038701e-05, 2.34002545767e-05, 6.07385982221e-06, -0.000194293374079], [-0.000846532988362, 0.00463453819975, -0.00355537119322, 0.00260867225006, -0.00475985975936, 0.00226642843336, -0.00150963803753, 0.00452294014394, -0.00240104319528, 0.00228993385099, -0.00263456744142, 0.0015993291745, -0.000611581257544], [0.000900776241906, -0.00355537119322, 0.00388991716318, -0.00214948831126, 0.00298605184071, -0.00235349335708, 0.00236997404136, -0.00346921966411, 0.001385240932, -0.00200588651933, 0.00104132702108, -0.000413783040131, -0.00032099703094], [-0.000685731822159, 0.00260867225006, -0.00214948831126, 0.00356091139838, -0.00240467325784, 0.000462740019429, -0.000516612839419, 0.00240671099164, -0.00130393938161, -0.00055787130259, -0.000850141805131, 0.000257960404269, -0.000278579973383], [0.000901159190107, -0.00475985975936, 0.00298605184071, -0.00240467325784, 0.00919689051807, -0.00247394572943, 0.00119142048061, -0.0056144609116, 0.00376945990138, -0.00242192368023, 0.00240234937519, -0.00177332700696, -0.00145326519851], [-9.00440718397e-05, 0.00226642843336, -0.00235349335708, 0.000462740019429, -0.00247394572943, 0.00811263825744, -0.00405472284183, 0.00271714362316, -0.0018027711194, 0.00417145807296, -0.000971796282101, -0.00148490699939, 0.00168468814809], [0.000299444247503, -0.00150963803753, 0.00236997404136, -0.000516612839419, 0.00119142048061, -0.00405472284183, 0.00853481516242, -0.00433631101623, 0.00283885304816, -0.00319981365465, 0.00202303240076, 0.000588919559959, -0.00139283738099], [-0.00070232298458, 0.00452294014394, -0.00346921966411, 0.00240671099164, -0.0056144609116, 0.00271714362316, -0.00433631101623, 0.0156670920551, -0.00758569128811, 0.00482984445989, -0.00506003852934, 0.00204956461675, 0.00192763493396], [3.13074815494e-06, -0.00240104319528, 0.001385240932, -0.00130393938161, 0.00376945990138, -0.0018027711194, 0.00283885304816, -0.00758569128811, 0.0171857699752, -0.0104827899486, 0.00567743787542, -0.00190127838869, 0.0010457696626], [8.40225038701e-05, 0.00228993385099, -0.00200588651933, -0.00055787130259, -0.00242192368023, 0.00417145807296, -0.00319981365465, 0.00482984445989, -0.0104827899486, 0.0187357943505, -0.0102214496583, 0.00541208265349, -0.00179087358993], [2.34002545767e-05, -0.00263456744142, 0.00104132702108, -0.000850141805131, 0.00240234937519, -0.000971796282101, 0.00202303240076, -0.00506003852934, 0.00567743787542, -0.0102214496583, 0.0222633704543, -0.0116323670372, 0.00498571712524], [6.07385982221e-06, 0.0015993291745, -0.000413783040131, 0.000257960404269, -0.00177332700696, -0.00148490699939, 0.000588919559959, 0.00204956461675, -0.00190127838869, 0.00541208265349, -0.0116323670372, 0.0190766882151, -0.0103867743164], [-0.000194293374079, -0.000611581257544, -0.00032099703094, -0.000278579973383, -0.00145326519851, 0.00168468814809, -0.00139283738099, 0.00192763493396, 0.0010457696626, -0.00179087358993, 0.00498571712524, -0.0103867743164, 0.016164239496]]
    },
    "melbands": {
        "dmean": [2.16871267185e-05, 2.64343070739e-05, 3.72716131096e-05, 3.59293007932e-05, 8.0272264313e-05, 0.000118585339806, 0.000170756014995, 0.000157583141117, 0.000253264355706, 0.000220638394239, 8.55147736729e-05, 4.53662796644e-05, 3.37963720085e-05, 4.66806304757e-05, 1.87651330634e-05, 1.09160628199e-05, 5.8221648942e-06, 1.47083687807e-06, 1.84367058864e-06, 1.43425700116e-06, 1.38385428272e-06, 4.54185993704e-07, 3.97086012072e-07, 6.0729598772e-07, 8.85348114821e-08, 5.55365140542e-08, 3.9540946517e-08, 1.08109325936e-08, 1.99093967979e-08, 1.63537041686e-08, 7.80834064074e-09, 4.67141481053e-09, 4.39091607518e-09, 2.26537122394e-09, 2.23851936987e-09, 2.04209915644e-09, 5.14567333187e-10, 3.58275464851e-10, 4.85153028862e-10, 8.51238385335e-11],
        "dmean2": [3.50138361682e-05, 4.44248944405e-05, 6.41408041702e-05, 5.77180944674e-05, 0.000135567985126, 0.000208512443351, 0.000301648396999, 0.000230743942666, 0.000344864529325, 0.000292268698104, 0.000117757561384, 5.65002010262e-05, 5.17737353221e-05, 6.70197914587e-05, 2.85481819446e-05, 1.74724773387e-05, 9.13009807846e-06, 2.24581390285e-06, 3.0089372558e-06, 2.40703934651e-06, 2.30526984524e-06, 7.01155272509e-07, 5.89824196595e-07, 9.0145778131e-07, 1.26496189523e-07, 8.13430958146e-08, 5.77798786594e-08, 1.52971733058e-08, 2.91654806972e-08, 2.43230218189e-08, 1.22141390335e-08, 7.18852977144e-09, 6.71940991737e-09, 3.23794191459e-09, 2.88784351987e-09, 2.49639620087e-09, 7.70409847028e-10, 5.39099986874e-10, 8.1178902489e-10, 1.21392632058e-10],
        "dvar": [2.42562325781e-09, 2.11407491513e-09, 4.98457408682e-09, 1.00591286412e-08, 9.62443564845e-08, 1.11173150685e-07, 1.3450974734e-07, 1.50110182062e-07, 4.3930927518e-07, 3.86027153354e-07, 5.04166486337e-08, 1.25458639033e-08, 5.01636909789e-09, 1.29633592749e-08, 3.08435565977e-09, 1.1976301062e-09, 3.04375163962e-10, 4.40479389074e-11, 2.48318813428e-11, 1.49194059884e-11, 2.17179815798e-11, 2.55639151341e-12, 2.45239614206e-12, 6.79124118053e-12, 1.2881747535e-13, 3.6264617882e-14, 2.627306467e-14, 2.01063789404e-15, 8.71194731481e-15, 1.7121080351e-14, 1.28314141268e-15, 7.43479463683e-16, 6.15272662666e-16, 2.08825094066e-16, 2.51080020854e-16, 1.83813759616e-16, 1.47611422558e-17, 5.13790457547e-18, 3.031932928e-17, 2.28252425023e-19],
        "dvar2": [5.86172266281e-09, 5.91988014165e-09, 1.47451215682e-08, 2.47706406498e-08, 3.27245004428e-07, 3.53219604676e-07, 4.35223938666e-07, 3.56724484618e-07, 7.76880938247e-07, 6.54524285437e-07, 9.98744056346e-08, 2.00364116409e-08, 1.18580789632e-08, 3.0467642631e-08, 7.64946328502e-09, 2.99206281973e-09, 6.70450694962e-10, 1.15077961049e-10, 6.02073946254e-11, 4.21688482743e-11, 6.39769140443e-11, 5.75596688368e-12, 5.70374650288e-12, 1.48513163573e-11, 2.44647645241e-13, 6.91195893381e-14, 5.29956327845e-14, 4.0860162103e-15, 1.81975304779e-14, 4.53486057842e-14, 2.97648754094e-15, 1.810532713e-15, 1.43704708743e-15, 4.09260353259e-16, 4.61852602485e-16, 2.73006130438e-16, 3.32737074081e-17, 1.12142927052e-17, 8.18896167108e-17, 4.44258854668e-19],
        "max": [0.00158816052135, 0.00120527984109, 0.00170592369977, 0.00355201284401, 0.00723707862198, 0.00977624580264, 0.00716379657388, 0.013429873623, 0.0249612983316, 0.0307229571044, 0.00803908891976, 0.00420053536072, 0.00198676320724, 0.00262903375551, 0.00218898616731, 0.00156346079893, 0.000545553106349, 0.000265571376076, 0.000164828816196, 8.6903310148e-05, 0.000131248409161, 5.8231435105e-05, 8.94777840585e-05, 7.9821475083e-05, 1.60996805789e-05, 1.00749966805e-05, 3.83416681871e-06, 1.59806415923e-06, 3.41827012562e-06, 5.1529132179e-06, 1.29025647766e-06, 7.47383523958e-07, 7.49354683194e-07, 4.01352792778e-07, 7.30656267933e-07, 4.52169871323e-07, 1.86354228049e-07, 9.51960004159e-08, 1.57023364977e-07, 1.78079808677e-08],
        "mean": [5.15680112585e-05, 7.85861848271e-05, 0.000108205793367, 0.000104647624539, 0.000220664514927, 0.000345380336512, 0.000363633764209, 0.000468823156552, 0.00106140435673, 0.000750303559471, 0.000249363714829, 0.000184372198419, 6.35078249616e-05, 9.50545581873e-05, 3.64791158063e-05, 2.08411474887e-05, 1.03001284515e-05, 3.25938685819e-06, 3.39403777616e-06, 2.24412565331e-06, 2.16424268729e-06, 9.09157790829e-07, 8.9627332045e-07, 1.08316805836e-06, 1.79686139745e-07, 1.10375637519e-07, 7.67836780824e-08, 2.07891233117e-08, 3.58032998804e-08, 2.75440683595e-08, 1.23140688757e-08, 7.13282322096e-09, 6.36606722892e-09, 3.21076476517e-09, 3.35055583278e-09, 3.22905879813e-09, 7.01077196297e-10, 5.01033936562e-10, 4.71656824708e-10, 1.23702506571e-10],
        "median": [5.07693630425e-06, 2.91115720756e-05, 4.93863990414e-05, 3.4615444747e-05, 3.2807867683e-05, 9.94592846837e-05, 0.000163096337928, 0.000136861985084, 0.000183135445695, 0.000133341469336, 7.95872620074e-05, 4.34395151387e-05, 2.855018829e-05, 2.51700057561e-05, 1.19518754218e-05, 5.63385856367e-06, 2.16840180656e-06, 5.51034304408e-07, 7.87347744335e-07, 4.3617319534e-07, 2.92233636401e-07, 1.82283002914e-07, 1.08886048622e-07, 6.39101216393e-08, 1.99027780923e-08, 1.15408198553e-08, 4.46057413228e-09, 2.07815475939e-09, 2.41014408431e-09, 1.41292966216e-09, 6.84550638397e-10, 2.23082816109e-10, 1.33281469195e-10, 7.96121640834e-11, 6.11147799034e-11, 4.45230310953e-11, 2.06167583006e-11, 1.52630061367e-11, 9.92076906736e-12, 6.66128567237e-12],
        "min": [3.994513945e-24, 1.6685309419e-24, 2.29737239857e-24, 2.77472376802e-24, 4.09428946672e-24, 3.52440727689e-24, 1.74841671641e-24, 1.82309383957e-24, 1.31356039645e-24, 2.10908471113e-24, 2.85372621553e-24, 3.39032143339e-24, 4.55933993086e-24, 3.5114253874e-24, 3.03412864657e-24, 2.86257940425e-24, 4.31900320089e-24, 3.68428453326e-24, 3.80004356022e-24, 4.47522014266e-24, 4.41289855343e-24, 5.71915715474e-24, 4.49476101615e-24, 5.37185719691e-24, 5.71325686959e-24, 5.33647994075e-24, 5.87268171424e-24, 5.91621224228e-24, 6.79364487221e-24, 6.92090706889e-24, 6.74635581639e-24, 6.02672810522e-24, 7.44636968444e-24, 5.69605812414e-24, 6.37747025761e-24, 6.29804537509e-24, 5.78517337402e-24, 7.32371916862e-24, 7.89159489074e-24, 6.99116380997e-24],
        "var": [1.66067497531e-08, 1.44719818351e-08, 2.56058285686e-08, 4.32425792951e-08, 3.07748678097e-07, 5.63957541999e-07, 3.28660235027e-07, 7.15069120361e-07, 5.5087052715e-06, 3.86494912163e-06, 2.51233274184e-07, 1.38651770953e-07, 1.08484918826e-08, 3.46635111725e-08, 5.7396269959e-09, 2.19753415465e-09, 7.0865879831e-10, 1.06794240118e-10, 6.30096808063e-11, 2.50434950555e-11, 3.87712847938e-11, 6.84834003742e-12, 8.71102582428e-12, 1.66964653908e-11, 4.10205886186e-13, 1.35906571912e-13, 7.57521690232e-14, 5.79304128539e-15, 2.45080529899e-14, 2.39471291375e-14, 2.32520073142e-15, 1.23616782416e-15, 1.01261857108e-15, 3.51820269779e-16, 4.72402821359e-16, 5.33280455707e-16, 2.3581248359e-17, 7.34854683047e-18, 2.29539360892e-17, 4.50836388103e-19]
    },
    "mfcc": {
        "mean": [-833.3515625, 230.082427979, -8.28840923309, -34.9012374878, -20.2747974396, -16.7790699005, -7.52045106888, 2.02678537369, -0.0586112625897, -5.0129108429, -0.026625322178, 3.87463259697, -2.18380236626],
        "cov": [[5894.75830078, 1592.06420898, -2412.60766602, 40.3063468933, -157.353042603, -494.637237549, -401.074554443, -161.00970459, -53.0215415955, 75.4136734009, 174.774108887, 65.350227356, -170.634780884], [1592.06420898, 1441.20947266, -30.1887588501, -74.9831848145, 184.880905151, -92.5577392578, -141.491577148, -95.4555969238, -30.4950885773, -44.9044303894, -15.4735918045, 33.1893539429, 33.8800621033], [-2412.60766602, -30.1887588501, 1963.33422852, 359.964385986, 264.016296387, 336.899536133, 103.447052002, -10.6207170486, -22.8851394653, -18.6096248627, -78.1792907715, -34.4542198181, 151.521728516], [40.3063468933, -74.9831848145, 359.964385986, 571.458190918, 156.011077881, 26.2558403015, -53.1912765503, -97.698600769, -21.643655777, 76.5404052734, 54.6064682007, 1.71613109112, 33.6189575195], [-157.353042603, 184.880905151, 264.016296387, 156.011077881, 258.949066162, 70.2904205322, -25.6912555695, -12.3908901215, -4.02826070786, -13.8073272705, -21.7990322113, 3.62012219429, 48.2343940735], [-494.637237549, -92.5577392578, 336.899536133, 26.2558403015, 70.2904205322, 220.476745605, 111.761604309, 49.141910553, 24.1897850037, -33.0748634338, -49.0853652954, -16.3245582581, 31.6793308258], [-401.074554443, -141.491577148, 103.447052002, -53.1912765503, -25.6912555695, 111.761604309, 196.731582642, 103.603378296, 17.3064670563, -22.8244876862, -35.8598327637, -9.42925548553, -3.3784763813], [-161.00970459, -95.4555969238, -10.6207170486, -97.698600769, -12.3908901215, 49.141910553, 103.603378296, 167.667556763, 41.2041740417, -42.0247306824, -19.772310257, -15.2139453888, -19.909154892], [-53.0215415955, -30.4950885773, -22.8851394653, -21.643655777, -4.02826070786, 24.1897850037, 17.3064670563, 41.2041740417, 95.9644470215, 31.7294635773, -1.75620758533, -0.39241039753, -13.4044589996], [75.4136734009, -44.9044303894, -18.6096248627, 76.5404052734, -13.8073272705, -33.0748634338, -22.8244876862, -42.0247306824, 31.7294635773, 139.972457886, 80.4331588745, 3.97556376457, -17.5804615021], [174.774108887, -15.4735918045, -78.1792907715, 54.6064682007, -21.7990322113, -49.0853652954, -35.8598327637, -19.772310257, -1.75620758533, 80.4331588745, 134.927642822, 36.4471817017, -24.1255607605], [65.350227356, 33.1893539429, -34.4542198181, 1.71613109112, 3.62012219429, -16.3245582581, -9.42925548553, -15.2139453888, -0.39241039753, 3.97556376457, 36.4471817017, 100.45110321, 46.8125305176], [-170.634780884, 33.8800621033, 151.521728516, 33.6189575195, 48.2343940735, 31.6793308258, -3.3784763813, -19.909154892, -13.4044589996, -17.5804615021, -24.1255607605, 46.8125305176, 150.114700317]],
