{
"lowlevel": {
    "average_loudness": 0.812577962875,
    "barkbands_crest": {
        "dmean": 3.33783888817,
        "dmean2": 4.98541259766,
        "dvar": 16.6860160828,
        "dvar2": 28.1967906952,
        "max": 26.9190616608,
        "mean": 13.3235569,
        "median": 10.893901825,
        "min": 2.01937603951,
        "var": 52.8097915649
    },
    "barkbands_flatness_db": {
        "dmean": 0.0393170751631,
        "dmean2": 0.0529860258102,
        "dvar": 0.0029653783422,
        "dvar2": 0.00458439951763,
        "max": 0.652492880821,
        "mean": 0.148558154702,
        "median": 0.109185889363,
        "min": 0.015424432233,
        "var": 0.0103131020442
    },
    "barkbands_kurtosis": {
        "dmean": 26.228105545,
        "dmean2": 39.5111579895,
        "dvar": 8916.45605469,
        "dvar2": 22617.3925781,
        "max": 2785.6887207,
        "mean": 35.7178916931,
        "median": 2.47214865685,
        "min": -1.77722847462,
        "var": 10135.3828125
    },
    "barkbands_skewness": {
        "dmean": 1.47516560555,
        "dmean2": 1.95168745518,
        "dvar": 5.75197982788,
        "dvar2": 10.1965579987,
        "max": 48.7492332458,
        "mean": 3.62864089012,
        "median": 1.85327029228,
        "min": -1.52412009239,
        "var": 16.4764766693
    },
    "barkbands_spread": {
        "dmean": 11.1820049286,
        "dmean2": 16.0655326843,
        "dvar": 226.518112183,
        "dvar2": 362.659790039,
        "max": 99.195098877,
        "mean": 31.6077289581,
        "median": 28.4775619507,
        "min": 0.0317474640906,
        "var": 603.805908203
    },
    "dissonance": {
        "dmean": 0.0140744959936,
        "dmean2": 0.0233867671341,
        "dvar": 0.000212477767491,
        "dvar2": 0.000495464715641,
        "max": 0.500000059605,
        "mean": 0.470335483551,
        "median": 0.473999977112,
        "min": 0.170238390565,
        "var": 0.000464695622213
    },
    "dynamic_complexity": 1.88560247421,
    "erbbands_crest": {
        "dmean": 2.13228440285,
        "dmean2": 3.27010750771,
        "dvar": 4.87354755402,
        "dvar2": 10.2422742844,
        "max": 28.6955833435,
        "mean": 7.089012146,
        "median": 6.16853237152,
        "min": 1.99847722054,
        "var": 14.1076641083
    },
    "erbbands_flatness_db": {
        "dmean": 0.0135094672441,
        "dmean2": 0.019810019061,
        "dvar": 0.000383536389563,
        "dvar2": 0.000787817523815,
        "max": 0.372366577387,
        "mean": 0.101981073618,
        "median": 0.0839653909206,
        "min": 0.0256572756916,
        "var": 0.00285112671554
    },
    "erbbands_kurtosis": {
        "dmean": 1.21067893505,
        "dmean2": 2.10211372375,
        "dvar": 95.4540863037,
        "dvar2": 275.338317871,
        "max": 267.749389648,
        "mean": -0.235491812229,
        "median": -0.979041576385,
        "min": -1.85555922985,
        "var": 59.8400001526
    },
    "erbbands_skewness": {
        "dmean": 0.362617701292,
        "dmean2": 0.539413332939,
        "dvar": 0.396343201399,
        "dvar2": 0.994320809841,
        "max": 13.5986719131,
        "mean": 0.181208118796,
        "median": 0.120988614857,
        "min": -2.40563464165,
        "var": 0.630780756474
    },
    "erbbands_spread": {
        "dmean": 11.2442827225,
        "dmean2": 16.7200069427,
        "dvar": 151.041046143,
        "dvar2": 336.848693848,
        "max": 179.109024048,
        "mean": 72.1199874878,
        "median": 75.0973815918,
        "min": 1.26836836338,
        "var": 679.265197754
    },
    "hfc": {
        "dmean": 21.7865867615,
        "dmean2": 32.6694564819,
        "dvar": 931.052490234,
        "dvar2": 2308.93212891,
        "max": 377.914154053,
        "mean": 43.8626976013,
        "median": 29.9343147278,
        "min": 9.9442210022e-10,
        "var": 1338.38439941
    },
    "melbands_crest": {
        "dmean": 3.68392515182,
        "dmean2": 5.88243293762,
        "dvar": 16.5627422333,
        "dvar2": 34.525062561,
        "max": 39.7235870361,
        "mean": 18.4346256256,
        "median": 16.9290809631,
        "min": 2.92420959473,
        "var": 47.0520095825
    },
    "melbands_flatness_db": {
        "dmean": 0.0477579943836,
        "dmean2": 0.0636459439993,
        "dvar": 0.00412273267284,
        "dvar2": 0.00661380961537,
        "max": 0.812485694885,
        "mean": 0.23292838037,
        "median": 0.190858125687,
        "min": 0.0154367983341,
        "var": 0.0144154634327
    },
    "melbands_kurtosis": {
        "dmean": 42.9530525208,
        "dmean2": 59.7636413574,
        "dvar": 12501.6835938,
        "dvar2": 30617.6347656,
        "max": 7224.18164062,
        "mean": 83.1627044678,
        "median": 20.8567123413,
        "min": -1.24856996536,
        "var": 20892.1464844
    },
    "melbands_skewness": {
        "dmean": 1.69067645073,
        "dmean2": 2.37440538406,
        "dvar": 6.10340547562,
        "dvar2": 11.1693716049,
        "max": 73.94140625,
        "mean": 5.90476369858,
        "median": 4.10666370392,
        "min": -0.20242883265,
        "var": 19.9311752319
    },
    "melbands_spread": {
        "dmean": 8.84019851685,
        "dmean2": 13.1176891327,
        "dvar": 153.674224854,
        "dvar2": 325.008270264,
        "max": 138.582611084,
        "mean": 20.2605895996,
        "median": 17.6822299957,
        "min": 0.0878356546164,
        "var": 302.728759766
    },
    "pitch_salience": {
        "dmean": 0.102731093764,
        "dmean2": 0.150266900659,
        "dvar": 0.014889751561,
        "dvar2": 0.0249905847013,
        "max": 0.916230857372,
        "mean": 0.435978919268,
        "median": 0.488777309656,
        "min": 0.0145871657878,
        "var": 0.0419976115227
    },
    "silence_rate_20dB": {
        "dmean": 0.0604284405708,
        "dmean2": 0.120865315199,
        "dvar": 0.0567832924426,
        "dvar2": 0.117428861558,
        "max": 1,
        "mean": 0.922760248184,
        "median": 1,
        "min": 0,
        "var": 0.0712785422802
    },
    "silence_rate_30dB": {
        "dmean": 0.0933640375733,
        "dmean2": 0.186741098762,
        "dvar": 0.0846471488476,
        "dvar2": 0.158581137657,
        "max": 1,
        "mean": 0.724044084549,
        "median": 1,
        "min": 0,
        "var": 0.199812680483
    },
    "silence_rate_60dB": {
        "dmean": 0.00279115210287,
        "dmean2": 0.00551290996373,
        "dvar": 0.00278320140205,
        "dvar2": 0.00659918505698,
        "max": 1,
        "mean": 0.00662852358073,
        "median": 0,
        "min": 0,
        "var": 0.00658634863794
    },
    "spectral_centroid": {
        "dmean": 320.392669678,
        "dmean2": 461.733642578,
        "dvar": 122039.90625,
        "dvar2": 213446.25,
        "max": 11054.8984375,
        "mean": 1394.82678223,
        "median": 1358.99389648,
        "min": 69.0293807983,
        "var": 415176.03125
    },
    "spectral_complexity": {
        "dmean": 5.05435752869,
        "dmean2": 7.4579205513,
        "dvar": 30.391992569,
        "dvar2": 53.1942176819,
        "max": 55,
        "mean": 19.904548645,
        "median": 19,
        "min": 0,
        "var": 65.5932159424
    },
    "spectral_decrease": {
        "dmean": 9.72311298142e-09,
        "dmean2": 1.20429444195e-08,
        "dvar": 2.4421206596e-16,
        "dvar2": 2.87380517781e-16,
        "max": -1.42386924573e-21,
        "mean": -2.56392524989e-08,
        "median": -9.24261023272e-09,
        "min": -1.81676853117e-07,
        "var": 1.08115370091e-15
    },
    "spectral_energy": {
        "dmean": 0.03714036569,
        "dmean2": 0.0470350533724,
        "dvar": 0.00346053182147,
        "dvar2": 0.00421579973772,
        "max": 0.689670622349,
        "mean": 0.10074672848,
        "median": 0.0398706197739,
        "min": 9.55709984892e-14,
        "var": 0.0154093895108
    },
    "spectral_energyband_high": {
        "dmean": 0.0019227664452,
        "dmean2": 0.00279755052179,
        "dvar": 8.17164800537e-06,
        "dvar2": 1.83924767043e-05,
        "max": 0.0342491008341,
        "mean": 0.00308288959786,
        "median": 0.00179806957021,
        "min": 7.07839684219e-14,
        "var": 1.3669476175e-05
    },
    "spectral_energyband_low": {
        "dmean": 0.036103669554,
        "dmean2": 0.0438777059317,
        "dvar": 0.00401022098958,
        "dvar2": 0.00434345006943,
        "max": 0.684974551201,
        "mean": 0.0830838531256,
        "median": 0.0176235958934,
        "min": 1.9890613973e-16,
        "var": 0.0162813533098
    },
    "spectral_energyband_middle_high": {
        "dmean": 0.00178421859164,
        "dmean2": 0.00262827891856,
        "dvar": 6.93417814546e-06,
        "dvar2": 1.42875642268e-05,
        "max": 0.0476630814373,
        "mean": 0.00377297471277,
        "median": 0.00249825790524,
        "min": 1.23743932649e-14,
        "var": 1.22080591609e-05
    },
    "spectral_energyband_middle_low": {
        "dmean": 0.00779380323365,
        "dmean2": 0.0122717749327,
        "dvar": 0.000181166949915,
        "dvar2": 0.000376549374778,
        "max": 0.143147811294,
        "mean": 0.0125512834638,
        "median": 0.00846956297755,
        "min": 6.44554464598e-15,
        "var": 0.000203625299037
    },
    "spectral_entropy": {
        "dmean": 0.215943261981,
        "dmean2": 0.303847402334,
        "dvar": 0.101980015635,
        "dvar2": 0.194015130401,
        "max": 9.79306697845,
        "mean": 7.80952787399,
        "median": 7.89130210876,
        "min": 4.2409362793,
        "var": 0.31366071105
    },
    "spectral_flux": {
        "dmean": 0.0699615851045,
        "dmean2": 0.0990955010056,
        "dvar": 0.00742112798616,
        "dvar2": 0.0140484459698,
        "max": 0.692075550556,
        "mean": 0.14348629117,
        "median": 0.0913940221071,
        "min": 6.99229394741e-06,
        "var": 0.0152777293697
    },
    "spectral_kurtosis": {
        "dmean": 1.11834454536,
        "dmean2": 1.76857209206,
        "dvar": 8.53743457794,
        "dvar2": 21.2162303925,
        "max": 60.021446228,
        "mean": 2.71863794327,
        "median": 2.3185095787,
        "min": -1.17995834351,
        "var": 14.1167764664
    },
    "spectral_rms": {
        "dmean": 0.00176400167402,
        "dmean2": 0.0023683141917,
        "dvar": 5.33780121259e-06,
        "dvar2": 7.47720741856e-06,
        "max": 0.0259393397719,
        "mean": 0.00843126233667,
        "median": 0.00623683910817,
        "min": 9.6560857088e-09,
        "var": 2.72033175861e-05
    },
    "spectral_rolloff": {
        "dmean": 1328.97924805,
        "dmean2": 2100.89892578,
        "dvar": 4691327.5,
        "dvar2": 9211918,
        "max": 17657.2265625,
        "mean": 2128.99975586,
        "median": 947.4609375,
        "min": 21.533203125,
        "var": 7708720
    },
    "spectral_skewness": {
        "dmean": 0.180810853839,
        "dmean2": 0.267939507961,
        "dvar": 0.0966575890779,
        "dvar2": 0.208372995257,
        "max": 6.61749887466,
        "mean": 1.28014111519,
        "median": 1.26070213318,
        "min": -0.0234793815762,
        "var": 0.225210219622
    },
    "spectral_spread": {
        "dmean": 826549.5625,
        "dmean2": 1192710.5,
        "dvar": 1.16548278682e+12,
        "dvar2": 1.92572397978e+12,
        "max": 40860304,
        "mean": 7137655,
        "median": 7619950,
        "min": 1493496,
        "var": 6.47265255424e+12
    },
    "spectral_strongpeak": {
        "dmean": 0.287506341934,
        "dmean2": 0.421278834343,
        "dvar": 0.15808147192,
        "dvar2": 0.369524568319,
        "max": 7.34814929962,
        "mean": 0.719374716282,
        "median": 0.553298056126,
        "min": 0,
        "var": 0.360607743263
    },
    "zerocrossingrate": {
        "dmean": 0.0234515033662,
        "dmean2": 0.025602394715,
        "dvar": 0.00078161113197,
        "dvar2": 0.000881117826793,
        "max": 0.48291015625,
        "mean": 0.0788645073771,
        "median": 0.0703125,
        "min": 0,
        "var": 0.00350973359309
    },
    "barkbands": {
        "dmean": [0.00065623561386, 0.0348394401371, 0.00968400202692, 0.00357010355219, 0.00380727648735, 0.00186643749475, 0.00110442715231, 0.000596290512476, 0.00074218318332, 0.000344246160239, 0.000361679907655, 0.00033085924224, 0.000269371346803, 0.000338243233273, 0.000251974561252, 0.000225143798161, 0.000217145599891, 0.000171249892446, 0.000180386588909, 0.000160583324032, 0.000173967389856, 0.000217149427044, 0.000347805034835, 0.000323496991768, 0.000422525394242, 0.000320428138366, 0.00017461317475],
        "dmean2": [0.00114271324128, 0.046958822757, 0.0170703753829, 0.00651152106002, 0.0067228297703, 0.00325590046123, 0.00172652630135, 0.000922111154068, 0.00118691322859, 0.000569618365262, 0.000556909129955, 0.00051757064648, 0.000421789329266, 0.000540119770449, 0.000410252891015, 0.000367114931578, 0.000362619262887, 0.000281358807115, 0.000283026136458, 0.000254135025898, 0.000272959761787, 0.000335643533617, 0.000515011954121, 0.000485462485813, 0.000636985234451, 0.000493116676807, 0.000283673463855],
        "dvar": [1.21804771425e-06, 0.00495827989653, 0.000564536021557, 9.1525784228e-05, 8.4631392383e-05, 1.42862381836e-05, 3.41943473359e-06, 1.13603869067e-06, 1.76834885224e-06, 6.24891015377e-07, 3.58214919061e-07, 4.84640963805e-07, 2.96687801438e-07, 5.16711224918e-07, 1.60185791742e-07, 1.10716264601e-07, 1.29153761463e-07, 8.45447587494e-08, 9.10274806643e-08, 6.05814207688e-08, 6.43039399506e-08, 1.30611752525e-07, 3.76561899884e-07, 2.2863257243e-07, 4.9923755796e-07, 2.56829025602e-07, 1.81374318231e-07],
        "dvar2": [3.37807273354e-06, 0.00604433659464, 0.00152109388728, 0.000261769338977, 0.000241164365434, 4.02120749641e-05, 8.47266983328e-06, 2.59244802692e-06, 4.32314618592e-06, 1.46379909438e-06, 8.59795704855e-07, 1.10492112526e-06, 6.74633895414e-07, 1.18825698792e-06, 3.6683039184e-07, 2.69647614459e-07, 3.29710019287e-07, 2.01582111004e-07, 2.22643606662e-07, 1.42295760952e-07, 1.54244062855e-07, 2.76819065448e-07, 8.55815017076e-07, 4.80476785469e-07, 1.12368775262e-06, 6.06130015512e-07, 4.77941853205e-07],
        "max": [0.0149443279952, 0.67663192749, 0.253083527088, 0.128059148788, 0.0861301571131, 0.0421826094389, 0.0447651930153, 0.0231896154583, 0.0287998989224, 0.0156586822122, 0.00954858306795, 0.0126444855705, 0.0142567418516, 0.0182422827929, 0.00614896742627, 0.00476261926815, 0.00537417363375, 0.0109170144424, 0.0058505111374, 0.00505924178287, 0.00607352750376, 0.011093785055, 0.00624090991914, 0.00448112236336, 0.00653200689703, 0.00474384380504, 0.00623284140602],
        "mean": [0.000893268617801, 0.0714008584619, 0.00908617023379, 0.00318354624324, 0.00400852831081, 0.00197307299823, 0.00165532971732, 0.000799831235781, 0.00084230187349, 0.000363906408893, 0.000527943193447, 0.000430831918493, 0.000359097437467, 0.000457373505924, 0.000336479919497, 0.000327549409121, 0.000300523563055, 0.000273373239907, 0.000305015681079, 0.000281696819002, 0.000314528791932, 0.000413469475461, 0.000518210406881, 0.000514565443154, 0.000595682358835, 0.00039710017154, 0.000186878300156],
        "median": [0.000361438142136, 0.00872390531003, 0.00260109966621, 0.00113636045717, 0.00210426887497, 0.000811059493572, 0.000637232675217, 0.000264169444563, 0.00029079025262, 0.000112492227345, 0.00025028330856, 0.000179401075002, 0.000167587248143, 0.000205295276828, 0.000179523834959, 0.000183080381248, 0.000176109460881, 0.000169478851603, 0.000218279892579, 0.000197126733838, 0.000233682105318, 0.00023296038853, 0.000274819030892, 0.000282734632492, 0.000254781974945, 0.000149614672409, 5.26409057784e-05],
        "min": [1.89173625287e-17, 8.85333461023e-17, 7.24287285285e-17, 4.82426258532e-17, 1.96192868207e-16, 6.03026472073e-16, 1.80032024851e-15, 1.64152804068e-15, 1.85234014169e-15, 7.0358754706e-16, 3.82821940347e-16, 5.75715588755e-16, 1.62850808549e-15, 2.87785584819e-15, 2.62153181988e-15, 6.32204798342e-16, 5.39537541028e-16, 8.14423661093e-16, 4.48213995605e-16, 2.09126293688e-15, 3.17380725413e-15, 6.29263359966e-15, 9.23032216117e-15, 7.72144646805e-15, 9.4253057575e-15, 1.50419549727e-14, 2.11428673234e-14],
        "var": [1.50678749833e-06, 0.0159204304218, 0.000399299722631, 5.66596063436e-05, 5.68469622522e-05, 1.09371740109e-05, 6.98688245393e-06, 2.01751458917e-06, 2.2056653961e-06, 7.16478325558e-07, 6.03594742188e-07, 6.58475869386e-07, 3.67458568462e-07, 7.26160010345e-07, 2.25871147563e-07, 1.59833092539e-07, 1.48893292362e-07, 1.14145223051e-07, 1.18524454251e-07, 8.39429930011e-08, 9.57394661327e-08, 4.27504431855e-07, 5.24327504081e-07, 4.03302522045e-07, 7.65942047565e-07, 3.40306996804e-07, 1.61553401767e-07]
    },
    "erbbands": {
        "dmean": [1.14599788189, 7.39454221725, 11.4816703796, 10.5670080185, 12.3501787186, 12.634967804, 16.9846439362, 13.1170768738, 12.9823493958, 17.5666007996, 13.4424753189, 14.0558986664, 13.8398599625, 11.6437368393, 12.5526208878, 12.5977230072, 11.5768260956, 15.6042156219, 11.8401184082, 15.0602865219, 11.7737092972, 12.9384317398, 8.8866519928, 8.09585285187, 9.26448440552, 6.82407140732, 7.41841220856, 7.7948217392, 7.65500974655, 9.03514575958, 8.87042140961, 6.89124155045, 5.7286567688, 5.12516975403, 2.81499814987, 1.61342084408, 0.516448318958, 0.175717040896, 0.0285523775965, 0.00139824487269],
        "dmean2": [1.48370492458, 10.808552742, 19.7384109497, 18.312713623, 22.0436058044, 22.7310428619, 30.1614551544, 22.6338233948, 19.8704299927, 27.5391292572, 20.4353675842, 22.8512516022, 23.1897544861, 18.3978996277, 19.3119697571, 19.5560321808, 18.0614204407, 24.8143310547, 19.3927574158, 24.6151504517, 19.3345031738, 21.6777915955, 14.5837001801, 13.0362014771, 14.3696470261, 10.8431539536, 11.5629043579, 12.1750173569, 11.5884466171, 13.8294429779, 13.2116832733, 10.0907669067, 8.94850444794, 7.48854064941, 4.64264249802, 2.49480271339, 0.802454650402, 0.280392616987, 0.0458798408508, 0.00227042566985],
        "dvar": [5.14014863968, 255.043182373, 638.565979004, 709.006164551, 939.225891113, 1009.24389648, 1497.08227539, 636.515808105, 531.888916016, 1067.35717773, 542.456787109, 652.662536621, 803.155456543, 411.967132568, 435.05770874, 686.23815918, 437.49520874, 1292.97644043, 386.062164307, 628.583190918, 306.504577637, 512.467529297, 192.464492798, 208.514663696, 213.392333984, 122.623283386, 160.270004272, 114.525039673, 253.569564819, 252.284912109, 204.623748779, 102.123977661, 77.3595733643, 74.2291030884, 22.9161300659, 6.72729682922, 0.664612650871, 0.139169976115, 0.00453128665686, 1.38595687531e-05],
        "dvar2": [6.40503120422, 352.027526855, 1639.10510254, 1899.37658691, 2697.16870117, 2930.20825195, 4296.97851562, 1759.14709473, 1220.80224609, 2666.2265625, 1228.49523926, 1652.16760254, 2042.76745605, 987.984741211, 1069.5057373, 1600.67456055, 973.618103027, 2972.37207031, 928.34765625, 1445.3770752, 783.401672363, 1324.91809082, 442.285461426, 522.38684082, 464.55267334, 264.739624023, 381.440429688, 279.359558105, 525.063659668, 575.73651123, 439.427490234, 199.856109619, 170.072952271, 162.047805786, 54.9654006958, 16.3155784607, 1.5702123642, 0.366773873568, 0.0116293644533, 3.53122632077e-05],
        "max": [22.8558712006, 151.614181519, 245.351028442, 420.712982178, 292.695037842, 305.85546875, 385.915222168, 385.27645874, 800.77722168, 647.360656738, 504.7215271, 486.157012939, 543.98815918, 320.840545654, 340.932128906, 623.361083984, 598.526062012, 1039.51428223, 343.654022217, 323.115142822, 272.684356689, 382.415100098, 414.123138428, 362.260192871, 304.571350098, 245.989181519, 383.86907959, 203.204788208, 622.537719727, 160.694564819, 143.051452637, 100.687355042, 82.3521881104, 77.3703994751, 45.0815505981, 23.7447052002, 9.19742488861, 5.09709072113, 0.983985960484, 0.0566440746188],
        "mean": [2.10934972763, 15.7247114182, 14.0960969925, 10.7623138428, 12.5260353088, 12.4269285202, 16.7791843414, 14.2861061096, 19.5699901581, 25.8266143799, 18.8452453613, 15.482872963, 14.1781826019, 15.6445417404, 18.5939693451, 17.089263916, 16.3659801483, 21.6038455963, 17.0529384613, 20.8126964569, 17.9404296875, 18.3595523834, 14.8912143707, 14.0853099823, 16.5985889435, 12.4638595581, 12.9589262009, 13.5426902771, 15.0769386292, 14.560833931, 13.6143789291, 11.0978422165, 8.74686527252, 7.16553974152, 3.9711356163, 2.03144097328, 0.621893644333, 0.194743841887, 0.0314244888723, 0.00159980426542],
        "median": [0.243208676577, 1.85342884064, 5.69494628906, 4.1088218689, 5.61946868896, 5.09097576141, 6.67882156372, 6.05966091156, 7.79199123383, 9.05512905121, 7.35954332352, 5.6369934082, 4.97694301605, 7.67114257812, 8.70420074463, 7.53102874756, 8.2894115448, 9.16801452637, 9.04182434082, 11.7205448151, 10.386133194, 10.9257125854, 9.11088943481, 9.29573249817, 12.1482620239, 8.72604751587, 8.98631668091, 9.58323287964, 8.16475868225, 8.7857208252, 7.28056716919, 5.74334383011, 4.82998228073, 2.96846795082, 1.82041585445, 0.854741096497, 0.208054274321, 0.0562228374183, 0.00992684159428, 0.000433760345913],
        "min": [2.42864568889e-15, 2.06851171662e-14, 7.56867780797e-14, 1.38101837366e-13, 2.44729339875e-13, 7.44767583109e-13, 2.01748925725e-12, 6.26500760992e-12, 1.97440137156e-11, 3.41072725618e-11, 3.6837827927e-11, 4.27392253532e-11, 3.12154885274e-11, 1.18927654183e-11, 2.46163089912e-11, 2.55534638588e-11, 7.0088941595e-11, 1.08901172802e-10, 1.72109645979e-10, 1.03839818688e-10, 2.81464834079e-11, 3.38688140034e-11, 4.75977174341e-11, 2.1639733408e-11, 4.10885943325e-11, 1.05853652232e-10, 1.353182566e-10, 1.29449562181e-10, 2.44919445835e-10, 2.04269393067e-10, 3.00283964361e-10, 1.58675239614e-10, 1.16876341938e-10, 4.38012404125e-11, 1.07416693595e-10, 3.2883459844e-11, 2.84973798031e-11, 1.78511840726e-11, 2.89945715007e-12, 2.90233305054e-13],
        "var": [15.6678323746, 747.746643066, 568.627990723, 516.109924316, 620.782470703, 646.759399414, 983.08996582, 524.67199707, 1104.46960449, 2135.13500977, 1046.96057129, 695.924255371, 776.53302002, 543.500549316, 734.351074219, 925.246154785, 573.618469238, 1771.98706055, 575.245422363, 801.618347168, 459.765930176, 560.257629395, 289.910797119, 260.980163574, 318.109924316, 181.434906006, 221.290817261, 187.105545044, 922.312927246, 353.368835449, 322.78012085, 198.575134277, 121.895965576, 117.732551575, 31.7494983673, 8.68427467346, 0.880643844604, 0.132716596127, 0.00419698096812, 1.30844255182e-05]
    },
    "gfcc": {
        "mean": [51.0738563538, 49.9140472412, -78.7653121948, 36.295955658, -43.7588653564, 17.1574497223, -29.5191841125, 9.01260662079, -16.5904445648, 6.7893986702, -11.871380806, 2.66303682327, -11.0667123795],
        "cov": [[4132.26464844, -1285.54516602, 1067.69812012, -39.1678085327, -292.423522949, 337.584838867, -246.973419189, 86.9399261475, -269.440216064, 36.4191894531, -207.085617065, 3.08570933342, -116.439865112], [-1285.54516602, 2408.30737305, -274.182403564, 610.47052002, 769.760925293, -61.5432319641, 404.456939697, -118.355613708, 188.634185791, -198.146987915, 32.8960189819, -179.901580811, 43.1268997192], [1067.69812012, -274.182403564, 1828.17089844, 424.532104492, 300.323120117, 429.033660889, 105.949630737, 112.741722107, -118.476142883, -14.6798353195, -54.2668037415, 15.2572031021, 79.4949951172], [-39.1678085327, 610.47052002, 424.532104492, 607.383728027, 376.874023438, 200.972213745, 167.980178833, 13.3641090393, 19.5497150421, -57.5930747986, -0.00921255256981, -68.7263183594, 6.87066936493], [-292.423522949, 769.760925293, 300.323120117, 376.874023438, 594.553894043, 180.030654907, 254.852096558, 21.6226387024, 66.1164093018, -62.2060279846, 10.0192546844, -52.0998535156, 35.6298179626], [337.584838867, -61.5432319641, 429.033660889, 200.972213745, 180.030654907, 291.106567383, 96.954284668, 78.5419998169, -20.1526222229, -5.05534267426, -13.793387413, 2.28052687645, 25.3343372345], [-246.973419189, 404.456939697, 105.949630737, 167.980178833, 254.852096558, 96.954284668, 220.932907104, 60.0658073425, 72.7599487305, -27.6553325653, 24.9850826263, -22.9925479889, 27.4023666382], [86.9399261475, -118.355613708, 112.741722107, 13.3641090393, 21.6226387024, 78.5419998169, 60.0658073425, 116.657188416, 45.7250556946, 32.8453712463, 7.49216794968, 13.3066062927, 3.39534640312], [-269.440216064, 188.634185791, -118.476142883, 19.5497150421, 66.1164093018, -20.1526222229, 72.7599487305, 45.7250556946, 120.934143066, 45.9446411133, 48.702545166, -2.08550214767, 11.3050394058], [36.4191894531, -198.146987915, -14.6798353195, -57.5930747986, -62.2060279846, -5.05534267426, -27.6553325653, 32.8453712463, 45.9446411133, 100.294059753, 55.3991088867, 39.5133132935, 5.01553869247], [-207.085617065, 32.8960189819, -54.2668037415, -0.00921255256981, 10.0192546844, -13.793387413, 24.9850826263, 7.49216794968, 48.702545166, 55.3991088867, 103.635314941, 54.3569831848, 33.482460022], [3.08570933342, -179.901580811, 15.2572031021, -68.7263183594, -52.0998535156, 2.28052687645, -22.9925479889, 13.3066062927, -2.08550214767, 39.5133132935, 54.3569831848, 101.523551941, 62.9372329712], [-116.439865112, 43.1268997192, 79.4949951172, 6.87066936493, 35.6298179626, 25.3343372345, 27.4023666382, 3.39534640312, 11.3050394058, 5.01553869247, 33.482460022, 62.9372329712, 104.827163696]],
        "icov": [[0.000424042867962, -3.70017442037e-05, -0.00018523124163, 4.69814222015e-05, 0.000190552615095, -0.000423835299443, 0.000155709552928, -1.13375244837e-05, 0.000350552028976, -0.00053527939599, 0.000826688483357, -0.000502611685079, 0.000646478205454], [-3.70017442037e-05, 0.00199680030346, 0.000295582838589, -0.00103189167567, -0.00134346017148, 0.00138423265889, -0.00096638139803, 0.0016926311655, -0.00226032244973, 0.00276965647936, -0.00113685592078, 0.00200539152138, -0.00142889015842], [-0.00018523124163, 0.000295582838589, 0.0012038431596, -0.000645349966362, -0.000576729129534, -0.000210992802749, -0.000106544350274, -0.00083738315152, 0.00153768598102, -0.000634578580502, -0.000136880931677, 0.0010675432859, -0.00162868527696], [4.69814222015e-05, -0.00103189167567, -0.000645349966362, 0.004120554775, -0.00054279709002, -0.00224909884855, 0.000819065491669, 2.60400665866e-05, 0.000319733604556, 0.00016661992413, -0.0015283585526, 0.00118607783224, 0.00094274058938], [0.000190552615095, -0.00134346017148, -0.000576729129534, -0.00054279709002, 0.00606327550486, -0.00257582683116, -0.00360619160347, 0.00236754491925, -0.00100012344774, -0.00110922555905, 0.00201976299286, -0.0022413386032, 0.00152645050548], [-0.000423835299443, 0.00138423265889, -0.000210992802749, -0.00224909884855, -0.00257582683116, 0.0101255094633, -0.00229823798873, -0.0044013527222, 0.00406465074047, -0.00102720037103, -0.000385531748179, 0.00207781721838, -0.00307469395921], [0.000155709552928, -0.00096638139803, -0.000106544350274, 0.000819065491669, -0.00360619160347, -0.00229823798873, 0.0166070070118, -0.00783089362085, -0.00397287029773, 0.00724055990577, -0.00595766538754, 0.00312307826243, -0.00159884907771], [-1.13375244837e-05, 0.0016926311655, -0.00083738315152, 2.60400665866e-05, 0.00236754491925, -0.0044013527222, -0.00783089362085, 0.0229817815125, -0.0125271519646, -0.000680787896272, 0.00673394929618, -0.00696402788162, 0.00489984406158], [0.000350552028976, -0.00226032244973, 0.00153768598102, 0.000319733604556, -0.00100012344774, 0.00406465074047, -0.00397287029773, -0.0125271519646, 0.0309359095991, -0.0170291773975, -0.00346283591352, 0.00879690703005, -0.00576288672164], [-0.00053527939599, 0.00276965647936, -0.000634578580502, 0.00016661992413, -0.00110922555905, -0.00102720037103, 0.00724055990577, -0.000680787896272, -0.0170291773975, 0.0329442732036, -0.0139220561832, -0.00121878588106, 0.00292966444977], [0.000826688483357, -0.00113685592078, -0.000136880931677, -0.0015283585526, 0.00201976299286, -0.000385531748179, -0.00595766538754, 0.00673394929618, -0.00346283591352, -0.0139220561832, 0.0289096813649, -0.017107013613, 0.00441239867359], [-0.000502611685079, 0.00200539152138, 0.0010675432859, 0.00118607783224, -0.0022413386032, 0.00207781721838, 0.00312307826243, -0.00696402788162, 0.00879690703005, -0.00121878588106, -0.017107013613, 0.0367574840784, -0.0200969465077], [0.000646478205454, -0.00142889015842, -0.00162868527696, 0.00094274058938, 0.00152645050548, -0.00307469395921, -0.00159884907771, 0.00489984406158, -0.00576288672164, 0.00292966444977, 0.00441239867359, -0.0200969465077, 0.0236402675509]]
    },
    "melbands": {
        "dmean": [0.0103501360863, 0.00634589232504, 0.00176335079595, 0.000881758343894, 0.000575957004912, 0.000305956200464, 0.000203434945433, 0.000177421621629, 0.000114712835057, 9.13736512302e-05, 7.03466139385e-05, 4.70625745947e-05, 4.77188732475e-05, 3.71602181986e-05, 3.70653579012e-05, 2.63896035904e-05, 2.86760441668e-05, 2.07562388823e-05, 2.31223439187e-05, 1.6510448404e-05, 1.45061176227e-05, 1.4675912098e-05, 7.53673157305e-06, 9.3471380751e-06, 6.51122400086e-06, 8.41857126943e-06, 5.85369298278e-06, 4.63720061816e-06, 4.85892542201e-06, 4.46635158369e-06, 4.88568775836e-06, 4.89771946377e-06, 3.45290550285e-06, 6.191139164e-06, 5.08847642777e-06, 4.87555780637e-06, 4.54754763268e-06, 4.37364269601e-06, 3.83138876714e-06, 4.58111708213e-06],
        "dmean2": [0.0133457174525, 0.0101139200851, 0.00297281052917, 0.00157921889331, 0.00101926317438, 0.000527204712853, 0.000315173965646, 0.000276064383797, 0.000174813423655, 0.000150305859279, 0.000117654621135, 7.49089813326e-05, 7.36495567253e-05, 5.73732686462e-05, 5.81175991101e-05, 4.21688273491e-05, 4.58497052023e-05, 3.45929438481e-05, 3.79841949325e-05, 2.69624815701e-05, 2.42516143771e-05, 2.48487358476e-05, 1.25199585455e-05, 1.54914414452e-05, 1.05768285721e-05, 1.31819060698e-05, 9.47552962316e-06, 7.41237681723e-06, 7.59916019888e-06, 7.13897998139e-06, 7.86985128798e-06, 7.44779754314e-06, 5.63647381568e-06, 9.6200774351e-06, 7.76957767812e-06, 6.96870711181e-06, 6.90181923346e-06, 6.84726774125e-06, 5.90938134337e-06, 6.81060419083e-06],
        "dvar": [0.000419983261963, 0.000146349630086, 1.73851876752e-05, 4.90678939968e-06, 1.70381895259e-06, 3.40421621559e-07, 1.17518482057e-07, 1.0361892322e-07, 4.20209467222e-08, 2.8908374361e-08, 2.06310151185e-08, 8.11557931968e-09, 6.8046155377e-09, 8.16218292954e-09, 9.22213327925e-09, 2.33079910927e-09, 4.77520734066e-09, 1.47253920169e-09, 1.39999722926e-09, 8.68637051177e-10, 5.07756447998e-10, 6.41254493949e-10, 1.45295400711e-10, 3.00744845694e-10, 1.38365263691e-10, 1.98067298673e-10, 8.38803332348e-11, 5.98985999689e-11, 8.77607431171e-11, 3.76398079371e-11, 5.38690377028e-11, 1.12867819257e-10, 3.05373504261e-11, 1.47604914402e-10, 6.91535162467e-11, 5.7061716463e-11, 4.34027536134e-11, 4.45261917614e-11, 4.16357781585e-11, 6.16936293718e-11],
        "dvar2": [0.000490162929054, 0.000284250185359, 4.44079305453e-05, 1.41290656757e-05, 4.89208196086e-06, 9.46443606153e-07, 2.79146348703e-07, 2.54131862221e-07, 9.43983238244e-08, 7.42481134353e-08, 5.18892342427e-08, 1.91561912999e-08, 1.64593743079e-08, 1.7854860701e-08, 2.23420766332e-08, 5.44055023255e-09, 1.10492797134e-08, 3.54723672658e-09, 3.44239770023e-09, 1.99898719799e-09, 1.36537359197e-09, 1.70139657918e-09, 3.01703689809e-10, 7.49302175862e-10, 3.52236517731e-10, 4.77310080349e-10, 2.08293188253e-10, 1.35196034923e-10, 2.12454831505e-10, 9.2523058659e-11, 1.3671357102e-10, 2.39029795956e-10, 7.06082692314e-11, 3.5132921572e-10, 1.49726980814e-10, 1.24675034185e-10, 8.76778649683e-11, 1.02015361436e-10, 8.74614894397e-11, 1.39806929922e-10],
        "max": [0.204747840762, 0.126466557384, 0.0644698739052, 0.0207833182067, 0.0127775296569, 0.00826266687363, 0.0105903958902, 0.00677576940507, 0.00503337848932, 0.00262927892618, 0.00266358279623, 0.0016799516743, 0.00147038907744, 0.00186576740816, 0.00375904841349, 0.000994011294097, 0.00189777545165, 0.000739197363146, 0.000684965460096, 0.000446121761343, 0.000392409099732, 0.000432286353316, 0.000140401956742, 0.00072845199611, 0.000241534871748, 0.000251244375249, 0.000251024990575, 0.000157885820954, 0.000299304141663, 0.000111970846774, 0.000187434852705, 0.00041651391075, 0.000140879987157, 0.000127709572553, 8.16158571979e-05, 0.000133877256303, 5.91693606111e-05, 7.41305775591e-05, 6.20737337158e-05, 6.85416162014e-05],
        "mean": [0.0201834198087, 0.0122372210026, 0.00195799046196, 0.000901886262, 0.000579375773668, 0.000340016238624, 0.000305574270897, 0.000259738386376, 0.000155296438606, 9.65211875155e-05, 7.11506145308e-05, 6.1077218561e-05, 7.05890124664e-05, 4.72580722999e-05, 4.62982352474e-05, 3.73631883122e-05, 3.81200843549e-05, 2.66994084086e-05, 3.05520443362e-05, 2.2225014618e-05, 2.05567448575e-05, 1.95033535419e-05, 1.22003448269e-05, 1.42450289786e-05, 1.0691341231e-05, 1.34449746838e-05, 1.04075470517e-05, 7.70115912019e-06, 8.20935110823e-06, 7.21099195289e-06, 8.05559739092e-06, 9.18819296203e-06, 6.65957077217e-06, 8.95928224054e-06, 7.69058533479e-06, 7.52220103095e-06, 6.81900246491e-06, 6.33775289316e-06, 5.75244939682e-06, 6.12007124801e-06],
        "median": [0.0023568556644, 0.00300829531625, 0.000854580895975, 0.000449818558991, 0.000245685630944, 0.00015020131832, 0.000126559723867, 9.05324850464e-05, 5.39074644621e-05, 3.44669970218e-05, 2.30528039538e-05, 2.8073989597e-05, 3.1610536098e-05, 1.44571204146e-05, 1.79888866114e-05, 1.80579263542e-05, 1.58774892043e-05, 1.18227826533e-05, 1.66011959664e-05, 1.13581590995e-05, 1.10294440674e-05, 1.13046353363e-05, 7.17065722711e-06, 8.60051022755e-06, 6.70770759825e-06, 9.07113644644e-06, 7.72196653998e-06, 4.97337714478e-06, 5.55107180844e-06, 5.00725991515e-06, 5.54085227122e-06, 4.72192368761e-06, 4.08906998928e-06, 4.9646878324e-06, 4.3930940592e-06, 3.19384116665e-06, 3.38554764312e-06, 3.52937058778e-06, 2.65413427769e-06, 2.41008592639e-06],
        "min": [2.40498693371e-17, 3.63320919178e-17, 2.59450029862e-17, 3.22852133412e-17, 6.38367704187e-17, 1.41503259525e-16, 3.23196247165e-16, 3.75394652539e-16, 3.02342004836e-16, 2.65695786117e-16, 1.51998606547e-16, 4.78510981083e-17, 6.83620637918e-17, 5.88558196422e-17, 1.19335163216e-16, 1.62421082265e-16, 2.08252724787e-16, 3.08805686786e-16, 1.71996750029e-16, 7.7758815698e-17, 2.4774380292e-17, 2.65471507675e-17, 6.97411922486e-17, 1.83542063872e-17, 1.6556344215e-17, 1.89365365753e-17, 6.04415116415e-17, 6.17201541975e-17, 1.06707483542e-16, 4.56003396615e-17, 7.96842870233e-17, 1.22609289664e-16, 1.39043224384e-16, 1.21222167334e-16, 2.16686234796e-16, 7.6883168919e-17, 1.08882816352e-16, 8.14828886949e-17, 6.07698030831e-17, 2.42316174613e-17],
        "var": [0.00136271258816, 0.000316431862302, 1.42007511386e-05, 3.19769742418e-06, 1.11820554594e-06, 2.79923767721e-07, 2.35189133946e-07, 2.09229270354e-07, 7.97585002488e-08, 2.82973431354e-08, 2.06082741983e-08, 1.04888835395e-08, 1.14786908867e-08, 1.11369793387e-08, 1.06669597599e-08, 3.40959505074e-09, 6.22348972357e-09, 2.1225563529e-09, 1.96311700229e-09, 1.04489250585e-09, 7.3973688286e-10, 6.83039236282e-10, 2.18799284246e-10, 3.84576898105e-10, 1.71163416773e-10, 2.66974053975e-10, 1.11856052198e-10, 8.17711592882e-11, 1.08861648862e-10, 5.38774233561e-11, 7.72997221787e-11, 3.71263991772e-10, 8.35703381497e-11, 1.72163755474e-10, 1.02310611372e-10, 1.05541055062e-10, 7.75933761687e-11, 6.38147590326e-11, 6.74880568097e-11, 9.19004802813e-11]
    },
    "mfcc": {
        "mean": [-607.679382324, 90.9971923828, 23.3061294556, 28.2484016418, 13.2417593002, 12.6713247299, 4.42558813095, 5.62857198715, 2.45153880119, 4.91863155365, 3.36059093475, 3.43415737152, 3.7012257576],
        "cov": [[3300.9621582, -804.58215332, 609.528442383, -303.010742188, -26.9544258118, -32.9634132385, -22.3736553192, -71.0385513306, -55.8453598022, -24.6405410767, -84.1374359131, -107.559829712, -92.4325408936], [-804.58215332, 1697.35046387, -269.681488037, 598.651855469, 300.04888916, 285.776489258, 195.822128296, 194.74949646, 162.883789062, 65.881690979, 10.2913579941, -2.43394780159, -66.8126296997], [609.528442383, -269.681488037, 1307.76550293, 140.12272644, 289.652618408, 199.844589233, 241.736099243, 97.0994796753, 77.1248703003, 56.4833374023, -26.6781597137, -105.82635498, -76.2128677368], [-303.010742188, 598.651855469, 140.12272644, 517.718505859, 268.187561035, 238.216461182, 173.599319458, 134.864929199, 85.6975402832, 59.4059867859, 39.5914878845, -5.84908437729, -36.2929077148], [-26.9544258118, 300.04888916, 289.652618408, 268.187561035, 333.304107666, 244.876144409, 200.164489746, 124.195632935, 94.9461135864, 49.9540061951, 20.5782794952, -12.9059247971, -34.3545341492], [-32.9634132385, 285.776489258, 199.844589233, 238.216461182, 244.876144409, 263.755584717, 194.185409546, 124.203018188, 82.6191101074, 43.3752937317, 11.564037323, -13.8209342957, -25.2924671173], [-22.3736553192, 195.822128296, 241.736099243, 173.599319458, 200.164489746, 194.185409546, 222.621749878, 143.097702026, 87.8734817505, 44.6840209961, 11.7538156509, -12.7332401276, -20.4828186035], [-71.0385513306, 194.74949646, 97.0994796753, 134.864929199, 124.195632935, 124.203018188, 143.097702026, 155.006500244, 93.1151733398, 45.3287811279, 16.4298191071, -1.47023665905, -13.5125370026], [-55.8453598022, 162.883789062, 77.1248703003, 85.6975402832, 94.9461135864, 82.6191101074, 87.8734817505, 93.1151733398, 117.191612244, 55.8362960815, 21.8684368134, 3.39807844162, -8.48477268219], [-24.6405410767, 65.881690979, 56.4833374023, 59.4059867859, 49.9540061951, 43.3752937317, 44.6840209961, 45.3287811279, 55.8362960815, 81.6813049316, 46.9211120605, 20.2205944061, 3.51829838753], [-84.1374359131, 10.2913579941, -26.6781597137, 39.5914878845, 20.5782794952, 11.564037323, 11.7538156509, 16.4298191071, 21.8684368134, 46.9211120605, 78.1673583984, 53.191822052, 22.544303894], [-107.559829712, -2.43394780159, -105.82635498, -5.84908437729, -12.9059247971, -13.8209342957, -12.7332401276, -1.47023665905, 3.39807844162, 20.2205944061, 53.191822052, 90.3399963379, 60.8296356201], [-92.4325408936, -66.8126296997, -76.2128677368, -36.2929077148, -34.3545341492, -25.2924671173, -20.4828186035, -13.5125370026, -8.48477268219, 3.51829838753, 22.544303894, 60.8296356201, 95.512550354]],
