{
"lowlevel": {
    "average_loudness": 0.895585477352,
    "barkbands_crest": {
        "dmean": 2.81533527374,
        "dmean2": 4.4030456543,
        "dvar": 8.03550624847,
        "dvar2": 18.5259590149,
        "max": 26.4700698853,
        "mean": 16.5724983215,
        "median": 16.333360672,
        "min": 2.59429502487,
        "var": 34.5297393799
    },
    "barkbands_flatness_db": {
        "dmean": 0.0568261444569,
        "dmean2": 0.0788332149386,
        "dvar": 0.00357670313679,
        "dvar2": 0.00605487916619,
        "max": 0.593399226665,
        "mean": 0.206767499447,
        "median": 0.176075831056,
        "min": 0.0195135846734,
        "var": 0.0133367069066
    },
    "barkbands_kurtosis": {
        "dmean": 31.4420223236,
        "dmean2": 48.9376564026,
        "dvar": 5834.39599609,
        "dvar2": 12986.515625,
        "max": 945.83416748,
        "mean": 40.3302650452,
        "median": 9.66042900085,
        "min": -1.86308670044,
        "var": 8640.89648438
    },
    "barkbands_skewness": {
        "dmean": 1.6519600153,
        "dmean2": 2.46273756027,
        "dvar": 4.76185178757,
        "dvar2": 10.1784133911,
        "max": 22.8020973206,
        "mean": 4.00840330124,
        "median": 3.01273965836,
        "min": -2.7410235405,
        "var": 12.3038864136
    },
    "barkbands_spread": {
        "dmean": 9.00046348572,
        "dmean2": 13.3931827545,
        "dvar": 122.125228882,
        "dvar2": 248.092727661,
        "max": 110.854316711,
        "mean": 19.0888175964,
        "median": 14.1617221832,
        "min": 0.160536512733,
        "var": 324.816741943
    },
    "dissonance": {
        "dmean": 0.0228646919131,
        "dmean2": 0.037766776979,
        "dvar": 0.000526128569618,
        "dvar2": 0.0012737220386,
        "max": 0.500000059605,
        "mean": 0.458721727133,
        "median": 0.466988325119,
        "min": 0.167723670602,
        "var": 0.00110384204891
    },
    "dynamic_complexity": 1.98972642422,
    "erbbands_crest": {
        "dmean": 3.13097023964,
        "dmean2": 5.00693035126,
        "dvar": 8.3167181015,
        "dvar2": 19.3671550751,
        "max": 26.4157104492,
        "mean": 9.04373645782,
        "median": 8.14055252075,
        "min": 2.08273482323,
        "var": 18.7576751709
    },
    "erbbands_flatness_db": {
        "dmean": 0.0312566459179,
        "dmean2": 0.0487323887646,
        "dvar": 0.00174088787753,
        "dvar2": 0.00319379032589,
        "max": 0.405584990978,
        "mean": 0.131946325302,
        "median": 0.104999177158,
        "min": 0.0376144647598,
        "var": 0.00524715939537
    },
    "erbbands_kurtosis": {
        "dmean": 1.55335021019,
        "dmean2": 2.46070027351,
        "dvar": 9.61904907227,
        "dvar2": 20.5946960449,
        "max": 61.0733947754,
        "mean": 0.840564072132,
        "median": -0.207435846329,
        "min": -1.81717681885,
        "var": 15.2705659866
    },
    "erbbands_skewness": {
        "dmean": 0.547354280949,
        "dmean2": 0.802863180637,
        "dvar": 0.341552823782,
        "dvar2": 0.66526389122,
        "max": 7.66245603561,
        "mean": 0.46293503046,
        "median": 0.379366874695,
        "min": -2.76451039314,
        "var": 1.02102863789
    },
    "erbbands_spread": {
        "dmean": 16.6561183929,
        "dmean2": 26.3497219086,
        "dvar": 330.775268555,
        "dvar2": 736.364257812,
        "max": 208.499649048,
        "mean": 54.522441864,
        "median": 50.6623382568,
        "min": 2.40000367165,
        "var": 823.772705078
    },
    "hfc": {
        "dmean": 16.3056259155,
        "dmean2": 23.1621704102,
        "dvar": 575.509216309,
        "dvar2": 1259.13342285,
        "max": 301.520080566,
        "mean": 32.1869125366,
        "median": 20.6867542267,
        "min": 1.18650522367e-16,
        "var": 1035.4519043
    },
    "melbands_crest": {
        "dmean": 3.04052352905,
        "dmean2": 4.52797269821,
        "dvar": 9.75112819672,
        "dvar2": 22.9539241791,
        "max": 36.8544387817,
        "mean": 22.0405406952,
        "median": 22.8197746277,
        "min": 1.64752459526,
        "var": 44.1914825439
    },
    "melbands_flatness_db": {
        "dmean": 0.0656569823623,
        "dmean2": 0.0903958231211,
        "dvar": 0.00446288613603,
        "dvar2": 0.00759083824232,
        "max": 0.782933831215,
        "mean": 0.311090797186,
        "median": 0.282189667225,
        "min": 0.00436765514314,
        "var": 0.0181984752417
    },
    "melbands_kurtosis": {
        "dmean": 42.7002449036,
        "dmean2": 67.0763320923,
        "dvar": 4809.91357422,
        "dvar2": 11411.6308594,
        "max": 876.907287598,
        "mean": 71.047454834,
        "median": 37.4935684204,
        "min": -1.71369290352,
        "var": 8620.18945312
    },
    "melbands_skewness": {
        "dmean": 1.839153409,
        "dmean2": 2.82986998558,
        "dvar": 3.68743681908,
        "dvar2": 8.80952644348,
        "max": 23.2896766663,
        "mean": 5.68696165085,
        "median": 5.10941982269,
        "min": -1.63993155956,
        "var": 10.7040624619
    },
    "melbands_spread": {
        "dmean": 6.37275838852,
        "dmean2": 9.53727436066,
        "dvar": 101.643112183,
        "dvar2": 234.776184082,
        "max": 222.786178589,
        "mean": 11.9387378693,
        "median": 7.18281412125,
        "min": 0.271350771189,
        "var": 267.024688721
    },
    "pitch_salience": {
        "dmean": 0.0930748060346,
        "dmean2": 0.140228644013,
        "dvar": 0.00936450529844,
        "dvar2": 0.0181349571794,
        "max": 0.863834917545,
        "mean": 0.364455252886,
        "median": 0.337242215872,
        "min": 0.0512874908745,
        "var": 0.0354713611305
    },
    "silence_rate_20dB": {
        "dmean": 0.000990589382127,
        "dmean2": 0.0019813424442,
        "dvar": 0.000989581923932,
        "dvar2": 0.00247264606878,
        "max": 1,
        "mean": 0.999174594879,
        "median": 1,
        "min": 0,
        "var": 0.000824758782983
    },
    "silence_rate_30dB": {
        "dmean": 0.0879973620176,
        "dmean2": 0.176009252667,
        "dvar": 0.0802578255534,
        "dvar2": 0.149007633328,
        "max": 1,
        "mean": 0.643087089062,
        "median": 1,
        "min": 0,
        "var": 0.229553669691
    },
    "silence_rate_60dB": {
        "dmean": 0.0113917784765,
        "dmean2": 0.0227028820664,
        "dvar": 0.0112634086981,
        "dvar2": 0.0245021209121,
        "max": 1,
        "mean": 0.0201403219253,
        "median": 0,
        "min": 0,
        "var": 0.0197350848466
    },
    "spectral_centroid": {
        "dmean": 336.558624268,
        "dmean2": 494.553588867,
        "dvar": 161962.546875,
        "dvar2": 291088.34375,
        "max": 11110.2773438,
        "mean": 1044.70300293,
        "median": 909.973632812,
        "min": 97.9041748047,
        "var": 573805.875
    },
    "spectral_complexity": {
        "dmean": 6.05250120163,
        "dmean2": 8.86625957489,
        "dvar": 49.1054420471,
        "dvar2": 89.4981307983,
        "max": 59,
        "mean": 15.675195694,
        "median": 13,
        "min": 0,
        "var": 99.3139724731
    },
    "spectral_decrease": {
        "dmean": 6.82799550233e-09,
        "dmean2": 1.01761044036e-08,
        "dvar": 4.95935176727e-17,
        "dvar2": 1.23090563197e-16,
        "max": 7.04872785535e-29,
        "mean": -2.19317382033e-08,
        "median": -1.55006851799e-08,
        "min": -1.18082702727e-07,
        "var": 2.92809972503e-16
    },
    "spectral_energy": {
        "dmean": 0.0261978376657,
        "dmean2": 0.0391446575522,
        "dvar": 0.000713868357707,
        "dvar2": 0.00177942495793,
        "max": 0.451439768076,
        "mean": 0.0856947526336,
        "median": 0.0621055327356,
        "min": 1.04959114235e-20,
        "var": 0.00425799842924
    },
    "spectral_energyband_high": {
        "dmean": 0.00132779101841,
        "dmean2": 0.00194901437499,
        "dvar": 5.16430918651e-06,
        "dvar2": 1.09416632768e-05,
        "max": 0.0316569656134,
        "mean": 0.0020722290501,
        "median": 0.000611030263826,
        "min": 7.79345904796e-21,
        "var": 1.00896204458e-05
    },
    "spectral_energyband_low": {
        "dmean": 0.0262271165848,
        "dmean2": 0.0392519719899,
        "dvar": 0.000897393620107,
        "dvar2": 0.00194116286002,
        "max": 0.444186478853,
        "mean": 0.0707567557693,
        "median": 0.0387189909816,
        "min": 3.62622413398e-23,
        "var": 0.00449780933559
    },
    "spectral_energyband_middle_high": {
        "dmean": 0.00254300655797,
        "dmean2": 0.00348790059797,
        "dvar": 9.7482743513e-06,
        "dvar2": 2.00591384782e-05,
        "max": 0.0292289666831,
        "mean": 0.00364611274563,
        "median": 0.00201658299193,
        "min": 1.33930022649e-21,
        "var": 1.70188468473e-05
    },
    "spectral_energyband_middle_low": {
        "dmean": 0.00651083188131,
        "dmean2": 0.010135801509,
        "dvar": 0.000144012461533,
        "dvar2": 0.000279784988379,
        "max": 0.216294959188,
        "mean": 0.0109428074211,
        "median": 0.00686418358237,
        "min": 2.63378391443e-22,
        "var": 0.000176791538252
    },
    "spectral_entropy": {
        "dmean": 0.392396867275,
        "dmean2": 0.589924097061,
        "dvar": 0.248468548059,
        "dvar2": 0.477768927813,
        "max": 9.81483268738,
        "mean": 7.40012121201,
        "median": 7.64782762527,
        "min": 4.30381727219,
        "var": 0.728353202343
    },
    "spectral_flux": {
        "dmean": 0.0448648706079,
        "dmean2": 0.0663525685668,
        "dvar": 0.00170759786852,
        "dvar2": 0.00310043664649,
        "max": 0.587491869926,
        "mean": 0.127124905586,
        "median": 0.113392814994,
        "min": 1.02449555783e-10,
        "var": 0.00605109287426
    },
    "spectral_kurtosis": {
        "dmean": 4.78496837616,
        "dmean2": 7.60659074783,
        "dvar": 112.461853027,
        "dvar2": 233.832046509,
        "max": 240.200622559,
        "mean": 8.44584369659,
        "median": 3.17687511444,
        "min": -1.18735730648,
        "var": 248.752182007
    },
    "spectral_rms": {
        "dmean": 0.00137522327714,
        "dmean2": 0.00202786759473,
        "dvar": 1.54726433266e-06,
        "dvar2": 3.5741454667e-06,
        "max": 0.0209864024073,
        "mean": 0.00843129400164,
        "median": 0.00778400665149,
        "min": 3.19998649974e-12,
        "var": 1.25180786199e-05
    },
    "spectral_rolloff": {
        "dmean": 625.030090332,
        "dmean2": 1056.2467041,
        "dvar": 2184428.75,
        "dvar2": 5558915.5,
        "max": 18949.21875,
        "mean": 913.61907959,
        "median": 258.3984375,
        "min": 43.06640625,
        "var": 3459341.75
    },
    "spectral_skewness": {
        "dmean": 0.476021200418,
        "dmean2": 0.73957657814,
        "dvar": 0.584454894066,
        "dvar2": 1.18378436565,
        "max": 12.9460220337,
        "mean": 1.99695789814,
        "median": 1.57659423351,
        "min": -0.00204960559495,
        "var": 1.55457890034
    },
    "spectral_spread": {
        "dmean": 1160962.5,
        "dmean2": 1779512.5,
        "dvar": 2.34084814029e+12,
        "dvar2": 4.18017574912e+12,
        "max": 41153088,
        "mean": 6173102.5,
        "median": 6399863.5,
        "min": 399149.28125,
        "var": 8.07534959002e+12
    },
    "spectral_strongpeak": {
        "dmean": 0.231970414519,
        "dmean2": 0.366595089436,
        "dvar": 0.158854484558,
        "dvar2": 0.419974923134,
        "max": 12.2072792053,
        "mean": 0.722059369087,
        "median": 0.587931334972,
        "min": 0,
        "var": 0.269747108221
    },
    "zerocrossingrate": {
        "dmean": 0.0149923386052,
        "dmean2": 0.0171889271587,
        "dvar": 0.000311870127916,
        "dvar2": 0.000374944647774,
        "max": 0.51708984375,
        "mean": 0.0470801852643,
        "median": 0.03466796875,
        "min": 0.00146484375,
        "var": 0.00226476509124
    },
    "barkbands": {
        "dmean": [0.000577159051318, 0.0228705070913, 0.00818960275501, 0.00355465640314, 0.00379371759482, 0.0014224355109, 0.000777420296799, 0.000578773906454, 0.000407678016927, 0.000377408781787, 0.000503334042151, 0.000288077106234, 0.000497075554449, 0.000728124461602, 0.000269408978056, 0.000359465891961, 0.00021938374266, 0.000208681318327, 0.000143141049193, 0.000222132759518, 0.00014892181207, 0.00023622957815, 0.000191816303413, 0.000197494460735, 0.00029521502438, 0.000245698203798, 3.39318467013e-05],
        "dmean2": [0.000889192044269, 0.0339532718062, 0.0125310784206, 0.00629684561864, 0.00657890876755, 0.00249555171467, 0.00119663320947, 0.000995006412268, 0.000660994031932, 0.000620816019364, 0.000782307703048, 0.000479603040731, 0.000855494989082, 0.00122946116608, 0.000448989099823, 0.000587243703194, 0.000341870007105, 0.000347912806319, 0.000217401175178, 0.000357468117727, 0.000228980992688, 0.000363953615306, 0.000289408082608, 0.0002885676804, 0.00044737115968, 0.000381556048524, 5.19116365467e-05],
        "dvar": [1.33089872634e-06, 0.000769079779275, 0.000335437827744, 8.58196508489e-05, 7.26550497347e-05, 1.40320325954e-05, 8.96467952316e-07, 1.03634943116e-06, 5.04406898472e-07, 4.25595999332e-07, 7.09518019448e-07, 3.04162881548e-07, 6.85400664224e-07, 1.57634099196e-06, 2.45457414394e-07, 4.07560747817e-07, 2.06312449791e-07, 3.56115521072e-07, 1.18760233647e-07, 2.93464012202e-07, 1.02285824255e-07, 2.92759438025e-07, 1.36359389558e-07, 1.22323427831e-07, 3.76293257887e-07, 3.76314517325e-07, 5.19350695782e-09],
        "dvar2": [3.37218034474e-06, 0.00169769115746, 0.000743271375541, 0.000240162044065, 0.000197759640287, 4.16356779169e-05, 2.23475967687e-06, 2.79928326563e-06, 1.15635384645e-06, 9.77551394499e-07, 1.65703863786e-06, 7.46138596242e-07, 1.76233515958e-06, 4.22895618613e-06, 6.10840800164e-07, 1.02735089058e-06, 4.93420770908e-07, 9.76694877863e-07, 2.43543212264e-07, 7.30509327695e-07, 2.11415894569e-07, 6.0810884861e-07, 2.95239601655e-07, 2.48437203254e-07, 9.35495961585e-07, 9.3420783287e-07, 8.52592751954e-09],
        "max": [0.0278294086456, 0.343426823616, 0.292560487986, 0.167957961559, 0.0936151221395, 0.065148204565, 0.00987914856523, 0.0178312957287, 0.0197699405253, 0.00874696113169, 0.0102013554424, 0.0141190299764, 0.0113483574241, 0.0150255179033, 0.0128433853388, 0.00651659583673, 0.00515252025798, 0.00802763644606, 0.00722961779684, 0.00687489658594, 0.00519831711426, 0.0138895856217, 0.00604607537389, 0.00469819456339, 0.00709150871262, 0.008694794029, 0.00110936095007],
        "mean": [0.00114013103303, 0.0570750311017, 0.0109210563824, 0.00329905189574, 0.00365777104162, 0.00174090522341, 0.000984562793747, 0.000566426082514, 0.000547700969037, 0.000417722505517, 0.00055750523461, 0.000256941915723, 0.00046681475942, 0.00066328747198, 0.000250908255111, 0.00037579445052, 0.000223530863877, 0.000199510104721, 0.000179206428584, 0.000263451249339, 0.000205431206268, 0.000326634995872, 0.000289625808364, 0.000292937154882, 0.000413080357248, 0.000313767493935, 6.59395154798e-05],
        "median": [0.000389244727558, 0.026877604425, 0.00210011773743, 0.00121512950864, 0.00152940338012, 0.00122546579223, 0.000588135560974, 0.000223595066927, 0.000181229537702, 0.000146745413076, 0.000184833916137, 5.23126946064e-05, 0.000129330670461, 0.000138583607622, 5.99672275712e-05, 0.000112515903311, 6.34447787888e-05, 5.53687714273e-05, 3.52673268935e-05, 7.77883906267e-05, 5.21296278748e-05, 8.94393670023e-05, 9.10490343813e-05, 8.16949614091e-05, 0.000100660894532, 4.96311477036e-05, 3.62964601663e-06],
        "min": [4.28939803998e-24, 2.3929107906e-23, 4.12492527441e-24, 3.31471653091e-23, 3.21998822015e-23, 2.99445698942e-23, 5.25236086253e-23, 5.6582001371e-23, 3.81641692051e-23, 9.16828722197e-23, 4.96738422943e-23, 1.15900302476e-22, 1.01844359934e-22, 8.74516873814e-23, 8.8726890501e-23, 1.49700859185e-22, 2.01612008825e-22, 2.63585489519e-22, 1.15177289368e-22, 2.56183298412e-22, 5.51256909336e-22, 6.6025587796e-22, 6.17484319306e-22, 6.6128647109e-22, 1.33347300565e-21, 1.49639365899e-21, 2.5483774657e-21],
        "var": [4.9338223107e-06, 0.00372815481387, 0.000524632167071, 5.47201598238e-05, 5.10294375999e-05, 8.8692013378e-06, 1.19980529689e-06, 8.69033954132e-07, 9.31897830014e-07, 5.55332860586e-07, 8.87753230927e-07, 3.14265406587e-07, 6.49944468023e-07, 1.59070930295e-06, 2.39339669861e-07, 4.07922527756e-07, 2.13499589563e-07, 2.55129805282e-07, 1.91477212752e-07, 3.16593713023e-07, 1.88460077766e-07, 4.72432446941e-07, 2.82506050553e-07, 2.50507241617e-07, 4.55912697817e-07, 3.58775167797e-07, 1.36704381148e-08]
    },
    "erbbands": {
        "dmean": [0.540956377983, 5.81767034531, 10.4421472549, 9.41737174988, 12.2038354874, 12.9935865402, 11.0656938553, 11.2900114059, 11.2711677551, 12.986489296, 9.88432502747, 11.2410678864, 9.95978450775, 12.7808485031, 22.4868049622, 11.4739170074, 25.8951244354, 34.3527641296, 18.9810943604, 19.4235267639, 13.6585044861, 12.5463285446, 11.0423593521, 8.93462276459, 6.03638887405, 12.3366470337, 5.42824411392, 7.69365167618, 8.05592727661, 5.06415605545, 6.46355390549, 4.73371458054, 3.19458413124, 2.44934344292, 2.72808814049, 1.47583258152, 0.353537321091, 0.0418942198157, 0.00509579852223, 0.000441400043201],
        "dmean2": [0.684224545956, 8.82374858856, 15.2653541565, 15.4020547867, 21.1419372559, 22.6653289795, 19.4662475586, 19.6709957123, 17.7483997345, 20.8907909393, 17.0693397522, 18.0976982117, 16.9407329559, 19.7098903656, 34.9047393799, 18.8245124817, 44.197479248, 57.8625793457, 30.8111534119, 31.7516078949, 21.6361846924, 19.4963111877, 18.2071228027, 13.0185890198, 9.28806018829, 20.1156806946, 8.51167678833, 11.8225126266, 12.5485239029, 7.45297002792, 9.71501255035, 7.1130156517, 4.67894792557, 3.66545200348, 4.24065732956, 2.29808020592, 0.547270178795, 0.0632494911551, 0.0078223310411, 0.000682963931467],
        "dvar": [0.58982694149, 47.9339981079, 400.708404541, 519.689086914, 833.079650879, 894.611083984, 875.140258789, 759.089050293, 245.449661255, 320.91192627, 329.050964355, 390.575866699, 327.144714355, 671.927062988, 1392.33496094, 460.528137207, 1816.13757324, 3209.79882812, 1031.39978027, 1140.62683105, 695.278198242, 648.334899902, 918.069274902, 415.428833008, 220.840209961, 1135.62353516, 103.91569519, 331.433868408, 374.182861328, 99.3080825806, 167.9012146, 82.2708511353, 29.8796901703, 20.3480186462, 37.5675735474, 16.2033348083, 0.584651768208, 0.00580647354946, 0.000112599715067, 8.29338887343e-07],
        "dvar2": [0.876114606857, 109.095703125, 836.356506348, 1327.36535645, 2222.17358398, 2496.06347656, 2557.77001953, 2262.50976562, 653.364807129, 776.360839844, 852.644165039, 841.534606934, 859.527099609, 1374.13769531, 3268.89550781, 1108.68237305, 4697.80908203, 8633.15234375, 2637.66821289, 2904.11425781, 1744.93566895, 1557.43188477, 2511.0246582, 831.645751953, 488.801208496, 2883.14208984, 222.946487427, 669.231994629, 778.065124512, 195.515106201, 365.806976318, 179.840255737, 63.0755996704, 46.9087486267, 94.633392334, 41.5154266357, 1.4193315506, 0.0102622788399, 0.000187759520486, 1.37616063967e-06],
        "max": [12.7227163315, 83.986656189, 303.084075928, 367.360717773, 381.364105225, 324.787017822, 604.596740723, 416.727203369, 195.313079834, 206.89831543, 504.600158691, 376.682159424, 257.892974854, 476.164123535, 434.648223877, 588.50970459, 441.713226318, 483.52154541, 418.340057373, 575.741882324, 373.913085938, 264.191192627, 405.847259521, 496.272155762, 551.918151855, 440.03527832, 154.441390991, 354.405029297, 533.643127441, 257.335693359, 235.631988525, 140.465103149, 70.3806304932, 62.6446304321, 70.695930481, 54.5117263794, 11.0003910065, 1.27593505383, 0.176197126508, 0.0123016322032],
        "mean": [1.61954033375, 12.5674705505, 16.9620399475, 10.4390563965, 11.8365573883, 12.3971509933, 12.3330345154, 14.6448955536, 14.3965435028, 14.5473203659, 10.2129878998, 14.9275484085, 11.8148784637, 14.634185791, 24.5189304352, 11.7297534943, 25.3138771057, 32.3788833618, 19.1770820618, 19.999294281, 14.1740818024, 12.666264534, 10.6759748459, 10.9338283539, 7.41527605057, 13.780418396, 7.40272665024, 11.0183439255, 11.1957139969, 7.80844259262, 9.43728733063, 7.05808639526, 4.61328601837, 3.57376599312, 3.56867361069, 1.80507791042, 0.4694917202, 0.0727688074112, 0.00999352801591, 0.000916832243092],
        "median": [0.476833105087, 6.19751119614, 5.72495174408, 4.0164937973, 4.34464597702, 5.67536878586, 7.50699853897, 10.8823738098, 9.34288406372, 7.50606679916, 4.29434108734, 4.54201126099, 4.93419742584, 5.91416215897, 8.05627346039, 4.39371871948, 8.68231964111, 7.97603082657, 5.71805524826, 7.21960401535, 4.60819101334, 3.89900898933, 3.17222285271, 2.49868273735, 1.83757650852, 4.30016708374, 1.93428182602, 3.26317214966, 3.10634541512, 2.49617767334, 2.80476880074, 1.86992812157, 1.324467659, 1.1215275526, 0.682574510574, 0.305178642273, 0.0681586712599, 0.00665015401319, 0.000666241161525, 0.000193410975044],
        "min": [1.06281540967e-21, 3.69467611908e-21, 7.25950265345e-21, 4.00199706188e-20, 1.52176339743e-19, 1.05876339597e-19, 1.96094628412e-19, 2.15718286448e-19, 3.63884454582e-19, 1.16485559093e-18, 1.49449099414e-18, 7.21027025279e-19, 2.05620556668e-18, 2.45786358583e-18, 3.04100978766e-18, 4.71307660698e-18, 5.47537151792e-18, 3.28780636124e-18, 5.71572787005e-18, 5.29964692295e-18, 8.09546693537e-18, 1.32396386447e-17, 1.51576446649e-17, 8.29566780466e-18, 6.60060226238e-18, 1.44304089771e-17, 2.01029274135e-17, 2.43886924422e-17, 2.19035556776e-17, 2.11166339454e-17, 1.60374058403e-17, 1.32105830985e-17, 1.213792175e-17, 1.51915061305e-17, 9.06917018572e-18, 5.2589545999e-18, 3.15822024648e-18, 1.3592634042e-18, 3.37070722941e-19, 3.60470770666e-20],
        "var": [4.96943235397, 175.568649292, 855.95892334, 452.204162598, 610.548034668, 586.357177734, 545.368774414, 498.205780029, 272.416931152, 381.699188232, 309.022064209, 792.89251709, 423.064422607, 875.419128418, 1746.86242676, 501.871063232, 1762.14208984, 3316.65869141, 1102.97521973, 1072.62780762, 713.574401855, 659.132263184, 688.03692627, 684.30279541, 292.358673096, 1046.82653809, 177.169433594, 623.326477051, 568.495605469, 222.233093262, 345.571655273, 161.706344604, 53.4629592896, 28.6256961823, 41.1662025452, 14.1300592422, 0.642620742321, 0.0134006850421, 0.000299646431813, 2.15539694182e-06]
    },
    "gfcc": {
        "mean": [8.76997470856, 87.1357650757, -66.3056106567, 31.0518283844, -37.843421936, 27.0549736023, -29.1079521179, 5.8207244873, -14.3872070312, 10.0251674652, -10.9355382919, 2.97746014595, -6.71017408371],
        "cov": [[10257.9541016, -4062.20800781, 194.991867065, 561.088012695, -674.085998535, 366.475860596, -521.212097168, 649.051940918, -564.436523438, 450.764984131, -237.137115479, 339.815429688, -358.952362061], [-4062.20800781, 3885.21875, -224.484329224, -215.867919922, 735.493896484, -219.459121704, 339.325805664, -487.730926514, 426.929840088, -387.20413208, 167.507476807, -283.107574463, 261.709686279], [194.991867065, -224.484329224, 1079.29321289, 243.967285156, 43.5276222229, 189.28894043, 115.779663086, 88.7099609375, -20.4747467041, 43.4507598877, -14.1059141159, 22.4658355713, 12.0407781601], [561.088012695, -215.867919922, 243.967285156, 537.883483887, 51.121131897, 88.8348693848, 15.4631261826, 98.3380050659, -45.4458847046, -14.3998641968, -36.1495895386, -23.0036468506, -38.4563484192], [-674.085998535, 735.493896484, 43.5276222229, 51.121131897, 526.601928711, 89.3352508545, 116.125785828, -55.7814254761, 164.386123657, -82.2351608276, 38.8870773315, -76.3065185547, 46.0161170959], [366.475860596, -219.459121704, 189.28894043, 88.8348693848, 89.3352508545, 302.741851807, 39.9604873657, 43.2516441345, -5.17471790314, 98.0246505737, 16.8583011627, 36.3731079102, 24.0503826141], [-521.212097168, 339.325805664, 115.779663086, 15.4631261826, 116.125785828, 39.9604873657, 199.70526123, -34.4803924561, 72.2708358765, -18.5702266693, 62.1786117554, -15.0441703796, 50.7217483521], [649.051940918, -487.730926514, 88.7099609375, 98.3380050659, -55.7814254761, 43.2516441345, -34.4803924561, 233.125473022, -18.4045314789, 45.0822563171, -31.2374000549, 54.0165100098, -45.0920372009], [-564.436523438, 426.929840088, -20.4747467041, -45.4458847046, 164.386123657, -5.17471790314, 72.2708358765, -18.4045314789, 197.281280518, 0.0828674733639, 44.9991073608, -20.4382400513, 46.9712982178], [450.764984131, -387.20413208, 43.4507598877, -14.3998641968, -82.2351608276, 98.0246505737, -18.5702266693, 45.0822563171, 0.0828674733639, 160.601730347, 28.8609142303, 58.314239502, 2.56997203827], [-237.137115479, 167.507476807, -14.1059141159, -36.1495895386, 38.8870773315, 16.8583011627, 62.1786117554, -31.2374000549, 44.9991073608, 28.8609142303, 97.135017395, 32.0239295959, 40.122303009], [339.815429688, -283.107574463, 22.4658355713, -23.0036468506, -76.3065185547, 36.3731079102, -15.0441703796, 54.0165100098, -20.4382400513, 58.314239502, 32.0239295959, 92.9661254883, 16.0029659271], [-358.952362061, 261.709686279, 12.0407781601, -38.4563484192, 46.0161170959, 24.0503826141, 50.7217483521, -45.0920372009, 46.9712982178, 2.56997203827, 40.122303009, 16.0029659271, 85.8214874268]],
        "icov": [[0.000197135144845, 9.04279659153e-05, 3.72260838049e-05, -0.000132983273943, -9.65573490248e-05, -4.28884777648e-05, 0.000131410735776, -6.42781888018e-05, 0.000199711314053, -0.000235566840274, 0.00021027510229, -0.000425984937465, 0.000315187178785], [9.04279659153e-05, 0.000991350621916, 6.99406109561e-06, 7.20189564163e-05, -0.0003352688218, 0.000130834887386, 0.000148080420331, 0.000447422964498, -0.000700647884514, 0.00135838577989, -0.00128326972481, 0.00187588552944, -0.00172996963374], [3.72260838049e-05, 6.99406109561e-06, 0.00124680635054, -0.000429300649557, 2.56292842096e-05, -0.000472911255201, -0.000937200617045, -0.000141373253427, 0.000169395410921, -0.000200707028853, 0.00089845067123, -0.000524628150743, -4.34286193922e-05], [-0.000132983273943, 7.20189564163e-05, -0.000429300649557, 0.00261348998174, -0.000154361754539, -0.000524248927832, -8.66606860654e-05, -0.0010951589793, 0.000484711723402, 0.000839519489091, -0.00076171697583, 0.00202487595379, -0.000150911306264], [-9.65573490248e-05, -0.0003352688218, 2.56292842096e-05, -0.000154361754539, 0.00433662114665, -0.00251500098966, 1.06324514491e-05, -0.000149326413521, -0.00291327456944, 0.00280036474578, -0.00145655975211, 0.0019078067271, 0.000676424475387], [-4.28884777648e-05, 0.000130834887386, -0.000472911255201, -0.000524248927832, -0.00251500098966, 0.00660736905411, -0.00112363125663, -0.00011849567818, 0.00218524411321, -0.0048388838768, 0.00160259276163, -0.000865330919623, -0.00228721066378], [0.000131410735776, 0.000148080420331, -0.000937200617045, -8.66606860654e-05, 1.06324514491e-05, -0.00112363125663, 0.00920391734689, -0.000733892666176, -0.00114424224012, 0.0020612727385, -0.00627312902361, 0.00358598656021, -0.00249673845246], [-6.42781888018e-05, 0.000447422964498, -0.000141373253427, -0.0010951589793, -0.000149326413521, -0.00011849567818, -0.000733892666176, 0.00810208544135, -0.00255018565804, 0.000403873535106, 0.00337992492132, -0.0061484365724, 0.00364983524196], [0.000199711314053, -0.000700647884514, 0.000169395410921, 0.000484711723402, -0.00291327456944, 0.00218524411321, -0.00114424224012, -0.00255018565804, 0.0107068531215, -0.0048217899166, -0.000354832358425, 0.00116494810209, -0.00231560366228], [-0.000235566840274, 0.00135838577989, -0.000200707028853, 0.000839519489091, 0.00280036474578, -0.0048388838768, 0.0020612727385, 0.000403873535106, -0.0048217899166, 0.0155933098868, -0.00650837086141, 0.00109410309233, -0.000864002329763], [0.00021027510229, -0.00128326972481, 0.00089845067123, -0.00076171697583, -0.00145655975211, 0.00160259276163, -0.00627312902361, 0.00337992492132, -0.000354832358425, -0.00650837086141, 0.0244348719716, -0.0146114202216, 0.00183079950511], [-0.000425984937465, 0.00187588552944, -0.000524628150743, 0.00202487595379, 0.0019078067271, -0.000865330919623, 0.00358598656021, -0.0061484365724, 0.00116494810209, 0.00109410309233, -0.0146114202216, 0.0314408577979, -0.0123536065221], [0.000315187178785, -0.00172996963374, -4.34286193922e-05, -0.000150911306264, 0.000676424475387, -0.00228721066378, -0.00249673845246, 0.00364983524196, -0.00231560366228, -0.000864002329763, 0.00183079950511, -0.0123536065221, 0.0245967712253]]
    },
    "melbands": {
        "dmean": [0.00564396195114, 0.00588177889585, 0.00155003217515, 0.000918657751754, 0.000413402216509, 0.000255887163803, 0.0001626577141, 0.00014343103976, 7.55852161092e-05, 6.63773171254e-05, 4.87242832605e-05, 4.84539596073e-05, 8.01056012278e-05, 3.30703478539e-05, 4.2455852963e-05, 5.15277242812e-05, 6.99698503013e-05, 3.49120346073e-05, 2.36450705415e-05, 2.82659893855e-05, 1.47043429024e-05, 1.30098187583e-05, 1.60097715707e-05, 5.78604885959e-06, 8.03753209766e-06, 4.05494620281e-06, 5.77718401473e-06, 9.45227839111e-06, 3.23373501487e-06, 3.749079724e-06, 5.02187094753e-06, 5.34783112016e-06, 3.87777527067e-06, 2.44444208874e-06, 3.68334031009e-06, 3.27426573676e-06, 3.12966176352e-06, 2.21980440074e-06, 2.14871283788e-06, 2.00364820557e-06],
        "dmean2": [0.00821579620242, 0.00880661979318, 0.00237959856167, 0.0015889062779, 0.00072604016168, 0.000445035781013, 0.000255011109402, 0.000235339466599, 0.000130210653879, 0.000106972744106, 8.31391662359e-05, 7.59459580877e-05, 0.000124846745166, 5.39054999535e-05, 7.17133734724e-05, 8.77530546859e-05, 0.000119143332995, 5.73105426156e-05, 3.9375594497e-05, 4.61964555143e-05, 2.35883944697e-05, 2.01862530957e-05, 2.71282133326e-05, 9.404147022e-06, 1.17348618005e-05, 6.33805075267e-06, 8.98657981452e-06, 1.56484366016e-05, 5.1620359045e-06, 5.76556840315e-06, 7.86316741141e-06, 8.56165843288e-06, 6.17472460362e-06, 3.62011337529e-06, 5.51143921257e-06, 5.03867840962e-06, 4.74937269246e-06, 3.33280013365e-06, 3.19961873174e-06, 3.08612334265e-06],
        "dvar": [5.29305762029e-05, 7.08838779246e-05, 1.18228945212e-05, 4.53770553577e-06, 1.0011666518e-06, 4.01267982397e-07, 4.87109019787e-08, 4.44655228193e-08, 1.90642950315e-08, 1.32399753383e-08, 8.33752977769e-09, 1.0994136268e-08, 1.86714519401e-08, 3.56569995752e-09, 5.17606890682e-09, 6.39597086405e-09, 1.44060550156e-08, 4.32284208429e-09, 1.90076621109e-09, 2.71983635614e-09, 1.07472419852e-09, 7.54935058911e-10, 2.94775359677e-09, 1.08810148391e-10, 4.00169064552e-10, 8.98170218755e-11, 1.66259256362e-10, 7.98568100535e-10, 3.73516530205e-11, 7.51819301259e-11, 1.35756156316e-10, 2.00527067173e-10, 7.73237029961e-11, 2.1377226378e-11, 5.06658812127e-11, 4.27522461877e-11, 3.73351349836e-11, 1.47927781136e-11, 1.29882051295e-11, 1.53558311899e-11],
        "dvar2": [0.000108742395241, 0.00013613550982, 2.7944392059e-05, 1.21982757264e-05, 2.89560625788e-06, 1.19509729757e-06, 1.28971464619e-07, 1.12587812851e-07, 4.79591157898e-08, 2.89767800865e-08, 2.18224780468e-08, 2.24793321735e-08, 4.36374953949e-08, 8.91374529743e-09, 1.27315855636e-08, 1.6208865361e-08, 3.88783476524e-08, 1.14262990181e-08, 4.80524420254e-09, 6.88013068739e-09, 2.72453126726e-09, 1.73562431094e-09, 8.24697110602e-09, 2.63985805438e-10, 8.12179989929e-10, 2.00025579433e-10, 3.64188346147e-10, 2.08579065131e-09, 8.34848093434e-11, 1.55577856153e-10, 2.87166679325e-10, 4.28134971919e-10, 1.72975786472e-10, 4.25030149964e-11, 1.08721420755e-10, 9.44739425579e-11, 8.48062453596e-11, 3.07697686774e-11, 2.67784457803e-11, 3.64549536391e-11],
        "max": [0.105733126402, 0.139973893762, 0.0657738521695, 0.024574181065, 0.0202216170728, 0.00989339221269, 0.00263169896789, 0.00253838370554, 0.00423268042505, 0.00199237791821, 0.00129486818332, 0.00192877661902, 0.00166128389537, 0.00158877461217, 0.00171194481663, 0.000839715998154, 0.00113082001917, 0.00098233751487, 0.00115276139695, 0.000590782437939, 0.000467640114948, 0.000346638669726, 0.000724150100723, 0.000272051955108, 0.00050555652706, 0.000309059891151, 0.000313564232783, 0.000390787958167, 8.62416418386e-05, 0.000148867038661, 0.000255929830018, 0.000392611866118, 0.000207620338188, 0.000117424373457, 0.000125965772895, 0.000104014099634, 9.87522653304e-05, 5.27063421032e-05, 5.12644655828e-05, 5.22092050232e-05],
        "mean": [0.0153497010469, 0.0119490185753, 0.00193140504416, 0.000880139821675, 0.000466086232336, 0.000334227224812, 0.000205914693652, 0.000152250431711, 8.14647501102e-05, 8.74887919053e-05, 5.4684755014e-05, 5.32223712071e-05, 8.65802430781e-05, 3.32505223923e-05, 4.04327911383e-05, 5.03128103446e-05, 6.35979158687e-05, 3.29679751303e-05, 2.23581791943e-05, 2.97014448734e-05, 1.41892760439e-05, 1.30116222863e-05, 1.43379720612e-05, 6.22791412752e-06, 9.62731064647e-06, 4.90479851578e-06, 6.57451118968e-06, 9.9580938695e-06, 4.46897274742e-06, 4.68703728984e-06, 7.07038134351e-06, 6.96845199855e-06, 5.28697455593e-06, 3.86781039197e-06, 5.51808761884e-06, 4.33589184468e-06, 4.62984144178e-06, 3.09587676384e-06, 3.29001704813e-06, 2.65336643679e-06],
        "median": [0.00660500302911, 0.00572094181553, 0.00078153173672, 0.00034160821815, 0.000293259188766, 0.00025149184512, 0.000133726265631, 7.26084763301e-05, 3.24858774547e-05, 2.63862948486e-05, 1.92042225535e-05, 1.92783772945e-05, 2.69624597422e-05, 1.0946083421e-05, 1.2566564692e-05, 1.68250244315e-05, 1.24062898976e-05, 7.57522093409e-06, 6.7880187089e-06, 8.46166676638e-06, 3.26240092363e-06, 3.42889916283e-06, 3.14221506414e-06, 2.01408374778e-06, 1.90795094568e-06, 1.11268241199e-06, 1.72460693193e-06, 2.90359662358e-06, 1.10177779789e-06, 9.40967424867e-07, 2.09484528568e-06, 1.53304767991e-06, 1.38175630582e-06, 1.20781385249e-06, 1.59786702625e-06, 1.1032744851e-06, 9.86549252957e-07, 8.85388033112e-07, 9.35802574986e-07, 9.11651341085e-07],
        "min": [7.72655335645e-24, 4.0583233259e-24, 1.26598591103e-23, 9.12263678802e-24, 5.89857370687e-24, 5.08211884161e-24, 7.02830495911e-24, 1.28375200525e-23, 1.13550855397e-23, 4.45543196129e-24, 1.09424371333e-23, 1.04087001557e-23, 8.66574432894e-24, 1.54550047122e-23, 9.51190887917e-24, 1.00371561357e-23, 5.67755302502e-24, 9.61647318102e-24, 6.4425370828e-24, 9.36450311928e-24, 8.52904025609e-24, 1.29675251185e-23, 1.36344446939e-23, 1.26599308967e-23, 6.07940823648e-24, 4.46457288703e-24, 5.44570562169e-24, 1.04661118747e-23, 1.09874653138e-23, 1.25855492019e-23, 1.57945493785e-23, 1.42477730037e-23, 9.10050608419e-24, 1.28746722457e-23, 9.53737488692e-24, 8.21021107719e-24, 7.57583911393e-24, 7.56713166725e-24, 1.00107860934e-23, 1.43884979005e-23],
        "var": [0.000330181675963, 0.000210340906051, 1.25058268168e-05, 3.20954313793e-06, 6.42334612166e-07, 2.62567084519e-07, 5.48060761218e-08, 4.6369716955e-08, 2.02170813424e-08, 2.6275968068e-08, 1.08306039692e-08, 1.41019897981e-08, 2.30043983862e-08, 3.78687392555e-09, 5.29168708852e-09, 6.3963967456e-09, 1.44215341891e-08, 4.29939284174e-09, 1.70904501662e-09, 2.64907606962e-09, 1.02605868246e-09, 7.9344408821e-10, 2.02774264046e-09, 1.22161863958e-10, 6.28818719317e-10, 1.21424884036e-10, 2.16070134007e-10, 6.7075389687e-10, 6.95146093466e-11, 1.23144897057e-10, 2.42930703331e-10, 2.73003314399e-10, 1.24280793989e-10, 4.8879802983e-11, 1.10926420827e-10, 7.27012616775e-11, 7.11658440511e-11, 2.8184636916e-11, 2.20335902301e-11, 1.8649536776e-11]
    },
    "mfcc": {
        "mean": [-654.078430176, 128.029647827, 35.1312103271, 21.8549480438, 19.7599906921, 23.2152957916, 6.41442251205, 4.61392784119, 4.43745183945, 6.30115318298, 4.03860235214, 4.00084114075, 4.32790231705],
        "cov": [[8881.49121094, -3471.24755859, -191.608673096, 24.6216278076, -209.182556152, -384.078613281, -74.1214828491, 19.5082931519, -142.700622559, -49.874546051, 74.54296875, 72.09400177, -59.5430526733], [-3471.24755859, 3104.29907227, -234.915649414, 40.0500450134, 259.212097168, 242.851760864, 18.8943519592, 22.4223384857, 88.9609832764, 23.6966400146, -57.3786392212, -59.0249099731, 18.9265193939], [-191.608673096, -234.915649414, 834.684326172, 145.121826172, 13.2325496674, 86.942855835, 122.989936829, 55.914024353, 47.1727561951, 26.0657920837, 18.7928924561, 5.80639600754, 23.7232017517], [24.6216278076, 40.0500450134, 145.121826172, 402.963134766, 119.239601135, 18.9002685547, 54.5212669373, 96.2545013428, 39.6161079407, 21.5791759491, 28.8155212402, -20.1046524048, -66.1017684937], [-209.182556152, 259.212097168, 13.2325496674, 119.239601135, 319.630950928, 125.399467468, 43.2018013, 85.6197052002, 82.2438201904, 50.1517410278, 45.2478370667, 7.99381732941, -13.6204156876], [-384.078613281, 242.851760864, 86.942855835, 18.9002685547, 125.399467468, 297.679595947, 110.167510986, 2.89251208305, 42.7091064453, 47.9664268494, -5.2387804985, 33.1495742798, 55.1584739685], [-74.1214828491, 18.8943519592, 122.989936829, 54.5212669373, 43.2018013, 110.167510986, 159.250350952, 51.1804542542, 12.4849357605, 14.1431818008, 4.95676994324, 9.39147090912, 18.8161239624], [19.5082931519, 22.4223384857, 55.914024353, 96.2545013428, 85.6197052002, 2.89251208305, 51.1804542542, 137.088516235, 53.3232879639, 16.3406772614, 33.7311859131, 7.99958467484, -16.0471992493], [-142.700622559, 88.9609832764, 47.1727561951, 39.6161079407, 82.2438201904, 42.7091064453, 12.4849357605, 53.3232879639, 97.4584503174, 50.2743530273, 22.3126316071, 12.4556541443, 6.70654296875], [-49.874546051, 23.6966400146, 26.0657920837, 21.5791759491, 50.1517410278, 47.9664268494, 14.1431818008, 16.3406772614, 50.2743530273, 81.8329391479, 33.364440918, 12.3756742477, 12.6911897659], [74.54296875, -57.3786392212, 18.7928924561, 28.8155212402, 45.2478370667, -5.2387804985, 4.95676994324, 33.7311859131, 22.3126316071, 33.364440918, 81.550994873, 32.512172699, -3.62579488754], [72.09400177, -59.0249099731, 5.80639600754, -20.1046524048, 7.99381732941, 33.1495742798, 9.39147090912, 7.99958467484, 12.4556541443, 12.3756742477, 32.512172699, 69.9471664429, 37.4766807556], [-59.5430526733, 18.9265193939, 23.7232017517, -66.1017684937, -13.6204156876, 55.1584739685, 18.8161239624, -16.0471992493, 6.70654296875, 12.6911897659, -3.62579488754, 37.4766807556, 99.9678649902]],
