{
"lowlevel": {
    "average_loudness": 0.870436191559,
    "barkbands_crest": {
        "dmean": 3.15975522995,
        "dmean2": 4.55262184143,
        "dvar": 8.77064037323,
        "dvar2": 22.3811359406,
        "max": 26.9475421906,
        "mean": 16.0056018829,
        "median": 15.7304096222,
        "min": 1.83382558823,
        "var": 33.1118011475
    },
    "barkbands_flatness_db": {
        "dmean": 0.0448287650943,
        "dmean2": 0.0606391429901,
        "dvar": 0.00295743835159,
        "dvar2": 0.00550494994968,
        "max": 0.93286138773,
        "mean": 0.229613542557,
        "median": 0.202436119318,
        "min": 0.0137696219608,
        "var": 0.0153300371021
    },
    "barkbands_kurtosis": {
        "dmean": 54.2808494568,
        "dmean2": 87.753364563,
        "dvar": 207598.671875,
        "dvar2": 595885.3125,
        "max": 14057.7792969,
        "mean": 66.7769546509,
        "median": 14.7958183289,
        "min": -1.86164915562,
        "var": 143267.09375
    },
    "barkbands_skewness": {
        "dmean": 1.7937912941,
        "dmean2": 2.49768972397,
        "dvar": 15.4196796417,
        "dvar2": 38.034538269,
        "max": 89.3231277466,
        "mean": 4.58119440079,
        "median": 3.39676856995,
        "min": -3.29235816002,
        "var": 25.7555027008
    },
    "barkbands_spread": {
        "dmean": 7.69218587875,
        "dmean2": 10.9744882584,
        "dvar": 129.026260376,
        "dvar2": 245.745437622,
        "max": 122.993209839,
        "mean": 15.5417337418,
        "median": 8.74053764343,
        "min": 0.0148101691157,
        "var": 292.815185547
    },
    "dissonance": {
        "dmean": 0.02275323309,
        "dmean2": 0.0378817655146,
        "dvar": 0.000930537644308,
        "dvar2": 0.0025787493214,
        "max": 0.500000178814,
        "mean": 0.450113922358,
        "median": 0.465101003647,
        "min": 0.0833533927798,
        "var": 0.00304427370429
    },
    "dynamic_complexity": 3.23612761497,
    "erbbands_crest": {
        "dmean": 2.21906232834,
        "dmean2": 3.52721643448,
        "dvar": 6.04080581665,
        "dvar2": 13.6607437134,
        "max": 32.4223594666,
        "mean": 9.02148914337,
        "median": 7.15397119522,
        "min": 1.59307551384,
        "var": 33.4533538818
    },
    "erbbands_flatness_db": {
        "dmean": 0.0175835285336,
        "dmean2": 0.0250925775617,
        "dvar": 0.000629530113656,
        "dvar2": 0.00111787265632,
        "max": 0.481115937233,
        "mean": 0.141583323479,
        "median": 0.115045778453,
        "min": 0.0200123582035,
        "var": 0.00602547265589
    },
    "erbbands_kurtosis": {
        "dmean": 2.32515788078,
        "dmean2": 3.61724925041,
        "dvar": 219.908126831,
        "dvar2": 581.815612793,
        "max": 587.473449707,
        "mean": 2.35110378265,
        "median": -0.660073041916,
        "min": -1.82168114185,
        "var": 307.496063232
    },
    "erbbands_skewness": {
        "dmean": 0.466482460499,
        "dmean2": 0.67597091198,
        "dvar": 0.543064177036,
        "dvar2": 1.16561055183,
        "max": 18.0478134155,
        "mean": 0.585760235786,
        "median": 0.303659409285,
        "min": -2.73374032974,
        "var": 1.88456082344
    },
    "erbbands_spread": {
        "dmean": 12.0642004013,
        "dmean2": 17.1766586304,
        "dvar": 186.35446167,
        "dvar2": 395.291595459,
        "max": 169.513793945,
        "mean": 58.5461959839,
        "median": 61.0654220581,
        "min": 0.619669795036,
        "var": 833.919006348
    },
    "hfc": {
        "dmean": 19.9988174438,
        "dmean2": 30.0531673431,
        "dvar": 2012.1463623,
        "dvar2": 4676.73632812,
        "max": 440.380157471,
        "mean": 28.139749527,
        "median": 13.8759422302,
        "min": 1.18190292309e-16,
        "var": 2257.19946289
    },
    "melbands_crest": {
        "dmean": 4.16018009186,
        "dmean2": 6.21320009232,
        "dvar": 16.6491069794,
        "dvar2": 40.2951545715,
        "max": 39.9908599854,
        "mean": 23.422958374,
        "median": 23.0089969635,
        "min": 2.25389432907,
        "var": 54.304851532
    },
    "melbands_flatness_db": {
        "dmean": 0.0528790801764,
        "dmean2": 0.0700612068176,
        "dvar": 0.00393262784928,
        "dvar2": 0.00728063704446,
        "max": 1,
        "mean": 0.322019696236,
        "median": 0.297842174768,
        "min": 0.00616254797205,
        "var": 0.0202945116907
    },
    "melbands_kurtosis": {
        "dmean": 161.678924561,
        "dmean2": 286.236602783,
        "dvar": 8655118,
        "dvar2": 25888096,
        "max": 199892.65625,
        "mean": 163.735061646,
        "median": 47.1592216492,
        "min": -1.75746929646,
        "var": 4440418
    },
    "melbands_skewness": {
        "dmean": 2.45920848846,
        "dmean2": 3.68459844589,
        "dvar": 68.0977096558,
        "dvar2": 195.951263428,
        "max": 387.405273438,
        "mean": 7.03346681595,
        "median": 5.62311506271,
        "min": -1.83386135101,
        "var": 58.2246360779
    },
    "melbands_spread": {
        "dmean": 6.49594783783,
        "dmean2": 9.8195142746,
        "dvar": 114.436820984,
        "dvar2": 269.595428467,
        "max": 208.868011475,
        "mean": 10.5747060776,
        "median": 5.06821250916,
        "min": 0.00371470791288,
        "var": 199.50617981
    },
    "pitch_salience": {
        "dmean": 0.095934689045,
        "dmean2": 0.145316943526,
        "dvar": 0.010891395621,
        "dvar2": 0.0240960754454,
        "max": 0.968588471413,
        "mean": 0.368559330702,
        "median": 0.373637765646,
        "min": 0.00197382736951,
        "var": 0.0339540503919
    },
    "silence_rate_20dB": {
        "dmean": 0.005221250467,
        "dmean2": 0.0104431826621,
        "dvar": 0.00519503327087,
        "dvar2": 0.0129436543211,
        "max": 1,
        "mean": 0.994256973267,
        "median": 1,
        "min": 0,
        "var": 0.00570902088657
    },
    "silence_rate_30dB": {
        "dmean": 0.116694949567,
        "dmean2": 0.233405128121,
        "dvar": 0.103089936078,
        "dvar2": 0.206060469151,
        "max": 1,
        "mean": 0.659139871597,
        "median": 1,
        "min": 0,
        "var": 0.224700197577
    },
    "silence_rate_60dB": {
        "dmean": 0.0221903137863,
        "dmean2": 0.0443182550371,
        "dvar": 0.0216948278248,
        "dvar2": 0.0526579990983,
        "max": 1,
        "mean": 0.0596488937736,
        "median": 0,
        "min": 0,
        "var": 0.0560753121972
    },
    "spectral_centroid": {
        "dmean": 341.676544189,
        "dmean2": 477.214447021,
        "dvar": 192613.28125,
        "dvar2": 353431.15625,
        "max": 10070.3730469,
        "mean": 1143.80444336,
        "median": 1009.74584961,
        "min": 28.4477462769,
        "var": 696206.3125
    },
    "spectral_complexity": {
        "dmean": 5.57799243927,
        "dmean2": 7.96501541138,
        "dvar": 56.986869812,
        "dvar2": 106.17502594,
        "max": 58,
        "mean": 14.5419301987,
        "median": 12,
        "min": 0,
        "var": 122.069412231
    },
    "spectral_decrease": {
        "dmean": 8.00847832494e-09,
        "dmean2": 9.91735049638e-09,
        "dvar": 8.98068336688e-17,
        "dvar2": 1.99115634801e-16,
        "max": 8.05228150019e-30,
        "mean": -2.2038420866e-08,
        "median": -1.58712758491e-08,
        "min": -1.72562650391e-07,
        "var": 4.40176447029e-16
    },
    "spectral_energy": {
        "dmean": 0.0315794087946,
        "dmean2": 0.039628919214,
        "dvar": 0.00138082820922,
        "dvar2": 0.00313992612064,
        "max": 0.655323922634,
        "mean": 0.0857306793332,
        "median": 0.0622973032296,
        "min": 1.06898230771e-20,
        "var": 0.00649457983673
    },
    "spectral_energyband_high": {
        "dmean": 0.0019564521499,
        "dmean2": 0.00293882098049,
        "dvar": 2.56670391536e-05,
        "dvar2": 5.91879506828e-05,
        "max": 0.0654433891177,
        "mean": 0.00222053588368,
        "median": 0.000461486313725,
        "min": 7.79181599584e-21,
        "var": 2.84847101284e-05
    },
    "spectral_energyband_low": {
        "dmean": 0.0266544129699,
        "dmean2": 0.0308610424399,
        "dvar": 0.00118277710862,
        "dvar2": 0.00232030986808,
        "max": 0.650460898876,
        "mean": 0.0713501721621,
        "median": 0.0450729206204,
        "min": 8.57132588273e-23,
        "var": 0.00626925332472
    },
    "spectral_energyband_middle_high": {
        "dmean": 0.00190528738312,
        "dmean2": 0.00310875242576,
        "dvar": 1.42597127706e-05,
        "dvar2": 3.74346491299e-05,
        "max": 0.0567436702549,
        "mean": 0.00234962045215,
        "median": 0.00125659827609,
        "min": 1.49093741734e-21,
        "var": 1.25224660223e-05
    },
    "spectral_energyband_middle_low": {
        "dmean": 0.00642188452184,
        "dmean2": 0.00978573039174,
        "dvar": 0.000136489456054,
        "dvar2": 0.0002664757194,
        "max": 0.136288121343,
        "mean": 0.00985576678067,
        "median": 0.00601262925193,
        "min": 3.58172461653e-22,
        "var": 0.000173985783476
    },
    "spectral_entropy": {
        "dmean": 0.328793376684,
        "dmean2": 0.464019030333,
        "dvar": 0.160683766007,
        "dvar2": 0.292939156294,
        "max": 9.79780483246,
        "mean": 7.13067674637,
        "median": 7.233959198,
        "min": 3.20256352425,
        "var": 0.939286589622
    },
    "spectral_flux": {
        "dmean": 0.0539534911513,
        "dmean2": 0.0799762010574,
        "dvar": 0.00345657556318,
        "dvar2": 0.00840398576111,
        "max": 0.597620785236,
        "mean": 0.133319139481,
        "median": 0.114091463387,
        "min": 1.03391600836e-10,
        "var": 0.00804789178073
    },
    "spectral_kurtosis": {
        "dmean": 4.25083303452,
        "dmean2": 6.75108242035,
        "dvar": 146.363189697,
        "dvar2": 314.93447876,
        "max": 261.033233643,
        "mean": 10.1207685471,
        "median": 3.05939388275,
        "min": -1.21567940712,
        "var": 506.831695557
    },
    "spectral_rms": {
        "dmean": 0.00185425532982,
        "dmean2": 0.00234749610536,
        "dvar": 3.88855460187e-06,
        "dvar2": 8.71887277754e-06,
        "max": 0.0252851825207,
        "mean": 0.0079713370651,
        "median": 0.00779601559043,
        "min": 3.22941109618e-12,
        "var": 2.00973863684e-05
    },
    "spectral_rolloff": {
        "dmean": 531.629638672,
        "dmean2": 879.291992188,
        "dvar": 1281632.625,
        "dvar2": 2930393.75,
        "max": 18820.0195312,
        "mean": 682.989685059,
        "median": 193.798828125,
        "min": 21.533203125,
        "var": 1626776.25
    },
    "spectral_skewness": {
        "dmean": 0.387897819281,
        "dmean2": 0.588366210461,
        "dvar": 0.506135940552,
        "dvar2": 1.0354514122,
        "max": 13.3140611649,
        "mean": 1.98652732372,
        "median": 1.44428038597,
        "min": 0.0324556976557,
        "var": 2.72855997086
    },
    "spectral_spread": {
        "dmean": 636461.375,
        "dmean2": 963201.1875,
        "dvar": 1.2794045399e+12,
        "dvar2": 2.79733993472e+12,
        "max": 40924408,
        "mean": 5352237,
        "median": 5365966.5,
        "min": 372934.15625,
        "var": 4.70410487398e+12
    },
    "spectral_strongpeak": {
        "dmean": 0.256740123034,
        "dmean2": 0.404975026846,
        "dvar": 0.0781187415123,
        "dvar2": 0.174063175917,
        "max": 5.50175952911,
        "mean": 0.656435549259,
        "median": 0.6076618433,
        "min": 0,
        "var": 0.228604719043
    },
    "zerocrossingrate": {
        "dmean": 0.0124028604478,
        "dmean2": 0.0134761286899,
        "dvar": 0.000272504228633,
        "dvar2": 0.000330430339091,
        "max": 0.5107421875,
        "mean": 0.0352456644177,
        "median": 0.0224609375,
        "min": 0,
        "var": 0.00123794761021
    },
    "barkbands": {
        "dmean": [0.00587188312784, 0.0226567573845, 0.00815685093403, 0.00322770071216, 0.00322199286893, 0.00121280050371, 0.000369787856471, 0.000217739565414, 0.000342442828696, 0.000219486202695, 0.000247931253398, 0.000190267528524, 0.000213695311686, 0.000102222511487, 0.000509040895849, 0.000150018400745, 0.000117988834972, 0.000144478050061, 0.000149637606228, 0.000251248537097, 0.00043397344416, 0.000254951650277, 0.000371902598999, 0.00045743555529, 0.000272158329608, 0.000110434404633, 1.625501136e-05],
        "dmean2": [0.0084109576419, 0.0257579591125, 0.0115734525025, 0.00540294498205, 0.00539839267731, 0.00202096742578, 0.000599536404479, 0.000349597044988, 0.00055521709146, 0.000387776410207, 0.000429175270256, 0.000328215159243, 0.000356729258783, 0.000173089065356, 0.00091924611479, 0.000259282736806, 0.000189804108231, 0.000215735897655, 0.00022760158754, 0.000396117946366, 0.000649374676868, 0.000405388447689, 0.000549273041543, 0.000736100948416, 0.000402033445425, 0.000163196906215, 2.47594252869e-05],
        "dvar": [0.000106785482785, 0.0010876301676, 0.00030334937037, 8.08289842098e-05, 6.09505768807e-05, 4.42834607384e-06, 3.19309350516e-07, 2.52451201277e-07, 6.7116354785e-07, 2.4702853807e-07, 2.95085101243e-07, 1.9034425236e-07, 2.3580638242e-07, 4.13673575395e-08, 1.63947140663e-06, 1.07037010366e-07, 8.83752093728e-08, 1.72033665535e-07, 1.32847503664e-07, 5.71547900563e-07, 1.36124435812e-06, 3.96529941327e-07, 9.33875185183e-07, 1.8633899117e-06, 5.40983421615e-07, 8.35191258375e-08, 1.61639368557e-09],
        "dvar2": [0.000225832729484, 0.00172560685314, 0.000587289105169, 0.000208966594073, 0.000163635573699, 1.17263844004e-05, 8.17808142983e-07, 6.27919746421e-07, 1.68394899447e-06, 6.90354227117e-07, 7.80585082794e-07, 5.09709991547e-07, 6.5364463353e-07, 1.0806584072e-07, 4.62957132186e-06, 2.95064552347e-07, 2.21970793746e-07, 4.17049903945e-07, 3.13264138185e-07, 1.50456583015e-06, 3.05935895994e-06, 9.95307118501e-07, 2.17372826228e-06, 4.59606872028e-06, 1.1648145346e-06, 1.93780735458e-07, 3.7364875638e-09],
        "max": [0.129815608263, 0.644069492817, 0.317092895508, 0.109362110496, 0.0888275131583, 0.0486103445292, 0.0102275777608, 0.0108569646254, 0.0143464067951, 0.0102160768583, 0.00770739512518, 0.0067644463852, 0.00692393817008, 0.0034823382739, 0.0130742322654, 0.00906765088439, 0.0115592237562, 0.0244455244392, 0.0163546651602, 0.0342056490481, 0.0435973666608, 0.00868382118642, 0.00996337365359, 0.0124844945967, 0.00710742082447, 0.00285241869278, 0.000464618817205],
        "mean": [0.00861196499318, 0.0518890097737, 0.0108601357788, 0.00285928696394, 0.00355662917718, 0.00196457398124, 0.00071694079088, 0.000278634135611, 0.000398170319386, 0.000235835468629, 0.000248734460911, 0.000225856318139, 0.000261213921476, 0.000122150449897, 0.000445417914307, 0.000152866836288, 0.000143391138408, 0.000172119121999, 0.000238523367443, 0.000291243806714, 0.000501237285789, 0.000295321835438, 0.000419319025241, 0.00042814394692, 0.000286500842776, 0.000109979628178, 1.75132354343e-05],
        "median": [0.00109901931137, 0.0227725673467, 0.00209073699079, 0.00053530751029, 0.00102887523826, 0.0010874455329, 0.000390633824281, 5.35098879482e-05, 0.000116852548672, 9.07265202841e-05, 7.01161916368e-05, 6.44910614938e-05, 0.000107162479253, 2.71137978416e-05, 0.000116630952107, 4.31599764852e-05, 3.75563577109e-05, 5.9476136812e-05, 0.000100558761915, 9.02089523152e-05, 9.23751722439e-05, 6.10161296208e-05, 5.80012201681e-05, 4.99434063386e-05, 2.23400929826e-05, 1.12347661343e-05, 1.53226187649e-06],
        "min": [2.99807880761e-23, 4.52983811073e-23, 9.36857916358e-24, 1.16807864859e-23, 9.39900757973e-23, 2.90065669463e-23, 1.27911258805e-22, 4.48527598928e-23, 3.18631017038e-23, 1.13063142142e-22, 1.10247527177e-22, 3.62337950155e-23, 7.60415275176e-23, 8.91452644598e-23, 1.6869270441e-22, 1.03562776664e-22, 2.35909396443e-22, 2.76028161022e-22, 2.11308257931e-22, 2.66632865507e-22, 4.25293165091e-22, 4.845292732e-22, 6.74353541777e-22, 8.77031472079e-22, 1.10402863356e-21, 1.80035072723e-21, 2.43928635812e-21],
        "var": [0.000269138836302, 0.00493465922773, 0.000436059635831, 6.07387155469e-05, 5.37434425496e-05, 7.61050750953e-06, 8.06196226222e-07, 3.54653906243e-07, 7.36279503144e-07, 1.8742647967e-07, 2.35421850903e-07, 1.87662308804e-07, 1.93244147795e-07, 5.01347159343e-08, 1.08163555979e-06, 9.03714010292e-08, 8.6288913792e-08, 1.60204450594e-07, 1.74086679294e-07, 4.82842267502e-07, 1.56472754043e-06, 4.45957880402e-07, 1.07927837689e-06, 1.64744972153e-06, 6.18516139639e-07, 8.46699421686e-08, 1.82886394917e-09]
    },
    "erbbands": {
        "dmean": [0.916409254074, 5.18598222733, 10.0755395889, 8.92586040497, 11.5332679749, 10.6828556061, 8.32777404785, 10.7452774048, 6.28200864792, 4.10302972794, 5.30182552338, 8.32586669922, 6.56522512436, 9.44912528992, 8.55982398987, 8.38355064392, 9.70152950287, 6.31840896606, 15.7289991379, 22.981262207, 6.71312141418, 6.41734600067, 8.12738037109, 7.29204416275, 8.78793621063, 12.456196785, 14.17000103, 16.823802948, 9.36294078827, 10.1666269302, 11.3053350449, 7.60884094238, 8.89360618591, 3.63588142395, 1.72924947739, 0.621246397495, 0.197923794389, 0.0287750493735, 0.00289599178359, 0.000150415755343],
        "dmean2": [0.951858639717, 6.02240943909, 13.1828346252, 13.4109477997, 18.9801368713, 18.4450378418, 14.2411756516, 17.7443275452, 10.1454944611, 6.70117425919, 8.56796169281, 13.1970071793, 11.2707548141, 17.1347484589, 14.0682287216, 14.1683721542, 16.1464328766, 10.77368927, 27.9447898865, 41.3229560852, 11.106508255, 10.2970666885, 12.1545715332, 11.1969223022, 13.6602420807, 19.5089168549, 21.4013977051, 25.5653457642, 14.662279129, 16.009103775, 16.518913269, 11.883184433, 14.5096149445, 5.37757730484, 2.58112311363, 0.91430580616, 0.304593503475, 0.044847369194, 0.00445589050651, 0.000220756002818],
        "dvar": [1.83190488815, 61.3355674744, 327.468292236, 473.31262207, 766.600097656, 755.005004883, 288.941680908, 407.606323242, 94.0643386841, 53.2671852112, 153.541442871, 380.32220459, 237.559997559, 549.390991211, 295.766448975, 369.590179443, 473.908447266, 145.687072754, 1415.84667969, 3309.04296875, 290.303955078, 232.57572937, 346.954284668, 419.720336914, 588.51361084, 1354.99926758, 1649.52697754, 1988.87683105, 538.350585938, 695.628234863, 871.34185791, 466.245758057, 738.762390137, 97.8177871704, 22.59516716, 2.70773291588, 0.2892357409, 0.00531934946775, 5.20325520483e-05, 1.0815778495e-07],
        "dvar2": [2.18787097931, 95.4639663696, 581.56842041, 1040.98901367, 1941.703125, 2131.45776367, 797.991394043, 1022.1505127, 230.626083374, 136.473464966, 387.725616455, 918.945129395, 652.769470215, 1556.80456543, 741.545654297, 979.828430176, 1312.66870117, 391.676971436, 4000.05712891, 9257.0078125, 787.521789551, 593.556762695, 737.624145508, 1007.70166016, 1540.62585449, 3504.04663086, 3662.07373047, 4644.79931641, 1341.1348877, 1689.59008789, 2043.2244873, 1155.86010742, 1839.27893066, 216.93296814, 49.6329994202, 6.24989271164, 0.699054479599, 0.0132727511227, 0.000124658661662, 2.33270824879e-07],
        "max": [21.5204696655, 133.16293335, 333.026123047, 320.65423584, 314.2237854, 325.367828369, 292.042907715, 344.860839844, 173.240158081, 128.742340088, 272.807067871, 338.500366211, 380.870483398, 246.887619019, 279.091186523, 300.944244385, 330.757110596, 180.926086426, 326.541412354, 612.647216797, 811.849975586, 486.581756592, 868.328918457, 1047.08154297, 1072.73657227, 1680.88720703, 1620.32250977, 1388.56079102, 447.009490967, 289.345092773, 320.961669922, 229.142700195, 252.322601318, 97.7145690918, 49.0609474182, 19.1394844055, 5.13457632065, 0.648681282997, 0.0827632844448, 0.0043433806859],
        "mean": [1.86245024204, 9.97244739532, 15.7935085297, 9.94121742249, 12.81919384, 10.2225608826, 9.68138313293, 18.5234928131, 12.7219142914, 6.93536806107, 6.39182424545, 10.3351993561, 7.31920099258, 9.03106784821, 10.0373039246, 10.6280965805, 12.4260139465, 7.82614469528, 15.0129051208, 20.1714115143, 7.64715576172, 7.80779933929, 10.3559617996, 10.9342679977, 12.2457456589, 14.4471063614, 17.2204685211, 18.7793521881, 10.9865818024, 11.3202857971, 12.8705091476, 7.66129207611, 8.02970218658, 3.78941822052, 1.74482440948, 0.624312162399, 0.186543896794, 0.0274011995643, 0.00306050339714, 0.000247156189289],
        "median": [0.388362675905, 4.71059846878, 4.89641046524, 3.36553359032, 3.64412951469, 2.9614341259, 4.46087789536, 8.44067382812, 7.47535228729, 3.24385213852, 1.68395090103, 3.11925458908, 2.79489707947, 2.6088578701, 3.32444739342, 3.36276364326, 5.48794984818, 3.09583568573, 5.71486091614, 3.51891970634, 2.79080939293, 2.29735207558, 3.29120349884, 4.1775727272, 5.43824386597, 4.83373403549, 4.03183317184, 3.14940810204, 2.27342939377, 1.81364834309, 1.69751286507, 1.2387393713, 0.786863029003, 0.282185822725, 0.143409341574, 0.0623308680952, 0.0178995188326, 0.00232773367316, 0.00030612948467, 0.000117870600661],
        "min": [3.04260616869e-21, 3.53148808607e-21, 6.26021919807e-21, 3.64657015424e-20, 2.12956821521e-19, 2.95008950685e-19, 1.92302974656e-19, 2.48007307508e-19, 1.23495232361e-18, 2.16253467134e-18, 8.86359801912e-19, 7.622199477e-19, 2.10385220394e-18, 4.62561383773e-18, 3.31870197071e-18, 2.11634428555e-18, 3.29706478704e-18, 5.24453436028e-18, 5.95313780484e-18, 8.80389998072e-18, 7.29201399868e-18, 1.13534881771e-17, 1.62816259531e-17, 1.237353753e-17, 8.52742478714e-18, 1.31598372223e-17, 1.61480792976e-17, 1.79292142233e-17, 1.6798696554e-17, 1.77167512286e-17, 1.91074800664e-17, 1.65278329537e-17, 1.54715729423e-17, 1.2361043794e-17, 7.95410176868e-18, 6.46804615563e-18, 3.65180346748e-18, 1.41456725239e-18, 3.46843680933e-19, 3.28493616084e-20],
        "var": [10.0358896255, 200.428161621, 639.791809082, 497.006652832, 723.430114746, 567.116516113, 252.754760742, 940.989990234, 232.750732422, 105.267501831, 166.972366333, 469.94921875, 198.378585815, 364.956634521, 304.445220947, 372.035888672, 394.180084229, 148.316238403, 938.183105469, 2300.18945312, 241.204528809, 221.823364258, 411.056274414, 474.832824707, 571.970581055, 1216.89465332, 1917.36242676, 2162.42993164, 610.737976074, 738.063293457, 1033.00415039, 429.948120117, 635.155090332, 110.517814636, 24.2421741486, 2.7986497879, 0.267897218466, 0.00477585894987, 5.44431604794e-05, 1.63576785894e-07]
    },
    "gfcc": {
        "mean": [-37.0681190491, 88.7675094604, -75.5947189331, 43.3488845825, -42.891544342, 18.8571910858, -25.6379852295, 4.22495746613, -16.7322731018, 6.88611078262, -5.41328859329, 2.50805640221, -6.35087299347],
        "cov": [[27846.4179688, -3055.5078125, -1275.07885742, 2101.96899414, -1077.97729492, 1219.20825195, -745.606262207, 626.606018066, -564.237060547, 484.763305664, -661.985900879, 12.7508945465, -536.071899414], [-3055.5078125, 3095.02514648, 253.271118164, -635.300476074, 484.906799316, -390.587402344, 367.930389404, -335.998626709, 247.383255005, -304.731994629, 226.749481201, -123.361885071, 189.338546753], [-1275.07885742, 253.271118164, 1032.60083008, 184.865142822, 328.235107422, 158.764801025, 188.385818481, 97.2748260498, 115.801010132, -10.6969585419, -15.5393896103, -74.836555481, -69.5424575806], [2101.96899414, -635.300476074, 184.865142822, 722.512878418, 0.0629879832268, 329.809936523, 16.6653652191, 193.559539795, -0.345640063286, 75.2752151489, -57.2755012512, -0.885224640369, -62.6927947998], [-1077.97729492, 484.906799316, 328.235107422, 0.0629879832268, 438.38192749, 102.479637146, 274.638000488, 31.7573204041, 137.068511963, -40.5611801147, 94.4729614258, -16.1080417633, 36.8881225586], [1219.20825195, -390.587402344, 158.764801025, 329.809936523, 102.479637146, 329.040039062, 106.259780884, 179.454986572, 46.3411026001, 76.1899414062, -9.52996635437, 16.150970459, -33.4722290039], [-745.606262207, 367.930389404, 188.385818481, 16.6653652191, 274.638000488, 106.259780884, 286.882019043, 78.9007034302, 124.844970703, 1.20238232613, 118.12625885, 4.924305439, 27.9751377106], [626.606018066, -335.998626709, 97.2748260498, 193.559539795, 31.7573204041, 179.454986572, 78.9007034302, 192.630935669, 46.2289733887, 101.325302124, 40.2917327881, 42.2496566772, -30.8776397705], [-564.237060547, 247.383255005, 115.801010132, -0.345640063286, 137.068511963, 46.3411026001, 124.844970703, 46.2289733887, 150.807052612, 32.4938011169, 62.4768104553, 1.99525105953, 54.5274162292], [484.763305664, -304.731994629, -10.6969585419, 75.2752151489, -40.5611801147, 76.1899414062, 1.20238232613, 101.325302124, 32.4938011169, 164.473114014, 62.4294815063, 43.403755188, -24.4199810028], [-661.985900879, 226.749481201, -15.5393896103, -57.2755012512, 94.4729614258, -9.52996635437, 118.12625885, 40.2917327881, 62.4768104553, 62.4294815063, 180.845565796, 69.5011672974, 34.0771713257], [12.7508945465, -123.361885071, -74.836555481, -0.885224640369, -16.1080417633, 16.150970459, 4.924305439, 42.2496566772, 1.99525105953, 43.403755188, 69.5011672974, 108.406433105, 49.8410491943], [-536.071899414, 189.338546753, -69.5424575806, -62.6927947998, 36.8881225586, -33.4722290039, 27.9751377106, -30.8776397705, 54.5274162292, -24.4199810028, 34.0771713257, 49.8410491943, 160.904647827]],
        "icov": [[8.49916177685e-05, -0.00013171590399, 0.000173366337549, -0.000166296696989, -1.06380375655e-05, -0.000269563432084, 0.000111723340524, -0.000118688134535, 0.000266021932475, -0.000363057391951, 0.000459226313978, -0.000193914718693, 0.000170006984263], [-0.00013171590399, 0.00121467828285, -0.000462717696792, 0.00047087794519, 0.000173039486981, 0.000671830377541, -0.000666647101752, 0.00130668585189, -0.00160754588433, 0.00209949328564, -0.00247003347613, 0.00153432379011, -0.000506676849909], [0.000173366337549, -0.000462717696792, 0.00197407277301, -0.000689813343342, -0.00147190038115, -7.40942487027e-05, 0.000540693348739, -0.00121440726798, 9.08341025934e-05, -0.0010339168366, 0.00211949739605, -0.000448816252174, 0.00120391813107], [-0.000166296696989, 0.00047087794519, -0.000689813343342, 0.00335526000708, 0.000508097291458, -0.00248579191975, 0.000859189778566, -0.000684302998707, -0.000365938234609, 0.00174610537942, -0.00199366174638, 0.00170103483833, -0.000728915329091], [-1.06380375655e-05, 0.000173039486981, -0.00147190038115, 0.000508097291458, 0.00827988889068, -0.00255810446106, -0.00565267819911, 0.00366236548871, -0.00208797422238, 0.00214622518979, -0.00181283056736, -3.42703133356e-05, 5.84280314797e-06], [-0.000269563432084, 0.000671830377541, -7.40942487027e-05, -0.00248579191975, -0.00255810446106, 0.0126079423353, -0.00366649613716, -0.00513994367793, -0.000175871740794, -0.00133994454518, 0.0039740242064, -0.0011633845279, -0.000453886605101], [0.000111723340524, -0.000666647101752, 0.000540693348739, 0.000859189778566, -0.00565267819911, -0.00366649613716, 0.0167606044561, -0.00618017883971, -0.00252285436727, 0.0043106819503, -0.00741556147113, 0.00404358375818, -1.45574977068e-05], [-0.000118688134535, 0.00130668585189, -0.00121440726798, -0.000684302998707, 0.00366236548871, -0.00513994367793, -0.00618017883971, 0.0205308999866, -0.00461281137541, -0.00311899092048, -0.00104214437306, -0.00528204394504, 0.00332770845853], [0.000266021932475, -0.00160754588433, 9.08341025934e-05, -0.000365938234609, -0.00208797422238, -0.000175871740794, -0.00252285436727, -0.00461281137541, 0.0185839310288, -0.00787362735718, 0.0026540926192, 0.00397850293666, -0.00661704177037], [-0.000363057391951, 0.00209949328564, -0.0010339168366, 0.00174610537942, 0.00214622518979, -0.00133994454518, 0.0043106819503, -0.00311899092048, -0.00787362735718, 0.0188110824674, -0.0119698895141, 0.00281253876165, 0.00162159395404], [0.000459226313978, -0.00247003347613, 0.00211949739605, -0.00199366174638, -0.00181283056736, 0.0039740242064, -0.00741556147113, -0.00104214437306, 0.0026540926192, -0.0119698895141, 0.0239298641682, -0.0136796263978, 0.00336063001305], [-0.000193914718693, 0.00153432379011, -0.000448816252174, 0.00170103483833, -3.42703133356e-05, -0.0011633845279, 0.00404358375818, -0.00528204394504, 0.00397850293666, 0.00281253876165, -0.0136796263978, 0.0247340463102, -0.0096192676574], [0.000170006984263, -0.000506676849909, 0.00120391813107, -0.000728915329091, 5.84280314797e-06, -0.000453886605101, -1.45574977068e-05, 0.00332770845853, -0.00661704177037, 0.00162159395404, 0.00336063001305, -0.0096192676574, 0.0129155321047]]
    },
    "melbands": {
        "dmean": [0.00693622324616, 0.00529467361048, 0.0014963648282, 0.000810945755802, 0.000306172936689, 0.000232844962738, 9.14002084755e-05, 4.34048888565e-05, 4.32359884144e-05, 5.55217047804e-05, 3.18276397593e-05, 3.73179718736e-05, 3.12420670525e-05, 2.25066378334e-05, 1.76766861841e-05, 2.35507395701e-05, 9.75602597464e-06, 1.94953390746e-05, 4.20119322371e-05, 1.75410859811e-05, 6.61283229419e-06, 7.30629335521e-06, 6.56300153423e-06, 7.42393285691e-06, 5.94261700826e-06, 5.62250897929e-06, 8.51960521686e-06, 8.0817280832e-06, 6.80382754581e-06, 1.36018215926e-05, 7.56088775233e-06, 5.45818693354e-06, 5.16195723321e-06, 5.88644797972e-06, 6.61868261886e-06, 5.26557369085e-06, 4.44209126726e-06, 7.19391437087e-06, 4.37445487478e-06, 2.59713283413e-06],
        "dmean2": [0.00750095676631, 0.00631841132417, 0.00212761270814, 0.00134662631899, 0.000523618713487, 0.0003847447515, 0.000148065591929, 7.05983256921e-05, 7.03697442077e-05, 8.84258552105e-05, 5.49283286091e-05, 6.78775686538e-05, 5.28437522007e-05, 3.8485875848e-05, 2.9046454074e-05, 3.93370864913e-05, 1.66328009072e-05, 3.44928230334e-05, 7.64952492318e-05, 3.02733824356e-05, 1.0884461517e-05, 1.21131497508e-05, 1.02647863969e-05, 1.11770250442e-05, 9.18973910302e-06, 8.63869354362e-06, 1.40193415064e-05, 1.25406104416e-05, 1.03667725853e-05, 2.04032039619e-05, 1.16508726933e-05, 8.45559316076e-06, 8.59761530592e-06, 9.09776917979e-06, 9.81215816864e-06, 7.50027902541e-06, 7.25886457076e-06, 1.18929301607e-05, 6.88839918439e-06, 3.76364937438e-06],
        "dvar": [9.29713060032e-05, 6.22321676929e-05, 1.00123770608e-05, 3.74924002244e-06, 4.35917002051e-07, 1.75634966126e-07, 1.92207139094e-08, 6.43757402941e-09, 9.96398163977e-09, 1.79853412163e-08, 5.69882319112e-09, 8.70156391386e-09, 4.47144410387e-09, 2.43608866413e-09, 1.26936783307e-09, 2.77502953949e-09, 3.57374269067e-10, 1.99381977595e-09, 1.17041283332e-08, 1.54077850478e-09, 4.97593244386e-10, 3.37384287175e-10, 1.93769889023e-10, 5.22726140151e-10, 2.74630124197e-10, 2.29779847927e-10, 6.90020651728e-10, 5.87861814783e-10, 4.32874125433e-10, 1.4309876617e-09, 3.65534352786e-10, 1.80160511509e-10, 1.93935173476e-10, 2.35770625245e-10, 2.94940322165e-10, 1.90377255627e-10, 1.71422112616e-10, 5.02896502219e-10, 1.5893843186e-10, 4.61123014772e-11],
        "dvar2": [0.000138859846629, 0.00010043396469, 1.89544243767e-05, 9.87830389931e-06, 1.21632683658e-06, 4.47142070925e-07, 4.78337796039e-08, 1.61191984205e-08, 2.50967264748e-08, 4.36187654884e-08, 1.57237902698e-08, 2.47093243644e-08, 1.14315268362e-08, 6.46883568933e-09, 3.27407811973e-09, 7.657761536e-09, 9.45234002181e-10, 5.53490764332e-09, 3.3060150173e-08, 4.31078372998e-09, 1.35163169546e-09, 9.0421553578e-10, 3.92269244864e-10, 1.30304422807e-09, 6.55492382595e-10, 5.63561364242e-10, 1.88685445046e-09, 1.49614520772e-09, 9.84865300424e-10, 3.17828563468e-09, 8.68783878172e-10, 4.42958614233e-10, 5.08427466794e-10, 5.51577505892e-10, 7.0315075984e-10, 4.30365770798e-10, 4.42898856479e-10, 1.26554078328e-09, 3.7339542569e-10, 1.00343136578e-10],
        "max": [0.193715244532, 0.131858870387, 0.0454882010818, 0.0223063081503, 0.00964383967221, 0.00809442438185, 0.00240795104764, 0.00143236177973, 0.00207964261062, 0.00238372199237, 0.00188965559937, 0.000987656996585, 0.00116800074466, 0.00088978180429, 0.000530199962668, 0.000806395604741, 0.000333470379701, 0.000411025393987, 0.00114057515748, 0.000407223735237, 0.00129760731943, 0.000630541529972, 0.000584909692407, 0.00126747821923, 0.000826304021757, 0.000741506693885, 0.000857961887959, 0.0011320291087, 0.000727738952264, 0.00129248935264, 0.000601276929956, 0.000243207570747, 0.000245028815698, 0.000166302663274, 0.000187085897778, 0.000144254066981, 0.000138027971843, 0.000208926008781, 0.000117857183795, 6.82072495692e-05],
        "mean": [0.0157405305654, 0.0102282334119, 0.00186931004282, 0.000880663516, 0.00034112931462, 0.000402169098379, 0.000182822230272, 6.93272886565e-05, 4.95341701026e-05, 6.71765374136e-05, 3.44646214216e-05, 3.51887829311e-05, 3.27912312059e-05, 2.75986349152e-05, 2.31605499721e-05, 2.83608642349e-05, 1.20619397421e-05, 1.96238252101e-05, 3.52274946636e-05, 1.70379371411e-05, 7.67085202824e-06, 8.4890434664e-06, 8.53777055454e-06, 8.41078599478e-06, 9.04132411961e-06, 8.09370067145e-06, 9.40975678532e-06, 9.57361862675e-06, 8.51519598655e-06, 1.51027225002e-05, 8.51203731145e-06, 6.28274256087e-06, 5.64548008697e-06, 6.41919632471e-06, 7.51433435653e-06, 5.94302446189e-06, 4.17166711486e-06, 6.27833742328e-06, 4.27494023825e-06, 2.75104571301e-06],
        "median": [0.00501770759001, 0.00510228611529, 0.000657556694932, 0.000246894254815, 0.000156328940648, 0.000204051219043, 0.00010772155656, 2.77753970295e-05, 1.13643482109e-05, 1.8335536879e-05, 1.22603714772e-05, 8.82539916347e-06, 1.00643728729e-05, 1.10075843622e-05, 8.43602902023e-06, 1.0723262676e-05, 3.12902238875e-06, 7.66197626945e-06, 5.89004503126e-06, 4.01574015996e-06, 2.77038429886e-06, 2.28025669458e-06, 2.83532654066e-06, 2.35910852098e-06, 3.07363234242e-06, 3.4034158034e-06, 3.36838775183e-06, 3.10652967528e-06, 2.22016069529e-06, 2.03226022677e-06, 1.56676742336e-06, 1.24747987229e-06, 9.04889020603e-07, 8.40946199787e-07, 9.28038446091e-07, 8.89093485057e-07, 6.56398981391e-07, 5.59780289677e-07, 3.99649735527e-07, 1.66626776377e-07],
        "min": [2.04457095633e-23, 3.68476849943e-24, 8.42936294755e-24, 2.41480846493e-23, 6.43971296076e-24, 6.89446287362e-24, 2.03392732945e-23, 2.05575826614e-23, 6.60354753786e-24, 4.39637783392e-24, 1.10025041581e-23, 1.90626470698e-23, 1.31158325464e-23, 5.7126029039e-24, 7.31495650168e-24, 6.19615097298e-24, 1.00773060003e-23, 7.67050321141e-24, 1.21857418734e-23, 1.0536066482e-23, 8.91131909531e-24, 1.12882658655e-23, 1.41603198837e-23, 1.46717431417e-23, 9.49194438738e-24, 7.70881029697e-24, 4.52165052339e-24, 1.01908041519e-23, 1.01190043989e-23, 9.00212408525e-24, 1.06344721468e-23, 9.02509019279e-24, 1.06774256231e-23, 9.38355568787e-24, 1.1053847959e-23, 1.06754156055e-23, 9.92594962503e-24, 1.09139142896e-23, 1.15957827791e-23, 9.79286642373e-24],
        "var": [0.000515903055202, 0.000182625240996, 1.33613993967e-05, 3.42193584402e-06, 3.41309799978e-07, 3.75988179258e-07, 4.78059689613e-08, 1.33458737395e-08, 1.07623101542e-08, 2.18583249278e-08, 4.69254457514e-09, 5.80716852383e-09, 3.97610966374e-09, 2.47565745681e-09, 1.2868274224e-09, 2.38690955889e-09, 4.51615828068e-10, 1.41458866842e-09, 7.78237474464e-09, 1.19470577875e-09, 3.80108305942e-10, 2.90496404709e-10, 2.4915258745e-10, 4.60132765223e-10, 3.46919909466e-10, 2.60665655727e-10, 5.08352693274e-10, 5.693764904e-10, 5.17314635573e-10, 1.5920552654e-09, 4.08449413181e-10, 1.96137620034e-10, 2.27474469816e-10, 2.49429699117e-10, 3.51683820954e-10, 2.2305163272e-10, 1.40430125861e-10, 4.15032869183e-10, 1.59198917937e-10, 5.4998647997e-11]
    },
    "mfcc": {
        "mean": [-684.021789551, 116.619606018, 31.0546875, 34.4586372375, 14.8474369049, 18.5288238525, 8.54232025146, 5.00960302353, -0.365536212921, 5.25008630753, -0.222816094756, 4.28178071976, 4.00868749619],
        "cov": [[16272.0019531, -3108.28881836, -181.751144409, 498.675506592, 21.4909973145, 369.77444458, 98.5792388916, 60.4877586365, 158.653579712, 273.132385254, -50.6434745789, 93.9660797119, -60.6696357727], [-3108.28881836, 2902.53588867, 91.790184021, -43.9060325623, 111.729347229, 72.8227005005, 100.054954529, 99.7897109985, -10.6244344711, -26.876619339, 50.5195732117, -44.4400215149, -19.8862037659], [-181.751144409, 91.790184021, 676.869873047, 195.609481812, 163.850738525, 102.631591797, 57.9377250671, 87.1001663208, 111.478897095, 55.8374443054, 84.0109863281, 35.3482894897, 51.0524101257], [498.675506592, -43.9060325623, 195.609481812, 293.104309082, 119.920349121, 102.617599487, 93.2544937134, 82.7260360718, 51.8920249939, 53.253818512, 37.3562393188, 63.9706268311, 22.3027667999], [21.4909973145, 111.729347229, 163.850738525, 119.920349121, 176.542205811, 116.970626831, 87.0112762451, 97.145111084, 86.3472213745, 47.5428581238, 40.9689483643, 39.5913009644, 27.5744972229], [369.77444458, 72.8227005005, 102.631591797, 102.617599487, 116.970626831, 170.251235962, 108.950653076, 100.244285583, 89.237411499, 71.3632354736, 39.0832290649, 33.0442314148, 34.1718063354], [98.5792388916, 100.054954529, 57.9377250671, 93.2544937134, 87.0112762451, 108.950653076, 198.269241333, 139.070709229, 41.8556594849, 70.845085144, 99.1954498291, 35.6361923218, 56.0355796814], [60.4877586365, 99.7897109985, 87.1001663208, 82.7260360718, 97.145111084, 100.244285583, 139.070709229, 183.082351685, 79.3214187622, 38.7971458435, 83.9936523438, 43.5146217346, 40.1700248718], [158.653579712, -10.6244344711, 111.478897095, 51.8920249939, 86.3472213745, 89.237411499, 41.8556594849, 79.3214187622, 183.50302124, 50.4794387817, -12.4199476242, 66.5837097168, 0.287429481745], [273.132385254, -26.876619339, 55.8374443054, 53.253818512, 47.5428581238, 71.3632354736, 70.845085144, 38.7971458435, 50.4794387817, 169.456176758, 72.0657958984, 30.0499782562, 67.7161178589], [-50.6434745789, 50.5195732117, 84.0109863281, 37.3562393188, 40.9689483643, 39.0832290649, 99.1954498291, 83.9936523438, -12.4199476242, 72.0657958984, 185.898330688, 11.1727495193, 59.0701522827], [93.9660797119, -44.4400215149, 35.3482894897, 63.9706268311, 39.5913009644, 33.0442314148, 35.6361923218, 43.5146217346, 66.5837097168, 30.0499782562, 11.1727495193, 100.306648254, 27.3893566132], [-60.6696357727, -19.8862037659, 51.0524101257, 22.3027667999, 27.5744972229, 34.1718063354, 56.0355796814, 40.1700248718, 0.287429481745, 67.7161178589, 59.0701522827, 27.3893566132, 123.880508423]],
