{
"lowlevel": {
    "average_loudness": 0.356789469719,
    "barkbands_crest": {
        "dmean": 2.7007830143,
        "dmean2": 4.2780046463,
        "dvar": 5.76742601395,
        "dvar2": 13.8121385574,
        "max": 26.9139347076,
        "mean": 11.259021759,
        "median": 10.3442974091,
        "min": 2.48584866524,
        "var": 22.6678104401
    },
    "barkbands_flatness_db": {
        "dmean": 0.0254735630006,
        "dmean2": 0.0371293388307,
        "dvar": 0.000601167033892,
        "dvar2": 0.00128770165611,
        "max": 0.901450991631,
        "mean": 0.180919319391,
        "median": 0.165723487735,
        "min": 0.0218909215182,
        "var": 0.00942834746093
    },
    "barkbands_kurtosis": {
        "dmean": 5.8141708374,
        "dmean2": 9.65913772583,
        "dvar": 13628.1230469,
        "dvar2": 27157.5019531,
        "max": 8599.2578125,
        "mean": 11.6937856674,
        "median": 2.62629675865,
        "min": -1.85184335709,
        "var": 41452.71875
    },
    "barkbands_skewness": {
        "dmean": 0.658860504627,
        "dmean2": 0.993265807629,
        "dvar": 1.74980175495,
        "dvar2": 3.49970293045,
        "max": 89.9358825684,
        "mean": 1.67621457577,
        "median": 1.46626389027,
        "min": -5.65125465393,
        "var": 6.85786342621
    },
    "barkbands_spread": {
        "dmean": 4.27590370178,
        "dmean2": 6.48171901703,
        "dvar": 25.5973949432,
        "dvar2": 55.018573761,
        "max": 91.4826660156,
        "mean": 15.4467897415,
        "median": 12.4628973007,
        "min": 0.0569307655096,
        "var": 126.558998108
    },
    "dissonance": {
        "dmean": 0.0284925289452,
        "dmean2": 0.0469888113439,
        "dvar": 0.000943077611737,
        "dvar2": 0.00250096688978,
        "max": 0.500000119209,
        "mean": 0.436075627804,
        "median": 0.456724226475,
        "min": 0.155881926417,
        "var": 0.00329398806207
    },
    "dynamic_complexity": 5.40789079666,
    "erbbands_crest": {
        "dmean": 3.14303255081,
        "dmean2": 4.73298788071,
        "dvar": 8.92968273163,
        "dvar2": 19.3374252319,
        "max": 33.3130378723,
        "mean": 11.6107120514,
        "median": 10.0921611786,
        "min": 2.24624443054,
        "var": 38.5304718018
    },
    "erbbands_flatness_db": {
        "dmean": 0.0227261204273,
        "dmean2": 0.0301033854485,
        "dvar": 0.000537705898751,
        "dvar2": 0.00103243475314,
        "max": 0.541034281254,
        "mean": 0.186352714896,
        "median": 0.180641457438,
        "min": 0.0308800656348,
        "var": 0.00699465163052
    },
    "erbbands_kurtosis": {
        "dmean": 1.9704618454,
        "dmean2": 2.93989729881,
        "dvar": 68.3759078979,
        "dvar2": 141.40045166,
        "max": 508.09677124,
        "mean": 3.07699012756,
        "median": 0.345899939537,
        "min": -1.80597603321,
        "var": 481.541900635
    },
    "erbbands_skewness": {
        "dmean": 0.44509601593,
        "dmean2": 0.658365011215,
        "dvar": 0.203716114163,
        "dvar2": 0.456093370914,
        "max": 14.0626144409,
        "mean": 0.408845305443,
        "median": 0.314470082521,
        "min": -4.63957023621,
        "var": 1.46115481853
    },
    "erbbands_spread": {
        "dmean": 7.49402332306,
        "dmean2": 11.0189447403,
        "dvar": 77.3137283325,
        "dvar2": 165.088577271,
        "max": 185.851760864,
        "mean": 32.7746353149,
        "median": 25.7961959839,
        "min": 0.433116704226,
        "var": 558.30859375
    },
    "hfc": {
        "dmean": 5.4570608139,
        "dmean2": 7.25537729263,
        "dvar": 130.418197632,
        "dvar2": 238.363555908,
        "max": 180.064605713,
        "mean": 13.2006368637,
        "median": 6.37907552719,
        "min": 1.07455182024e-16,
        "var": 403.294921875
    },
    "melbands_crest": {
        "dmean": 3.50166034698,
        "dmean2": 5.59674215317,
        "dvar": 9.49749755859,
        "dvar2": 22.9870071411,
        "max": 39.9963760376,
        "mean": 15.4572181702,
        "median": 14.2676239014,
        "min": 1.52221512794,
        "var": 44.7839431763
    },
    "melbands_flatness_db": {
        "dmean": 0.0306489784271,
        "dmean2": 0.0448730885983,
        "dvar": 0.000884985958692,
        "dvar2": 0.00186397880316,
        "max": 1,
        "mean": 0.270529389381,
        "median": 0.258580386639,
        "min": 0.0028361864388,
        "var": 0.0136400172487
    },
    "melbands_kurtosis": {
        "dmean": 11.2926712036,
        "dmean2": 18.6481208801,
        "dvar": 52248.3359375,
        "dvar2": 104891.3125,
        "max": 16721.1777344,
        "mean": 25.0776824951,
        "median": 7.30698156357,
        "min": -1.8549311161,
        "var": 153845.953125
    },
    "melbands_skewness": {
        "dmean": 0.822205007076,
        "dmean2": 1.25029528141,
        "dvar": 3.46416902542,
        "dvar2": 7.06844854355,
        "max": 125.501617432,
        "mean": 2.68666553497,
        "median": 2.29342126846,
        "min": -4.4745631218,
        "var": 12.512304306
    },
    "melbands_spread": {
        "dmean": 4.8128027916,
        "dmean2": 7.42992353439,
        "dvar": 45.4643630981,
        "dvar2": 99.6033248901,
        "max": 159.038711548,
        "mean": 16.5646781921,
        "median": 13.0089740753,
        "min": 0.0560704395175,
        "var": 281.5625
    },
    "pitch_salience": {
        "dmean": 0.0774111747742,
        "dmean2": 0.122862227261,
        "dvar": 0.00492428150028,
        "dvar2": 0.0121304336935,
        "max": 0.927124619484,
        "mean": 0.535890877247,
        "median": 0.543914318085,
        "min": 0.00109287002124,
        "var": 0.0197164081037
    },
    "silence_rate_20dB": {
        "dmean": 0,
        "dmean2": 0,
        "dvar": 0,
        "dvar2": 0,
        "max": 1,
        "mean": 1,
        "median": 1,
        "min": 1,
        "var": 0
    },
    "silence_rate_30dB": {
        "dmean": 0.0389448441565,
        "dmean2": 0.0778971612453,
        "dvar": 0.0374288111925,
        "dvar2": 0.0810365080833,
        "max": 1,
        "mean": 0.943698465824,
        "median": 1,
        "min": 0,
        "var": 0.0531323328614
    },
    "silence_rate_60dB": {
        "dmean": 0.0362589918077,
        "dmean2": 0.0725249424577,
        "dvar": 0.0349421463907,
        "dvar2": 0.0755064114928,
        "max": 1,
        "mean": 0.205639749765,
        "median": 0,
        "min": 0,
        "var": 0.163312539458
    },
    "spectral_centroid": {
        "dmean": 189.462142944,
        "dmean2": 293.290039062,
        "dvar": 66445.7421875,
        "dvar2": 134558.078125,
        "max": 11688.1445312,
        "mean": 1021.1361084,
        "median": 776.686157227,
        "min": 49.6278839111,
        "var": 1179425.875
    },
    "spectral_complexity": {
        "dmean": 3.01371693611,
        "dmean2": 4.5157327652,
        "dvar": 16.3088970184,
        "dvar2": 31.804397583,
        "max": 58,
        "mean": 12.5254173279,
        "median": 10,
        "min": 0,
        "var": 97.2365188599
    },
    "spectral_decrease": {
        "dmean": 3.30107763347e-09,
        "dmean2": 5.16743980938e-09,
        "dvar": 5.06441131512e-17,
        "dvar2": 1.26574462649e-16,
        "max": 2.18937501259e-28,
        "mean": -6.97822555296e-09,
        "median": -3.41628902945e-09,
        "min": -9.30923249598e-08,
        "var": 9.96441287344e-17
    },
    "spectral_energy": {
        "dmean": 0.0128569239751,
        "dmean2": 0.0200125109404,
        "dvar": 0.000762585492339,
        "dvar2": 0.00189312861767,
        "max": 0.363134503365,
        "mean": 0.0275347288698,
        "median": 0.0136943850666,
        "min": 1.01277966639e-20,
        "var": 0.00152994075324
    },
    "spectral_energyband_high": {
        "dmean": 0.000284483103314,
        "dmean2": 0.000352414441295,
        "dvar": 4.63698313524e-07,
        "dvar2": 6.59232341604e-07,
        "max": 0.0154018886387,
        "mean": 0.000520435860381,
        "median": 3.3214877476e-05,
        "min": 7.10049333655e-21,
        "var": 1.78193124611e-06
    },
    "spectral_energyband_low": {
        "dmean": 0.00833557546139,
        "dmean2": 0.0127420956269,
        "dvar": 0.000338954065228,
        "dvar2": 0.000832215067931,
        "max": 0.242793679237,
        "mean": 0.0143522461876,
        "median": 0.00333290314302,
        "min": 1.48706481081e-23,
        "var": 0.000655691779684
    },
    "spectral_energyband_middle_high": {
        "dmean": 0.00112075929064,
        "dmean2": 0.00162257417105,
        "dvar": 5.01206932313e-06,
        "dvar2": 1.17966701509e-05,
        "max": 0.0467125736177,
        "mean": 0.00249380688183,
        "median": 0.00158420484513,
        "min": 1.06968266473e-21,
        "var": 1.03815191324e-05
    },
    "spectral_energyband_middle_low": {
        "dmean": 0.00644198199734,
        "dmean2": 0.0105428807437,
        "dvar": 0.000296519428957,
        "dvar2": 0.000791935017332,
        "max": 0.308548182249,
        "mean": 0.0115155959502,
        "median": 0.00585989840329,
        "min": 1.41056218463e-22,
        "var": 0.000346577115124
    },
    "spectral_entropy": {
        "dmean": 0.214388623834,
        "dmean2": 0.296423226595,
        "dvar": 0.0506362468004,
        "dvar2": 0.100335486233,
        "max": 9.82229042053,
        "mean": 7.12990427017,
        "median": 7.24841690063,
        "min": 2.88251233101,
        "var": 0.621299564838
    },
    "spectral_flux": {
        "dmean": 0.0292275547981,
        "dmean2": 0.0462563186884,
        "dvar": 0.00223022745922,
        "dvar2": 0.00476789893582,
        "max": 0.518663883209,
        "mean": 0.0724260807037,
        "median": 0.0566855743527,
        "min": 6.17193310348e-11,
        "var": 0.0042075724341
    },
    "spectral_kurtosis": {
        "dmean": 4.71364974976,
        "dmean2": 7.69652748108,
        "dvar": 76.7315597534,
        "dvar2": 203.678314209,
        "max": 215.239227295,
        "mean": 13.1886930466,
        "median": 7.06259489059,
        "min": -1.25543642044,
        "var": 356.537414551
    },
    "spectral_rms": {
        "dmean": 0.000982109108008,
        "dmean2": 0.00148464762606,
        "dvar": 2.24281870942e-06,
        "dvar2": 5.14357907377e-06,
        "max": 0.0188222620636,
        "mean": 0.00422233063728,
        "median": 0.00365518475883,
        "min": 3.14337032965e-12,
        "var": 9.03513409867e-06
    },
    "spectral_rolloff": {
        "dmean": 300.887420654,
        "dmean2": 497.02633667,
        "dvar": 462258.78125,
        "dvar2": 956551.4375,
        "max": 19422.9492188,
        "mean": 1123.36193848,
        "median": 689.0625,
        "min": 21.533203125,
        "var": 3764303.25
    },
    "spectral_skewness": {
        "dmean": 0.431306064129,
        "dmean2": 0.673020124435,
        "dvar": 0.342513054609,
        "dvar2": 0.866735875607,
        "max": 12.1766061783,
        "mean": 2.39622807503,
        "median": 2.00829267502,
        "min": -0.0787992998958,
        "var": 2.02720212936
    },
    "spectral_spread": {
        "dmean": 605611.5,
        "dmean2": 817081.375,
        "dvar": 562793938944,
        "dvar2": 865176977408,
        "max": 42526472,
        "mean": 4235842.5,
        "median": 3578509.5,
        "min": 452041.96875,
        "var": 1.48771092562e+13
    },
    "spectral_strongpeak": {
        "dmean": 0.35395398736,
        "dmean2": 0.582658529282,
        "dvar": 0.27211111784,
        "dvar2": 0.635185539722,
        "max": 6.55802536011,
        "mean": 0.667773902416,
        "median": 0.408082842827,
        "min": 0,
        "var": 0.527584373951
    },
    "zerocrossingrate": {
        "dmean": 0.00827619154006,
        "dmean2": 0.00991181936115,
        "dvar": 0.000157545408001,
        "dvar2": 0.000206305441679,
        "max": 0.533203125,
        "mean": 0.0496833883226,
        "median": 0.0361328125,
        "min": 0,
        "var": 0.00286380969919
    },
    "barkbands": {
        "dmean": [0.000342913961504, 0.00412614597008, 0.00415073987097, 0.00207874318585, 0.00349603011273, 0.00119142129552, 0.000460778974229, 0.000332455267198, 0.00062550441362, 0.000511459715199, 0.000273374520475, 0.000183727388503, 0.000127194347442, 9.36810465646e-05, 8.49102652865e-05, 9.94357760646e-05, 0.000111059802293, 7.8703458712e-05, 8.47076662467e-05, 5.89439405303e-05, 5.65873742744e-05, 4.23288511229e-05, 4.21666372858e-05, 3.29607210006e-05, 2.93442535622e-05, 3.86337815144e-05, 4.96352477057e-05],
        "dmean2": [0.000559136271477, 0.00640354026109, 0.00628450652584, 0.00367251201533, 0.00595386698842, 0.00182077125646, 0.00076903012814, 0.000519969675224, 0.000839364423882, 0.000732303073164, 0.000400576274842, 0.000264244532445, 0.000187442376046, 0.000145672558574, 0.000135509311804, 0.000157725793542, 0.000178419257281, 0.000125112419482, 0.000133643188747, 9.38915909501e-05, 8.7293847173e-05, 5.80880368943e-05, 5.98790938966e-05, 4.76217064715e-05, 3.60937992809e-05, 4.92787003168e-05, 6.32997471257e-05],
        "dvar": [5.49737592337e-07, 8.48155104904e-05, 0.000113493326353, 3.01962627418e-05, 0.000155281188199, 9.0119547167e-06, 2.73252385341e-06, 8.92637160632e-07, 1.68679594026e-06, 1.41801831433e-06, 5.86213332099e-07, 1.82807852411e-07, 6.89002419563e-08, 5.17916518561e-08, 3.12336290165e-08, 6.34379730968e-08, 6.73389379813e-08, 3.67520911482e-08, 5.96211862103e-08, 2.47914879736e-08, 2.3823716333e-08, 1.50628540752e-08, 2.29008012553e-08, 9.15674025492e-09, 8.85041639975e-09, 1.57227244557e-08, 3.0225436376e-08],
        "dvar2": [1.17812908229e-06, 0.000187140802154, 0.00026485757553, 8.59461797518e-05, 0.000430418091128, 1.90450246009e-05, 7.09250116415e-06, 2.35559855355e-06, 3.28186206389e-06, 3.3253327274e-06, 1.11403812753e-06, 3.91131550259e-07, 1.56097613058e-07, 1.25114610228e-07, 7.61826370876e-08, 1.57034691028e-07, 1.6368163358e-07, 8.90200482218e-08, 1.34001695073e-07, 6.26355785016e-08, 4.98447647601e-08, 2.24826859352e-08, 4.3102492242e-08, 1.92573583746e-08, 1.41573943679e-08, 2.78867542391e-08, 5.98056075773e-08],
        "max": [0.017586113885, 0.193809330463, 0.131602555513, 0.103405639529, 0.227260231972, 0.0765260830522, 0.0380549356341, 0.0137147651985, 0.0263535585254, 0.0240733418614, 0.0201840773225, 0.00980732962489, 0.00920631270856, 0.00425408454612, 0.00296001345851, 0.00663053616881, 0.00655716331676, 0.00461246166378, 0.00584357837215, 0.00350029836409, 0.00291419145651, 0.00364473112859, 0.00398767692968, 0.00208924291655, 0.00250878371298, 0.00174385716673, 0.002707764972],
        "mean": [0.00051599618746, 0.00728846341372, 0.00529906107113, 0.0021862196736, 0.00444756774232, 0.00246120686643, 0.000530295132194, 0.00051397952484, 0.00120954366866, 0.000776950037107, 0.000400663266191, 0.000271693948889, 0.000192792445887, 0.000132766464958, 0.000129232488689, 0.000155015775817, 0.0001934315369, 0.000137683251523, 0.000138854622492, 9.12028626772e-05, 8.14030790934e-05, 7.10038948455e-05, 6.79731892888e-05, 5.28401506017e-05, 5.33240599907e-05, 6.41200385871e-05, 7.14830966899e-05],
        "median": [9.67629021034e-05, 0.00141782825813, 0.000557514140382, 0.000529455835931, 0.00120484654326, 0.000675526913255, 0.000123818404973, 0.000129191044834, 0.000253624573816, 0.000222817237955, 9.65391591308e-05, 6.49614230497e-05, 7.17825023457e-05, 4.1811967094e-05, 3.89817723772e-05, 4.38205352111e-05, 3.31340415869e-05, 1.91502167581e-05, 1.93164960365e-05, 1.01848818304e-05, 8.40817301651e-06, 4.88411342303e-06, 4.1117850742e-06, 2.9033139981e-06, 1.56706528287e-06, 9.99007852442e-07, 3.98178883643e-07],
        "min": [2.80092681837e-25, 3.15925224133e-24, 3.71721242561e-25, 1.89248460859e-24, 6.5913107275e-24, 8.69466949175e-24, 4.37421557565e-24, 8.84250912513e-24, 1.65501045763e-23, 2.01715867096e-23, 1.84758039761e-23, 2.01366023062e-23, 2.51795707699e-23, 3.93311847847e-23, 3.98233835025e-23, 4.62072435334e-23, 5.81988569932e-23, 8.87372403561e-23, 1.23210442982e-22, 1.85191648202e-22, 2.10628449158e-22, 2.92736588405e-22, 3.6228620088e-22, 5.22752348226e-22, 8.88962684037e-22, 1.28548279763e-21, 1.93905918205e-21],
        "var": [1.16227079161e-06, 0.000205767079024, 0.00017685018247, 2.7078365747e-05, 0.000131752152811, 2.88263181574e-05, 2.43926820076e-06, 1.21607331494e-06, 5.68515406485e-06, 2.69187444246e-06, 1.25780070448e-06, 3.59134901373e-07, 1.36661071792e-07, 7.16471788564e-08, 5.08231501328e-08, 9.04982329075e-08, 1.47281028262e-07, 7.44457580026e-08, 1.00036835704e-07, 4.93012848324e-08, 4.07948590464e-08, 5.37682183221e-08, 6.30846699323e-08, 2.4698460166e-08, 2.70038160721e-08, 3.6731929498e-08, 5.45216352066e-08]
    },
    "erbbands": {
        "dmean": [0.131848618388, 0.966310441494, 4.22903347015, 5.90306854248, 8.26868152618, 14.3782463074, 11.0767498016, 8.393907547, 7.11189126968, 5.52878952026, 7.96285200119, 17.0856571198, 11.5375480652, 13.6276016235, 12.4277486801, 7.32452583313, 5.80781602859, 4.96168994904, 4.48034620285, 4.91140222549, 4.76152420044, 5.3222990036, 4.23789262772, 4.91422510147, 3.23196530342, 2.58383584023, 2.71507906914, 2.17255473137, 1.4754383564, 1.33983528614, 1.22229278088, 0.860746979713, 0.478033512831, 0.286301225424, 0.23566518724, 0.1393404603, 0.0749569013715, 0.0267670769244, 0.00745029933751, 0.00072906765854],
        "dmean2": [0.188900217414, 1.54563045502, 6.40107250214, 10.0213060379, 14.6100902557, 24.4011764526, 17.598192215, 12.9244127274, 11.8860206604, 8.95639610291, 11.915605545, 22.7382316589, 17.5326938629, 18.9192504883, 18.0178661346, 10.1865262985, 8.52079677582, 7.68167209625, 7.08228683472, 7.83353614807, 7.40523767471, 8.61062908173, 6.72900342941, 7.64059734344, 5.12956762314, 4.13125181198, 4.27625465393, 3.26607871056, 2.03210663795, 1.87895441055, 1.72735524178, 1.26618719101, 0.677451312542, 0.370887368917, 0.297480791807, 0.179181143641, 0.0963265895844, 0.0340663455427, 0.00947285816073, 0.00100805552211],
        "dvar": [0.103218607605, 4.95872831345, 120.094940186, 244.363433838, 505.652954102, 3347.67529297, 880.166442871, 366.581665039, 674.63482666, 301.736633301, 489.074249268, 1311.64379883, 930.905395508, 1058.90478516, 1560.47949219, 288.761779785, 150.793304443, 157.193405151, 99.2488555908, 158.761947632, 105.781341553, 132.422210693, 106.314002991, 191.113449097, 101.387046814, 38.0657234192, 58.3632659912, 31.9524612427, 17.145154953, 18.2593784332, 21.0700073242, 6.17542219162, 2.16219997406, 0.905481219292, 0.499200731516, 0.178705006838, 0.0635764077306, 0.00802693050355, 0.000705596525222, 6.97459518051e-06],
        "dvar2": [0.172154724598, 12.194021225, 280.581329346, 679.237365723, 1427.25061035, 9271.1796875, 2072.66723633, 779.679748535, 1726.61303711, 793.520812988, 1261.97692871, 2550.67407227, 2478.1484375, 2166.09277344, 2982.42333984, 519.853393555, 350.78012085, 360.855682373, 240.044937134, 404.32232666, 246.307037354, 328.721038818, 267.351257324, 421.721984863, 238.338760376, 90.0930328369, 136.466140747, 60.8987808228, 24.9927959442, 32.7109489441, 42.092048645, 13.5139284134, 3.84562921524, 1.42727303505, 0.823093533516, 0.315343230963, 0.118410155177, 0.0130452224985, 0.00136457709596, 1.526626329e-05],
        "max": [7.60325288773, 34.7535057068, 143.572845459, 318.995391846, 416.106506348, 1007.56079102, 564.096130371, 483.138946533, 671.05279541, 276.569061279, 322.449462891, 784.532592773, 696.004760742, 896.598815918, 1051.60827637, 494.722076416, 489.833343506, 272.016052246, 175.798690796, 367.34387207, 192.523025513, 214.868408203, 214.715942383, 423.602844238, 314.623718262, 93.6976547241, 128.903900146, 104.560142517, 120.444725037, 102.065490723, 131.483047485, 49.8120231628, 36.4092750549, 25.6228408813, 14.150185585, 7.98788166046, 3.70953702927, 1.21625912189, 0.431853145361, 0.0407383181155],
        "mean": [0.281820416451, 1.40990495682, 5.50487995148, 7.25151443481, 8.89067268372, 17.1266403198, 22.2717342377, 16.9844779968, 8.74909973145, 7.71403598785, 14.1459226608, 33.6812477112, 17.4553146362, 22.3197441101, 19.780620575, 11.9391908646, 9.25797557831, 7.39786291122, 6.82348299026, 7.77283668518, 8.58882522583, 9.79794692993, 7.79011917114, 8.44711303711, 5.33853197098, 4.13848924637, 3.85269665718, 3.26520323753, 2.4840862751, 2.19205856323, 1.86501276493, 1.25485444069, 0.837226271629, 0.537497282028, 0.405392289162, 0.232261195779, 0.121912382543, 0.0440770424902, 0.0111326994374, 0.000986237777397],
        "median": [0.0310957580805, 0.315839767456, 0.721821069717, 1.5966758728, 2.98166894913, 3.80185484886, 4.92222118378, 5.09764862061, 2.45948886871, 2.43557548523, 4.00937652588, 7.09643363953, 6.19197177887, 7.65341949463, 5.33076286316, 3.41547822952, 3.7622320652, 2.61113023758, 2.51284503937, 2.47342586517, 2.24311304092, 1.77476620674, 1.20697903633, 1.20941925049, 0.764567911625, 0.488028764725, 0.38677996397, 0.305204868317, 0.179602012038, 0.143508836627, 0.112079307437, 0.0763192474842, 0.0392761752009, 0.0194845125079, 0.010103257373, 0.00492642819881, 0.0016787101049, 0.000399173644837, 7.42373958929e-05, 2.66271326836e-05],
        "min": [9.42212688406e-23, 6.84519421869e-22, 1.17139366931e-21, 4.48921944815e-21, 1.53408367104e-20, 2.07911960056e-20, 5.43324408821e-20, 5.75927668041e-20, 1.13821667874e-19, 2.07318525821e-19, 2.8541189782e-19, 3.91920500673e-19, 6.26665673119e-19, 8.66326056163e-19, 1.14765447349e-18, 1.1665081944e-18, 1.37075966376e-18, 1.3626213439e-18, 2.69490956115e-18, 2.42807205568e-18, 3.47425080336e-18, 3.69531358129e-18, 5.78560643384e-18, 6.36555971851e-18, 7.44349641144e-18, 8.31040816318e-18, 9.91214581207e-18, 6.78019309953e-18, 1.039084185e-17, 1.10649245661e-17, 1.1778590356e-17, 9.8533895188e-18, 9.42601093889e-18, 7.70910824203e-18, 6.88463209649e-18, 4.48772282962e-18, 2.44768947109e-18, 8.8894029523e-19, 2.49398418504e-19, 2.36915868857e-20],
        "var": [0.378438740969, 7.83264923096, 188.245376587, 248.649642944, 394.501739502, 2646.21630859, 2705.75415039, 1179.34802246, 621.46472168, 307.409698486, 758.613586426, 4489.39013672, 1166.01318359, 2653.84814453, 3395.06323242, 706.847595215, 306.021087646, 233.526046753, 146.28364563, 211.684753418, 240.657516479, 313.793304443, 218.720214844, 344.708129883, 159.255310059, 79.7903823853, 103.893005371, 71.4498138428, 61.9055290222, 55.6437950134, 49.7471122742, 14.4088497162, 7.05992078781, 2.76795983315, 1.43407189846, 0.448394924402, 0.137945428491, 0.0188296046108, 0.00132038071752, 1.06484003481e-05]
    },
    "gfcc": {
        "mean": [-84.239364624, 113.446159363, -97.7336120605, 11.6425447464, -43.531047821, 3.54005098343, -24.8895378113, 2.53373026848, -19.8762989044, -6.6870059967, -14.6375074387, 0.139844194055, -5.45063209534],
        "cov": [[26649.4277344, -2283.61010742, 580.603088379, 1880.85876465, -436.786804199, 82.2172775269, -1085.38793945, -3.49941134453, -778.95489502, -220.441604614, -547.516662598, 274.681945801, -110.603431702], [-2283.61010742, 2862.03808594, -400.475921631, -759.91809082, 170.458786011, 343.102813721, 397.343688965, 75.0325164795, 222.582763672, -20.9080867767, 159.434997559, -204.245758057, 40.0870056152], [580.603088379, -400.475921631, 2041.53588867, 411.592285156, 464.06854248, 305.529907227, -69.3204040527, 44.1135063171, -64.3323516846, 21.4798240662, -6.30438995361, 120.947364807, 93.0392684937], [1880.85876465, -759.91809082, 411.592285156, 751.945007324, -26.564157486, 5.4698767662, -127.570381165, -27.3307914734, -64.6206436157, 6.06158876419, -51.2356414795, 62.5525245667, -0.507443249226], [-436.786804199, 170.458786011, 464.06854248, -26.564157486, 514.959655762, 68.8017501831, 66.810585022, 49.5461463928, 49.4029884338, 36.4190788269, 86.7139205933, 53.1239318848, 79.4138412476], [82.2172775269, 343.102813721, 305.529907227, 5.4698767662, 68.8017501831, 410.324371338, 133.850570679, 73.5377502441, 12.2193613052, 9.01559829712, 1.14582717419, -29.9892749786, -2.15962052345], [-1085.38793945, 397.343688965, -69.3204040527, -127.570381165, 66.810585022, 133.850570679, 268.156005859, 93.1735153198, 92.5899963379, 8.63388538361, 45.2732810974, -25.250743866, 30.3227787018], [-3.49941134453, 75.0325164795, 44.1135063171, -27.3307914734, 49.5461463928, 73.5377502441, 93.1735153198, 132.826721191, 65.5967483521, 10.6203861237, -1.38584494591, -4.28200483322, 14.4837589264], [-778.95489502, 222.582763672, -64.3323516846, -64.6206436157, 49.4029884338, 12.2193613052, 92.5899963379, 65.5967483521, 148.429718018, 54.3267211914, 38.2329483032, -26.7719669342, 18.9460887909], [-220.441604614, -20.9080867767, 21.4798240662, 6.06158876419, 36.4190788269, 9.01559829712, 8.63388538361, 10.6203861237, 54.3267211914, 97.0325469971, 52.8817329407, 5.6086730957, -9.66197681427], [-547.516662598, 159.434997559, -6.30438995361, -51.2356414795, 86.7139205933, 1.14582717419, 45.2732810974, -1.38584494591, 38.2329483032, 52.8817329407, 125.573287964, 38.2079963684, 19.4544811249], [274.681945801, -204.245758057, 120.947364807, 62.5525245667, 53.1239318848, -29.9892749786, -25.250743866, -4.28200483322, -26.7719669342, 5.6086730957, 38.2079963684, 105.032264709, 53.8094711304], [-110.603431702, 40.0870056152, 93.0392684937, -0.507443249226, 79.4138412476, -2.15962052345, 30.3227787018, 14.4837589264, 18.9460887909, -9.66197681427, 19.4544811249, 53.8094711304, 105.849449158]],
        "icov": [[7.06799328327e-05, -6.0724960349e-05, 5.78156177653e-05, -0.000167894133483, -2.19609319174e-05, -5.55087863177e-05, 0.000282958586467, -0.000343369902112, 0.000346053595422, -0.000144226884004, 0.000250486133154, -0.000225745941862, 2.01138354896e-05], [-6.0724960349e-05, 0.000946903543081, 1.27439343487e-05, 0.000674658280332, -7.1304559242e-05, -0.000664421007968, -0.000323275162373, 0.000775947875809, -0.00107906840276, 0.00143564259633, -0.00180092582013, 0.0021073515527, -0.000819756183773], [5.78156177653e-05, 1.27439343487e-05, 0.000979604432359, -0.000447639380582, -0.000836173887365, -0.000841885921545, 0.000726787140593, -0.000314623524901, 0.000390827510273, -0.000248591561103, 0.000639719306491, -0.000635206000879, -0.000249907636316], [-0.000167894133483, 0.000674658280332, -0.000447639380582, 0.00247797439806, 0.000305082387058, -0.000332861876814, -0.000344086205587, 0.00124427967239, -0.00138773745857, 0.000585714646149, -0.000598217942752, 0.000407809071476, -0.000128471656353], [-2.19609319174e-05, -7.1304559242e-05, -0.000836173887365, 0.000305082387058, 0.00328045943752, 0.000374468538212, -0.000254487298662, -0.000668456952553, -8.40631473693e-05, -0.000128688887344, -0.00195428682491, 0.00049122312339, -0.00143589731306], [-5.55087863177e-05, -0.000664421007968, -0.000841885921545, -0.000332861876814, 0.000374468538212, 0.00465963920578, -0.00242462591268, -0.00152037001681, 0.00248806504533, -0.0020736635197, 0.000800630252343, 0.000711879169103, 0.000505107862409], [0.000282958586467, -0.000323275162373, 0.000726787140593, -0.000344086205587, -0.000254487298662, -0.00242462591268, 0.00914270337671, -0.00449253013358, -0.00119554821867, 0.00200712680817, -0.00202176743187, 0.00060665019555, -0.00162491388619], [-0.000343369902112, 0.000775947875809, -0.000314623524901, 0.00124427967239, -0.000668456952553, -0.00152037001681, -0.00449253013358, 0.0153505746275, -0.00829626154155, 0.00216816924512, 0.0023813159205, -0.00255739735439, 0.00183212233242], [0.000346053595422, -0.00107906840276, 0.000390827510273, -0.00138773745857, -8.40631473693e-05, 0.00248806504533, -0.00119554821867, -0.00829626154155, 0.0194588415325, -0.0105789368972, 0.000350791786332, 0.00565078342333, -0.0053740972653], [-0.000144226884004, 0.00143564259633, -0.000248591561103, 0.000585714646149, -0.000128688887344, -0.0020736635197, 0.00200712680817, 0.00216816924512, -0.0105789368972, 0.0215973835438, -0.00952940713614, 0.00074484362267, 0.00394723610952], [0.000250486133154, -0.00180092582013, 0.000639719306491, -0.000598217942752, -0.00195428682491, 0.000800630252343, -0.00202176743187, 0.0023813159205, 0.000350791786332, -0.00952940713614, 0.0203348752111, -0.0124387526885, 0.00376777304336], [-0.000225745941862, 0.0021073515527, -0.000635206000879, 0.000407809071476, 0.00049122312339, 0.000711879169103, 0.00060665019555, -0.00255739735439, 0.00565078342333, 0.00074484362267, -0.0124387526885, 0.0274021457881, -0.0132389524952], [2.01138354896e-05, -0.000819756183773, -0.000249907636316, -0.000128471656353, -0.00143589731306, 0.000505107862409, -0.00162491388619, 0.00183212233242, -0.0053740972653, 0.00394723610952, 0.00376777304336, -0.0132389524952, 0.0186601467431]]
    },
    "melbands": {
        "dmean": [0.00112286617514, 0.00184438144788, 0.00102641084231, 0.000857749953866, 0.000417183939135, 0.000195411761524, 0.000102696249087, 6.04119741183e-05, 7.59937611292e-05, 9.95007285383e-05, 5.85576999583e-05, 5.94487573835e-05, 3.82249345421e-05, 2.59224652837e-05, 1.49884726852e-05, 1.18457764984e-05, 9.33666342462e-06, 7.42428392186e-06, 6.00328030487e-06, 7.97145548859e-06, 5.89237060922e-06, 6.08769096289e-06, 5.25852419742e-06, 4.19822799813e-06, 4.25736652687e-06, 2.82485848402e-06, 1.7425875285e-06, 1.86214151654e-06, 1.97467943508e-06, 1.50739288074e-06, 1.21859579849e-06, 9.37877189244e-07, 7.49808123146e-07, 7.77639002081e-07, 7.54599909669e-07, 6.60638079353e-07, 5.24125880474e-07, 3.76981432737e-07, 2.91877370273e-07, 2.35928041548e-07],
        "dmean2": [0.00167913956102, 0.00282110879198, 0.00175658799708, 0.00146605272312, 0.000672245339956, 0.000298873521388, 0.0001716712286, 9.69864559011e-05, 0.000109089458419, 0.000133737470605, 8.93969408935e-05, 8.23074005893e-05, 5.60570661037e-05, 3.69267836504e-05, 2.14531755773e-05, 1.77524780156e-05, 1.45615967995e-05, 1.17470008263e-05, 9.5589839475e-06, 1.28657720779e-05, 9.17452689464e-06, 9.82878009381e-06, 8.60105046741e-06, 6.62619868308e-06, 6.68902248435e-06, 4.54798100691e-06, 2.80755489257e-06, 3.01363047583e-06, 3.13427995025e-06, 2.37972153627e-06, 1.82989174391e-06, 1.31416118165e-06, 1.07454297904e-06, 1.12933980745e-06, 1.10008272713e-06, 9.83359200291e-07, 7.86446946677e-07, 5.59352258733e-07, 3.85989551432e-07, 3.12802796998e-07],
        "dvar": [6.43799694444e-06, 2.12452632695e-05, 6.97620316714e-06, 9.18738805922e-06, 1.52315044488e-06, 2.08984616279e-07, 1.33707644068e-07, 3.19980593133e-08, 3.52089593036e-08, 4.33401190492e-08, 2.35156072392e-08, 1.99315230986e-08, 1.18251755055e-08, 4.47537162884e-09, 9.38510935633e-10, 5.75491931887e-10, 5.42912326207e-10, 2.6557978039e-10, 1.76712811051e-10, 4.59952326226e-10, 1.87865986656e-10, 1.93509180901e-10, 1.43434944477e-10, 1.26169089065e-10, 1.55617671527e-10, 9.30788987552e-11, 1.92063361742e-11, 2.15454754732e-11, 4.00690799984e-11, 1.63596341335e-11, 1.02610628328e-11, 7.6509389102e-12, 4.68332534212e-12, 7.37019126285e-12, 9.14961249127e-12, 4.89110054541e-12, 2.54078702522e-12, 1.35911431848e-12, 1.37844108957e-12, 5.21753430391e-13],
        "dvar2": [1.24982470879e-05, 5.1378061471e-05, 1.94472995645e-05, 2.55277154793e-05, 3.89381375498e-06, 4.37329561009e-07, 3.44158053167e-07, 8.38162179662e-08, 8.65727187715e-08, 8.59638191741e-08, 6.21868423423e-08, 3.98445045846e-08, 2.32508607922e-08, 9.11425424022e-09, 2.01951788625e-09, 1.27567922892e-09, 1.27611188283e-09, 6.37420893845e-10, 4.35230768092e-10, 1.18323184584e-09, 4.37770153461e-10, 4.72348715697e-10, 3.77477521463e-10, 2.98641278373e-10, 3.47136319689e-10, 2.12539000288e-10, 4.86650442166e-11, 5.30037992663e-11, 9.88486029141e-11, 3.79955233942e-11, 1.93201513815e-11, 1.13117223921e-11, 9.04519688316e-12, 1.44233427285e-11, 1.90596427529e-11, 1.12517816245e-11, 5.97406586006e-12, 2.85872801126e-12, 2.42169001866e-12, 8.70389209925e-13],
        "max": [0.0590770021081, 0.0596521832049, 0.0492973178625, 0.0550417564809, 0.0229722373188, 0.0116434330121, 0.0089187733829, 0.00263063213788, 0.00254367501475, 0.00434304075316, 0.00344576174393, 0.00395495723933, 0.00273925065994, 0.00139386602677, 0.000738054630347, 0.000689085980412, 0.000451016268926, 0.00030490529025, 0.000299074512441, 0.000547171803191, 0.000346071465174, 0.000327400863171, 0.000199627218535, 0.000350104994141, 0.000381187739549, 0.000387354230043, 9.09658047021e-05, 8.40631837491e-05, 0.000132855886477, 6.38584897388e-05, 6.99957454344e-05, 8.53553065099e-05, 5.14576131536e-05, 7.2430135333e-05, 8.51637450978e-05, 4.76410023111e-05, 3.12149568344e-05, 2.71873796009e-05, 3.40924598277e-05, 1.64142038557e-05],
        "mean": [0.00218482222408, 0.00250025908463, 0.00127347558737, 0.000975241942797, 0.00078201451106, 0.000396354618715, 0.000121587567264, 8.60554282553e-05, 0.000140125092003, 0.000193194879103, 8.30334538477e-05, 9.46886575548e-05, 5.87478934904e-05, 4.08806481573e-05, 2.2722151698e-05, 1.80845636351e-05, 1.31267179313e-05, 1.07581736302e-05, 9.29386897042e-06, 1.14985296022e-05, 1.00928682514e-05, 1.05188673842e-05, 8.5177280198e-06, 6.90967317496e-06, 6.89712078383e-06, 4.47319371233e-06, 2.68923304247e-06, 2.83031249637e-06, 2.69266706709e-06, 1.95865641217e-06, 1.85141641396e-06, 1.53735948061e-06, 1.12909242489e-06, 1.23988093037e-06, 1.12870122848e-06, 9.00337397525e-07, 7.25448273897e-07, 6.00723979005e-07, 5.15151782565e-07, 4.31170462889e-07],
        "median": [0.000356334785465, 0.000473137450172, 0.000324535416439, 0.000254116370343, 0.000185486947885, 0.000116503280879, 3.08866583509e-05, 2.66808801825e-05, 3.57808021363e-05, 3.93536975025e-05, 2.46306244662e-05, 2.86406975647e-05, 1.51591557369e-05, 9.51411857386e-06, 7.39208917366e-06, 6.80921630192e-06, 4.03946523875e-06, 3.80952428713e-06, 2.72154466074e-06, 3.38181962434e-06, 2.1327111881e-06, 1.73542389348e-06, 1.31114211399e-06, 9.36764877224e-07, 9.50859487148e-07, 5.60473836231e-07, 3.99318025757e-07, 3.01015063542e-07, 2.5044144536e-07, 1.99457034e-07, 1.64006792147e-07, 1.0129579664e-07, 7.91397454236e-08, 7.74349899757e-08, 6.59559162841e-08, 5.1015561553e-08, 4.09162836945e-08, 2.86389862936e-08, 2.01045882164e-08, 1.51502703716e-08],
        "min": [1.30916220108e-24, 9.46761078947e-25, 9.63736675374e-25, 2.02711792156e-24, 1.63512682408e-24, 1.58575251306e-24, 1.66634145846e-24, 1.79031410516e-24, 2.04125707e-24, 2.31659969985e-24, 2.68266488367e-24, 2.55760163677e-24, 3.07689930435e-24, 2.01369762263e-24, 3.12340936003e-24, 3.01311201155e-24, 2.25698311466e-24, 3.46514055151e-24, 2.94973906795e-24, 2.8251323743e-24, 3.71165761224e-24, 3.41106926406e-24, 4.48489236622e-24, 3.43697545618e-24, 4.29203954072e-24, 4.48677734935e-24, 4.88674047792e-24, 4.50806002772e-24, 4.58679031821e-24, 4.35208842169e-24, 3.56366691199e-24, 4.73476366352e-24, 4.90404769175e-24, 5.23906508529e-24, 5.91441442827e-24, 6.38524527069e-24, 5.7109100084e-24, 6.49698229032e-24, 6.18035758322e-24, 6.17386210253e-24],
        "var": [1.99425685423e-05, 3.18167440128e-05, 6.96570168657e-06, 7.1483677857e-06, 3.10732912112e-06, 6.61005572056e-07, 1.22126692759e-07, 3.58794700617e-08, 6.88678198912e-08, 1.44249867162e-07, 2.97016757855e-08, 5.13677314018e-08, 2.51594602929e-08, 9.67657687312e-09, 1.96026772592e-09, 1.13858900086e-09, 7.7318684788e-10, 3.86055604151e-10, 2.76152850587e-10, 5.4576898556e-10, 4.09953654357e-10, 4.16321949137e-10, 2.71343503222e-10, 2.22769483416e-10, 2.59639199029e-10, 1.45875131419e-10, 2.86678632222e-11, 4.39093449101e-11, 6.73364905501e-11, 2.31634312425e-11, 2.52443500132e-11, 2.67671770166e-11, 1.28143051725e-11, 1.97814802733e-11, 2.0134945794e-11, 1.01637604583e-11, 4.99918292526e-12, 3.67332293055e-12, 3.43468027457e-12, 1.57955907468e-12]
    },
    "mfcc": {
        "mean": [-727.851074219, 149.184173584, 6.35008764267, 17.999786377, 2.99814963341, 4.21016216278, 1.68862009048, 7.39918470383, 1.62590253353, -0.294358432293, -4.56244277954, -3.09359145164, -3.89670324326],
        "cov": [[14419.3476562, -1215.28076172, 115.689331055, 1428.2857666, 486.989013672, 28.393497467, -93.3745956421, 19.7012901306, -199.591567993, -327.684509277, -428.147521973, -153.953659058, -247.885223389], [-1215.28076172, 2336.34179688, 94.9862594604, -542.800231934, 0.0986160114408, 153.016769409, 176.88973999, 125.508895874, 103.415237427, 160.353210449, 83.59009552, 110.246917725, 49.0225906372], [115.689331055, 94.9862594604, 1052.36206055, 201.378967285, 319.370880127, 239.418060303, 136.538513184, 79.9611816406, 68.4716567993, 3.64711856842, -49.1757469177, 19.8221473694, 9.51101970673], [1428.2857666, -542.800231934, 201.378967285, 631.998718262, 205.273330688, 19.9297981262, -26.9696941376, -27.1596546173, -30.7010822296, -73.9730377197, -71.6337051392, -49.492767334, -20.2823791504], [486.989013672, 0.0986160114408, 319.370880127, 205.273330688, 409.999664307, 120.535224915, 79.6706237793, 16.7967300415, 12.7727203369, -19.4440193176, -22.8708324432, 7.28715658188, 21.3726787567], [28.393497467, 153.016769409, 239.418060303, 19.9297981262, 120.535224915, 222.523880005, 122.609855652, 55.8476028442, 30.8575267792, 36.1201171875, 15.4048919678, 48.0185813904, 11.5147800446], [-93.3745956421, 176.88973999, 136.538513184, -26.9696941376, 79.6706237793, 122.609855652, 172.568557739, 96.6699905396, 39.5168838501, 21.9894218445, 15.248714447, 36.0308914185, 18.6970901489], [19.7012901306, 125.508895874, 79.9611816406, -27.1596546173, 16.7967300415, 55.8476028442, 96.6699905396, 147.343780518, 87.8051528931, 36.7260818481, -1.38492619991, 16.0872516632, 13.868885994], [-199.591567993, 103.415237427, 68.4716567993, -30.7010822296, 12.7727203369, 30.8575267792, 39.5168838501, 87.8051528931, 141.497146606, 79.368927002, 11.5439662933, 3.77765321732, 10.2692089081], [-327.684509277, 160.353210449, 3.64711856842, -73.9730377197, -19.4440193176, 36.1201171875, 21.9894218445, 36.7260818481, 79.368927002, 136.194442749, 72.7600479126, 26.1161365509, -0.366314888], [-428.147521973, 83.59009552, -49.1757469177, -71.6337051392, -22.8708324432, 15.4048919678, 15.248714447, -1.38492619991, 11.5439662933, 72.7600479126, 129.201858521, 67.930229187, 11.3107004166], [-153.953659058, 110.246917725, 19.8221473694, -49.492767334, 7.28715658188, 48.0185813904, 36.0308914185, 16.0872516632, 3.77765321732, 26.1161365509, 67.930229187, 121.969223022, 47.3350944519], [-247.885223389, 49.0225906372, 9.51101970673, -20.2823791504, 21.3726787567, 11.5147800446, 18.6970901489, 13.868885994, 10.2692089081, -0.366314888, 11.3107004166, 47.3350944519, 98.8953323364]],
