{
"lowlevel": {
    "average_loudness": 0.853709101677,
    "barkbands_crest": {
        "dmean": 3.44390106201,
        "dmean2": 5.27312278748,
        "dvar": 10.4621019363,
        "dvar2": 22.9997310638,
        "max": 26.8946037292,
        "mean": 13.6374616623,
        "median": 12.6979141235,
        "min": 2.00444030762,
        "var": 48.1809844971
    },
    "barkbands_flatness_db": {
        "dmean": 0.0350302830338,
        "dmean2": 0.049357984215,
        "dvar": 0.0010460766498,
        "dvar2": 0.00212525972165,
        "max": 0.466465890408,
        "mean": 0.180019944906,
        "median": 0.159304916859,
        "min": 0.0361529737711,
        "var": 0.00777988694608
    },
    "barkbands_kurtosis": {
        "dmean": 12.0467319489,
        "dmean2": 18.0985717773,
        "dvar": 1048.95288086,
        "dvar2": 2127.90161133,
        "max": 832.011474609,
        "mean": 16.3459606171,
        "median": 2.2497344017,
        "min": -1.93637740612,
        "var": 2399.31054688
    },
    "barkbands_skewness": {
        "dmean": 1.16096460819,
        "dmean2": 1.65395605564,
        "dvar": 1.96674823761,
        "dvar2": 3.85488986969,
        "max": 24.5837841034,
        "mean": 2.2268679142,
        "median": 1.37587702274,
        "min": -5.03856086731,
        "var": 9.03252124786
    },
    "barkbands_spread": {
        "dmean": 12.9731416702,
        "dmean2": 19.4824714661,
        "dvar": 180.206832886,
        "dvar2": 400.691772461,
        "max": 122.043434143,
        "mean": 34.0463485718,
        "median": 26.8239936829,
        "min": 0.183252960443,
        "var": 720.250793457
    },
    "dissonance": {
        "dmean": 0.0298192091286,
        "dmean2": 0.0498992390931,
        "dvar": 0.00108109263238,
        "dvar2": 0.00284558977,
        "max": 0.500000059605,
        "mean": 0.450721114874,
        "median": 0.467023670673,
        "min": 0.17258349061,
        "var": 0.00227220496163
    },
    "dynamic_complexity": 4.11258125305,
    "erbbands_crest": {
        "dmean": 3.7291932106,
        "dmean2": 5.72944831848,
        "dvar": 15.3569545746,
        "dvar2": 30.7104549408,
        "max": 33.3324928284,
        "mean": 13.0119934082,
        "median": 10.4050569534,
        "min": 2.24293327332,
        "var": 70.7696990967
    },
    "erbbands_flatness_db": {
        "dmean": 0.0266552008688,
        "dmean2": 0.0377276316285,
        "dvar": 0.000738435424864,
        "dvar2": 0.00137100170832,
        "max": 0.472038567066,
        "mean": 0.159833863378,
        "median": 0.132843986154,
        "min": 0.0521672740579,
        "var": 0.00627294927835
    },
    "erbbands_kurtosis": {
        "dmean": 3.87730169296,
        "dmean2": 5.81388616562,
        "dvar": 81.0599212646,
        "dvar2": 171.073028564,
        "max": 215.163375854,
        "mean": 4.61716747284,
        "median": -0.0425770282745,
        "min": -1.88710463047,
        "var": 207.676757812
    },
    "erbbands_skewness": {
        "dmean": 0.748072624207,
        "dmean2": 1.05619180202,
        "dvar": 0.575768887997,
        "dvar2": 1.08622586727,
        "max": 12.7202148438,
        "mean": 0.801982700825,
        "median": 0.441953063011,
        "min": -3.54391956329,
        "var": 3.43270397186
    },
    "erbbands_spread": {
        "dmean": 18.5375919342,
        "dmean2": 26.979139328,
        "dvar": 338.590911865,
        "dvar2": 672.781799316,
        "max": 189.556533813,
        "mean": 56.0489883423,
        "median": 53.2700424194,
        "min": 0.592497467995,
        "var": 1367.48425293
    },
    "hfc": {
        "dmean": 25.6734409332,
        "dmean2": 35.3277587891,
        "dvar": 1205.47741699,
        "dvar2": 2855.06030273,
        "max": 260.165466309,
        "mean": 37.4659004211,
        "median": 21.103351593,
        "min": 1.19777684992e-16,
        "var": 1776.99536133
    },
    "melbands_crest": {
        "dmean": 4.1082367897,
        "dmean2": 6.56256484985,
        "dvar": 14.2266168594,
        "dvar2": 33.5146865845,
        "max": 34.3177909851,
        "mean": 18.5066509247,
        "median": 18.4165096283,
        "min": 2.12696933746,
        "var": 46.2616424561
    },
    "melbands_flatness_db": {
        "dmean": 0.0418170467019,
        "dmean2": 0.0569874718785,
        "dvar": 0.0013955939794,
        "dvar2": 0.00287335389294,
        "max": 0.572210490704,
        "mean": 0.216831207275,
        "median": 0.200116202235,
        "min": 0.00513161765411,
        "var": 0.0117116849869
    },
    "melbands_kurtosis": {
        "dmean": 31.0731639862,
        "dmean2": 45.1103858948,
        "dvar": 4631.95849609,
        "dvar2": 8759.08300781,
        "max": 877.921813965,
        "mean": 52.1843986511,
        "median": 11.078789711,
        "min": -1.86079549789,
        "var": 12711.2490234
    },
    "melbands_skewness": {
        "dmean": 1.60422945023,
        "dmean2": 2.25708246231,
        "dvar": 3.63962626457,
        "dvar2": 6.48905849457,
        "max": 24.0627994537,
        "mean": 4.20067310333,
        "median": 2.72974491119,
        "min": -4.26339435577,
        "var": 17.6361694336
    },
    "melbands_spread": {
        "dmean": 15.7700767517,
        "dmean2": 23.249874115,
        "dvar": 472.504730225,
        "dvar2": 944.860717773,
        "max": 272.015167236,
        "mean": 32.9812736511,
        "median": 20.1365242004,
        "min": 0.341762185097,
        "var": 1406.26477051
    },
    "pitch_salience": {
        "dmean": 0.0940045565367,
        "dmean2": 0.143834605813,
        "dvar": 0.00799968745559,
        "dvar2": 0.0181085560471,
        "max": 0.902483999729,
        "mean": 0.445184260607,
        "median": 0.461711227894,
        "min": 0.0239216927439,
        "var": 0.0341986157
    },
    "silence_rate_20dB": {
        "dmean": 0.000145730111399,
        "dmean2": 0.000291481468594,
        "dvar": 0.000145689671626,
        "dvar2": 0.000437060458353,
        "max": 1,
        "mean": 0.999927163124,
        "median": 1,
        "min": 0,
        "var": 7.28496379452e-05
    },
    "silence_rate_30dB": {
        "dmean": 0.0667443871498,
        "dmean2": 0.133498504758,
        "dvar": 0.0622905232012,
        "dvar2": 0.11917746067,
        "max": 1,
        "mean": 0.871621131897,
        "median": 1,
        "min": 0,
        "var": 0.11189763248
    },
    "silence_rate_60dB": {
        "dmean": 0.0813174024224,
        "dmean2": 0.162646651268,
        "dvar": 0.0746984407306,
        "dvar2": 0.160245686769,
        "max": 1,
        "mean": 0.134061932564,
        "median": 0,
        "min": 0,
        "var": 0.116072393954
    },
    "spectral_centroid": {
        "dmean": 434.84262085,
        "dmean2": 652.398986816,
        "dvar": 199177.40625,
        "dvar2": 443771.375,
        "max": 10863.8535156,
        "mean": 1650.61755371,
        "median": 1451.99047852,
        "min": 127.467559814,
        "var": 826428.375
    },
    "spectral_complexity": {
        "dmean": 4.37627506256,
        "dmean2": 6.37440776825,
        "dvar": 30.8500270844,
        "dvar2": 58.1816062927,
        "max": 48,
        "mean": 10.9855012894,
        "median": 7,
        "min": 0,
        "var": 84.8355636597
    },
    "spectral_decrease": {
        "dmean": 5.05591168931e-09,
        "dmean2": 7.51835305124e-09,
        "dvar": 6.39057374295e-17,
        "dvar2": 1.49595997592e-16,
        "max": 1.6692261777e-19,
        "mean": -1.03105159965e-08,
        "median": -4.68509142593e-09,
        "min": -8.79480737126e-08,
        "var": 1.82229358018e-16
    },
    "spectral_energy": {
        "dmean": 0.0207064431161,
        "dmean2": 0.0307565890253,
        "dvar": 0.000955585739575,
        "dvar2": 0.0022150578443,
        "max": 0.33636918664,
        "mean": 0.0423127003014,
        "median": 0.0213164575398,
        "min": 1.05095590959e-20,
        "var": 0.00274292402901
    },
    "spectral_energyband_high": {
        "dmean": 0.0023622282315,
        "dmean2": 0.00319968233816,
        "dvar": 1.12095685836e-05,
        "dvar2": 2.4935696274e-05,
        "max": 0.0236243791878,
        "mean": 0.00282170483842,
        "median": 0.000872798264027,
        "min": 7.86232748851e-21,
        "var": 1.65872716025e-05
    },
    "spectral_energyband_low": {
        "dmean": 0.0138382036239,
        "dmean2": 0.0200153142214,
        "dvar": 0.000871105352417,
        "dvar2": 0.00199098885059,
        "max": 0.32918253541,
        "mean": 0.0254476685077,
        "median": 0.00176466116682,
        "min": 2.8999252628e-23,
        "var": 0.00230360380374
    },
    "spectral_energyband_middle_high": {
        "dmean": 0.00327700586058,
        "dmean2": 0.00458786543459,
        "dvar": 6.46747212159e-05,
        "dvar2": 0.000103512713395,
        "max": 0.289398312569,
        "mean": 0.0063807386905,
        "median": 0.00136612646747,
        "min": 1.18518008017e-21,
        "var": 0.000228690376389
    },
    "spectral_energyband_middle_low": {
        "dmean": 0.00640306482092,
        "dmean2": 0.0101497368887,
        "dvar": 0.000106229425,
        "dvar2": 0.000266450748313,
        "max": 0.116982296109,
        "mean": 0.00927093438804,
        "median": 0.00364468782209,
        "min": 3.02815125817e-22,
        "var": 0.000164856624906
    },
    "spectral_entropy": {
        "dmean": 0.258797258139,
        "dmean2": 0.362179219723,
        "dvar": 0.0655086189508,
        "dvar2": 0.127002134919,
        "max": 9.80020713806,
        "mean": 7.7398018837,
        "median": 7.91418218613,
        "min": 5.04417896271,
        "var": 0.418057322502
    },
    "spectral_flux": {
        "dmean": 0.0454806126654,
        "dmean2": 0.0738170742989,
        "dvar": 0.00279253907502,
        "dvar2": 0.00651956954971,
        "max": 0.524190068245,
        "mean": 0.0979798287153,
        "median": 0.076443336904,
        "min": 6.81782130751e-11,
        "var": 0.00518821598962
    },
    "spectral_kurtosis": {
        "dmean": 1.2675216198,
        "dmean2": 1.88858020306,
        "dvar": 3.09114170074,
        "dvar2": 7.37382650375,
        "max": 89.9220581055,
        "mean": 2.23470544815,
        "median": 1.05564689636,
        "min": -1.2002351284,
        "var": 15.3606719971
    },
    "spectral_rms": {
        "dmean": 0.00152882153634,
        "dmean2": 0.00214118510485,
        "dvar": 2.91893820759e-06,
        "dvar2": 6.13974862063e-06,
        "max": 0.0181153267622,
        "mean": 0.00532667851076,
        "median": 0.00456032296643,
        "min": 3.20206621635e-12,
        "var": 1.29070231196e-05
    },
    "spectral_rolloff": {
        "dmean": 1621.26013184,
        "dmean2": 2628.15917969,
        "dvar": 6169567.5,
        "dvar2": 13833810,
        "max": 20844.140625,
        "mean": 3280.94042969,
        "median": 990.52734375,
        "min": 64.599609375,
        "var": 14252227
    },
    "spectral_skewness": {
        "dmean": 0.260278761387,
        "dmean2": 0.369494587183,
        "dvar": 0.0558992475271,
        "dvar2": 0.124771542847,
        "max": 7.5184340477,
        "mean": 1.17222893238,
        "median": 1.06271421909,
        "min": 0.015241262503,
        "var": 0.333185791969
    },
    "spectral_spread": {
        "dmean": 1297768.625,
        "dmean2": 1741262.375,
        "dvar": 1.49566796595e+12,
        "dvar2": 3.24823469261e+12,
        "max": 40885912,
        "mean": 7504783,
        "median": 7603091.5,
        "min": 903968.5625,
        "var": 6.4002064384e+12
    },
    "spectral_strongpeak": {
        "dmean": 0.675829052925,
        "dmean2": 1.03858995438,
        "dvar": 1.44211530685,
        "dvar2": 3.22787022591,
        "max": 19.5193023682,
        "mean": 1.39287054539,
        "median": 0.728431403637,
        "min": 0,
        "var": 3.68064141273
    },
    "zerocrossingrate": {
        "dmean": 0.0288467332721,
        "dmean2": 0.0300079304725,
        "dvar": 0.000825028924737,
        "dvar2": 0.000993974972516,
        "max": 0.50830078125,
        "mean": 0.105898618698,
        "median": 0.08056640625,
        "min": 0.00341796875,
        "var": 0.00656395638362
    },
    "barkbands": {
        "dmean": [0.000297052989481, 0.00993624981493, 0.00535721844062, 0.00166966067627, 0.00165661750361, 0.000159563482157, 0.000558181665838, 0.00123254791833, 0.00187471939716, 0.0021606949158, 0.000489975849632, 0.000187266778084, 0.000331634801114, 0.00020394976309, 0.000114682785352, 0.000160767624038, 6.5001186158e-05, 0.000134214555146, 0.000147373604705, 0.000118615185784, 0.000168942773598, 0.000431486609159, 0.000366578664398, 0.000382543221349, 0.000581980217248, 0.0005258055171, 9.69720925781e-09],
        "dmean2": [0.00052564626094, 0.0143249537796, 0.00849601067603, 0.00284492666833, 0.0028332544025, 0.000270337826805, 0.000852634198964, 0.00195539765991, 0.0028002934996, 0.00292479316704, 0.00066581676947, 0.000305942085106, 0.000572426128201, 0.000326847221004, 0.000188438745681, 0.000272836448858, 0.000109948865429, 0.000215340260183, 0.000250718614552, 0.000178289366886, 0.000241159897996, 0.000603370426688, 0.000500206835568, 0.000526627991349, 0.000849264615681, 0.00083942321362, 1.83843056334e-08],
        "dvar": [1.58650351523e-07, 0.000482424715301, 0.000181888404768, 2.73294335784e-05, 1.76657958946e-05, 2.48369076417e-07, 2.09198060475e-06, 8.10324672784e-06, 2.37698932324e-05, 5.12196529598e-05, 1.70350158442e-05, 6.86362398028e-07, 5.64874028441e-07, 3.82687147749e-07, 5.54533485797e-08, 1.0439837439e-07, 1.51054759812e-08, 7.55560805032e-08, 8.98752219314e-08, 4.04689650679e-08, 9.85338886039e-08, 5.68407983792e-07, 2.88003974447e-07, 2.8561581189e-07, 9.23335164771e-07, 1.09813720428e-06, 1.04827018783e-14],
        "dvar2": [4.6511132723e-07, 0.00107119255699, 0.000409616943216, 7.12280889275e-05, 4.61320778413e-05, 7.01576027495e-07, 4.15020531364e-06, 1.85285425687e-05, 5.07435288455e-05, 7.89622863522e-05, 2.74933645414e-05, 1.4655411178e-06, 1.51375763835e-06, 8.49475782161e-07, 1.40549744287e-07, 2.81714733319e-07, 4.0847449867e-08, 1.96990754375e-07, 2.46892909672e-07, 9.31607075927e-08, 2.12759758256e-07, 1.29497402668e-06, 5.83903670304e-07, 6.39819745629e-07, 2.26816973736e-06, 2.85929013444e-06, 3.0976326918e-14],
        "max": [0.00481493398547, 0.299788951874, 0.123399034142, 0.04586917907, 0.042181789875, 0.011199706234, 0.0261729341, 0.0453506298363, 0.116841934621, 0.287614911795, 0.19470654428, 0.0382614769042, 0.0122686214745, 0.0177543610334, 0.00564207695425, 0.00368751678616, 0.00160565634724, 0.00625510886312, 0.00337585690431, 0.00234558689408, 0.00424707680941, 0.00813754182309, 0.00526820030063, 0.00459335139021, 0.00695093348622, 0.00767924170941, 5.06900232722e-06],
        "mean": [0.000321634113789, 0.0183443203568, 0.00603381777182, 0.00127512030303, 0.00145902205259, 0.000187845056644, 0.000721946649719, 0.00175765482709, 0.0027497545816, 0.00421771639958, 0.000750391336624, 0.000224650648306, 0.00033921119757, 0.000274013204034, 0.000153136614244, 0.000184026765055, 8.60025829752e-05, 0.000196615437744, 0.000178066664375, 0.000165265213582, 0.000224214032642, 0.00051465438446, 0.00046181853395, 0.000441064476036, 0.000590560841374, 0.000459995237179, 5.90329385375e-09],
        "median": [0.00014037641813, 0.000692245201208, 0.000541429617442, 9.16434000828e-05, 0.000105582614196, 5.75310805289e-05, 9.042682359e-05, 0.000196134744328, 0.000216307395021, 0.000173662323505, 1.11132094389e-05, 2.71884910035e-05, 4.73883155792e-05, 3.18046768371e-05, 3.90715867979e-05, 3.72491376766e-05, 2.82773544313e-05, 5.48586722289e-05, 6.84003098286e-05, 4.59491166112e-05, 8.51615477586e-05, 0.000152254622662, 0.000131882479764, 0.000124362719362, 0.000151809101226, 6.82342142682e-05, 4.94698948472e-10],
        "min": [3.69775906638e-24, 1.9821835761e-23, 7.42791586128e-24, 8.61488094435e-24, 1.81175317519e-23, 1.32814688819e-23, 4.14646496365e-23, 4.21956491721e-23, 9.46402675772e-23, 3.52073702264e-23, 4.99364256906e-23, 4.8891759282e-23, 5.72109065281e-23, 3.13872040078e-23, 8.94066109223e-23, 9.82743351974e-23, 1.25574147933e-22, 1.56298601495e-22, 1.60385696156e-22, 5.63116227667e-22, 3.01241594436e-22, 5.41855302933e-22, 5.41731306621e-22, 6.86365836015e-22, 1.0261827792e-21, 1.70025359323e-21, 2.60111891353e-21],
        "var": [2.13094821788e-07, 0.00141260458622, 0.000240474299062, 2.0445417249e-05, 1.71423780557e-05, 2.73781068927e-07, 4.2953593038e-06, 1.80762926902e-05, 5.69670155528e-05, 0.000189419239177, 4.36599220848e-05, 9.64887249211e-07, 6.40818200282e-07, 7.47536944345e-07, 1.0062127842e-07, 1.22860143392e-07, 2.12303916669e-08, 1.19195846082e-07, 8.35717912651e-08, 6.99617643818e-08, 1.50073660166e-07, 7.69579173721e-07, 4.60311383677e-07, 4.02146440592e-07, 1.03737590962e-06, 9.65135427577e-07, 5.4842228137e-15]
    },
    "erbbands": {
        "dmean": [0.159133240581, 2.64756631851, 6.68651580811, 5.90990400314, 5.41378688812, 5.82010650635, 2.14382362366, 1.181671381, 4.22678947449, 15.4876623154, 32.3439064026, 46.8408126831, 53.2089729309, 48.3646888733, 14.7819290161, 9.23571395874, 14.1543798447, 12.2882442474, 5.56419181824, 8.09515190125, 7.55804824829, 3.89343953133, 8.02660083771, 5.88703536987, 5.97413444519, 6.08905982971, 5.61898899078, 9.21924495697, 12.7332525253, 12.0641813278, 10.4170217514, 8.52673339844, 8.71315002441, 6.25532436371, 3.37363553047, 2.57872533798, 1.05596125126, 0.0385121591389, 0.000899504579138, 7.71266131778e-05],
        "dmean2": [0.222755461931, 3.79573702812, 10.080862999, 9.94240093231, 9.54978275299, 9.72003650665, 3.70912480354, 1.95034611225, 6.65293359756, 24.0080547333, 49.5641021729, 69.544342041, 74.9531021118, 63.7142448425, 20.5337734222, 14.9100570679, 24.2882728577, 20.2422370911, 8.75173091888, 13.3371505737, 13.1160869598, 6.51373386383, 12.855755806, 9.89542770386, 10.04164505, 9.17283439636, 8.15655708313, 12.9988431931, 18.1105632782, 16.3958129883, 14.4333333969, 11.4431600571, 12.4371528625, 9.08518981934, 5.00802993774, 4.0529589653, 1.71193742752, 0.0631610825658, 0.00144493707921, 0.000120075186715],
        "dvar": [0.100560255349, 37.0220565796, 284.227905273, 317.118255615, 194.275390625, 229.34324646, 56.5489845276, 11.0658521652, 155.010559082, 1017.11651611, 5093.65039062, 16753.4472656, 37678.6210938, 29170.390625, 10639.6035156, 969.243164062, 1155.92834473, 808.52532959, 233.742477417, 261.344512939, 288.767730713, 50.3972129822, 272.359222412, 138.328536987, 136.162582397, 99.059173584, 72.3331222534, 314.511444092, 570.286743164, 343.888000488, 232.601760864, 137.506530762, 166.798950195, 100.719367981, 33.1206130981, 25.8069419861, 4.70149564743, 0.00627792160958, 3.19256696457e-06, 1.56938302354e-08],
        "dvar2": [0.206210225821, 80.6407699585, 628.435546875, 761.686218262, 533.736938477, 584.21697998, 159.798980713, 28.5098953247, 345.231994629, 2155.36352539, 11238.5097656, 36671.1679688, 61478.2148438, 42203.484375, 18144.484375, 2176.48120117, 3078.52270508, 1901.42321777, 584.375976562, 657.028076172, 811.580627441, 131.453674316, 706.983032227, 370.011047363, 367.581420898, 221.381347656, 140.136474609, 713.200378418, 1333.76269531, 739.815795898, 474.4090271, 287.667114258, 398.015075684, 243.881607056, 81.708190918, 66.4608306885, 12.3594865799, 0.0168200545013, 8.44068927108e-06, 3.97508941319e-08],
        "max": [3.41736578941, 81.1685256958, 161.095718384, 149.510498047, 104.991294861, 171.316055298, 171.28086853, 96.4290618896, 290.783203125, 544.760681152, 1125.10803223, 3234.53100586, 4936.6796875, 10450.6445312, 4839.28857422, 1275.37731934, 608.535766602, 715.682983398, 325.327850342, 413.998840332, 212.908325195, 76.9038772583, 400.618560791, 237.055892944, 136.140808105, 110.583709717, 126.306808472, 219.453079224, 273.288146973, 178.93019104, 144.737365723, 118.993095398, 107.266662598, 76.3241577148, 51.1675338745, 49.4294509888, 15.3133039474, 0.63397282362, 0.0131752602756, 0.000825079216156],
        "mean": [0.267773628235, 4.85567855835, 9.12447547913, 5.4720287323, 4.29740333557, 5.24497842789, 2.18725705147, 1.45569503307, 5.22778749466, 21.2074699402, 51.3824729919, 71.4119567871, 91.457321167, 103.354911804, 24.4095058441, 11.8359537125, 14.8937644958, 15.2173433304, 8.61613464355, 10.3054561615, 8.48094749451, 5.41523694992, 11.4527359009, 9.00703907013, 7.04484939575, 8.52754688263, 8.31739997864, 11.4263048172, 14.9000492096, 15.1962985992, 13.0337371826, 9.92352485657, 9.5112247467, 6.57530832291, 3.31936192513, 2.30893421173, 0.913697361946, 0.0339160114527, 0.000819740642328, 0.000105504936073],
        "median": [0.01294606179, 0.176381960511, 0.691814184189, 0.594774723053, 0.399489760399, 0.331811875105, 0.549080967903, 0.487132012844, 1.02793216705, 3.44791221619, 6.59006261826, 8.74474811554, 9.29880619049, 3.58978247643, 1.23137617111, 2.33585047722, 2.51912713051, 2.44732570648, 1.66072916985, 2.59526157379, 1.7866666317, 1.84652757645, 3.28408241272, 4.26785326004, 2.03377437592, 2.4075717926, 3.79409599304, 3.43693304062, 4.43265962601, 5.13662719727, 3.56669712067, 2.95096635818, 2.60839319229, 1.84541976452, 0.658489048481, 0.363861501217, 0.134929805994, 0.0066033154726, 0.000172326443135, 5.8432106016e-05],
        "min": [6.14878528721e-22, 4.3707133046e-21, 8.30759138055e-21, 1.71440403626e-20, 2.50741304223e-20, 5.61296910956e-20, 6.01087658841e-20, 1.71725448126e-19, 6.04453133636e-19, 1.06334822546e-18, 9.67817860299e-19, 2.22848164568e-18, 1.79205598462e-18, 1.34528405185e-18, 1.4064561261e-18, 2.23837038311e-18, 3.07980890108e-18, 2.01692317298e-18, 3.80593782129e-18, 3.88473587362e-18, 6.85559019878e-18, 6.13224887724e-18, 7.33079967043e-18, 8.90336265912e-18, 1.49862495333e-17, 2.05403190147e-17, 1.35090133199e-17, 1.62420337803e-17, 1.88924925164e-17, 1.4568880666e-17, 1.31356603874e-17, 1.39198896466e-17, 1.22025063578e-17, 1.05746124308e-17, 7.48470985828e-18, 5.18162065725e-18, 3.46431967293e-18, 1.34892664508e-18, 3.4573192434e-19, 3.97649792703e-20],
        "var": [0.279090225697, 104.761833191, 431.523651123, 298.983947754, 148.41619873, 233.074478149, 49.3908500671, 14.270737648, 249.825286865, 2165.26049805, 12411.1103516, 39499.3125, 105957.554688, 138943.140625, 26138.3808594, 1515.17578125, 1305.36987305, 1398.21899414, 472.361297607, 408.480377197, 275.723632812, 71.6238098145, 365.213775635, 207.953582764, 140.245544434, 176.462860107, 140.225769043, 428.887664795, 724.452941895, 542.168701172, 371.174346924, 209.037689209, 209.254959106, 118.002708435, 35.9418067932, 23.3556652069, 3.98135519028, 0.00512886745855, 2.73875912171e-06, 1.73599978837e-08]
    },
    "gfcc": {
        "mean": [-19.0263881683, 34.6860618591, -92.5572967529, 31.6250324249, -71.9477386475, 28.5718765259, -28.1165828705, 28.3148651123, -19.9784412384, 7.3799829483, -26.8968791962, -0.965358257294, -20.3424224854],
        "cov": [[10566.9580078, -994.244262695, 1047.04052734, 899.122070312, 363.39642334, 1273.12426758, -189.093429565, 419.501617432, 192.662017822, 375.62008667, -298.696166992, -404.908294678, -451.414733887], [-994.244262695, 1350.44274902, -293.414855957, -47.7384910583, 266.085693359, -14.5724020004, 313.160125732, 23.7964439392, 168.996536255, -73.8115539551, 171.234481812, -70.0993118286, 118.678634644], [1047.04052734, -293.414855957, 1635.9239502, 893.883605957, 237.881790161, 440.458648682, -87.2919006348, 122.608070374, 157.740325928, 229.097640991, 20.6932182312, -34.4143562317, -169.354873657], [899.122070312, -47.7384910583, 893.883605957, 1064.00732422, 274.554077148, 298.276916504, -49.0096092224, 54.8925933838, 152.273971558, 124.422416687, 44.6242713928, -54.9091720581, -76.5500488281], [363.39642334, 266.085693359, 237.881790161, 274.554077148, 401.022949219, 177.079238892, 124.338386536, 59.874420166, 46.8049507141, 2.42003774643, 30.2749671936, -12.3612766266, 26.1562976837], [1273.12426758, -14.5724020004, 440.458648682, 298.276916504, 177.079238892, 510.63079834, 149.850692749, 148.127380371, 122.69203949, 74.060333252, 16.6725578308, -58.9453773499, -15.6529464722], [-189.093429565, 313.160125732, -87.2919006348, -49.0096092224, 124.338386536, 149.850692749, 351.958618164, 105.085350037, 69.9453735352, -47.0135536194, 54.4428367615, 32.1944541931, 93.1013259888], [419.501617432, 23.7964439392, 122.608070374, 54.8925933838, 59.874420166, 148.127380371, 105.085350037, 177.554504395, 134.03062439, 73.5646057129, 28.6732769012, -26.7876052856, 1.09779214859], [192.662017822, 168.996536255, 157.740325928, 152.273971558, 46.8049507141, 122.69203949, 69.9453735352, 134.03062439, 262.54119873, 151.32421875, 78.555480957, -80.5718002319, -39.4200744629], [375.62008667, -73.8115539551, 229.097640991, 124.422416687, 2.42003774643, 74.060333252, -47.0135536194, 73.5646057129, 151.32421875, 227.41343689, 91.4100875854, -39.3592147827, -103.960212708], [-298.696166992, 171.234481812, 20.6932182312, 44.6242713928, 30.2749671936, 16.6725578308, 54.4428367615, 28.6732769012, 78.555480957, 91.4100875854, 172.423248291, 49.1953926086, 10.5064554214], [-404.908294678, -70.0993118286, -34.4143562317, -54.9091720581, -12.3612766266, -58.9453773499, 32.1944541931, -26.7876052856, -80.5718002319, -39.3592147827, 49.1953926086, 171.528106689, 75.9241943359], [-451.414733887, 118.678634644, -169.354873657, -76.5500488281, 26.1562976837, -15.6529464722, 93.1013259888, 1.09779214859, -39.4200744629, -103.960212708, 10.5064554214, 75.9241943359, 177.718765259]],
        "icov": [[0.000218603032408, -1.37775814437e-05, 0.000204042473342, -0.000134151894599, -7.08721272531e-05, -0.00061740441015, 0.000304421264445, -0.000473445601529, 0.000372907525161, -0.00035469973227, 0.000465081771836, -4.16348593717e-05, 0.00036613678094], [-1.37775814437e-05, 0.0020781706553, -0.000119927550259, 0.000405695958761, -0.0012680265354, 0.000762235722505, -0.00110479258001, 0.00145886617247, -0.00195899116807, 0.00230324408039, -0.00283113215119, 0.0021075361874, -0.000358991761459], [0.000204042473342, -0.000119927550259, 0.00178260344546, -0.0011395936599, -0.000130000116769, -0.00140581221785, 0.000731315289158, -0.000886073743459, 0.000558017462026, -0.00122138077859, 0.00131042907014, -0.00126630009618, 0.00119669805281], [-0.000134151894599, 0.000405695958761, -0.0011395936599, 0.00238683470525, -0.0011422757525, 0.000123063917272, 0.000357635581167, 0.00154650746845, -0.00198734295554, 0.00149017153308, -0.00129205919802, 0.000465747609269, -0.00037918498856], [-7.08721272531e-05, -0.0012680265354, -0.000130000116769, -0.0011422757525, 0.00460479035974, -0.000536591920536, -0.000715601665433, -0.0011600170983, 0.00204760092311, -0.00118295964785, 0.000934272888117, -0.000364086910849, -0.000429589534178], [-0.00061740441015, 0.000762235722505, -0.00140581221785, 0.000123063917272, -0.000536591920536, 0.00601899530739, -0.00289063877426, -5.00567402923e-05, -0.000614274118561, 0.000952608184889, -0.00208225939423, 0.00248025823385, -0.00175566959661], [0.000304421264445, -0.00110479258001, 0.000731315289158, 0.000357635581167, -0.000715601665433, -0.00289063877426, 0.00724827498198, -0.00353872170672, -0.00072550988989, 0.00206751795486, 8.36494000396e-05, -0.0025777744595, 0.00058222404914], [-0.000473445601529, 0.00145886617247, -0.000886073743459, 0.00154650746845, -0.0011600170983, -5.00567402923e-05, -0.00353872170672, 0.0151542844251, -0.00773249194026, -0.000178497197339, -1.95915399672e-05, 6.53044553474e-05, -0.0022748017218], [0.000372907525161, -0.00195899116807, 0.000558017462026, -0.00198734295554, 0.00204760092311, -0.000614274118561, -0.00072550988989, -0.00773249194026, 0.0156319122761, -0.00888197869062, 0.000735607463866, 0.00420729303733, -0.00156576244626], [-0.00035469973227, 0.00230324408039, -0.00122138077859, 0.00149017153308, -0.00118295964785, 0.000952608184889, 0.00206751795486, -0.000178497197339, -0.00888197869062, 0.0191490892321, -0.0103361811489, 0.000822813773993, 0.00570600340143], [0.000465081771836, -0.00283113215119, 0.00131042907014, -0.00129205919802, 0.000934272888117, -0.00208225939423, 8.36494000396e-05, -1.95915399672e-05, 0.000735607463866, -0.0103361811489, 0.0169549994171, -0.00767399789765, -0.000207550765481], [-4.16348593717e-05, 0.0021075361874, -0.00126630009618, 0.000465747609269, -0.000364086910849, 0.00248025823385, -0.0025777744595, 6.53044553474e-05, 0.00420729303733, 0.000822813773993, -0.00767399789765, 0.0144831091166, -0.00521636707708], [0.00036613678094, -0.000358991761459, 0.00119669805281, -0.00037918498856, -0.000429589534178, -0.00175566959661, 0.00058222404914, -0.0022748017218, -0.00156576244626, 0.00570600340143, -0.000207550765481, -0.00521636707708, 0.0126226097345]]
    },
    "melbands": {
        "dmean": [0.00211943476461, 0.00355458608828, 0.000969309068751, 0.00044001895003, 9.67695159488e-05, 2.7227713872e-05, 7.82971910667e-05, 0.000192042920389, 0.000284453708446, 0.000279663334368, 0.00027454609517, 0.000216378495679, 6.27799818176e-05, 2.10853322642e-05, 3.06903457385e-05, 3.08676499117e-05, 2.28935059567e-05, 1.02306566987e-05, 8.29384407552e-06, 1.22458413898e-05, 8.15699422674e-06, 2.78001243714e-06, 8.80303923623e-06, 5.18574097441e-06, 4.89610238219e-06, 6.50933679935e-06, 2.028530389e-06, 4.98671897731e-06, 3.16481578011e-06, 6.16495981376e-06, 4.97822838952e-06, 8.56190672494e-06, 7.63696243666e-06, 5.70161591895e-06, 6.53169036013e-06, 6.45151976642e-06, 4.98393728776e-06, 5.30058605364e-06, 7.92229093349e-06, 4.33479226558e-06],
        "dmean2": [0.00304381060414, 0.00496738078073, 0.00163049483672, 0.000754656852223, 0.000166372861713, 4.54790169897e-05, 0.000121741373732, 0.000300942105241, 0.000428367085988, 0.000419021351263, 0.000386012601666, 0.000285209069261, 8.56263141031e-05, 3.48331013811e-05, 5.06723481521e-05, 5.41244371561e-05, 3.7241501559e-05, 1.59940136655e-05, 1.39177382152e-05, 2.00337617571e-05, 1.44923442349e-05, 4.72154761155e-06, 1.43115266837e-05, 8.41472046886e-06, 8.30886074255e-06, 1.11370936793e-05, 3.32317995344e-06, 7.45975012251e-06, 4.98798362969e-06, 8.88842441782e-06, 7.17547936802e-06, 1.27639232232e-05, 1.08436161099e-05, 7.69972120906e-06, 9.28656299948e-06, 9.02176179807e-06, 6.93222091286e-06, 7.66525772633e-06, 1.1996136891e-05, 6.31610237178e-06],
        "dvar": [1.86324868992e-05, 7.02782854205e-05, 7.65873119235e-06, 1.31722060814e-06, 7.56454454631e-08, 5.79685144331e-09, 4.98172276764e-08, 1.40620485922e-07, 3.4505626445e-07, 6.29316048162e-07, 1.02312060335e-06, 5.82061431942e-07, 2.82634545101e-07, 1.00961603522e-08, 1.05802238082e-08, 5.06970643244e-09, 3.69600483552e-09, 1.19519705244e-09, 3.02111419215e-10, 5.02502872646e-10, 4.07094913335e-10, 2.7930303903e-11, 3.19044929364e-10, 1.02446703898e-10, 1.01200804681e-10, 1.97797320189e-10, 1.40026176418e-11, 7.10576389396e-11, 2.35351634015e-11, 1.39272787747e-10, 8.88415313538e-11, 2.86979578989e-10, 1.60583393805e-10, 7.08802044835e-11, 9.36200839075e-11, 1.09242663526e-10, 4.96549676376e-11, 6.617253967e-11, 1.94521093677e-10, 4.77134512455e-11],
        "dvar2": [4.22490666097e-05, 0.000152843946125, 1.8533984985e-05, 3.43985993823e-06, 2.07121729545e-07, 1.52853480984e-08, 1.08087398587e-07, 3.21725877939e-07, 7.38000949241e-07, 1.40332406318e-06, 1.6586111542e-06, 8.41534188112e-07, 4.5991589559e-07, 2.3734743948e-08, 2.56047094638e-08, 1.39590294879e-08, 8.34886648704e-09, 2.9255955436e-09, 8.03821509354e-10, 1.25754051616e-09, 1.16943477124e-09, 7.39524136373e-11, 8.16883671817e-10, 2.74881700735e-10, 2.71246330952e-10, 5.48312062421e-10, 3.47655966515e-11, 1.58185464727e-10, 5.41563287271e-11, 2.97924157566e-10, 2.06323486074e-10, 6.96154356383e-10, 3.38343464357e-10, 1.51674020565e-10, 2.00110650272e-10, 2.39844921701e-10, 1.04665387468e-10, 1.54896484528e-10, 4.87469953292e-10, 1.13015992398e-10],
        "max": [0.0606635734439, 0.0850188955665, 0.0234566703439, 0.0113373445347, 0.00612973468378, 0.00195613270625, 0.00513224676251, 0.00674966070801, 0.0096545740962, 0.0187572613358, 0.0256195385009, 0.0467538833618, 0.0256505068392, 0.00481836730614, 0.0038967859, 0.00107244343963, 0.00170521996915, 0.00078719080193, 0.000376704498194, 0.000374109920813, 0.000242821202846, 7.05763886799e-05, 0.000410167238442, 0.000201567992917, 0.000216396030737, 0.000161775926244, 8.77710990608e-05, 9.13628537091e-05, 5.74216355744e-05, 0.000159638788318, 0.000118872245366, 0.000211481063161, 0.000123458070448, 8.81860178197e-05, 9.72196285147e-05, 0.000114413400297, 6.5396350692e-05, 7.69376565586e-05, 0.000129985899548, 5.96645186306e-05],
        "mean": [0.00387715431862, 0.00579682737589, 0.000906785426196, 0.000381133519113, 9.53090129769e-05, 3.27424386342e-05, 9.87101375358e-05, 0.0002649561211, 0.000452643784229, 0.000407607702073, 0.000471239036415, 0.000461566232843, 9.8158736364e-05, 2.68862258963e-05, 3.41031918651e-05, 2.98018112517e-05, 2.89631570922e-05, 1.52356042236e-05, 1.03020074675e-05, 1.53809505719e-05, 8.36449908093e-06, 3.7807649278e-06, 1.15063485282e-05, 8.09285938885e-06, 7.18776300346e-06, 6.80981565893e-06, 2.81718416772e-06, 6.66567166263e-06, 4.31767648479e-06, 7.84731855674e-06, 5.95392521063e-06, 9.60040142672e-06, 9.11520692171e-06, 7.44110775486e-06, 8.14864779386e-06, 6.98427675161e-06, 5.80520600124e-06, 5.86948590353e-06, 7.90378089732e-06, 4.67004474558e-06],
        "median": [0.000176004803507, 0.000345639593434, 0.000108632149932, 2.384463005e-05, 1.9106812033e-05, 9.8222762972e-06, 1.6082842194e-05, 3.92612491851e-05, 5.00069509144e-05, 3.66415952158e-05, 3.48042267433e-05, 1.32412023959e-05, 1.78488767233e-06, 2.67003520094e-06, 6.03551097811e-06, 4.28430939792e-06, 3.60160402124e-06, 1.77865229034e-06, 2.73520709015e-06, 3.43617193721e-06, 1.65123356055e-06, 1.18267541893e-06, 3.51047992808e-06, 2.31509420701e-06, 3.44635191141e-06, 1.77639662979e-06, 7.931860182e-07, 1.75351601683e-06, 2.05142578125e-06, 2.45593628279e-06, 1.67974769738e-06, 2.82253040496e-06, 2.65221979134e-06, 2.66748588729e-06, 2.15532395487e-06, 1.73832813744e-06, 1.71058184151e-06, 1.47308094256e-06, 2.12628924601e-06, 1.27774194425e-06],
        "min": [5.72407491362e-24, 4.84534973509e-24, 4.5275089989e-24, 1.93100251722e-24, 2.25338709222e-24, 3.86724149313e-24, 8.43414186691e-24, 1.17319433268e-23, 8.72250208221e-24, 1.41239060643e-23, 8.65176176939e-24, 4.54762297984e-24, 5.35281961668e-24, 5.81710094144e-24, 7.05597898852e-24, 6.96590448378e-24, 3.04989225683e-24, 5.37170770777e-24, 6.03584378741e-24, 5.16739549433e-24, 8.29645487337e-24, 6.04007405402e-24, 6.52535682822e-24, 8.02707859576e-24, 6.90682116856e-24, 6.86979124881e-24, 1.82258739087e-23, 1.26810076823e-23, 9.34653050128e-24, 7.31184681199e-24, 1.02935059532e-23, 1.13963058885e-23, 9.28887186886e-24, 7.70222883044e-24, 7.63087715042e-24, 8.3037991684e-24, 8.52312143272e-24, 7.8250702506e-24, 9.42357933475e-24, 8.89961239948e-24],
        "var": [5.85653433518e-05, 0.000147805956658, 7.34302238925e-06, 1.29420675421e-06, 6.53920579907e-08, 7.3442896209e-09, 8.46852543646e-08, 2.8244681971e-07, 9.0840245548e-07, 1.36670314532e-06, 2.91103333439e-06, 2.80198742075e-06, 7.06842342879e-07, 1.43941161213e-08, 1.14545777308e-08, 4.8577417644e-09, 6.79374423385e-09, 2.22063212263e-09, 4.37491015637e-10, 8.20223056142e-10, 3.23148174886e-10, 4.8132713093e-11, 3.82064851978e-10, 1.96890725945e-10, 1.45670170371e-10, 1.6594497998e-10, 2.76855552372e-11, 1.18079268585e-10, 3.58250651367e-11, 2.15332210396e-10, 1.13468581753e-10, 3.3218197637e-10, 2.36292763134e-10, 1.17176407466e-10, 1.4840691176e-10, 1.38350497725e-10, 7.2487169045e-11, 8.2267963275e-11, 1.97192720486e-10, 5.84133921788e-11]
    },
    "mfcc": {
        "mean": [-671.43927002, 68.7445449829, 30.159658432, 14.1033506393, -3.61118078232, 2.73608398438, 0.942004621029, 14.2533493042, 12.175151825, 11.6100645065, 12.5210371017, 1.4362500906, -7.75738286972],
        "cov": [[7983.29980469, -330.535186768, 590.583862305, -73.3165435791, 669.80682373, 492.163726807, 151.89453125, 22.42436409, 315.608581543, 523.721374512, 321.466186523, 109.153610229, -0.678249239922], [-330.535186768, 1040.33850098, -454.787567139, -50.7707252502, -89.1444015503, -26.5626544952, 142.157592773, 119.642967224, 28.2820644379, 55.7136764526, 14.1373987198, 0.461071252823, 9.62811851501], [590.583862305, -454.787567139, 1365.96337891, 399.50769043, 459.548614502, 348.782196045, 69.6516265869, 24.514087677, 126.552268982, 122.194190979, 211.973312378, 229.788787842, 132.083480835], [-73.3165435791, -50.7707252502, 399.50769043, 534.282592773, 285.336853027, 186.420562744, 60.2275238037, 44.6861457825, 42.263420105, 10.4755926132, 39.485786438, 94.881942749, 62.0871276855], [669.80682373, -89.1444015503, 459.548614502, 285.336853027, 446.193634033, 234.789840698, 93.3801727295, 23.5716304779, 83.2298278809, 108.820594788, 97.6793746948, 89.4086303711, 48.1047668457], [492.163726807, -26.5626544952, 348.782196045, 186.420562744, 234.789840698, 296.194213867, 144.669342041, 94.9768371582, 82.2639160156, 78.9946746826, 71.9154205322, 57.7196922302, 30.7357387543], [151.89453125, 142.157592773, 69.6516265869, 60.2275238037, 93.3801727295, 144.669342041, 220.968063354, 138.668731689, 63.6584205627, 32.1730690002, -8.88466930389, 9.24810695648, 14.5110025406], [22.42436409, 119.642967224, 24.514087677, 44.6861457825, 23.5716304779, 94.9768371582, 138.668731689, 213.213058472, 110.399230957, 26.0926971436, -37.3885231018, -34.2273292542, -11.3565177917], [315.608581543, 28.2820644379, 126.552268982, 42.263420105, 83.2298278809, 82.2639160156, 63.6584205627, 110.399230957, 183.697174072, 143.367584229, 47.4917106628, -6.10554599762, -17.1544456482], [523.721374512, 55.7136764526, 122.194190979, 10.4755926132, 108.820594788, 78.9946746826, 32.1730690002, 26.0926971436, 143.367584229, 261.778137207, 152.889343262, 56.1779212952, 6.00178956985], [321.466186523, 14.1373987198, 211.973312378, 39.485786438, 97.6793746948, 71.9154205322, -8.88466930389, -37.3885231018, 47.4917106628, 152.889343262, 238.211532593, 162.11126709, 71.1351623535], [109.153610229, 0.461071252823, 229.788787842, 94.881942749, 89.4086303711, 57.7196922302, 9.24810695648, -34.2273292542, -6.10554599762, 56.1779212952, 162.11126709, 245.393630981, 147.452270508], [-0.678249239922, 9.62811851501, 132.083480835, 62.0871276855, 48.1047668457, 30.7357387543, 14.5110025406, -11.3565177917, -17.1544456482, 6.00178956985, 71.1351623535, 147.452270508, 188.953948975]],
