{
"lowlevel": {
    "average_loudness": 0.73038238287,
    "barkbands_crest": {
        "dmean": 1.89159762859,
        "dmean2": 3.03594923019,
        "dvar": 4.14725875854,
        "dvar2": 11.6887140274,
        "max": 26.8421421051,
        "mean": 14.2089538574,
        "median": 13.8002090454,
        "min": 2.90398836136,
        "var": 23.0860462189
    },
    "barkbands_flatness_db": {
        "dmean": 0.0258943103254,
        "dmean2": 0.039612211287,
        "dvar": 0.00102534040343,
        "dvar2": 0.00213560485281,
        "max": 0.659935891628,
        "mean": 0.307965964079,
        "median": 0.300402909517,
        "min": 0.0147088449448,
        "var": 0.0109149301425
    },
    "barkbands_kurtosis": {
        "dmean": 7.8674788475,
        "dmean2": 12.3919811249,
        "dvar": 259.554901123,
        "dvar2": 606.278442383,
        "max": 720.687438965,
        "mean": 20.6794986725,
        "median": 10.3916921616,
        "min": -1.83855319023,
        "var": 1032.1373291
    },
    "barkbands_skewness": {
        "dmean": 0.644745588303,
        "dmean2": 1.01263916492,
        "dvar": 0.631320059299,
        "dvar2": 1.5599271059,
        "max": 16.4279174805,
        "mean": 2.85549879074,
        "median": 2.59886693954,
        "min": -23.3937549591,
        "var": 4.90631198883
    },
    "barkbands_spread": {
        "dmean": 1.88203108311,
        "dmean2": 3.03263187408,
        "dvar": 14.431435585,
        "dvar2": 36.3084373474,
        "max": 82.5090942383,
        "mean": 6.66166639328,
        "median": 4.42669534683,
        "min": 0.0704140141606,
        "var": 45.0471305847
    },
    "dissonance": {
        "dmean": 0.0292665604502,
        "dmean2": 0.0489639751613,
        "dvar": 0.000911983486731,
        "dvar2": 0.00251708179712,
        "max": 0.499999910593,
        "mean": 0.423175215721,
        "median": 0.433925747871,
        "min": 0.059393491596,
        "var": 0.00266373739578
    },
    "dynamic_complexity": 4.27784109116,
    "erbbands_crest": {
        "dmean": 2.17995691299,
        "dmean2": 3.38318943977,
        "dvar": 4.93415117264,
        "dvar2": 11.2047653198,
        "max": 34.5934524536,
        "mean": 11.2142724991,
        "median": 10.0347146988,
        "min": 2.41284155846,
        "var": 29.6438446045
    },
    "erbbands_flatness_db": {
        "dmean": 0.0195293426514,
        "dmean2": 0.0290735866874,
        "dvar": 0.000604804896284,
        "dvar2": 0.00117646576837,
        "max": 0.622699320316,
        "mean": 0.242031246424,
        "median": 0.241753295064,
        "min": 0.0391916073859,
        "var": 0.00420806510374
    },
    "erbbands_kurtosis": {
        "dmean": 1.52199363708,
        "dmean2": 2.37146878242,
        "dvar": 12.4719486237,
        "dvar2": 30.2126960754,
        "max": 150.778015137,
        "mean": 2.76042890549,
        "median": 0.565847873688,
        "min": -1.91242349148,
        "var": 69.230430603
    },
    "erbbands_skewness": {
        "dmean": 0.365391016006,
        "dmean2": 0.556319713593,
        "dvar": 0.1732827425,
        "dvar2": 0.384663820267,
        "max": 8.14825630188,
        "mean": 0.769450485706,
        "median": 0.655475616455,
        "min": -7.40387964249,
        "var": 1.3692471981
    },
    "erbbands_spread": {
        "dmean": 5.58479452133,
        "dmean2": 8.68225097656,
        "dvar": 64.4198379517,
        "dvar2": 140.07258606,
        "max": 124.958969116,
        "mean": 26.3848400116,
        "median": 23.4872493744,
        "min": 0.160272568464,
        "var": 243.882339478
    },
    "hfc": {
        "dmean": 3.21570611,
        "dmean2": 5.11630010605,
        "dvar": 33.7054443359,
        "dvar2": 84.5721664429,
        "max": 126.628295898,
        "mean": 13.6760826111,
        "median": 8.38769626617,
        "min": 1.03249319334e-16,
        "var": 202.984680176
    },
    "melbands_crest": {
        "dmean": 2.14369225502,
        "dmean2": 3.31271958351,
        "dvar": 6.12263393402,
        "dvar2": 14.8885145187,
        "max": 38.1769561768,
        "mean": 20.0121974945,
        "median": 19.8854045868,
        "min": 1.65200269222,
        "var": 48.0353736877
    },
    "melbands_flatness_db": {
        "dmean": 0.0304483231157,
        "dmean2": 0.0461271628737,
        "dvar": 0.00149749487173,
        "dvar2": 0.00307616824284,
        "max": 0.823996663094,
        "mean": 0.41774341464,
        "median": 0.413083523512,
        "min": 0.00272237113677,
        "var": 0.0177508275956
    },
    "melbands_kurtosis": {
        "dmean": 11.8397245407,
        "dmean2": 18.6635875702,
        "dvar": 460.175354004,
        "dvar2": 1140.50463867,
        "max": 521.127075195,
        "mean": 33.4970245361,
        "median": 20.4426269531,
        "min": -1.94737100601,
        "var": 1667.12390137
    },
    "melbands_skewness": {
        "dmean": 0.75292044878,
        "dmean2": 1.16879296303,
        "dvar": 0.828519046307,
        "dvar2": 1.98194432259,
        "max": 18.2654590607,
        "mean": 3.68721365929,
        "median": 3.42119240761,
        "min": -10.7656707764,
        "var": 5.71744251251
    },
    "melbands_spread": {
        "dmean": 1.98941731453,
        "dmean2": 3.19856595993,
        "dvar": 18.0950870514,
        "dvar2": 46.3710174561,
        "max": 166.934677124,
        "mean": 8.03320121765,
        "median": 3.83692193031,
        "min": 0.182688072324,
        "var": 225.213180542
    },
    "pitch_salience": {
        "dmean": 0.0583633072674,
        "dmean2": 0.0934842675924,
        "dvar": 0.00353243504651,
        "dvar2": 0.00939812324941,
        "max": 0.948426306248,
        "mean": 0.416879206896,
        "median": 0.422544270754,
        "min": 0.0344544537365,
        "var": 0.0203565433621
    },
    "silence_rate_20dB": {
        "dmean": 0.0219354834408,
        "dmean2": 0.0438741110265,
        "dvar": 0.0214584451169,
        "dvar2": 0.0441033989191,
        "max": 1,
        "mean": 0.946670472622,
        "median": 1,
        "min": 0,
        "var": 0.0504881590605
    },
    "silence_rate_30dB": {
        "dmean": 0.0367025099695,
        "dmean2": 0.0734102800488,
        "dvar": 0.0353530272841,
        "dvar2": 0.076762214303,
        "max": 1,
        "mean": 0.789764165878,
        "median": 1,
        "min": 0,
        "var": 0.166036233306
    },
    "silence_rate_60dB": {
        "dmean": 0.00272401422262,
        "dmean2": 0.00544841913506,
        "dvar": 0.00271680043079,
        "dvar2": 0.00670996680856,
        "max": 1,
        "mean": 0.0574152395129,
        "median": 0,
        "min": 0,
        "var": 0.0541185066104
    },
    "spectral_centroid": {
        "dmean": 113.786155701,
        "dmean2": 182.288131714,
        "dvar": 58381.03125,
        "dvar2": 132933.734375,
        "max": 11815.09375,
        "mean": 631.714050293,
        "median": 434.889282227,
        "min": 98.9533843994,
        "var": 1289549
    },
    "spectral_complexity": {
        "dmean": 1.93362009525,
        "dmean2": 3.16768217087,
        "dvar": 6.87849283218,
        "dvar2": 16.0402336121,
        "max": 57,
        "mean": 11.0531864166,
        "median": 10,
        "min": 0,
        "var": 54.4798927307
    },
    "spectral_decrease": {
        "dmean": 5.88632520504e-09,
        "dmean2": 9.13479691889e-09,
        "dvar": 2.17621663572e-16,
        "dvar2": 5.31889151152e-16,
        "max": 2.31943619137e-28,
        "mean": -2.11886650447e-08,
        "median": -1.09718660823e-08,
        "min": -2.64479609768e-07,
        "var": 8.21706450373e-16
    },
    "spectral_energy": {
        "dmean": 0.022439667955,
        "dmean2": 0.0348243154585,
        "dvar": 0.00313874101266,
        "dvar2": 0.00767219811678,
        "max": 1.00630640984,
        "mean": 0.0812113955617,
        "median": 0.0425904355943,
        "min": 9.96937865191e-21,
        "var": 0.0118775228038
    },
    "spectral_energyband_high": {
        "dmean": 8.14525192254e-05,
        "dmean2": 0.000141784650623,
        "dvar": 1.81991495651e-07,
        "dvar2": 5.05707362208e-07,
        "max": 0.00767200253904,
        "mean": 9.24308114918e-05,
        "median": 7.63925163483e-06,
        "min": 7.09233300594e-21,
        "var": 1.8779525135e-07
    },
    "spectral_energyband_low": {
        "dmean": 0.020834106952,
        "dmean2": 0.0325064063072,
        "dvar": 0.00304736196995,
        "dvar2": 0.00752887455747,
        "max": 0.961119353771,
        "mean": 0.0659626051784,
        "median": 0.0266273710877,
        "min": 9.67885630141e-24,
        "var": 0.010929170996
    },
    "spectral_energyband_middle_high": {
        "dmean": 0.000954139337409,
        "dmean2": 0.00148756371345,
        "dvar": 4.11236305808e-06,
        "dvar2": 9.67262440099e-06,
        "max": 0.0667514428496,
        "mean": 0.00334156490862,
        "median": 0.000871304830071,
        "min": 1.10135059594e-21,
        "var": 4.09721142205e-05
    },
    "spectral_energyband_middle_low": {
        "dmean": 0.00383874634281,
        "dmean2": 0.00578892044723,
        "dvar": 3.12952543027e-05,
        "dvar2": 7.24716155673e-05,
        "max": 0.136434793472,
        "mean": 0.0139339035377,
        "median": 0.0103260921314,
        "min": 1.37986123281e-22,
        "var": 0.00017038435908
    },
    "spectral_entropy": {
        "dmean": 0.211275190115,
        "dmean2": 0.324572920799,
        "dvar": 0.0842631012201,
        "dvar2": 0.174221128225,
        "max": 9.82375049591,
        "mean": 6.38883972168,
        "median": 6.47286128998,
        "min": 3.39701986313,
        "var": 0.740112066269
    },
    "spectral_flux": {
        "dmean": 0.0277705416083,
        "dmean2": 0.0454877316952,
        "dvar": 0.00331787765026,
        "dvar2": 0.00829461682588,
        "max": 0.822012901306,
        "mean": 0.0736078172922,
        "median": 0.0571165494621,
        "min": 6.43322964344e-11,
        "var": 0.00532638700679
    },
    "spectral_kurtosis": {
        "dmean": 9.65253067017,
        "dmean2": 16.0881690979,
        "dvar": 165.33493042,
        "dvar2": 420.291992188,
        "max": 322.695648193,
        "mean": 21.6493625641,
        "median": 13.0531196594,
        "min": -1.27162313461,
        "var": 646.629638672
    },
    "spectral_rms": {
        "dmean": 0.000985972350463,
        "dmean2": 0.00149710057303,
        "dvar": 3.04636773762e-06,
        "dvar2": 6.95547760188e-06,
        "max": 0.0313330851495,
        "mean": 0.00753397960216,
        "median": 0.0064460565336,
        "min": 3.11868933456e-12,
        "var": 2.24693358177e-05
    },
    "spectral_rolloff": {
        "dmean": 104.624267578,
        "dmean2": 184.007919312,
        "dvar": 126710.992188,
        "dvar2": 328824.1875,
        "max": 19875.1464844,
        "mean": 595.250061035,
        "median": 215.33203125,
        "min": 43.06640625,
        "var": 3898271.25
    },
    "spectral_skewness": {
        "dmean": 0.658878207207,
        "dmean2": 1.08124649525,
        "dvar": 0.512825489044,
        "dvar2": 1.26955688,
        "max": 14.5343255997,
        "mean": 2.9696521759,
        "median": 2.48264455795,
        "min": -0.0812940448523,
        "var": 3.01707029343
    },
    "spectral_spread": {
        "dmean": 372498.84375,
        "dmean2": 585313.625,
        "dvar": 375397449728,
        "dvar2": 700114796544,
        "max": 43032332,
        "mean": 2633599.75,
        "median": 2044857.625,
        "min": 388058.375,
        "var": 1.65992569242e+13
    },
    "spectral_strongpeak": {
        "dmean": 0.268380075693,
        "dmean2": 0.459911435843,
        "dvar": 0.367622464895,
        "dvar2": 0.922264039516,
        "max": 9.89677524567,
        "mean": 0.808916330338,
        "median": 0.519914507866,
        "min": 0,
        "var": 0.947877764702
    },
    "zerocrossingrate": {
        "dmean": 0.00334211881272,
        "dmean2": 0.00432788208127,
        "dvar": 3.72411413991e-05,
        "dvar2": 5.24035858689e-05,
        "max": 0.85693359375,
        "mean": 0.0236024186015,
        "median": 0.0126953125,
        "min": 0.00146484375,
        "var": 0.00344979506917
    },
    "barkbands": {
        "dmean": [0.00133463635575, 0.0180091708899, 0.00344160292298, 0.00160929432604, 0.00200688745826, 0.00064070551889, 0.000392789283069, 0.000481039867736, 0.00072849605931, 0.000410634034779, 0.000383699894883, 0.000169500854099, 0.000167315403814, 0.000159149683896, 7.64956785133e-05, 9.83250429272e-05, 7.54280408728e-05, 8.61237640493e-05, 6.03541011515e-05, 2.44427137659e-05, 3.07712216454e-05, 2.85293681372e-05, 5.38116591997e-06, 3.47156446878e-06, 2.24321047426e-06, 1.07291975837e-06, 6.93705203503e-07],
        "dmean2": [0.00190831313375, 0.0285615455359, 0.00517882453278, 0.0023694219999, 0.00319513981231, 0.000878155056853, 0.000616962905042, 0.000728433253244, 0.00112296082079, 0.000629117072094, 0.000602391490247, 0.000272178498562, 0.000256127706962, 0.000249409407843, 0.000127092411276, 0.00016489851987, 0.000126717131934, 0.000145437705214, 0.000102309044451, 3.99422933697e-05, 5.50479599042e-05, 5.10681420565e-05, 8.80485458765e-06, 5.95804522163e-06, 3.87319096262e-06, 1.84436260042e-06, 1.00417912563e-06],
        "dvar": [2.59099488176e-05, 0.00272901728749, 4.64880758955e-05, 8.45378053782e-06, 1.15025686682e-05, 1.43348893289e-06, 8.08680567843e-07, 1.83008489785e-06, 5.95638175582e-06, 1.59010221523e-06, 1.74190620328e-06, 4.26252427133e-07, 3.44525830087e-07, 3.10231826006e-07, 4.02791684451e-08, 7.47722879169e-08, 5.89292632469e-08, 5.69156171082e-08, 3.51455149428e-08, 5.77131986645e-09, 3.00006028908e-08, 2.92664132928e-08, 5.45449019285e-10, 2.58292970345e-10, 1.46049089489e-10, 3.40353543959e-11, 3.49616550988e-11],
        "dvar2": [5.86073838349e-05, 0.00707992026582, 0.000120082535432, 1.94368130906e-05, 2.80989406747e-05, 2.48869855568e-06, 1.84508644452e-06, 4.10518077842e-06, 1.31800597956e-05, 3.38421409651e-06, 4.03407193517e-06, 8.87807061645e-07, 7.00458997471e-07, 6.09654364325e-07, 1.09839390916e-07, 2.1281935858e-07, 1.68821543411e-07, 1.48457900195e-07, 9.36029707077e-08, 1.48844900849e-08, 8.46026679824e-08, 8.2502594978e-08, 1.47555989649e-09, 7.16098624842e-10, 3.92256227499e-10, 8.99336369264e-11, 6.78634856643e-11],
        "max": [0.0960594043136, 0.911251187325, 0.302828490734, 0.0841727107763, 0.101729467511, 0.0353893265128, 0.0229724552482, 0.0379309542477, 0.082458332181, 0.0331563167274, 0.04970773682, 0.0254563223571, 0.0205171126872, 0.0240780543536, 0.00607993593439, 0.010688806884, 0.0122155472636, 0.00495399208739, 0.00773338414729, 0.00300631485879, 0.00317301275209, 0.00297151110135, 0.00177668593824, 0.00069514446659, 0.000202821916901, 9.73565256572e-05, 0.000191729763173],
        "mean": [0.00467832991853, 0.0496714301407, 0.00957050081342, 0.0040848525241, 0.00424197549, 0.00170623988379, 0.00082157284487, 0.00105122709647, 0.00186910585035, 0.000903980631847, 0.000963492435403, 0.000318827427691, 0.000309998635203, 0.000306332774926, 0.000118704454508, 0.00015143591736, 0.000123053527204, 0.000122085562907, 8.67449707584e-05, 3.89978122257e-05, 3.02421176457e-05, 2.52337340498e-05, 7.8387256508e-06, 4.34770117863e-06, 2.16414287024e-06, 1.15397881473e-06, 1.41978182455e-06],
        "median": [8.07766409707e-05, 0.0147478692234, 0.00609770510346, 0.00242322473787, 0.0027558314614, 0.000659749552142, 0.000178853108082, 0.000294514116831, 0.000205291988095, 0.000133507011924, 9.54828719841e-05, 3.82169237128e-05, 4.04295169574e-05, 3.4145279642e-05, 2.58975596807e-05, 3.40563783539e-05, 2.22799008043e-05, 2.38835527853e-05, 1.52992579388e-05, 6.61095054966e-06, 2.34424123846e-06, 1.01314776657e-06, 3.15600487966e-07, 1.479329228e-07, 6.75296405461e-08, 1.73449379304e-08, 1.03039266008e-08],
        "min": [2.8902512643e-25, 1.16683828315e-24, 1.19942188701e-24, 1.38386476501e-24, 8.96357087509e-24, 1.06564584891e-23, 8.58124943738e-24, 3.69759774433e-24, 1.41982467383e-23, 1.57461574951e-23, 1.92392966923e-23, 1.60478510375e-23, 2.10886895768e-23, 2.65490191019e-23, 3.73382381482e-23, 4.88090803482e-23, 4.48529429085e-23, 6.30383103874e-23, 1.30673092389e-22, 1.40971135081e-22, 1.94380779653e-22, 3.07015930044e-22, 3.00595662505e-22, 5.0580226435e-22, 9.08823803493e-22, 1.26862495368e-21, 1.9647946773e-21],
        "var": [0.000116641647764, 0.00829252693802, 0.000187168363482, 2.59053886111e-05, 2.85163132503e-05, 8.43743964651e-06, 3.33152934218e-06, 7.47482590668e-06, 3.21841143887e-05, 6.99962583894e-06, 1.22195706354e-05, 1.29847512653e-06, 1.13552857783e-06, 1.21573748402e-06, 8.12435203557e-08, 1.2194482224e-07, 9.96220350657e-08, 8.68492691097e-08, 6.50365379329e-08, 1.45157477149e-08, 2.40093402937e-08, 2.19323386119e-08, 3.33471494862e-09, 5.58089352509e-10, 1.2763036461e-10, 3.44361587856e-11, 1.02071871788e-10]
    },
    "erbbands": {
        "dmean": [0.702138364315, 3.39469313622, 3.85850000381, 4.81174707413, 6.6445350647, 6.2056722641, 5.73508167267, 7.10255002975, 5.4835600853, 9.10577297211, 8.20632743835, 18.2687110901, 11.710064888, 13.9298715591, 11.8467149734, 6.73166179657, 7.36326885223, 7.45192575455, 5.02249336243, 4.61053609848, 3.82786154747, 4.3325343132, 5.25502204895, 3.0932867527, 2.50877404213, 1.09356033802, 1.14712190628, 1.16890823841, 1.33703315258, 0.342988699675, 0.135701477528, 0.0835992917418, 0.0530864745378, 0.0246307700872, 0.0164664536715, 0.00687510333955, 0.00137937592808, 0.000475800625281, 0.000147453552927, 3.02059888782e-05],
        "dmean2": [1.06828939915, 5.55299711227, 5.8517036438, 7.10977840424, 10.1608877182, 10.1693639755, 9.55215454102, 9.44103050232, 8.51016902924, 13.9400081635, 12.4152135849, 28.2691478729, 17.9176311493, 21.5405979156, 18.577665329, 10.7427082062, 11.1769685745, 11.4813919067, 7.94862794876, 7.61319541931, 6.36930799484, 7.25852251053, 8.96587657928, 5.20788955688, 4.24931287766, 1.77525913715, 1.99259567261, 2.08882308006, 2.40134477615, 0.577690720558, 0.222384229302, 0.143506526947, 0.0919374004006, 0.0424869656563, 0.0281897522509, 0.0118694603443, 0.00235746218823, 0.000755586486775, 0.000220092959353, 4.55287990917e-05],
        "dvar": [5.11962890625, 87.4430847168, 63.3780784607, 74.8087692261, 134.376846313, 157.093505859, 116.941398621, 193.654815674, 133.511184692, 675.467041016, 572.508117676, 4329.74658203, 849.988464355, 2383.60668945, 1568.07324219, 914.62487793, 611.101196289, 672.419372559, 172.816238403, 120.646255493, 91.055770874, 207.925354004, 239.613586426, 115.493118286, 64.8495330811, 12.2252445221, 30.4551677704, 43.5184173584, 71.5434112549, 2.68496918678, 0.302294671535, 0.137845188379, 0.075604505837, 0.0146872662008, 0.00836602132767, 0.00147617678158, 5.6704171584e-05, 8.97529298527e-06, 1.5653894252e-06, 8.07528266478e-09],
        "dvar2": [11.3362607956, 250.873947144, 160.907424927, 181.447937012, 324.20135498, 393.698791504, 336.450897217, 316.592895508, 327.050964355, 1444.58557129, 1183.92565918, 9666.59667969, 1885.38452148, 5395.6796875, 4057.4609375, 1821.08410645, 1226.20666504, 1250.67431641, 391.053619385, 330.085205078, 251.78894043, 594.161499023, 640.250366211, 307.557983398, 167.341598511, 31.859539032, 83.263999939, 123.53301239, 201.861404419, 7.38258266449, 0.760078370571, 0.39244684577, 0.207759067416, 0.039213873446, 0.0225440971553, 0.00398058444262, 0.000147345257574, 2.0310830223e-05, 3.02874536828e-06, 1.69815255191e-08],
        "max": [38.4200935364, 185.940292358, 281.530151367, 235.210235596, 339.8074646, 520.770324707, 222.099258423, 446.013793945, 251.883056641, 880.602844238, 637.791381836, 2553.57373047, 613.272705078, 1881.52734375, 2218.54931641, 1293.41650391, 886.555603027, 1200.77819824, 486.400878906, 296.738922119, 307.908843994, 764.573303223, 343.078125, 504.972106934, 183.317184448, 109.096916199, 118.430091858, 118.564437866, 143.689651489, 89.6452026367, 46.2903709412, 21.854057312, 7.88855457306, 2.64983272552, 1.5966347456, 0.573226451874, 0.158940449357, 0.111406490207, 0.0438710525632, 0.00250042136759],
        "mean": [2.16201090813, 7.94004535675, 11.8641986847, 13.4231214523, 14.4387159348, 12.399731636, 11.0048761368, 19.7733135223, 11.9756727219, 21.2325706482, 20.4645137787, 45.9662399292, 29.0587062836, 35.2504653931, 29.0579948425, 13.3824262619, 14.4761753082, 15.3980312347, 9.97639274597, 7.95160531998, 6.97443580627, 7.31458282471, 7.35904932022, 5.05004549026, 3.47174406052, 1.73273229599, 1.32821178436, 1.10667622089, 1.09001779556, 0.423310935497, 0.199448511004, 0.111264020205, 0.0625521913171, 0.0253718066961, 0.0154682127759, 0.00698855798692, 0.00150537397712, 0.0007170761819, 0.000320039136568, 0.000103134159872],
        "median": [0.189057946205, 3.81319618225, 7.49549102783, 8.72132396698, 8.37441253662, 7.34685134888, 6.46980571747, 7.10008001328, 4.23553514481, 5.74827957153, 4.26746463776, 5.89124727249, 5.66391992569, 3.30447649956, 4.25482320786, 1.91136801243, 2.22519612312, 2.43485355377, 2.15086650848, 1.91984117031, 1.84110724926, 1.5068680048, 1.48211288452, 0.943540632725, 0.597509562969, 0.297165304422, 0.147495955229, 0.0661871358752, 0.0427047125995, 0.0172129068524, 0.00917191710323, 0.00455053150654, 0.00150830391794, 0.000730618077796, 0.000511247257236, 0.000176208704943, 4.45989680884e-05, 1.13810328912e-05, 2.25417497859e-05, 4.87203797093e-05],
        "min": [5.11885404293e-23, 3.13833884454e-22, 1.59970419581e-21, 3.34932558801e-21, 1.07205782016e-20, 2.77474860736e-20, 2.94309310983e-20, 1.22841826885e-19, 9.91694428681e-20, 1.55063497349e-19, 2.90275978316e-19, 4.33251200365e-19, 5.21849171607e-19, 8.08448900787e-19, 1.16455211904e-18, 9.13130365064e-19, 1.20697593792e-18, 2.27772350075e-18, 1.65790321249e-18, 2.84703758838e-18, 3.00163020024e-18, 3.59729019717e-18, 3.64492876941e-18, 4.65577449723e-18, 6.5104102107e-18, 7.54079270381e-18, 6.08027422422e-18, 1.0367640261e-17, 9.00988945994e-18, 1.08973559719e-17, 9.99185541744e-18, 8.74629595004e-18, 8.47152392135e-18, 7.15828867214e-18, 5.82246022526e-18, 4.25791427107e-18, 2.23599223885e-18, 9.06793851379e-19, 2.56011236362e-19, 2.73191293009e-20],
        "var": [23.2687568665, 158.584152222, 246.019287109, 243.255355835, 342.717498779, 331.499053955, 217.309509277, 1231.18762207, 437.843780518, 3120.06591797, 2817.72021484, 22393.0644531, 4082.7434082, 14255.1455078, 11061.9589844, 2595.10742188, 2126.15258789, 2575.8059082, 654.351013184, 252.31388855, 206.687515259, 339.995025635, 324.9581604, 250.924484253, 88.3525619507, 28.1256523132, 36.9368476868, 31.8402137756, 46.505241394, 7.80591106415, 2.0181992054, 0.468954771757, 0.109625801444, 0.0166802350432, 0.00644962163642, 0.00130906049162, 6.14725649939e-05, 1.95405755221e-05, 4.61384252048e-06, 2.86040418018e-08]
    },
    "gfcc": {
        "mean": [-121.126907349, 185.525787354, -95.0072860718, 29.2357196808, -21.6848106384, -4.76303005219, -11.2679166794, -0.56741631031, -9.69083499908, -11.1848630905, -5.5910615921, -8.73019981384, -1.95364224911],
        "cov": [[28532.1035156, 1616.7623291, -3816.92919922, 1258.53588867, -867.987670898, -13.3804569244, -299.702270508, 146.428009033, 266.505981445, 39.3340950012, -18.908241272, -131.386260986, -187.243331909], [1616.7623291, 1835.15588379, -41.1558303833, -214.333816528, 311.563598633, -243.861572266, 157.582931519, -167.802139282, 78.6314086914, -97.8237686157, 156.72567749, -129.857192993, 42.7261238098], [-3816.92919922, -41.1558303833, 1948.15209961, 142.424285889, 415.192840576, 104.383674622, 170.009338379, 122.691749573, -17.0314540863, 44.4692573547, -9.47150802612, 22.3123226166, 60.4869499207], [1258.53588867, -214.333816528, 142.424285889, 579.149780273, 20.868850708, -6.61996650696, -28.9976863861, 44.0133476257, 54.0068626404, 22.3906135559, -37.7034111023, -13.8156261444, -14.2909679413], [-867.987670898, 311.563598633, 415.192840576, 20.868850708, 439.918365479, 36.1959686279, 121.398071289, 1.2546775341, 42.9206962585, 18.9772148132, 66.7078323364, -14.497344017, 15.9506978989], [-13.3804569244, -243.861572266, 104.383674622, -6.61996650696, 36.1959686279, 246.727539062, 66.967338562, 67.5990829468, -34.6777381897, 26.1314525604, -8.38385772705, 38.4361724854, 11.9644794464], [-299.702270508, 157.582931519, 170.009338379, -28.9976863861, 121.398071289, 66.967338562, 223.424224854, 32.9760246277, 40.9230003357, -0.235730439425, 36.3840484619, 24.1889400482, 25.228761673], [146.428009033, -167.802139282, 122.691749573, 44.0133476257, 1.2546775341, 67.5990829468, 32.9760246277, 202.177032471, 35.3874740601, 18.3888626099, -43.8535575867, 18.7558765411, 44.4857902527], [266.505981445, 78.6314086914, -17.0314540863, 54.0068626404, 42.9206962585, -34.6777381897, 40.9230003357, 35.3874740601, 139.67729187, 31.0981178284, 15.7810249329, -24.1450595856, 4.66283512115], [39.3340950012, -97.8237686157, 44.4692573547, 22.3906135559, 18.9772148132, 26.1314525604, -0.235730439425, 18.3888626099, 31.0981178284, 105.354248047, 35.8866233826, 15.7814941406, -12.8167047501], [-18.908241272, 156.72567749, -9.47150802612, -37.7034111023, 66.7078323364, -8.38385772705, 36.3840484619, -43.8535575867, 15.7810249329, 35.8866233826, 142.841293335, 40.2153434753, -1.5609151125], [-131.386260986, -129.857192993, 22.3123226166, -13.8156261444, -14.497344017, 38.4361724854, 24.1889400482, 18.7558765411, -24.1450595856, 15.7814941406, 40.2153434753, 114.315444946, 33.7641639709], [-187.243331909, 42.7261238098, 60.4869499207, -14.2909679413, 15.9506978989, 11.9644794464, 25.228761673, 44.4857902527, 4.66283512115, -12.8167047501, -1.5609151125, 33.7641639709, 94.1529846191]],
        "icov": [[0.000102831654658, -0.000286083493847, 0.000199662987143, -0.000339377846103, 0.000184373144293, -0.000315292243613, 0.000149491796037, -0.00027058008709, -2.40716981352e-05, -0.00018866553728, 0.000156667651027, -0.000275692989817, 0.000328135123709], [-0.000286083493847, 0.00203533750027, -0.000438561139163, 0.0012187815737, -0.00110779644456, 0.001926261466, -0.00126017711591, 0.00113084493205, 0.000197920715436, 0.00135634280741, -0.00179934396874, 0.0026079940144, -0.00206981552765], [0.000199662987143, -0.000438561139163, 0.00114562676754, -0.000807158765383, -0.000402288220357, -0.000367050146451, -0.000146890088217, -0.000827861600555, 0.000632544164546, -0.000767256715335, 0.000557515595574, -0.000395207229303, 0.000298091763398], [-0.000339377846103, 0.0012187815737, -0.000807158765383, 0.00313395122066, -0.000837967498228, 0.00122991332319, -0.000136078902869, 0.000812696118373, -0.000908897432964, 0.000745531055145, -0.000214648956899, 0.000917919154745, -0.000781857816037], [0.000184373144293, -0.00110779644456, -0.000402288220357, -0.000837967498228, 0.00430012913421, -0.00152077956591, -0.000424378202297, -0.000235173662077, -0.000733711116482, -0.00054226082284, -0.000897290301509, 0.000182251140359, 0.000572504824959], [-0.000315292243613, 0.001926261466, -0.000367050146451, 0.00122991332319, -0.00152077956591, 0.00774128129706, -0.00318117276765, -0.000704164034687, 0.00304141663946, -0.000791638740338, -0.000652651651762, 0.001434784499, -0.00140336586628], [0.000149491796037, -0.00126017711591, -0.000146890088217, -0.000136078902869, -0.000424378202297, -0.00318117276765, 0.00772181991488, -0.000785931828432, -0.0031076176092, 0.00137585250195, -1.23922882267e-05, -0.00290464819409, 0.00110387348104], [-0.00027058008709, 0.00113084493205, -0.000827861600555, 0.000812696118373, -0.000235173662077, -0.000704164034687, -0.000785931828432, 0.00858988240361, -0.00255251373164, -0.00043743578135, 0.00208220561035, 0.000191740109585, -0.00408211955801], [-2.40716981352e-05, 0.000197920715436, 0.000632544164546, -0.000908897432964, -0.000733711116482, 0.00304141663946, -0.0031076176092, -0.00255251373164, 0.0117683839053, -0.00383202801459, -0.00131626252551, 0.00381582486443, -0.00140014546923], [-0.00018866553728, 0.00135634280741, -0.000767256715335, 0.000745531055145, -0.00054226082284, -0.000791638740338, 0.00137585250195, -0.00043743578135, -0.00383202801459, 0.0143443606794, -0.00478484621271, -7.7533077274e-05, 0.00173674791586], [0.000156667651027, -0.00179934396874, 0.000557515595574, -0.000214648956899, -0.000897290301509, -0.000652651651762, -1.23922882267e-05, 0.00208220561035, -0.00131626252551, -0.00478484621271, 0.0134035535157, -0.00721952784806, 0.00221685832366], [-0.000275692989817, 0.0026079940144, -0.000395207229303, 0.000917919154745, 0.000182251140359, 0.001434784499, -0.00290464819409, 0.000191740109585, 0.00381582486443, -7.7533077274e-05, -0.00721952784806, 0.0172369964421, -0.00736459903419], [0.000328135123709, -0.00206981552765, 0.000298091763398, -0.000781857816037, 0.000572504824959, -0.00140336586628, 0.00110387348104, -0.00408211955801, -0.00140014546923, 0.00173674791586, 0.00221685832366, -0.00736459903419, 0.0166004896164]]
    },
    "melbands": {
        "dmean": [0.0055260239169, 0.00270782224834, 0.000844934605993, 0.000429643376265, 0.000244724651566, 0.000147134051076, 7.84495205153e-05, 0.000107160201878, 7.27115038899e-05, 0.000121003111417, 6.06247594988e-05, 5.88757793594e-05, 4.1299896111e-05, 2.35704501392e-05, 1.31983661049e-05, 2.06324839382e-05, 1.50891701196e-05, 9.88401279756e-06, 6.38628125671e-06, 9.12456653168e-06, 3.7921843159e-06, 5.15644023835e-06, 4.75561319035e-06, 3.67823577108e-06, 2.58826662503e-06, 2.25233179663e-06, 1.13725275241e-06, 7.57280474772e-07, 5.66647088363e-07, 1.22558458315e-06, 4.39411707021e-07, 9.41609357596e-07, 3.05447628079e-07, 1.49297974872e-07, 8.19555907583e-08, 6.58280896459e-08, 4.93454912487e-08, 4.18952161851e-08, 2.77045071329e-08, 1.8099500565e-08],
        "dmean2": [0.00867662299424, 0.00428679725155, 0.00125099613797, 0.000664886960294, 0.000410358421504, 0.000198882320547, 0.000121671640954, 0.000162960219313, 0.000109677785076, 0.000186893128557, 9.23530897126e-05, 9.10362577997e-05, 6.51406880934e-05, 3.70116431441e-05, 2.15642849071e-05, 3.11361472995e-05, 2.34875296883e-05, 1.54427707457e-05, 1.06137986222e-05, 1.53977762238e-05, 6.30507793176e-06, 8.70289568411e-06, 7.94505558588e-06, 6.35922287984e-06, 4.37510243501e-06, 3.81158702112e-06, 1.90661751276e-06, 1.24447819871e-06, 9.44646501466e-07, 2.24909763347e-06, 7.6070847399e-07, 1.70059661286e-06, 5.36368816029e-07, 2.49131488772e-07, 1.32656865048e-07, 1.11958762261e-07, 8.54461248423e-08, 7.29795388565e-08, 4.80187871688e-08, 3.10671026682e-08],
        "dvar": [0.000284968758933, 3.58463730663e-05, 2.01948660106e-06, 6.11579309862e-07, 2.06521932e-07, 7.77084210313e-08, 2.72835425363e-08, 9.30889925144e-08, 5.88764841325e-08, 1.92513326169e-07, 2.41599416029e-08, 4.0146662883e-08, 1.75647816292e-08, 7.27839166714e-09, 2.06600425656e-09, 6.21393425604e-09, 3.4376206326e-09, 8.65953420082e-10, 3.45637463095e-10, 6.75198563727e-10, 1.00535080261e-10, 2.93756963199e-10, 1.94865304448e-10, 1.11760559141e-10, 9.93355814272e-11, 4.19976449451e-11, 1.42796859406e-11, 6.4194088413e-12, 4.89036979315e-12, 6.35398608728e-11, 4.02058074334e-12, 3.70822504647e-11, 2.57840493748e-12, 5.07377289054e-13, 1.35153214033e-13, 9.30786616402e-14, 5.31947431253e-14, 5.74029552732e-14, 1.81228831584e-14, 8.30282531909e-15],
        "dvar2": [0.000701025302988, 9.65671424638e-05, 4.83273379359e-06, 1.38935422456e-06, 6.01568444836e-07, 1.32379042839e-07, 6.47377618179e-08, 2.01720737891e-07, 1.13903503518e-07, 4.23090938284e-07, 5.25365670967e-08, 9.07769930336e-08, 4.40464091866e-08, 1.53991486229e-08, 4.69208449871e-09, 1.23875887326e-08, 6.33702113007e-09, 1.8618221409e-09, 9.42795730374e-10, 1.93197857712e-09, 2.76715650394e-10, 8.440257937e-10, 5.17800580191e-10, 3.02994740409e-10, 2.66640293178e-10, 1.07624409384e-10, 3.71303474078e-11, 1.7034207378e-11, 1.21984531851e-11, 1.81282058809e-10, 1.12634832017e-11, 1.04726900763e-10, 7.31740883164e-12, 1.3482521306e-12, 3.54623801027e-13, 2.50002736612e-13, 1.51973336801e-13, 1.59858508809e-13, 4.88916463467e-14, 2.22053075255e-14],
        "max": [0.266836076975, 0.121062256396, 0.0399718731642, 0.0264264084399, 0.00755111314356, 0.0086026256904, 0.00334892515093, 0.0101319300011, 0.0073798308149, 0.0166019797325, 0.00346956239082, 0.00708325672895, 0.0058252052404, 0.00294974003918, 0.00153660087381, 0.00285098119639, 0.00276679848321, 0.00121247011703, 0.000633683579508, 0.00103280169424, 0.000322940992191, 0.000796602398623, 0.000435881258454, 0.00024721675436, 0.000475837208796, 0.000128612111439, 0.000153656190378, 7.03467012499e-05, 0.000105546481791, 0.000144988065585, 4.31494481745e-05, 0.000101919518784, 3.66460881196e-05, 5.03686205775e-05, 3.1394411053e-05, 2.12065788219e-05, 1.16069368232e-05, 6.73370459481e-06, 2.49779168371e-06, 2.38193365476e-06],
        "mean": [0.0157410595566, 0.00785062741488, 0.00243878271431, 0.000949123350438, 0.000463270087494, 0.000400474993512, 0.000171434337972, 0.000242109003011, 0.000172082276549, 0.000298828264931, 0.000141889904626, 0.000145316924318, 0.000101344339782, 4.95107597089e-05, 2.369185313e-05, 3.78010481654e-05, 2.90532061626e-05, 1.84648579307e-05, 9.50351477513e-06, 1.33080893647e-05, 6.70310100759e-06, 8.09787889011e-06, 6.75064802635e-06, 5.17460057381e-06, 4.02819114242e-06, 2.99499606626e-06, 1.62939124948e-06, 1.08644167085e-06, 7.71983309278e-07, 1.00795682556e-06, 4.68155860744e-07, 7.34573859518e-07, 3.07054392579e-07, 2.00696305797e-07, 1.16369577086e-07, 9.03143231312e-08, 6.00183724941e-08, 4.94844236698e-08, 2.80842762379e-08, 1.83597528292e-08],
        "median": [0.00307384086773, 0.00512329768389, 0.00172329996713, 0.000592227792367, 0.000279251544271, 0.000152160093421, 5.38200947631e-05, 6.31430884823e-05, 2.83123936242e-05, 3.35426411766e-05, 2.54742899415e-05, 1.1819750398e-05, 1.25922533698e-05, 6.78945070831e-06, 3.03771912513e-06, 4.10930124417e-06, 3.68380278815e-06, 3.25788028022e-06, 1.89462105027e-06, 2.83852705252e-06, 1.66064705809e-06, 1.50367100105e-06, 1.22916117107e-06, 1.04295224901e-06, 6.63078878915e-07, 4.7400297376e-07, 2.72572151516e-07, 1.60447342523e-07, 9.66431414895e-08, 5.77052681194e-08, 2.79461200847e-08, 2.66628799039e-08, 1.19101741802e-08, 7.46636796833e-09, 5.29263921578e-09, 3.49305495639e-09, 2.16269691045e-09, 1.04717501337e-09, 6.16529660658e-10, 4.58654558777e-10],
        "min": [5.61320781035e-25, 6.74053885468e-25, 8.75543209462e-25, 1.26604188071e-24, 1.2469927634e-24, 2.69673441513e-24, 1.56045906865e-24, 1.53559003139e-24, 2.54826546796e-24, 2.08459610205e-24, 2.46391395187e-24, 2.86711929876e-24, 3.21013712238e-24, 2.04412457939e-24, 9.84066902801e-25, 2.45079973097e-24, 2.58324060227e-24, 2.27287688696e-24, 3.18870258829e-24, 3.64154759929e-24, 2.35516474292e-24, 3.39798995025e-24, 3.52991431487e-24, 2.36544774204e-24, 2.77072503209e-24, 3.91513560527e-24, 3.93099999251e-24, 3.30311621297e-24, 3.19716075492e-24, 3.27757960218e-24, 5.09343584016e-24, 5.51752667394e-24, 4.908382088e-24, 4.54655446774e-24, 5.0601037059e-24, 6.41305340646e-24, 4.919614284e-24, 4.32667723978e-24, 5.3543922109e-24, 4.97903168181e-24],
        "var": [0.00102895847522, 9.29227244342e-05, 6.7725095505e-06, 1.61194509474e-06, 3.53951719489e-07, 4.7796271474e-07, 1.02018837822e-07, 4.24194467996e-07, 2.88123573e-07, 9.8959310435e-07, 1.12243995432e-07, 2.27713272238e-07, 1.19849673297e-07, 3.2228022917e-08, 6.1360916348e-09, 2.01149727985e-08, 1.27639356862e-08, 3.10680681181e-09, 5.99044092109e-10, 1.00240393763e-09, 2.3087445844e-10, 4.74211170332e-10, 2.73567224429e-10, 1.69306887954e-10, 1.95380878143e-10, 5.92296281465e-11, 2.57042720442e-11, 1.21899886019e-11, 1.24589921713e-11, 4.03316026409e-11, 4.2511684277e-12, 2.34204496075e-11, 2.83473548454e-12, 2.33858830738e-12, 7.66969658356e-13, 4.24534918938e-13, 1.13391690785e-13, 8.04313823118e-14, 1.88674064843e-14, 9.96541462225e-15]
    },
    "mfcc": {
        "mean": [-756.387634277, 203.323669434, 4.91134309769, 43.5841636658, 14.0087099075, 8.42860889435, 8.4893989563, 11.2193861008, 4.74821233749, 3.69920158386, 0.512054443359, -1.32329976559, -1.47517883778],
        "cov": [[13255.890625, 1168.04992676, -2475.54931641, 496.68145752, -710.861083984, -52.8825454712, -431.27923584, 151.137115479, -25.6458625793, 175.327529907, 102.649917603, -57.1826705933, -218.142654419], [1168.04992676, 2407.45166016, 32.1441078186, 159.350585938, 171.416427612, -36.9297676086, 128.34588623, 18.5950889587, 40.8415260315, 77.9634475708, -24.1046009064, -8.90642261505, 29.7331161499], [-2475.54931641, 32.1441078186, 1358.89807129, 171.118850708, 323.58770752, 120.225250244, 175.228775024, 66.3157348633, 92.5345306396, -15.4291467667, 0.319996327162, 72.1356658936, 70.0824127197], [496.68145752, 159.350585938, 171.118850708, 481.606262207, 158.190048218, 56.6433258057, 0.209155991673, 35.3811569214, 73.161819458, 42.5146179199, 33.8229560852, 18.2728805542, 4.54710817337], [-710.861083984, 171.416427612, 323.58770752, 158.190048218, 302.764831543, 77.5913543701, 68.2800064087, 19.6109256744, 30.4210700989, 31.7364559174, 14.2754478455, 23.8025588989, 27.5482311249], [-52.8825454712, -36.9297676086, 120.225250244, 56.6433258057, 77.5913543701, 173.022613525, 95.416847229, 37.2969398499, 14.6538581848, 8.15378570557, 29.6260890961, 36.676197052, 15.6425056458], [-431.27923584, 128.34588623, 175.228775024, 0.209155991673, 68.2800064087, 95.416847229, 182.253936768, 73.1406173706, 25.1287879944, -7.25633716583, -0.310837775469, 37.3776473999, 48.158164978], [151.137115479, 18.5950889587, 66.3157348633, 35.3811569214, 19.6109256744, 37.2969398499, 73.1406173706, 137.390701294, 76.5341033936, 21.504196167, -11.4451713562, 8.23484992981, 35.780090332], [-25.6458625793, 40.8415260315, 92.5345306396, 73.161819458, 30.4210700989, 14.6538581848, 25.1287879944, 76.5341033936, 147.9894104, 67.3838348389, -1.86500012875, -14.5005931854, 7.04637861252], [175.327529907, 77.9634475708, -15.4291467667, 42.5146179199, 31.7364559174, 8.15378570557, -7.25633716583, 21.504196167, 67.3838348389, 126.422454834, 41.9649658203, -3.62642240524, -17.508140564], [102.649917603, -24.1046009064, 0.319996327162, 33.8229560852, 14.2754478455, 29.6260890961, -0.310837775469, -11.4451713562, -1.86500012875, 41.9649658203, 105.842903137, 39.8788261414, -18.9534988403], [-57.1826705933, -8.90642261505, 72.1356658936, 18.2728805542, 23.8025588989, 36.676197052, 37.3776473999, 8.23484992981, -14.5005931854, -3.62642240524, 39.8788261414, 103.223464966, 38.8400726318], [-218.142654419, 29.7331161499, 70.0824127197, 4.54710817337, 27.5482311249, 15.6425056458, 48.158164978, 35.780090332, 7.04637861252, -17.508140564, -18.9534988403, 38.8400726318, 102.007766724]],
