{
"lowlevel": {
    "average_loudness": 0.0218344051391,
    "barkbands_crest": {
        "dmean": 2.06850123405,
        "dmean2": 3.17055821419,
        "dvar": 3.88470220566,
        "dvar2": 10.1860790253,
        "max": 26.6238098145,
        "mean": 11.9585733414,
        "median": 11.187795639,
        "min": 2.63532209396,
        "var": 20.3004226685
    },
    "barkbands_flatness_db": {
        "dmean": 0.0160667859018,
        "dmean2": 0.0235788263381,
        "dvar": 0.000235239596805,
        "dvar2": 0.000535151048098,
        "max": 0.546357274055,
        "mean": 0.233674511313,
        "median": 0.216621994972,
        "min": 0.0237187184393,
        "var": 0.00575920846313
    },
    "barkbands_kurtosis": {
        "dmean": 2.53983521461,
        "dmean2": 3.85720777512,
        "dvar": 17.8749732971,
        "dvar2": 39.9111213684,
        "max": 184.47543335,
        "mean": 5.89311933517,
        "median": 2.99460840225,
        "min": -1.823387146,
        "var": 95.2124786377
    },
    "barkbands_skewness": {
        "dmean": 0.415219396353,
        "dmean2": 0.625922620296,
        "dvar": 0.16881069541,
        "dvar2": 0.399954617023,
        "max": 11.3849782944,
        "mean": 1.70424640179,
        "median": 1.53767108917,
        "min": -2.65100240707,
        "var": 1.55350911617
    },
    "barkbands_spread": {
        "dmean": 2.17264103889,
        "dmean2": 3.34530448914,
        "dvar": 5.90248155594,
        "dvar2": 14.2705488205,
        "max": 84.7980499268,
        "mean": 10.5681648254,
        "median": 9.37788581848,
        "min": 0.146743118763,
        "var": 48.1922492981
    },
    "dissonance": {
        "dmean": 0.0264761671424,
        "dmean2": 0.0441879853606,
        "dvar": 0.00065420626197,
        "dvar2": 0.00174417055678,
        "max": 0.500000119209,
        "mean": 0.421012043953,
        "median": 0.435223788023,
        "min": 0.110996544361,
        "var": 0.00325080845505
    },
    "dynamic_complexity": 8.30134773254,
    "erbbands_crest": {
        "dmean": 2.65090227127,
        "dmean2": 4.06953620911,
        "dvar": 6.34160709381,
        "dvar2": 14.9956483841,
        "max": 33.5729980469,
        "mean": 12.3016605377,
        "median": 10.7913513184,
        "min": 1.97337806225,
        "var": 35.9420280457
    },
    "erbbands_flatness_db": {
        "dmean": 0.0138541599736,
        "dmean2": 0.0198037680238,
        "dvar": 0.000181556519237,
        "dvar2": 0.00038693897659,
        "max": 0.535374820232,
        "mean": 0.25030952692,
        "median": 0.238297015429,
        "min": 0.0341054275632,
        "var": 0.0039710374549
    },
    "erbbands_kurtosis": {
        "dmean": 1.29476225376,
        "dmean2": 1.94364690781,
        "dvar": 5.14831972122,
        "dvar2": 10.85978508,
        "max": 68.8687286377,
        "mean": 1.51555407047,
        "median": 0.101004958153,
        "min": -1.68912398815,
        "var": 18.9876613617
    },
    "erbbands_skewness": {
        "dmean": 0.343741863966,
        "dmean2": 0.512905299664,
        "dvar": 0.100267589092,
        "dvar2": 0.224950417876,
        "max": 7.18244361877,
        "mean": 0.747376859188,
        "median": 0.607515215874,
        "min": -2.25406312943,
        "var": 0.781693279743
    },
    "erbbands_spread": {
        "dmean": 4.26878023148,
        "dmean2": 6.55772686005,
        "dvar": 16.3238868713,
        "dvar2": 39.7298431396,
        "max": 100.879905701,
        "mean": 23.3046855927,
        "median": 22.5606231689,
        "min": 0.491446435452,
        "var": 142.945983887
    },
    "hfc": {
        "dmean": 1.6708189249,
        "dmean2": 2.4977247715,
        "dvar": 14.562623024,
        "dvar2": 33.3957176208,
        "max": 127.843574524,
        "mean": 7.87573575974,
        "median": 1.96945500374,
        "min": 1.10576438877e-16,
        "var": 184.752944946
    },
    "melbands_crest": {
        "dmean": 2.5011537075,
        "dmean2": 3.83743166924,
        "dvar": 6.15842819214,
        "dvar2": 15.9906787872,
        "max": 34.362285614,
        "mean": 15.1326560974,
        "median": 14.2243080139,
        "min": 1.66175675392,
        "var": 27.812669754
    },
    "melbands_flatness_db": {
        "dmean": 0.0175388604403,
        "dmean2": 0.0254691112787,
        "dvar": 0.000316768273478,
        "dvar2": 0.000720343668945,
        "max": 0.667999505997,
        "mean": 0.30538842082,
        "median": 0.289315164089,
        "min": 0.00403960607946,
        "var": 0.0077757621184
    },
    "melbands_kurtosis": {
        "dmean": 4.05900812149,
        "dmean2": 6.22003030777,
        "dvar": 40.1961402893,
        "dvar2": 98.9159088135,
        "max": 319.899719238,
        "mean": 10.81346035,
        "median": 6.36845397949,
        "min": -1.66550672054,
        "var": 247.5519104
    },
    "melbands_skewness": {
        "dmean": 0.496741384268,
        "dmean2": 0.745445847511,
        "dvar": 0.227966219187,
        "dvar2": 0.565575540066,
        "max": 12.8545064926,
        "mean": 2.22769880295,
        "median": 2.03129839897,
        "min": -2.93156027794,
        "var": 2.04923033714
    },
    "melbands_spread": {
        "dmean": 2.77861833572,
        "dmean2": 4.27213096619,
        "dvar": 14.0540208817,
        "dvar2": 34.229221344,
        "max": 153.322937012,
        "mean": 12.8364162445,
        "median": 10.7636146545,
        "min": 0.328957259655,
        "var": 119.500015259
    },
    "pitch_salience": {
        "dmean": 0.0528412498534,
        "dmean2": 0.0816396698356,
        "dvar": 0.00231205183081,
        "dvar2": 0.00608393317088,
        "max": 0.879295289516,
        "mean": 0.490491211414,
        "median": 0.490906774998,
        "min": 0.104602456093,
        "var": 0.0119010489434
    },
    "silence_rate_20dB": {
        "dmean": 0,
        "dmean2": 0,
        "dvar": 0,
        "dvar2": 0,
        "max": 1,
        "mean": 1,
        "median": 1,
        "min": 1,
        "var": 0
    },
    "silence_rate_30dB": {
        "dmean": 0.0142424032092,
        "dmean2": 0.0284868143499,
        "dvar": 0.0140374265611,
        "dvar2": 0.0351558998227,
        "max": 1,
        "mean": 0.9789904356,
        "median": 1,
        "min": 0,
        "var": 0.020561542362
    },
    "silence_rate_60dB": {
        "dmean": 0.0311640705913,
        "dmean2": 0.0623325332999,
        "dvar": 0.0301966555417,
        "dvar2": 0.0680492594838,
        "max": 1,
        "mean": 0.45537224412,
        "median": 0,
        "min": 0,
        "var": 0.2480019629
    },
    "spectral_centroid": {
        "dmean": 110.423370361,
        "dmean2": 170.425338745,
        "dvar": 24016.6074219,
        "dvar2": 49370.5859375,
        "max": 11505.4824219,
        "mean": 820.112854004,
        "median": 723.028198242,
        "min": 154.953979492,
        "var": 454342.90625
    },
    "spectral_complexity": {
        "dmean": 1.2984559536,
        "dmean2": 2.16993379593,
        "dvar": 2.58491563797,
        "dvar2": 6.41358375549,
        "max": 50,
        "mean": 9.18090820312,
        "median": 6,
        "min": 0,
        "var": 71.1949005127
    },
    "spectral_decrease": {
        "dmean": 1.06833364377e-09,
        "dmean2": 1.68530622791e-09,
        "dvar": 9.38277172673e-18,
        "dvar2": 2.6006459197e-17,
        "max": 2.2397156917e-28,
        "mean": -4.15386836039e-09,
        "median": -9.95284299421e-10,
        "min": -7.84861882153e-08,
        "var": 5.14104298143e-17
    },
    "spectral_energy": {
        "dmean": 0.00414642877877,
        "dmean2": 0.00652918918058,
        "dvar": 0.00013747785124,
        "dvar2": 0.000379566539777,
        "max": 0.299600541592,
        "mean": 0.0163919534534,
        "median": 0.00392817147076,
        "min": 1.01299041973e-20,
        "var": 0.000791131751612
    },
    "spectral_energyband_high": {
        "dmean": 2.0662904717e-05,
        "dmean2": 3.12626034429e-05,
        "dvar": 6.58883214655e-09,
        "dvar2": 1.24582095751e-08,
        "max": 0.00395951233804,
        "mean": 6.71200468787e-05,
        "median": 4.12590907217e-06,
        "min": 7.26204154863e-21,
        "var": 5.64476749787e-08
    },
    "spectral_energyband_low": {
        "dmean": 0.00272062327713,
        "dmean2": 0.00455432850868,
        "dvar": 0.000117323099403,
        "dvar2": 0.000336762837833,
        "max": 0.248842537403,
        "mean": 0.00642834464088,
        "median": 0.000435327761807,
        "min": 1.6873602234e-23,
        "var": 0.000288143841317
    },
    "spectral_energyband_middle_high": {
        "dmean": 0.000815653067548,
        "dmean2": 0.0012805366423,
        "dvar": 4.51052301287e-06,
        "dvar2": 1.12516872832e-05,
        "max": 0.060230370611,
        "mean": 0.00256431521848,
        "median": 0.000462041585706,
        "min": 1.28182127134e-21,
        "var": 2.75078782579e-05
    },
    "spectral_energyband_middle_low": {
        "dmean": 0.00207692524418,
        "dmean2": 0.00293965451419,
        "dvar": 1.95204756892e-05,
        "dvar2": 4.21959739469e-05,
        "max": 0.114571034908,
        "mean": 0.0078940121457,
        "median": 0.00255387672223,
        "min": 1.87813253871e-22,
        "var": 0.000156201116624
    },
    "spectral_entropy": {
        "dmean": 0.121450841427,
        "dmean2": 0.175806298852,
        "dvar": 0.0146150859073,
        "dvar2": 0.031042072922,
        "max": 9.8225069046,
        "mean": 6.63758134842,
        "median": 6.76696920395,
        "min": 3.65800070763,
        "var": 0.410780012608
    },
    "spectral_flux": {
        "dmean": 0.00890832208097,
        "dmean2": 0.0150837376714,
        "dvar": 0.000237482861849,
        "dvar2": 0.000647622684482,
        "max": 0.36961710453,
        "mean": 0.0364376567304,
        "median": 0.0209285579622,
        "min": 6.38751343485e-11,
        "var": 0.00178882398177
    },
    "spectral_kurtosis": {
        "dmean": 6.40604686737,
        "dmean2": 11.2251710892,
        "dvar": 68.5491104126,
        "dvar2": 195.957733154,
        "max": 252.946411133,
        "mean": 17.2901096344,
        "median": 9.84371471405,
        "min": -1.23910558224,
        "var": 486.542175293
    },
    "spectral_rms": {
        "dmean": 0.000350382382749,
        "dmean2": 0.000526476593222,
        "dvar": 3.61439617791e-07,
        "dvar2": 9.63789716479e-07,
        "max": 0.0170965846628,
        "mean": 0.00295836688019,
        "median": 0.00195764214732,
        "min": 3.14369754187e-12,
        "var": 7.24027677279e-06
    },
    "spectral_rolloff": {
        "dmean": 165.084854126,
        "dmean2": 285.17980957,
        "dvar": 112760.765625,
        "dvar2": 268033.65625,
        "max": 19379.8828125,
        "mean": 824.45098877,
        "median": 667.529296875,
        "min": 64.599609375,
        "var": 1316282.5
    },
    "spectral_skewness": {
        "dmean": 0.474496096373,
        "dmean2": 0.823926925659,
        "dvar": 0.232063964009,
        "dvar2": 0.67657160759,
        "max": 13.4094276428,
        "mean": 2.58530521393,
        "median": 2.05513954163,
        "min": -0.106703162193,
        "var": 2.46292328835
    },
    "spectral_spread": {
        "dmean": 218770.359375,
        "dmean2": 366464.5625,
        "dvar": 176898441216,
        "dvar2": 365933854720,
        "max": 41832248,
        "mean": 2475882.25,
        "median": 2375789.5,
        "min": 366539.90625,
        "var": 4.93447439974e+12
    },
    "spectral_strongpeak": {
        "dmean": 0.270448863506,
        "dmean2": 0.440351605415,
        "dvar": 0.320169866085,
        "dvar2": 0.818639278412,
        "max": 9.10303783417,
        "mean": 0.67411595583,
        "median": 0.369597524405,
        "min": 0,
        "var": 0.761909723282
    },
    "zerocrossingrate": {
        "dmean": 0.00366470869631,
        "dmean2": 0.00469059171155,
        "dvar": 3.20384788211e-05,
        "dvar2": 4.3370808271e-05,
        "max": 0.869140625,
        "mean": 0.0337662808597,
        "median": 0.02978515625,
        "min": 0.0029296875,
        "var": 0.00180359673686
    },
    "barkbands": {
        "dmean": [0.000198502792045, 0.00218964950182, 0.00067845574813, 0.000373131420929, 0.000511753838509, 0.000701433396898, 0.00046875217231, 0.000556429382414, 0.000550907512661, 0.000478257570649, 0.000247867574217, 0.000222464674152, 0.000189670885447, 6.41617516521e-05, 0.000113159585453, 9.3794275017e-05, 0.000100777084299, 7.18865048839e-05, 5.58247411391e-05, 1.97558656509e-05, 9.31663180381e-06, 4.63779269921e-06, 2.65359835794e-06, 1.13611429242e-06, 5.57067153295e-07, 4.01137526751e-07, 2.58984186985e-07],
        "dmean2": [0.00033649825491, 0.00369028141722, 0.00110207078978, 0.000622505205683, 0.000802237889729, 0.000926561653614, 0.00065675174119, 0.000779562979005, 0.000786706397776, 0.000726363330614, 0.000409673084505, 0.000360473815817, 0.000301169784507, 0.000103893842606, 0.000185741097084, 0.000158872964676, 0.000171931562363, 0.000119357770018, 9.33926348807e-05, 3.24620777974e-05, 1.48335784615e-05, 7.38643211662e-06, 4.34686762674e-06, 1.72951877175e-06, 8.41625137582e-07, 5.80187077048e-07, 3.63753088095e-07],
        "dvar": [1.29018849293e-06, 9.26748398342e-05, 7.40743689676e-06, 2.10221696761e-06, 2.71542421615e-06, 2.96916709885e-06, 2.1421301426e-06, 4.00578346671e-06, 4.41672909801e-06, 3.16382715937e-06, 1.1267732134e-06, 8.88464967375e-07, 3.29106597974e-07, 6.54060912098e-08, 1.37000512268e-07, 1.16403107597e-07, 1.17473675232e-07, 7.04933285078e-08, 4.31500417619e-08, 5.30931698606e-09, 1.36757272173e-09, 3.74503289491e-10, 2.00736344214e-10, 3.94832222472e-11, 1.48702335168e-11, 1.31592015062e-10, 9.60330495681e-11],
        "dvar2": [3.5848963762e-06, 0.00026642307057, 2.14538304135e-05, 6.13069050814e-06, 7.36654692446e-06, 5.90700665271e-06, 4.84212887386e-06, 7.5791836025e-06, 8.49050775287e-06, 6.89361559125e-06, 3.10889026878e-06, 2.31061312661e-06, 8.13860708604e-07, 1.74359200855e-07, 3.61513372127e-07, 3.39313714903e-07, 3.34272129976e-07, 1.77840647098e-07, 1.17970131441e-07, 1.35403324109e-08, 3.25990523464e-09, 8.88257190024e-10, 5.51179657471e-10, 8.16010176097e-11, 2.79425024785e-11, 2.20849158405e-10, 1.61384600128e-10],
        "max": [0.0333385840058, 0.218240737915, 0.0813787728548, 0.0714875310659, 0.0652228072286, 0.0768172293901, 0.068326510489, 0.071095995605, 0.109991565347, 0.0581374578178, 0.0487695932388, 0.0324284546077, 0.0177213288844, 0.00860763248056, 0.010415145196, 0.0114966779947, 0.0105728460476, 0.014861067757, 0.00898273475468, 0.00269687874243, 0.00134342466481, 0.00101348722819, 0.000854388752487, 0.000330000097165, 0.000347428227542, 0.00115330633707, 0.00102206610609],
        "mean": [0.00023156759562, 0.00430121133104, 0.0015332964249, 0.000707128318027, 0.00132241169922, 0.00207883957773, 0.00119687477127, 0.00110126752406, 0.00107255741023, 0.000847849820275, 0.000373165588826, 0.00033631286351, 0.000340926635545, 0.000112491805339, 0.00018927223573, 0.000154833687702, 0.000165341203683, 0.000132746790769, 0.000104380684206, 4.31019398093e-05, 2.1710382498e-05, 1.23462850752e-05, 7.05376487531e-06, 2.93970379062e-06, 1.29779709823e-06, 6.37555046978e-07, 3.72456355535e-07],
        "median": [1.07350967937e-06, 0.000145677651744, 9.36805154197e-05, 9.03412365005e-05, 0.000259259657469, 0.000477251305711, 0.000191849045223, 0.000124825339299, 7.85240554251e-05, 5.89750270592e-05, 2.39640103246e-05, 2.18970890273e-05, 2.56955718214e-05, 1.01325076685e-05, 2.31557369261e-05, 1.45347694342e-05, 1.99652058654e-05, 1.18864209071e-05, 9.27190376387e-06, 3.19487162415e-06, 1.17985098314e-06, 5.37017626812e-07, 2.68224624733e-07, 1.18962901752e-07, 5.97723754936e-08, 1.3465906612e-08, 3.29336558025e-09],
        "min": [2.9324005955e-25, 2.57185576168e-24, 2.59041923651e-24, 2.62223596897e-24, 5.2376936506e-24, 9.06248772172e-24, 1.51841556313e-23, 1.21041200132e-23, 1.94364614315e-23, 1.82637802529e-23, 7.60845614577e-24, 2.82368532729e-23, 2.29144008568e-23, 3.2019274075e-23, 5.55593599587e-23, 6.22517592669e-23, 7.46272261323e-23, 1.15302093474e-22, 1.58044268637e-22, 1.60824997017e-22, 2.40557263922e-22, 3.28236591317e-22, 3.92609711154e-22, 5.59824620343e-22, 9.47006589816e-22, 1.38604501878e-21, 2.17750974559e-21],
        "var": [1.65679523434e-06, 0.000178723799763, 1.76599332917e-05, 4.62916295874e-06, 9.05056731426e-06, 2.68616713583e-05, 1.23824702314e-05, 1.18996349556e-05, 1.42304033943e-05, 8.20437799121e-06, 1.62047842878e-06, 1.55731936502e-06, 8.79016454292e-07, 1.56467663714e-07, 2.75150796369e-07, 2.15096378042e-07, 2.02501084345e-07, 1.60378746727e-07, 1.00349147658e-07, 1.66504250387e-08, 5.68821567626e-09, 2.30816965541e-09, 1.37158828739e-09, 1.8675640201e-10, 5.18825191143e-11, 2.11148459828e-10, 1.68665914568e-10]
    },
    "erbbands": {
        "dmean": [0.081241093576, 0.449916392565, 0.732344210148, 1.03259897232, 1.48380804062, 1.7052346468, 2.8629014492, 7.16031742096, 6.74667167664, 7.55447006226, 11.8209810257, 15.646241188, 13.7108917236, 11.9228973389, 9.64014339447, 10.8130331039, 8.84757423401, 4.17574119568, 5.60747909546, 4.37898731232, 4.6630282402, 3.66551208496, 4.36289024353, 3.49989032745, 2.06531095505, 0.99407094717, 0.514424979687, 0.275554031134, 0.157852753997, 0.116655007005, 0.0706783309579, 0.0339227095246, 0.0155999660492, 0.00750671792775, 0.0035476742778, 0.00180507590994, 0.00064808310708, 0.000262629619101, 3.61375059583e-05, 7.40122868592e-06],
        "dmean2": [0.137607365847, 0.758578777313, 1.20551455021, 1.70925855637, 2.4252846241, 2.65037441254, 3.89210414886, 9.41121578217, 9.00907039642, 10.4281740189, 17.0172767639, 22.3147544861, 20.1539993286, 18.9891719818, 15.881357193, 17.4300689697, 14.090344429, 6.66190624237, 9.2646818161, 7.21895551682, 7.94223594666, 6.1976351738, 7.23770523071, 5.89551830292, 3.46971917152, 1.63135051727, 0.823191046715, 0.440418601036, 0.251569032669, 0.189280599356, 0.114916957915, 0.0527443625033, 0.0239157844335, 0.0116085987538, 0.005404248368, 0.00266725802794, 0.000933449948207, 0.000370666239178, 4.83482435811e-05, 1.11299468699e-05],
        "dvar": [0.169791981578, 3.40625953674, 8.71189880371, 13.9440536499, 31.24634552, 32.8700866699, 46.426776886, 360.708343506, 366.08505249, 705.245239258, 1983.75585938, 3533.54174805, 3399.40332031, 2180.90283203, 1385.14562988, 2131.33081055, 705.517944336, 191.167114258, 401.265808105, 193.550872803, 220.769470215, 126.515716553, 293.544952393, 192.56060791, 61.1403427124, 15.3366365433, 3.85237836838, 1.26055061817, 0.451608508825, 0.280065476894, 0.159513443708, 0.0308394450694, 0.00875991489738, 0.00208133948036, 0.000924672291148, 0.00184157514013, 0.000355756346835, 8.23124210001e-05, 1.3536523511e-06, 1.66740576901e-08],
        "dvar2": [0.498531252146, 9.72033214569, 25.4443016052, 40.3320884705, 88.6180114746, 83.8568344116, 92.2868041992, 671.979553223, 755.35345459, 1228.0513916, 4029.63183594, 6847.63623047, 7023.59423828, 5544.37890625, 3815.19750977, 5491.85058594, 1750.15588379, 501.95602417, 1063.18310547, 529.233581543, 643.522583008, 350.112945557, 730.360595703, 546.192138672, 165.205963135, 38.9228515625, 9.34987449646, 3.00099682808, 1.08800387383, 0.742648184299, 0.415189683437, 0.0715255960822, 0.0181853752583, 0.00434312364087, 0.00169279286638, 0.00309076532722, 0.000607152178418, 0.000148930615978, 1.96306064026e-06, 2.81801906254e-08],
        "max": [10.0061235428, 38.9201774597, 95.8139190674, 117.573631287, 221.240310669, 248.36567688, 322.67980957, 964.977233887, 1041.99487305, 1273.44152832, 1786.46813965, 3092.19287109, 2323.96411133, 1500.34277344, 1416.296875, 1583.10717773, 847.167724609, 445.246154785, 611.311401367, 453.642425537, 353.061096191, 377.643463135, 1010.98944092, 552.725952148, 292.682006836, 168.187454224, 75.0285644531, 50.0373954773, 28.3375358582, 38.1073417664, 24.6705303192, 8.7459230423, 5.43145275116, 2.98818421364, 3.1442861557, 4.47750234604, 1.90138566494, 0.938069105148, 0.127369090915, 0.0132904490456],
        "mean": [0.126876264811, 0.945726215839, 1.78320300579, 2.28442525864, 3.56814265251, 4.10277795792, 7.36508369446, 21.3716430664, 19.7646427155, 18.0975379944, 22.3835678101, 31.0072288513, 25.5806560516, 21.3836593628, 15.4843988419, 17.0545654297, 16.392906189, 8.52541255951, 9.51009273529, 8.40727519989, 8.41535758972, 6.9895658493, 8.39764499664, 6.58259725571, 3.99325990677, 2.16581535339, 1.2242872715, 0.675273180008, 0.420293807983, 0.315399676561, 0.187585443258, 0.0914476960897, 0.0369528196752, 0.0178777985275, 0.00764348264784, 0.00312955956906, 0.00101644394454, 0.000367729197023, 6.04536762694e-05, 2.29107372434e-05],
        "median": [0.00294164847583, 0.0419329628348, 0.116870768368, 0.302208840847, 0.581441760063, 0.732077181339, 1.86510705948, 4.09413719177, 3.6508026123, 2.77557039261, 3.55880832672, 2.83880615234, 1.89644312859, 1.91429662704, 1.42742490768, 1.41065299511, 1.45156478882, 0.996557414532, 1.15115582943, 1.06566548347, 1.0314000845, 0.942376852036, 0.845907688141, 0.58610188961, 0.382829487324, 0.186319455504, 0.0765809714794, 0.0338385626674, 0.020215511322, 0.0123619912192, 0.0072197439149, 0.00374067062512, 0.00153182249051, 0.000817197898868, 0.000342868908774, 9.36002616072e-05, 2.20773363253e-05, 5.15471219842e-06, 2.62440266852e-06, 4.52632639281e-06],
        "min": [1.55506484172e-22, 5.03370098894e-22, 3.185879263e-21, 4.42797738666e-21, 8.6042915343e-21, 2.59794165948e-20, 5.27401795952e-20, 8.64538092344e-20, 1.1356649558e-19, 2.60685918347e-19, 2.81550541173e-19, 5.30535912207e-19, 5.40231037673e-19, 8.69749911814e-19, 6.70170513653e-19, 1.40096116529e-18, 1.39206432082e-18, 2.11559465312e-18, 2.7729215851e-18, 3.16250442167e-18, 3.75037982185e-18, 5.2756582716e-18, 6.01590178818e-18, 7.79461555632e-18, 9.6173411233e-18, 7.08937708248e-18, 8.24461504443e-18, 1.0721961422e-17, 1.06310451737e-17, 1.0459209982e-17, 1.06343356982e-17, 1.26645620034e-17, 1.02286813627e-17, 9.14391670742e-18, 6.54605962715e-18, 4.29810904498e-18, 2.46043094766e-18, 9.19646066749e-19, 2.61079294427e-19, 2.87766021532e-20],
        "var": [0.232191234827, 7.91103029251, 21.7616767883, 31.1184902191, 82.8914337158, 112.96421051, 249.540252686, 3747.63232422, 2895.33666992, 2841.33691406, 4878.18603516, 11319.1650391, 8581.47167969, 5067.84863281, 2332.35522461, 3761.20898438, 1860.10644531, 545.959594727, 741.717651367, 442.599578857, 471.397003174, 278.805389404, 662.5390625, 412.665710449, 139.841323853, 41.5427436829, 16.9993076324, 5.68916463852, 2.51641631126, 1.97220957279, 0.877606928349, 0.189480245113, 0.0345464646816, 0.00777601636946, 0.00270882504992, 0.00310779549181, 0.000551053381059, 0.000130823042127, 2.73150203611e-06, 3.01805869185e-08]
    },
    "gfcc": {
        "mean": [-173.254821777, 159.418640137, -139.109573364, 8.83341407776, -51.6573257446, -14.965473175, -32.0259017944, -1.41389524937, -14.4490642548, -8.45744514465, -4.59246921539, -6.89579248428, -5.02864694595],
        "cov": [[24026.890625, -142.87071228, -1917.9519043, 1919.13659668, -7.28967761993, 975.735046387, 658.649108887, 730.18347168, 173.86630249, 299.086364746, 95.9964904785, 181.676757812, -70.4523696899], [-142.87071228, 1258.34777832, 539.862426758, 72.2023773193, 499.788208008, 129.306137085, 294.786010742, -27.186920166, 139.654693604, 9.99982261658, 93.935585022, -40.9850845337, 34.37707901], [-1917.9519043, 539.862426758, 1152.27905273, 212.300430298, 440.845275879, 322.430999756, 308.259674072, 62.763004303, 118.334663391, 65.8761978149, 32.7455635071, -12.3243551254, -0.537198603153], [1919.13659668, 72.2023773193, 212.300430298, 1066.57775879, 472.052215576, 397.629852295, 406.759399414, 295.458251953, 130.994598389, 77.0948562622, -86.7732162476, 4.65588903427, -35.6561203003], [-7.28967761993, 499.788208008, 440.845275879, 472.052215576, 603.658813477, 321.742156982, 362.041046143, 129.215881348, 133.909378052, 55.3279685974, 2.40478587151, 0.337898373604, 7.52838277817], [975.735046387, 129.306137085, 322.430999756, 397.629852295, 321.742156982, 451.69921875, 324.172821045, 184.357376099, 106.95501709, 76.2883300781, -10.5904855728, 13.3739480972, -1.51126050949], [658.649108887, 294.786010742, 308.259674072, 406.759399414, 362.041046143, 324.172821045, 419.866912842, 205.076141357, 143.379898071, 70.9681854248, 11.4136180878, 2.61910104752, -8.83537864685], [730.18347168, -27.186920166, 62.763004303, 295.458251953, 129.215881348, 184.357376099, 205.076141357, 231.947631836, 113.005332947, 47.4157943726, -26.0114994049, -1.62458920479, -19.4016513824], [173.86630249, 139.654693604, 118.334663391, 130.994598389, 133.909378052, 106.95501709, 143.379898071, 113.005332947, 150.697540283, 71.7290649414, 25.918926239, -3.24174499512, -3.41701555252], [299.086364746, 9.99982261658, 65.8761978149, 77.0948562622, 55.3279685974, 76.2883300781, 70.9681854248, 47.4157943726, 71.7290649414, 116.754989624, 67.606048584, 24.9906730652, -12.095044136], [95.9964904785, 93.935585022, 32.7455635071, -86.7732162476, 2.40478587151, -10.5904855728, 11.4136180878, -26.0114994049, 25.918926239, 67.606048584, 140.302719116, 56.9081192017, 7.71571922302], [181.676757812, -40.9850845337, -12.3243551254, 4.65588903427, 0.337898373604, 13.3739480972, 2.61910104752, -1.62458920479, -3.24174499512, 24.9906730652, 56.9081192017, 91.9431304932, 45.8092727661], [-70.4523696899, 34.37707901, -0.537198603153, -35.6561203003, 7.52838277817, -1.51126050949, -8.83537864685, -19.4016513824, -3.41701555252, -12.095044136, 7.71571922302, 45.8092727661, 94.3946914673]],
        "icov": [[0.000101868266938, -0.000218637680518, 0.000283822504571, -0.000233430444496, 0.000341555132763, -0.000414386246121, 5.76295169594e-05, -9.04074986465e-05, 0.000148814695422, -0.000129607578856, -0.000112062414701, -0.000122944577015, 7.96367603471e-05], [-0.000218637680518, 0.002687681932, -0.000895409786608, 0.000682480400428, -0.00223605125211, 0.00154695834499, -0.00138299341779, 0.00174262211658, -0.00192676659208, 0.00230982969515, -0.00218880479224, 0.00265622814186, -0.00134139321744], [0.000283822504571, -0.000895409786608, 0.0022099930793, -0.000389819615521, 0.000414732669014, -0.00189830956515, -4.13101515733e-05, 0.000262889458099, 0.000257468462223, -0.000675463641528, -3.66505082638e-05, -0.000402942911023, 0.000511268153787], [-0.000233430444496, 0.000682480400428, -0.000389819615521, 0.00305722514167, -0.00248446059413, 0.000897890073247, -0.000735658453777, -0.00147675035987, 0.000816201500129, -0.00120486924425, 0.00241078529507, -0.0010916327592, 0.000777836656198], [0.000341555132763, -0.00223605125211, 0.000414732669014, -0.00248446059413, 0.00749852787703, -0.00270182243548, -0.00180121487938, 0.00192035746295, -0.00106217863504, -9.92054046947e-05, 0.000713724351954, -0.00171026214957, 0.000438448245404], [-0.000414386246121, 0.00154695834499, -0.00189830956515, 0.000897890073247, -0.00270182243548, 0.00822542514652, -0.00350409490056, -0.00113403983414, 0.00110604125075, -0.0019269521581, 0.00168862449937, 0.000222762173507, -0.00121119909454], [5.76295169594e-05, -0.00138299341779, -4.13101515733e-05, -0.000735658453777, -0.00180121487938, -0.00350409490056, 0.0110332621261, -0.00558260409161, -0.000161783435033, 0.000424766680226, -0.00210252171382, 0.000467990670586, 0.00023470967426], [-9.04074986465e-05, 0.00174262211658, 0.000262889458099, -0.00147675035987, 0.00192035746295, -0.00113403983414, -0.00558260409161, 0.015950422734, -0.00979694351554, 0.00301017076708, 0.00224433792755, -0.00194314192049, 0.0021167350933], [0.000148814695422, -0.00192676659208, 0.000257468462223, 0.000816201500129, -0.00106217863504, 0.00110604125075, -0.000161783435033, -0.00979694351554, 0.0199558772147, -0.0103795770556, -6.61821904941e-05, 0.00366795132868, -0.00318602542393], [-0.000129607578856, 0.00230982969515, -0.000675463641528, -0.00120486924425, -9.92054046947e-05, -0.0019269521581, 0.000424766680226, 0.00301017076708, -0.0103795770556, 0.0225468557328, -0.0110619235784, 0.000800640846137, 0.00226751924492], [-0.000112062414701, -0.00218880479224, -3.66505082638e-05, 0.00241078529507, 0.000713724351954, 0.00168862449937, -0.00210252171382, 0.00224433792755, -6.61821904941e-05, -0.0110619235784, 0.0216725803912, -0.0142121640965, 0.00556433852762], [-0.000122944577015, 0.00265622814186, -0.000402942911023, -0.0010916327592, -0.00171026214957, 0.000222762173507, 0.000467990670586, -0.00194314192049, 0.00366795132868, 0.000800640846137, -0.0142121640965, 0.0278085824102, -0.0137876896188], [7.96367603471e-05, -0.00134139321744, 0.000511268153787, 0.000777836656198, 0.000438448245404, -0.00121119909454, 0.00023470967426, 0.0021167350933, -0.00318602542393, 0.00226751924492, 0.00556433852762, -0.0137876896188, 0.0182526577264]]
    },
    "melbands": {
        "dmean": [0.000650380796287, 0.000426446698839, 0.000176374436705, 0.000119377786177, 9.28868539631e-05, 0.000150568463141, 0.000104924685729, 8.66044065333e-05, 9.32326147449e-05, 9.84083962976e-05, 6.68413704261e-05, 4.91588216391e-05, 2.97165715892e-05, 2.98217964882e-05, 1.89153452084e-05, 1.93382784346e-05, 7.51186371417e-06, 8.56575479702e-06, 6.39141035208e-06, 8.54028803587e-06, 5.51747871214e-06, 4.2608558033e-06, 5.21176343682e-06, 3.18339016303e-06, 3.14073622576e-06, 1.9183717086e-06, 8.95077562291e-07, 6.68019424666e-07, 4.22067927275e-07, 2.2762517915e-07, 1.81842509051e-07, 1.13641938526e-07, 6.92436472605e-08, 6.54857501559e-08, 4.88478875127e-08, 3.39052554921e-08, 1.82775217183e-08, 1.35126789758e-08, 8.0998070473e-09, 6.49179732193e-09],
        "dmean2": [0.00109840126242, 0.000715650036, 0.00028873901465, 0.000192092935322, 0.000127802239149, 0.000197939618374, 0.000141669996083, 0.000119399293908, 0.000133927067509, 0.000140416101203, 9.86086160992e-05, 7.84055664553e-05, 4.90680758958e-05, 4.89860831294e-05, 3.02190765069e-05, 3.04300610878e-05, 1.21054827105e-05, 1.41960672408e-05, 1.04201617432e-05, 1.44656105476e-05, 9.40516383707e-06, 7.21481137589e-06, 8.78459832165e-06, 5.31289697392e-06, 5.31698015038e-06, 3.23820131598e-06, 1.47092202951e-06, 1.09974428142e-06, 6.84678184371e-07, 3.74834968397e-07, 2.97677672734e-07, 1.83835624057e-07, 1.10606642068e-07, 1.07796211068e-07, 8.13999889715e-08, 5.37620650221e-08, 2.83485359631e-08, 2.12322568416e-08, 1.27663435379e-08, 1.02010417891e-08],
        "dvar": [9.41933194554e-06, 2.58970158029e-06, 3.88715506006e-07, 1.76867104074e-07, 4.72257823958e-08, 1.49733295984e-07, 9.39694189128e-08, 1.00212076859e-07, 1.13104320576e-07, 1.51880570343e-07, 8.28671034014e-08, 3.90814349771e-08, 1.34331568091e-08, 1.33074271602e-08, 3.68661456918e-09, 3.94984622787e-09, 8.61773763461e-10, 9.34726962498e-10, 4.60203541941e-10, 1.01626529414e-09, 3.84297677014e-10, 2.23718890635e-10, 3.04963027054e-10, 1.33444408301e-10, 1.69365715896e-10, 5.90465176753e-11, 1.09046903451e-11, 6.77197620896e-12, 2.75062719997e-12, 1.01191884733e-12, 5.34507008966e-13, 2.63258626053e-13, 7.78760600928e-14, 1.04768021244e-13, 7.99848468708e-14, 3.76161131594e-14, 9.43712017304e-15, 7.06289317464e-15, 2.01505326504e-15, 1.58583467149e-15],
        "dvar2": [2.73015666608e-05, 7.44282988308e-06, 1.11927965918e-06, 4.87421289108e-07, 9.83564092394e-08, 2.85400261646e-07, 2.03378860419e-07, 1.69781742443e-07, 2.30121599998e-07, 2.90921150281e-07, 1.71345590161e-07, 9.77740484132e-08, 3.7300061706e-08, 3.53597542357e-08, 9.12297970501e-09, 9.76761871385e-09, 2.29280883168e-09, 2.48228815281e-09, 1.19369591989e-09, 2.9613467234e-09, 1.12708142819e-09, 6.31662944173e-10, 7.96350041465e-10, 3.4776848068e-10, 4.85746332046e-10, 1.59410720735e-10, 2.89724390312e-11, 1.70997105364e-11, 6.85829778385e-12, 2.6108154267e-12, 1.33682019447e-12, 6.73682843452e-13, 2.01046793688e-13, 2.8293258578e-13, 2.12884912606e-13, 9.72596637017e-14, 2.10128748711e-14, 1.52622394432e-14, 4.29857277567e-15, 3.46136456357e-15],
        "max": [0.0748770013452, 0.0468120463192, 0.0259425472468, 0.0166920013726, 0.00910339038819, 0.0186460595578, 0.0159253031015, 0.0162104591727, 0.0138390371576, 0.0212751328945, 0.0114628570154, 0.00650448771194, 0.00397084280849, 0.00399400573224, 0.0017740263138, 0.00241398997605, 0.00101730960887, 0.000882322667167, 0.000563058303669, 0.00108928792179, 0.000509842473548, 0.000504062569235, 0.000776106433477, 0.000559606181923, 0.000496071763337, 0.000335420772899, 0.000120652890473, 0.000120406788483, 6.06514513493e-05, 3.70842899429e-05, 2.88809897029e-05, 2.46133549808e-05, 1.39405210575e-05, 2.35953921219e-05, 1.60974577739e-05, 1.17471408885e-05, 4.28831936006e-06, 5.23881271874e-06, 2.50072685049e-06, 2.49625895776e-06],
        "mean": [0.0011928526219, 0.00107769598253, 0.000434866175056, 0.000285718531813, 0.000248337135417, 0.000450445571914, 0.000294779805699, 0.000203317860723, 0.000172076848685, 0.000191695129615, 0.000121550852782, 8.55534017319e-05, 4.57998139609e-05, 4.73318941658e-05, 3.17317608278e-05, 3.48935936927e-05, 1.3468796169e-05, 1.3971674889e-05, 1.1482957234e-05, 1.37908036777e-05, 9.34348008741e-06, 7.27810947865e-06, 8.98542202776e-06, 5.90987747273e-06, 5.3268558986e-06, 3.30601915266e-06, 1.73768478362e-06, 1.36333630962e-06, 8.87955138751e-07, 4.69131492764e-07, 3.94410591298e-07, 2.6314720003e-07, 1.78331404754e-07, 1.62444763419e-07, 1.12698693044e-07, 8.63744347157e-08, 4.34644498171e-08, 2.85261538835e-08, 1.74215362136e-08, 1.43615901393e-08],
        "median": [3.44465006492e-05, 7.41550029488e-05, 6.90154120093e-05, 4.5665903599e-05, 6.36919721728e-05, 9.06090572244e-05, 5.19059976796e-05, 2.94756573567e-05, 2.55646264122e-05, 1.38013456308e-05, 7.5536154327e-06, 6.6918032644e-06, 3.67856114281e-06, 3.36910807164e-06, 2.94896813102e-06, 2.4839737307e-06, 1.26322436245e-06, 1.55584007189e-06, 1.33562843985e-06, 1.27178736875e-06, 1.09171253371e-06, 9.28535087041e-07, 6.47944489174e-07, 5.7974750689e-07, 3.4244624203e-07, 2.83904910248e-07, 1.55298209847e-07, 1.01949325426e-07, 4.43520988824e-08, 2.37161899008e-08, 1.61907447449e-08, 1.15059268779e-08, 7.84347520266e-09, 5.69901104086e-09, 4.06594491409e-09, 2.86925416759e-09, 1.80279779993e-09, 1.06433950542e-09, 7.79394604411e-10, 6.02487226775e-10],
        "min": [1.7859315884e-24, 1.01453517615e-24, 1.54540355966e-24, 1.22970329894e-24, 2.09747050924e-24, 1.71109117103e-24, 2.15029026887e-24, 2.63775897664e-24, 3.07260592887e-24, 3.20693375546e-24, 2.35508980113e-24, 3.3460754085e-24, 1.3738913938e-24, 3.60714931952e-24, 3.41563597984e-24, 3.22882819545e-24, 3.1054065681e-24, 3.68835821098e-24, 5.15203873908e-24, 4.54323494105e-24, 4.48933444198e-24, 4.055677092e-24, 4.77527916518e-24, 6.27687392612e-24, 5.48235018289e-24, 4.89512173061e-24, 4.43064950152e-24, 4.24562888152e-24, 4.78400515008e-24, 5.40577703254e-24, 4.51552225745e-24, 4.94324658457e-24, 6.26744585501e-24, 4.79262976636e-24, 5.81992309132e-24, 5.40511005065e-24, 6.76147670222e-24, 5.83852245932e-24, 6.09158903771e-24, 6.94412561191e-24],
        "var": [1.55671223183e-05, 7.61886985856e-06, 1.02817239167e-06, 5.13303916705e-07, 2.59323343244e-07, 1.48642538988e-06, 6.69873543302e-07, 3.95979697032e-07, 2.76574780855e-07, 4.93004790769e-07, 2.08314133943e-07, 9.26283973968e-08, 2.07201775737e-08, 2.47217517568e-08, 7.70358976609e-09, 1.10686810828e-08, 2.0780677179e-09, 1.69256653137e-09, 1.15173293125e-09, 1.80134540617e-09, 7.12248371393e-10, 3.95114968521e-10, 6.43095687813e-10, 3.00590080604e-10, 3.24565374576e-10, 1.14636654336e-10, 2.675470262e-11, 1.77696017623e-11, 9.32528099878e-12, 3.29637142235e-12, 2.04721352717e-12, 1.03140954978e-12, 5.11608279612e-13, 6.24321666413e-13, 3.1947854735e-13, 2.26389233423e-13, 3.96728650094e-14, 2.35895626492e-14, 7.09609728969e-15, 5.20765808609e-15]
    },
    "mfcc": {
        "mean": [-797.00592041, 172.427703857, -16.711687088, 16.3148136139, -2.89814090729, -11.6216030121, -9.29902076721, -2.22899460793, -7.36205720901, -2.76166033745, -2.46066761017, -1.59000992775, 0.196196272969],
        "cov": [[15901.0429688, 1201.79797363, -1968.13659668, 1639.75476074, -148.170715332, 775.620483398, 584.370605469, 825.159423828, 362.765014648, 517.542541504, 312.593048096, 301.013305664, 141.824447632], [1201.79797363, 1173.73071289, 21.8262062073, 115.122520447, 149.834747314, 145.301498413, 158.237731934, 68.2405700684, 43.565536499, 68.6894226074, 59.6952552795, 50.3645248413, 60.06823349], [-1968.13659668, 21.8262062073, 1003.86920166, 14.5997209549, 233.775878906, 244.443359375, 195.048355103, 106.971717834, 131.887527466, 80.6870269775, 62.6226768494, 54.6762924194, 61.9859886169], [1639.75476074, 115.122520447, 14.5997209549, 743.243652344, 268.65524292, 318.085388184, 293.831573486, 299.292327881, 255.895980835, 202.569641113, 111.025154114, 74.2412719727, 64.2444229126], [-148.170715332, 149.834747314, 233.775878906, 268.65524292, 360.632171631, 265.221954346, 214.439300537, 177.112533569, 187.185638428, 122.236999512, 72.2901611328, 40.5553512573, 42.7749824524], [775.620483398, 145.301498413, 244.443359375, 318.085388184, 265.221954346, 437.572753906, 310.383422852, 243.636291504, 213.767303467, 164.464141846, 96.439163208, 73.0184783936, 58.8108024597], [584.370605469, 158.237731934, 195.048355103, 293.831573486, 214.439300537, 310.383422852, 336.774047852, 253.14553833, 199.330749512, 160.211288452, 94.0317306519, 78.3889160156, 63.0188484192], [825.159423828, 68.2405700684, 106.971717834, 299.292327881, 177.112533569, 243.636291504, 253.14553833, 305.906860352, 237.246948242, 167.115600586, 92.0160217285, 60.6401596069, 48.244342804], [362.765014648, 43.565536499, 131.887527466, 255.895980835, 187.185638428, 213.767303467, 199.330749512, 237.246948242, 277.566040039, 179.424133301, 76.4528656006, 38.6920318604, 34.6050262451], [517.542541504, 68.6894226074, 80.6870269775, 202.569641113, 122.236999512, 164.464141846, 160.211288452, 167.115600586, 179.424133301, 198.238265991, 105.794288635, 53.6390113831, 41.2659034729], [312.593048096, 59.6952552795, 62.6226768494, 111.025154114, 72.2901611328, 96.439163208, 94.0317306519, 92.0160217285, 76.4528656006, 105.794288635, 136.887924194, 92.3734207153, 46.5795822144], [301.013305664, 50.3645248413, 54.6762924194, 74.2412719727, 40.5553512573, 73.0184783936, 78.3889160156, 60.6401596069, 38.6920318604, 53.6390113831, 92.3734207153, 139.559326172, 79.7309341431], [141.824447632, 60.06823349, 61.9859886169, 64.2444229126, 42.7749824524, 58.8108024597, 63.0188484192, 48.244342804, 34.6050262451, 41.2659034729, 46.5795822144, 79.7309341431, 111.166778564]],
