{
"lowlevel": {
    "average_loudness": 0.843229532242,
    "barkbands_crest": {
        "dmean": 2.06566166878,
        "dmean2": 3.30487513542,
        "dvar": 4.17844200134,
        "dvar2": 10.595281601,
        "max": 26.26902771,
        "mean": 11.194940567,
        "median": 10.4088459015,
        "min": 2.76684212685,
        "var": 17.5704879761
    },
    "barkbands_flatness_db": {
        "dmean": 0.027916977182,
        "dmean2": 0.0423264577985,
        "dvar": 0.000870830263011,
        "dvar2": 0.0020394299645,
        "max": 0.792367935181,
        "mean": 0.210132807493,
        "median": 0.177106082439,
        "min": 0.0453347116709,
        "var": 0.0151490550488
    },
    "barkbands_kurtosis": {
        "dmean": 8.09536552429,
        "dmean2": 12.6024446487,
        "dvar": 158.763534546,
        "dvar2": 404.345153809,
        "max": 314.683380127,
        "mean": 15.930803299,
        "median": 9.46240997314,
        "min": -1.9377900362,
        "var": 428.878173828
    },
    "barkbands_skewness": {
        "dmean": 0.902272343636,
        "dmean2": 1.39249038696,
        "dvar": 0.993552386761,
        "dvar2": 2.40792012215,
        "max": 15.9838523865,
        "mean": 2.54061317444,
        "median": 2.59805369377,
        "min": -4.73530578613,
        "var": 4.67022228241
    },
    "barkbands_spread": {
        "dmean": 10.6500024796,
        "dmean2": 17.2505149841,
        "dvar": 269.061401367,
        "dvar2": 650.581481934,
        "max": 122.497070312,
        "mean": 20.8211460114,
        "median": 11.2540903091,
        "min": 0.0901910960674,
        "var": 546.489990234
    },
    "dissonance": {
        "dmean": 0.0268366634846,
        "dmean2": 0.0457912236452,
        "dvar": 0.00096562562976,
        "dvar2": 0.00275248917751,
        "max": 0.5,
        "mean": 0.436388581991,
        "median": 0.449325084686,
        "min": 0.0805368572474,
        "var": 0.00257215811871
    },
    "dynamic_complexity": 4.47401332855,
    "erbbands_crest": {
        "dmean": 2.07342290878,
        "dmean2": 3.27349019051,
        "dvar": 4.64303588867,
        "dvar2": 10.853219986,
        "max": 31.1149501801,
        "mean": 10.5212011337,
        "median": 9.80582809448,
        "min": 2.60126686096,
        "var": 21.1042957306
    },
    "erbbands_flatness_db": {
        "dmean": 0.0243215747178,
        "dmean2": 0.0362554378808,
        "dvar": 0.000666498788632,
        "dvar2": 0.00154384062625,
        "max": 0.600774765015,
        "mean": 0.171320348978,
        "median": 0.147748365998,
        "min": 0.0395860224962,
        "var": 0.00914252363145
    },
    "erbbands_kurtosis": {
        "dmean": 2.90755844116,
        "dmean2": 4.55545759201,
        "dvar": 22.4951133728,
        "dvar2": 54.1254730225,
        "max": 78.1773910522,
        "mean": 5.15937232971,
        "median": 2.43065023422,
        "min": -1.86191868782,
        "var": 74.9855270386
    },
    "erbbands_skewness": {
        "dmean": 0.550167262554,
        "dmean2": 0.86216121912,
        "dvar": 0.40168890357,
        "dvar2": 0.967642486095,
        "max": 6.94123983383,
        "mean": 1.39823663235,
        "median": 1.41276991367,
        "min": -3.28972482681,
        "var": 2.14752840996
    },
    "erbbands_spread": {
        "dmean": 16.5514698029,
        "dmean2": 26.4121189117,
        "dvar": 496.889862061,
        "dvar2": 1203.24645996,
        "max": 193.379043579,
        "mean": 46.8601570129,
        "median": 36.7495994568,
        "min": 0.93995320797,
        "var": 1230.41918945
    },
    "hfc": {
        "dmean": 14.1052436829,
        "dmean2": 23.4143772125,
        "dvar": 822.771789551,
        "dvar2": 2031.37207031,
        "max": 407.090515137,
        "mean": 21.4359588623,
        "median": 13.1431331635,
        "min": 1.24389792624e-16,
        "var": 969.229064941
    },
    "melbands_crest": {
        "dmean": 2.23412418365,
        "dmean2": 3.64442920685,
        "dvar": 5.24901676178,
        "dvar2": 13.6996021271,
        "max": 34.2133750916,
        "mean": 14.4278345108,
        "median": 13.8511257172,
        "min": 1.79700160027,
        "var": 26.9600486755
    },
    "melbands_flatness_db": {
        "dmean": 0.030979193747,
        "dmean2": 0.0475704930723,
        "dvar": 0.00126619450748,
        "dvar2": 0.00286012049764,
        "max": 0.975840508938,
        "mean": 0.286979407072,
        "median": 0.257898598909,
        "min": 0.00637537706643,
        "var": 0.0259019527584
    },
    "melbands_kurtosis": {
        "dmean": 15.7195768356,
        "dmean2": 24.635383606,
        "dvar": 635.563171387,
        "dvar2": 1506.38220215,
        "max": 585.149169922,
        "mean": 38.0053901672,
        "median": 24.7070846558,
        "min": -1.82629740238,
        "var": 1993.9720459
    },
    "melbands_skewness": {
        "dmean": 1.00758481026,
        "dmean2": 1.57475686073,
        "dvar": 1.46069586277,
        "dvar2": 3.42658352852,
        "max": 19.83228302,
        "mean": 3.7967979908,
        "median": 3.51106452942,
        "min": -2.90682768822,
        "var": 6.17213058472
    },
    "melbands_spread": {
        "dmean": 8.12660884857,
        "dmean2": 13.3069982529,
        "dvar": 390.209716797,
        "dvar2": 966.810241699,
        "max": 249.277481079,
        "mean": 20.2043037415,
        "median": 7.73434066772,
        "min": 0.292323589325,
        "var": 1190.3125
    },
    "pitch_salience": {
        "dmean": 0.0639194324613,
        "dmean2": 0.104558840394,
        "dvar": 0.00391457322985,
        "dvar2": 0.0100128278136,
        "max": 0.918669998646,
        "mean": 0.557921290398,
        "median": 0.572356760502,
        "min": 0.0483009628952,
        "var": 0.0159519072622
    },
    "silence_rate_20dB": {
        "dmean": 0,
        "dmean2": 0,
        "dvar": 0,
        "dvar2": 0,
        "max": 1,
        "mean": 1,
        "median": 1,
        "min": 1,
        "var": 0
    },
    "silence_rate_30dB": {
        "dmean": 0.0291041377932,
        "dmean2": 0.0582135692239,
        "dvar": 0.0282612647861,
        "dvar2": 0.0641114115715,
        "max": 1,
        "mean": 0.969625294209,
        "median": 1,
        "min": 0,
        "var": 0.0294477455318
    },
    "silence_rate_60dB": {
        "dmean": 0.0289222374558,
        "dmean2": 0.0578497350216,
        "dvar": 0.028085725382,
        "dvar2": 0.0603305697441,
        "max": 1,
        "mean": 0.175882145762,
        "median": 0,
        "min": 0,
        "var": 0.144947424531
    },
    "spectral_centroid": {
        "dmean": 217.070617676,
        "dmean2": 350.031402588,
        "dvar": 173118.5,
        "dvar2": 406916.25,
        "max": 10932.7490234,
        "mean": 926.48638916,
        "median": 531.088867188,
        "min": 87.4650344849,
        "var": 1101152.5
    },
    "spectral_complexity": {
        "dmean": 1.47539794445,
        "dmean2": 2.43041658401,
        "dvar": 3.88522982597,
        "dvar2": 8.76341247559,
        "max": 52,
        "mean": 9.21889781952,
        "median": 9,
        "min": 0,
        "var": 30.7643966675
    },
    "spectral_decrease": {
        "dmean": 2.30103158749e-09,
        "dmean2": 3.52331031017e-09,
        "dvar": 2.2685592081e-17,
        "dvar2": 5.05836164699e-17,
        "max": 4.10032945097e-11,
        "mean": -8.23822965401e-09,
        "median": -6.79105749413e-09,
        "min": -5.51831860207e-08,
        "var": 6.20391348941e-17
    },
    "spectral_energy": {
        "dmean": 0.00928194168955,
        "dmean2": 0.0142179159448,
        "dvar": 0.000327034154907,
        "dvar2": 0.000720112759154,
        "max": 0.213134914637,
        "mean": 0.0330373942852,
        "median": 0.0279209315777,
        "min": 1.11623516176e-20,
        "var": 0.000924052146729
    },
    "spectral_energyband_high": {
        "dmean": 0.00121605780441,
        "dmean2": 0.00203829375096,
        "dvar": 7.24365008864e-06,
        "dvar2": 1.78845220944e-05,
        "max": 0.039803430438,
        "mean": 0.00128694460727,
        "median": 0.0003683573741,
        "min": 7.66949343159e-21,
        "var": 8.08867298474e-06
    },
    "spectral_energyband_low": {
        "dmean": 0.00543606234714,
        "dmean2": 0.00833102222532,
        "dvar": 0.000255907478277,
        "dvar2": 0.000579106621444,
        "max": 0.18360555172,
        "mean": 0.0133055392653,
        "median": 0.0035465285182,
        "min": 4.50973825041e-23,
        "var": 0.00046777469106
    },
    "spectral_energyband_middle_high": {
        "dmean": 0.000473144726129,
        "dmean2": 0.000712284992915,
        "dvar": 2.69308861789e-06,
        "dvar2": 6.16250235908e-06,
        "max": 0.0555177405477,
        "mean": 0.00136775395367,
        "median": 0.000520963803865,
        "min": 1.51043684723e-21,
        "var": 6.69305609335e-06
    },
    "spectral_energyband_middle_low": {
        "dmean": 0.00579942017794,
        "dmean2": 0.00926572922617,
        "dvar": 0.000102083737147,
        "dvar2": 0.000259663967881,
        "max": 0.145258128643,
        "mean": 0.0198578350246,
        "median": 0.0162148065865,
        "min": 5.64267585935e-22,
        "var": 0.000368268723832
    },
    "spectral_entropy": {
        "dmean": 0.327692806721,
        "dmean2": 0.490627884865,
        "dvar": 0.134999379516,
        "dvar2": 0.310948222876,
        "max": 9.81338500977,
        "mean": 7.11105012894,
        "median": 7.24896526337,
        "min": 3.97106647491,
        "var": 1.10935282707
    },
    "spectral_flux": {
        "dmean": 0.0240970738232,
        "dmean2": 0.0370872952044,
        "dvar": 0.00142324401531,
        "dvar2": 0.00314667075872,
        "max": 0.425923883915,
        "mean": 0.062521211803,
        "median": 0.0484073087573,
        "min": 1.05652028792e-10,
        "var": 0.00315820751712
    },
    "spectral_kurtosis": {
        "dmean": 15.4790773392,
        "dmean2": 27.2758827209,
        "dvar": 5932.01513672,
        "dvar2": 18892.7539062,
        "max": 1455.50427246,
        "mean": 32.5710220337,
        "median": 2.64506793022,
        "min": -1.19364500046,
        "var": 16710.3222656
    },
    "spectral_rms": {
        "dmean": 0.000737299968023,
        "dmean2": 0.00110025820322,
        "dvar": 1.31282820348e-06,
        "dvar2": 2.63646097665e-06,
        "max": 0.0144200036302,
        "mean": 0.00495822681114,
        "median": 0.00521918898448,
        "min": 3.30001499217e-12,
        "var": 7.64754986449e-06
    },
    "spectral_rolloff": {
        "dmean": 1228.76904297,
        "dmean2": 2140.38232422,
        "dvar": 7638197,
        "dvar2": 18594720,
        "max": 19530.6152344,
        "mean": 2398.20361328,
        "median": 452.197265625,
        "min": 86.1328125,
        "var": 17229088
    },
    "spectral_skewness": {
        "dmean": 0.544050216675,
        "dmean2": 0.885425508022,
        "dvar": 1.52225244045,
        "dvar2": 4.61533880234,
        "max": 31.4294700623,
        "mean": 2.77165603638,
        "median": 1.69031453133,
        "min": 0.0185979679227,
        "var": 16.9893074036
    },
    "spectral_spread": {
        "dmean": 1751095.875,
        "dmean2": 2562243.75,
        "dvar": 4.09855537971e+12,
        "dvar2": 9.7761928151e+12,
        "max": 41203268,
        "mean": 7667554,
        "median": 7637222,
        "min": 74357.5,
        "var": 1.2047559426e+13
    },
    "spectral_strongpeak": {
        "dmean": 0.338019967079,
        "dmean2": 0.568194270134,
        "dvar": 0.342031657696,
        "dvar2": 0.892787575722,
        "max": 10.9718132019,
        "mean": 0.909934401512,
        "median": 0.655541658401,
        "min": 1.01508183803e-10,
        "var": 0.754103660583
    },
    "zerocrossingrate": {
        "dmean": 0.0225706733763,
        "dmean2": 0.0268317963928,
        "dvar": 0.000749512575567,
        "dvar2": 0.00103480333928,
        "max": 0.60400390625,
        "mean": 0.0887865498662,
        "median": 0.05322265625,
        "min": 0.0029296875,
        "var": 0.00987830664963
    },
    "barkbands": {
        "dmean": [0.000110179047624, 0.00232078391127, 0.00276681594551, 0.00236672651954, 0.00217319442891, 0.00251951208338, 0.000512169266585, 0.000303833774524, 0.000294964178465, 0.000256432773313, 0.000225509284064, 8.87514397618e-05, 3.74085466319e-05, 2.78654370049e-05, 1.68315164046e-05, 1.61919542734e-05, 1.19089845612e-05, 1.16485907711e-05, 2.22712878895e-05, 2.90473435598e-05, 5.70754200453e-05, 7.45503857615e-05, 6.78030119161e-05, 0.000282082735794, 0.000286279420834, 0.000392273563193, 7.66883094911e-05],
        "dmean2": [0.000199186702957, 0.0038201410789, 0.00440162001178, 0.00396780669689, 0.00351978512481, 0.00392678752542, 0.000796848558821, 0.000463119737105, 0.000443884287961, 0.000384968618164, 0.000340005237376, 0.000137408511364, 6.21644940111e-05, 4.50852967333e-05, 2.72751076409e-05, 2.71872759185e-05, 1.96606506506e-05, 1.93358901015e-05, 3.62476130249e-05, 4.82337454741e-05, 9.55613286351e-05, 0.00012418141705, 0.000112895089842, 0.000479706126498, 0.000466494413558, 0.000684002763592, 0.000132443528855],
        "dvar": [5.54572295641e-07, 9.40237441682e-05, 6.19583952357e-05, 3.9707239921e-05, 1.84796735994e-05, 2.7217922252e-05, 1.56375574534e-06, 7.39142137718e-07, 1.16152455121e-06, 8.53656899835e-07, 1.50004586885e-06, 1.54128315444e-07, 1.66801754631e-08, 1.44836977967e-08, 8.73034711191e-09, 5.39344879869e-09, 3.0809628182e-09, 2.22428830909e-09, 5.60518209625e-09, 6.59373666778e-09, 2.53928948979e-08, 4.30183746403e-08, 2.88732575626e-08, 4.42253963229e-07, 4.74150169794e-07, 6.96825338764e-07, 3.67598715911e-08],
        "dvar2": [1.5609402908e-06, 0.000247158925049, 0.000161606891197, 0.000106618994323, 4.71162093163e-05, 6.54153554933e-05, 3.80209053219e-06, 1.65296899013e-06, 2.39307314587e-06, 1.78978848453e-06, 3.4452023101e-06, 3.96565638994e-07, 4.47722854346e-08, 3.73361288553e-08, 2.03366585794e-08, 1.45201219937e-08, 8.10553668629e-09, 5.6928768366e-09, 1.46855549943e-08, 1.64453997087e-08, 6.52226859188e-08, 1.04695409675e-07, 7.24117725781e-08, 1.12314319267e-06, 1.11679321435e-06, 1.8088685465e-06, 9.20888680866e-08],
        "max": [0.0128150368109, 0.143966436386, 0.103924840689, 0.0751703232527, 0.120465166867, 0.141288414598, 0.0300578083843, 0.0239128489047, 0.0492721199989, 0.0277143437415, 0.0503897033632, 0.0193862691522, 0.00432077748701, 0.00551348226145, 0.00615921802819, 0.00337053299882, 0.00269794650376, 0.00192641501781, 0.00383376097307, 0.00182497862261, 0.00388912390918, 0.00608499487862, 0.00349184661172, 0.00975311733782, 0.0140958577394, 0.00923536811024, 0.0034144166857],
        "mean": [7.49059981899e-05, 0.00395923480392, 0.0066672693938, 0.00420645670965, 0.00555900717154, 0.00686100451276, 0.00132537970785, 0.000754724664148, 0.00078451418085, 0.000628834357485, 0.000450230989372, 0.000188950318261, 7.36239599064e-05, 5.39742068213e-05, 3.27268899127e-05, 3.09591123369e-05, 2.31459289353e-05, 2.34401068155e-05, 3.71313180949e-05, 4.36564696429e-05, 9.04931002879e-05, 0.000109835229523, 8.50719516166e-05, 0.000318669714034, 0.000300603860524, 0.000296005455311, 5.74281039007e-05],
        "median": [5.7826059674e-07, 0.000362588034477, 0.00168122141622, 0.00127166206948, 0.00267615448684, 0.0031301130075, 0.000443238706794, 0.000236987820244, 0.000154225999722, 0.00015887558402, 7.14935376891e-05, 3.65304367733e-05, 1.78596601472e-05, 1.40461215778e-05, 1.16177070595e-05, 6.65947572998e-06, 4.99489624417e-06, 1.10045275505e-05, 1.39380690598e-05, 1.36240487336e-05, 3.43880383298e-05, 4.11101245845e-05, 2.52580412052e-05, 9.53336420935e-05, 6.3448191213e-05, 2.61347067863e-05, 3.05425260194e-06],
        "min": [1.22215033048e-23, 2.3662280438e-23, 1.1755903399e-23, 5.27084198027e-24, 1.64225643851e-22, 1.04781592007e-22, 6.7226890426e-23, 5.28729951202e-23, 1.220278332e-22, 9.4072312969e-23, 1.35847858999e-23, 1.06319391144e-22, 9.50111079333e-23, 8.11824015083e-23, 8.82708531672e-23, 2.63859154833e-22, 1.9649899109e-22, 1.68150106947e-22, 2.74220344263e-22, 4.57077822466e-22, 4.79242617714e-22, 5.06834977938e-22, 8.00710429055e-22, 6.56671344494e-22, 1.13476750119e-21, 1.69460368308e-21, 2.4293002121e-21],
        "var": [3.42670915643e-07, 9.89980690065e-05, 0.000131364169647, 6.02726504439e-05, 7.49394457671e-05, 0.000117697047244, 5.58829196962e-06, 2.55985628428e-06, 6.59184752294e-06, 2.70143868875e-06, 3.18167099067e-06, 2.27473606174e-07, 2.63319392957e-08, 2.09842170307e-08, 1.08810835897e-08, 1.11641194067e-08, 4.56966287032e-09, 3.27692273316e-09, 7.62824825529e-09, 1.10898055183e-08, 3.49410171907e-08, 5.65927145146e-08, 3.65761749777e-08, 4.84085830976e-07, 5.73313457153e-07, 5.86214127907e-07, 3.20573647627e-08]
    },
    "erbbands": {
        "dmean": [0.0518650226295, 0.576215147972, 2.51359677315, 6.19682025909, 6.68286371231, 7.77441453934, 13.2696323395, 20.8296604156, 12.9724349976, 6.43237638474, 6.59716272354, 6.0239315033, 9.29735851288, 6.3820977211, 7.42070531845, 3.45583510399, 1.84074223042, 1.35513007641, 1.085688591, 0.985698401928, 0.702112495899, 0.608073711395, 0.65421384573, 0.584745168686, 1.41364455223, 1.46171927452, 1.65098798275, 2.89808535576, 2.54728078842, 2.19457602501, 2.07525587082, 4.59562969208, 5.15316295624, 3.03757715225, 2.19150352478, 1.74995064735, 0.719312250614, 0.128146529198, 0.0144815901294, 0.00044624961447],
        "dmean2": [0.0905908867717, 0.928051054478, 4.08825683594, 10.0720815659, 11.1374425888, 12.4143896103, 20.4156837463, 32.9420547485, 20.8148765564, 9.92349815369, 10.0405225754, 9.47556018829, 13.7409353256, 9.96685695648, 11.0719547272, 5.32689619064, 3.03765487671, 2.20654225349, 1.75763344765, 1.64099931717, 1.15676140785, 1.00049948692, 1.07375240326, 0.969386875629, 2.30383419991, 2.41895246506, 2.76416778564, 4.81953668594, 4.27644538879, 3.63760232925, 3.4860637188, 7.82427501678, 8.759349823, 4.94868850708, 3.61081218719, 3.01242113113, 1.26737689972, 0.223307222128, 0.0250907372683, 0.000768667843658],
        "dvar": [0.0825718343258, 4.65169620514, 52.1259384155, 297.753356934, 223.168106079, 273.39932251, 745.869506836, 2372.14355469, 934.05090332, 604.855957031, 542.954772949, 491.716644287, 1060.02404785, 1262.33117676, 1164.64343262, 252.944610596, 64.78125, 32.9371757507, 32.7509994507, 16.2918376923, 8.25888824463, 8.63628959656, 7.71881484985, 6.93795537949, 17.3433513641, 17.2396240234, 18.6508960724, 79.1780548096, 43.8472213745, 43.0128822327, 25.8989276886, 119.233848572, 150.819152832, 56.442276001, 27.2339191437, 14.0442342758, 2.47233891487, 0.0845624879003, 0.00135828542989, 1.40280326377e-06],
        "dvar2": [0.232019647956, 11.7691774368, 137.54574585, 762.097595215, 609.91418457, 660.12097168, 1700.95812988, 5849.81103516, 2454.70361328, 1409.00415039, 1182.80163574, 1129.34924316, 2247.95092773, 2876.43457031, 2782.57202148, 653.246704102, 173.535751343, 84.3483276367, 72.9743041992, 43.4878997803, 21.5105361938, 22.5578670502, 20.1195278168, 18.6700553894, 43.6065406799, 41.593788147, 48.2920227051, 201.350845337, 110.778617859, 104.338226318, 65.8609390259, 307.00567627, 379.193878174, 130.448394775, 65.4622116089, 36.239944458, 6.46070575714, 0.217220112681, 0.00343048130162, 3.52350821231e-06],
        "max": [3.90837025642, 33.9850082397, 92.7662353516, 210.513977051, 223.836242676, 486.602386475, 786.432922363, 1622.34143066, 595.203063965, 1075.23205566, 1031.58532715, 721.76171875, 1074.41650391, 1929.35827637, 1358.92944336, 781.860107422, 382.132720947, 243.275466919, 380.62890625, 144.862838745, 118.524452209, 136.022033691, 125.42490387, 113.179039001, 188.148864746, 101.955703735, 86.6133956909, 279.911132812, 125.296730042, 190.208526611, 109.587020874, 156.165313721, 181.310287476, 173.778167725, 115.52180481, 42.5976066589, 17.7083053589, 4.09872722626, 0.727694511414, 0.0215219855309],
        "mean": [0.0591075867414, 1.123295784, 5.94104337692, 13.6185855865, 14.588968277, 19.505771637, 34.5747833252, 53.7221603394, 33.0043640137, 15.1861457825, 18.1001224518, 15.4214525223, 23.7353687286, 14.6688737869, 15.4594478607, 7.77788591385, 3.96156048775, 2.80316090584, 2.19623923302, 2.02461218834, 1.49785149097, 1.17979073524, 1.32645702362, 1.12623083591, 2.27784562111, 2.22074961662, 2.98136353493, 4.22743082047, 3.80744481087, 2.84512329102, 2.64516472816, 5.32255363464, 5.69730377197, 3.35339260101, 2.18462944031, 1.37961220741, 0.533796787262, 0.0950806289911, 0.010820383206, 0.00036490734783],
        "median": [0.00589844817296, 0.147833228111, 1.43845200539, 4.35665988922, 5.727186203, 8.26278495789, 16.267665863, 22.6725444794, 8.95815372467, 5.54604578018, 5.37953567505, 4.1589756012, 5.35180902481, 4.2541179657, 3.30606126785, 1.76394939423, 1.01127696037, 0.716284275055, 0.771235644817, 0.606461465359, 0.349481940269, 0.363615721464, 0.609602928162, 0.481616556644, 0.831681132317, 0.679676771164, 1.18817484379, 1.46717119217, 1.41733956337, 0.93284457922, 0.848612070084, 1.82227325439, 1.46101653576, 0.742303729057, 0.407382428646, 0.164249747992, 0.037896156311, 0.00599807035178, 0.000595727353357, 6.69926375849e-05],
        "min": [3.47319477402e-22, 6.7002732255e-21, 1.39869149155e-20, 2.18452922935e-20, 7.19435426383e-20, 4.65806082444e-19, 1.86870626249e-18, 3.29648663949e-19, 5.94203021678e-19, 1.39857485262e-18, 1.4265090521e-18, 2.48065427286e-18, 3.80588198659e-18, 1.19605880819e-18, 2.06798792733e-18, 4.0222058468e-18, 4.16813415533e-18, 3.8645729326e-18, 4.46661235321e-18, 7.42668148395e-18, 1.60124597274e-17, 1.03980987055e-17, 8.70956168622e-18, 1.51030292378e-17, 1.19993913312e-17, 1.79932578551e-17, 1.98940246041e-17, 2.22747182359e-17, 1.94258387231e-17, 1.3814797177e-17, 2.57645436094e-17, 1.54846308155e-17, 1.22011208303e-17, 1.03565138546e-17, 8.63512287572e-18, 6.08168539435e-18, 3.19558109962e-18, 1.16955656175e-18, 3.02945516017e-19, 4.00847976681e-20],
        "var": [0.0530756786466, 6.14423942566, 92.0274963379, 532.43572998, 490.436920166, 1238.52661133, 3153.2902832, 8732.79589844, 3497.04467773, 1524.80407715, 2901.11376953, 1735.55151367, 3594.97607422, 2717.2565918, 2568.88842773, 355.061126709, 84.7162017822, 52.6087265015, 46.0351982117, 33.5706787109, 16.3472309113, 11.618478775, 10.5107069016, 9.58645057678, 26.9219970703, 30.9527816772, 32.2261505127, 103.518714905, 57.426361084, 49.7924880981, 33.1905136108, 122.683700562, 170.515930176, 72.7851791382, 30.9180183411, 12.1111707687, 2.05582594872, 0.0712921917439, 0.00116624543443, 1.20680158489e-06]
    },
    "gfcc": {
        "mean": [-62.555644989, 70.638671875, -45.8973388672, 9.45199680328, -81.3442230225, 8.31096172333, -41.2416038513, 0.922945976257, -34.3804779053, -0.922393858433, -18.3122787476, -1.06941795349, -7.93711471558],
        "cov": [[25695.9238281, -2337.25073242, -1774.59631348, 333.917388916, -1311.09997559, 496.939300537, -1288.96569824, -79.6337966919, -700.538757324, 269.080474854, -719.929382324, -113.046234131, -452.496917725], [-2337.25073242, 6178.05322266, 1970.5078125, -70.0060424805, 635.778686523, -128.050201416, 658.176269531, -232.135223389, 195.348953247, -459.874542236, 275.345397949, -263.396118164, 247.538467407], [-1774.59631348, 1970.5078125, 2171.79785156, 313.428161621, 593.895019531, 0.525961518288, 360.415588379, 5.94713830948, 77.4536895752, -87.1137542725, 47.4551963806, -84.4416351318, 80.8740692139], [333.917388916, -70.0060424805, 313.428161621, 656.463317871, 197.184555054, 203.852508545, -12.5144834518, 113.929840088, 56.3287811279, 74.5285263062, -56.7083320618, -59.6730270386, 0.381863564253], [-1311.09997559, 635.778686523, 593.895019531, 197.184555054, 508.06854248, 140.603103638, 221.031768799, 95.857208252, 116.941589355, 2.98238968849, 22.2548828125, -29.2338657379, 11.521282196], [496.939300537, -128.050201416, 0.525961518288, 203.852508545, 140.603103638, 322.234741211, 68.3623809814, 131.772109985, 51.9783668518, 49.5447463989, -53.1363754272, -19.5338249207, -31.0478973389], [-1288.96569824, 658.176269531, 360.415588379, -12.5144834518, 221.031768799, 68.3623809814, 305.179962158, 76.8596038818, 74.8649291992, -41.9326019287, 42.9355659485, -29.6096839905, 19.8187255859], [-79.6337966919, -232.135223389, 5.94713830948, 113.929840088, 95.857208252, 131.772109985, 76.8596038818, 188.134811401, 75.3196105957, 45.2032394409, -33.9294891357, -16.1675453186, -30.6488437653], [-700.538757324, 195.348953247, 77.4536895752, 56.3287811279, 116.941589355, 51.9783668518, 74.8649291992, 75.3196105957, 145.388473511, 22.6611270905, 3.0598385334, -20.4721984863, 0.965791344643], [269.080474854, -459.874542236, -87.1137542725, 74.5285263062, 2.98238968849, 49.5447463989, -41.9326019287, 45.2032394409, 22.6611270905, 120.516586304, -10.8748445511, 23.5979442596, -25.5860424042], [-719.929382324, 275.345397949, 47.4551963806, -56.7083320618, 22.2548828125, -53.1363754272, 42.9355659485, -33.9294891357, 3.0598385334, -10.8748445511, 123.232170105, 25.3225765228, 37.5900535583], [-113.046234131, -263.396118164, -84.4416351318, -59.6730270386, -29.2338657379, -19.5338249207, -29.6096839905, -16.1675453186, -20.4721984863, 23.5979442596, 25.3225765228, 91.7677612305, 13.5004920959], [-452.496917725, 247.538467407, 80.8740692139, 0.381863564253, 11.521282196, -31.0478973389, 19.8187255859, -30.6488437653, 0.965791344643, -25.5860424042, 37.5900535583, 13.5004920959, 80.6065063477]],
        "icov": [[8.61763692228e-05, -9.12295217859e-05, 1.94480417122e-05, 6.58175531498e-06, 0.000137335096952, -0.000182189134648, 0.000303902226733, -0.000147797472891, 0.000432701548561, -0.000286925205728, 0.000337479723385, -1.9548837372e-05, 0.000273293291684], [-9.12295217859e-05, 0.000628131150734, -0.000298472383292, 8.95684570423e-05, -0.000184384247405, -8.02971917437e-05, -0.000670239678584, 0.00100983784068, -0.00120666343719, 0.00149592745584, -0.00110011035576, 0.00112496304791, -0.000783961382695], [1.94480417122e-05, -0.000298472383292, 0.0010384991765, -0.000479156587971, -0.000812194484752, 0.00069649197394, -0.000497593195178, -7.04216145095e-05, 0.000850168173201, -0.000578080886044, 0.000767835939769, -0.000341522012604, -2.85314235953e-05], [6.58175531498e-06, 8.95684570423e-05, -0.000479156587971, 0.00289473123848, -0.000722327094991, -0.00137474364601, 0.00167957798112, -0.000868067960255, 0.000189307451365, -0.0011233414989, 3.54293151759e-05, 0.00214050663635, -0.00167424429674], [0.000137335096952, -0.000184384247405, -0.000812194484752, -0.000722327094991, 0.00493052974343, -0.00137760350481, -0.00128614029381, 5.55397036806e-06, -0.00128498626873, -0.00042762196972, -2.42931273533e-05, -0.00107634370215, 0.0013097403571], [-0.000182189134648, -8.02971917437e-05, 0.00069649197394, -0.00137474364601, -0.00137760350481, 0.00629479205236, -0.00177878711838, -0.00208844640292, 0.000189189537195, -0.000643885403406, 0.0013091659639, -0.000921903236303, 0.000133580091642], [0.000303902226733, -0.000670239678584, -0.000497593195178, 0.00167957798112, -0.00128614029381, -0.00177878711838, 0.00892753433436, -0.0040343478322, 0.0012135367142, 0.00036689179251, -0.000792552658822, 0.000808249227703, 0.000361403654097], [-0.000147797472891, 0.00100983784068, -7.04216145095e-05, -0.000868067960255, 5.55397036806e-06, -0.00208844640292, -0.0040343478322, 0.0123830735683, -0.00522370124236, 0.000480833288748, 5.40783184988e-05, 0.0010658291867, 0.00105050357524], [0.000432701548561, -0.00120666343719, 0.000850168173201, 0.000189307451365, -0.00128498626873, 0.000189189537195, 0.0012135367142, -0.00522370124236, 0.0140038402751, -0.00529781822115, 0.00239800498821, 0.000881665910129, 0.000137349925353], [-0.000286925205728, 0.00149592745584, -0.000578080886044, -0.0011233414989, -0.00042762196972, -0.000643885403406, 0.00036689179251, 0.000480833288748, -0.00529781822115, 0.0165509805083, -0.00406943587586, -0.00197693589143, 0.00183235888835], [0.000337479723385, -0.00110011035576, 0.000767835939769, 3.54293151759e-05, -2.42931273533e-05, 0.0013091659639, -0.000792552658822, 5.40783184988e-05, 0.00239800498821, -0.00406943587586, 0.0141470525414, -0.00401268946007, -0.00202023051679], [-1.9548837372e-05, 0.00112496304791, -0.000341522012604, 0.00214050663635, -0.00107634370215, -0.000921903236303, 0.000808249227703, 0.0010658291867, 0.000881665910129, -0.00197693589143, -0.00401268946007, 0.0176289565861, -0.00494606094435], [0.000273293291684, -0.000783961382695, -2.85314235953e-05, -0.00167424429674, 0.0013097403571, 0.000133580091642, 0.000361403654097, 0.00105050357524, 0.000137349925353, 0.00183235888835, -0.00202023051679, -0.00494606094435, 0.0189094953239]]
    },
    "melbands": {
        "dmean": [0.000568006013054, 0.00108287355397, 0.00104149838444, 0.000493527099025, 0.000420086638769, 0.000475537584862, 0.000184771080967, 6.75035989843e-05, 5.42708403373e-05, 3.85284329241e-05, 4.65117409476e-05, 2.54507085629e-05, 3.02143071167e-05, 1.03381407826e-05, 7.14187854101e-06, 3.35700860887e-06, 2.66650999947e-06, 1.96893756765e-06, 1.21803122966e-06, 1.36475659929e-06, 8.25737288324e-07, 6.55051280773e-07, 7.77956813636e-07, 4.49358566357e-07, 4.71844145977e-07, 1.02050205442e-06, 9.50757282681e-07, 1.07940672933e-06, 9.59180738391e-07, 1.32139177822e-06, 1.85006047104e-06, 1.56396492912e-06, 1.38147845519e-06, 1.11893950816e-06, 9.99646658784e-07, 1.78446600785e-06, 3.36282778335e-06, 3.94339258492e-06, 2.98223267237e-06, 2.45885576078e-06],
        "dmean2": [0.000956177595071, 0.00169431371614, 0.00170205766335, 0.000799509638455, 0.000645706139039, 0.000746028963476, 0.000298302911688, 0.000104012411612, 8.22846050141e-05, 5.98289843765e-05, 6.87007486704e-05, 3.98492193199e-05, 4.51350897492e-05, 1.56920905283e-05, 1.1588776033e-05, 5.53597828912e-06, 4.35304355051e-06, 3.21925290336e-06, 2.01400939659e-06, 2.27587361223e-06, 1.3520103721e-06, 1.08453332359e-06, 1.27554130813e-06, 7.55682890485e-07, 7.8788701785e-07, 1.68007522916e-06, 1.56458531819e-06, 1.79543519607e-06, 1.6111127934e-06, 2.2336416805e-06, 3.07294999402e-06, 2.62124353867e-06, 2.33204423239e-06, 1.85489795967e-06, 1.68559802205e-06, 3.03231513499e-06, 5.74929208597e-06, 6.77337220623e-06, 5.00111673318e-06, 3.9856759031e-06],
        "dvar": [7.20903608453e-06, 9.33215414989e-06, 7.60387547416e-06, 1.06671075173e-06, 6.87623639806e-07, 1.13007558866e-06, 1.8774471755e-07, 5.84785517788e-08, 4.70080152581e-08, 1.98690823794e-08, 2.70300208882e-08, 1.8439973104e-08, 2.14436930435e-08, 1.16870590983e-09, 2.7232824884e-09, 1.04425974812e-10, 1.411759043e-10, 9.15733253115e-11, 3.97093052884e-11, 3.44978004496e-11, 1.05465488773e-11, 9.18858478888e-12, 1.06476424899e-11, 3.70601119237e-12, 4.96202514841e-12, 9.42010185134e-12, 8.29059911001e-12, 9.84040019608e-12, 6.83220624173e-12, 1.35963202502e-11, 3.46494950787e-11, 1.70958681239e-11, 1.4431134239e-11, 1.15832525863e-11, 7.15322159145e-12, 1.86363129789e-11, 6.76393455135e-11, 9.17780157428e-11, 5.35385139e-11, 3.97874025393e-11],
        "dvar2": [1.95791908482e-05, 2.27501823247e-05, 1.98198504222e-05, 2.6400139177e-06, 1.59724925197e-06, 2.78737479675e-06, 4.99887050864e-07, 1.33389036705e-07, 9.80136078965e-08, 4.56594406728e-08, 5.71890410583e-08, 4.14960545925e-08, 4.8954717613e-08, 2.85287993229e-09, 7.38585148596e-09, 2.78859602076e-10, 3.67087610309e-10, 2.02837274754e-10, 1.04617037255e-10, 9.16798650885e-11, 2.73384578864e-11, 2.41123024325e-11, 2.73003477463e-11, 9.55928131791e-12, 1.34972215696e-11, 2.45931521675e-11, 2.03915651725e-11, 2.36185099256e-11, 1.78542874929e-11, 3.48263258509e-11, 8.83240355853e-11, 4.32599581157e-11, 3.66700107779e-11, 2.82418845254e-11, 1.85338272507e-11, 4.8374769468e-11, 1.74527142738e-10, 2.34162689239e-10, 1.31358021682e-10, 9.15817699454e-11],
        "max": [0.0361339971423, 0.0375846885145, 0.0354668721557, 0.0344637073576, 0.0222698375583, 0.0315115600824, 0.00874633807689, 0.0108073893934, 0.0113676916808, 0.00481621455401, 0.00534008303657, 0.00713483290747, 0.00534673547372, 0.00158346386161, 0.00292984303087, 0.000384848302929, 0.000504530209582, 0.000607229885645, 0.000377261923859, 0.000248724594712, 0.000119119184092, 0.000149075480294, 0.000140109361382, 7.85946322139e-05, 9.21276441659e-05, 0.000150405001477, 9.17767029023e-05, 8.58955900185e-05, 6.84570259182e-05, 6.93774418323e-05, 0.000199762129341, 8.80758379935e-05, 6.85962149873e-05, 9.21671526157e-05, 7.7711083577e-05, 7.41429175832e-05, 0.00011971827189, 0.0001314690453, 0.00013904061052, 0.00015734169574],
        "mean": [0.000822118367068, 0.00270681222901, 0.00235279020853, 0.00123500241898, 0.00114940793719, 0.00127446220722, 0.000452009116998, 0.000155652625836, 0.000155135217938, 9.57801457844e-05, 0.000117405645142, 5.60074113309e-05, 6.09621856711e-05, 2.33035189012e-05, 1.39425474117e-05, 6.77865273246e-06, 5.01371732753e-06, 3.76735897589e-06, 2.36857545133e-06, 2.67024620371e-06, 1.64395055435e-06, 1.20130130199e-06, 1.35749496621e-06, 9.54185338742e-07, 8.09578978078e-07, 1.64864945873e-06, 1.35202810725e-06, 1.54797635332e-06, 1.69444285802e-06, 2.09717927646e-06, 2.52128279499e-06, 2.35060110754e-06, 1.80136453309e-06, 1.38799452998e-06, 1.27879081901e-06, 2.16004173126e-06, 3.76474167751e-06, 4.34427647633e-06, 3.20745857607e-06, 2.69516021945e-06],
        "median": [7.6201671618e-05, 0.00061582098715, 0.000907392182853, 0.000492147984914, 0.000608108588494, 0.000541625486221, 0.000110817272798, 4.8561647418e-05, 4.01175129809e-05, 2.37802014453e-05, 2.42501373577e-05, 1.60799463629e-05, 1.04252230813e-05, 5.47021863895e-06, 2.83613007923e-06, 1.44531304613e-06, 1.13597343443e-06, 1.21998903069e-06, 7.99903546067e-07, 6.31548061847e-07, 2.94150140689e-07, 2.72943964319e-07, 5.49293076801e-07, 4.47069510301e-07, 2.72676572877e-07, 6.40804273644e-07, 3.9566691612e-07, 4.11846372117e-07, 6.51659036066e-07, 7.91171544279e-07, 7.70436145103e-07, 8.37309926283e-07, 6.35726792098e-07, 4.00253782118e-07, 3.69022188806e-07, 7.62121658227e-07, 1.20197876186e-06, 1.11606595965e-06, 6.89377714025e-07, 5.52304982193e-07],
        "min": [6.15840397866e-24, 8.29845779121e-24, 4.24984218761e-24, 1.32564667243e-23, 5.84231837911e-23, 1.02166630124e-23, 1.03726279131e-23, 1.47050172947e-23, 1.23064857124e-23, 1.66273624579e-23, 1.92101656368e-23, 5.17205845114e-24, 4.51831955822e-24, 1.09238570924e-23, 1.25899321131e-23, 6.83780767227e-24, 7.56610457035e-24, 7.24517623259e-24, 6.5922187064e-24, 1.58639612496e-23, 1.84846092415e-23, 1.08682053221e-23, 7.49674160868e-24, 8.86442683652e-24, 1.32332884132e-23, 7.82012567045e-24, 9.91765633033e-24, 1.29349814508e-23, 1.40654136059e-23, 1.02345338673e-23, 1.42828047387e-23, 1.15775127605e-23, 8.2318518984e-24, 6.64661145467e-24, 1.42774199742e-23, 1.48016480224e-23, 8.29114978379e-24, 9.02259818119e-24, 7.73255185477e-24, 9.13783182678e-24],
        "var": [5.79697507419e-06, 1.85403714568e-05, 1.36167109304e-05, 5.08952552991e-06, 2.85190617433e-06, 4.41989413957e-06, 6.78953483657e-07, 1.56657037564e-07, 3.01996408325e-07, 6.44118074433e-08, 9.11678412763e-08, 4.0312460925e-08, 4.89557869798e-08, 2.79174972029e-09, 2.59745491782e-09, 2.24183574482e-10, 1.96492419557e-10, 1.35202987694e-10, 4.63584066968e-11, 7.66795932305e-11, 2.11370487085e-11, 1.28613040357e-11, 1.34638931948e-11, 5.51594273729e-12, 6.67865892798e-12, 1.28987853384e-11, 1.23890914888e-11, 1.78614397578e-11, 1.18947829017e-11, 1.89447346699e-11, 4.38419925364e-11, 2.27824911714e-11, 1.62741781856e-11, 1.33287504298e-11, 9.49307559645e-12, 2.00506156817e-11, 6.7260891301e-11, 9.87621928683e-11, 6.33931657168e-11, 5.13425517379e-11]
    },
    "mfcc": {
        "mean": [-717.12701416, 112.151603699, 65.9566802979, 7.09267282486, -7.71439838409, -3.43393087387, -0.763985037804, -7.29617738724, -3.98338389397, -7.51617336273, -10.7977561951, -5.38358688354, -8.18604469299],
        "cov": [[12225.5253906, -413.42791748, -566.071655273, -879.664001465, -327.040924072, -50.9510917664, -154.330581665, -441.045440674, -212.993286133, -253.599472046, -141.438919067, -25.9568099976, -229.833679199], [-413.42791748, 3599.78833008, 1259.54858398, 520.170776367, 259.914733887, 229.59274292, 220.873260498, 282.801940918, 136.22644043, 13.2257528305, -64.7112426758, -0.919273674488, 31.649892807], [-566.071655273, 1259.54858398, 1256.22265625, 581.207580566, 309.822784424, 179.438034058, 177.311737061, 137.93258667, 113.648666382, 85.7870788574, -15.9846277237, -53.7745895386, 13.688375473], [-879.664001465, 520.170776367, 581.207580566, 563.955505371, 309.623931885, 156.28578186, 128.787353516, 90.7339935303, 101.556983948, 116.017959595, 36.5470123291, -7.87640190125, 15.5838823318], [-327.040924072, 259.914733887, 309.822784424, 309.623931885, 404.746490479, 191.717025757, 116.891395569, 99.4007644653, 123.048797607, 133.100479126, 60.8830566406, 31.9147338867, 28.313829422], [-50.9510917664, 229.59274292, 179.438034058, 156.28578186, 191.717025757, 225.175582886, 116.194129944, 83.3479385376, 95.1416854858, 81.7701263428, 48.2087669373, 23.961566925, 23.0236167908], [-154.330581665, 220.873260498, 177.311737061, 128.787353516, 116.891395569, 116.194129944, 208.357772827, 116.994613647, 78.3681411743, 76.920791626, 32.0182647705, 28.5409450531, 25.0379867554], [-441.045440674, 282.801940918, 137.93258667, 90.7339935303, 99.4007644653, 83.3479385376, 116.994613647, 198.826141357, 120.476509094, 76.5022354126, 57.5796737671, 34.5644226074, 23.0407352448], [-212.993286133, 136.22644043, 113.648666382, 101.556983948, 123.048797607, 95.1416854858, 78.3681411743, 120.476509094, 181.576583862, 112.612571716, 65.0282058716, 33.2705955505, 7.02767324448], [-253.599472046, 13.2257528305, 85.7870788574, 116.017959595, 133.100479126, 81.7701263428, 76.920791626, 76.5022354126, 112.612571716, 170.792160034, 69.8720626831, 32.0629768372, 8.93669128418], [-141.438919067, -64.7112426758, -15.9846277237, 36.5470123291, 60.8830566406, 48.2087669373, 32.0182647705, 57.5796737671, 65.0282058716, 69.8720626831, 112.478713989, 42.6193351746, 9.75033855438], [-25.9568099976, -0.919273674488, -53.7745895386, -7.87640190125, 31.9147338867, 23.961566925, 28.5409450531, 34.5644226074, 33.2705955505, 32.0629768372, 42.6193351746, 90.8695373535, 21.741350174], [-229.833679199, 31.649892807, 13.688375473, 15.5838823318, 28.313829422, 23.0236167908, 25.0379867554, 23.0407352448, 7.02767324448, 8.93669128418, 9.75033855438, 21.741350174, 82.5416488647]],
