{
"lowlevel": {
    "average_loudness": 0.80946457386,
    "barkbands_crest": {
        "dmean": 1.78317630291,
        "dmean2": 2.77745270729,
        "dvar": 3.36999773979,
        "dvar2": 7.89857721329,
        "max": 25.4060249329,
        "mean": 9.16411495209,
        "median": 8.53521537781,
        "min": 2.25399041176,
        "var": 14.9763622284
    },
    "barkbands_flatness_db": {
        "dmean": 0.0224161464721,
        "dmean2": 0.0303725786507,
        "dvar": 0.000557386898436,
        "dvar2": 0.00103652104735,
        "max": 0.313623964787,
        "mean": 0.121377103031,
        "median": 0.11794578284,
        "min": 0.021715471521,
        "var": 0.00216364720836
    },
    "barkbands_kurtosis": {
        "dmean": 3.38357043266,
        "dmean2": 4.8557343483,
        "dvar": 22.2170009613,
        "dvar2": 47.2096252441,
        "max": 80.8633041382,
        "mean": 6.48620080948,
        "median": 4.48947286606,
        "min": -1.88816070557,
        "var": 61.1502380371
    },
    "barkbands_skewness": {
        "dmean": 0.574128627777,
        "dmean2": 0.817005336285,
        "dvar": 0.407741904259,
        "dvar2": 0.840760111809,
        "max": 7.65084934235,
        "mean": 1.79746520519,
        "median": 1.9839951992,
        "min": -3.94343614578,
        "var": 2.12460017204
    },
    "barkbands_spread": {
        "dmean": 9.15106773376,
        "dmean2": 12.883441925,
        "dvar": 136.17388916,
        "dvar2": 274.811126709,
        "max": 112.80254364,
        "mean": 25.714006424,
        "median": 18.9561634064,
        "min": 1.60791730881,
        "var": 373.543029785
    },
    "dissonance": {
        "dmean": 0.0153486421332,
        "dmean2": 0.0245777759701,
        "dvar": 0.000265594571829,
        "dvar2": 0.000656987191178,
        "max": 0.500000059605,
        "mean": 0.462130576372,
        "median": 0.469145536423,
        "min": 0.284346342087,
        "var": 0.000906951667275
    },
    "dynamic_complexity": 3.9550178051,
    "erbbands_crest": {
        "dmean": 1.8603965044,
        "dmean2": 2.79999256134,
        "dvar": 4.00368213654,
        "dvar2": 8.22510242462,
        "max": 32.2141265869,
        "mean": 9.0360250473,
        "median": 7.85872793198,
        "min": 2.24344658852,
        "var": 21.5174179077
    },
    "erbbands_flatness_db": {
        "dmean": 0.0176845602691,
        "dmean2": 0.0243897624314,
        "dvar": 0.000406160426792,
        "dvar2": 0.000792508828454,
        "max": 0.323515295982,
        "mean": 0.132763653994,
        "median": 0.123973302543,
        "min": 0.0478646419942,
        "var": 0.00179103109986
    },
    "erbbands_kurtosis": {
        "dmean": 1.30987977982,
        "dmean2": 1.91042029858,
        "dvar": 3.49683952332,
        "dvar2": 7.40820360184,
        "max": 33.4136505127,
        "mean": 1.23750221729,
        "median": 0.497817754745,
        "min": -1.78515827656,
        "var": 9.33706378937
    },
    "erbbands_skewness": {
        "dmean": 0.449677735567,
        "dmean2": 0.628538966179,
        "dvar": 0.25829321146,
        "dvar2": 0.514110863209,
        "max": 5.31005811691,
        "mean": 0.752099752426,
        "median": 0.894871592522,
        "min": -2.28684782982,
        "var": 1.23651111126
    },
    "erbbands_spread": {
        "dmean": 11.2738676071,
        "dmean2": 16.1248626709,
        "dvar": 165.942092896,
        "dvar2": 355.483642578,
        "max": 154.946548462,
        "mean": 49.6434860229,
        "median": 48.8127708435,
        "min": 5.39630556107,
        "var": 575.850585938
    },
    "hfc": {
        "dmean": 15.3305673599,
        "dmean2": 21.282087326,
        "dvar": 889.753112793,
        "dvar2": 1835.50830078,
        "max": 575.451660156,
        "mean": 26.0535869598,
        "median": 14.8353862762,
        "min": 1.18185461574e-16,
        "var": 1414.22924805
    },
    "melbands_crest": {
        "dmean": 2.14487576485,
        "dmean2": 3.43753790855,
        "dvar": 4.91674566269,
        "dvar2": 11.9149103165,
        "max": 32.4549560547,
        "mean": 12.2628793716,
        "median": 11.7846469879,
        "min": 1.86271524429,
        "var": 22.9466609955
    },
    "melbands_flatness_db": {
        "dmean": 0.0278855413198,
        "dmean2": 0.0373366884887,
        "dvar": 0.000945551553741,
        "dvar2": 0.00179711985402,
        "max": 0.370284706354,
        "mean": 0.169163033366,
        "median": 0.173904180527,
        "min": 0.00550436740741,
        "var": 0.00492459628731
    },
    "melbands_kurtosis": {
        "dmean": 6.85682153702,
        "dmean2": 10.1973628998,
        "dvar": 86.1977767944,
        "dvar2": 184.624893188,
        "max": 137.414535522,
        "mean": 19.2473621368,
        "median": 15.335647583,
        "min": -1.78375983238,
        "var": 305.249786377
    },
    "melbands_skewness": {
        "dmean": 0.637229681015,
        "dmean2": 0.954651415348,
        "dvar": 0.502330482006,
        "dvar2": 1.09502506256,
        "max": 9.9039516449,
        "mean": 3.05780363083,
        "median": 3.05311560631,
        "min": -1.33259212971,
        "var": 2.79215145111
    },
    "melbands_spread": {
        "dmean": 10.160443306,
        "dmean2": 14.9258775711,
        "dvar": 256.081268311,
        "dvar2": 534.398132324,
        "max": 213.787750244,
        "mean": 27.7754516602,
        "median": 14.8715810776,
        "min": 1.69720113277,
        "var": 925.021179199
    },
    "pitch_salience": {
        "dmean": 0.0521998144686,
        "dmean2": 0.082717359066,
        "dvar": 0.00272493739612,
        "dvar2": 0.00629964005202,
        "max": 0.851030826569,
        "mean": 0.615619361401,
        "median": 0.631409645081,
        "min": 0.131092190742,
        "var": 0.0139201274142
    },
    "silence_rate_20dB": {
        "dmean": 0,
        "dmean2": 0,
        "dvar": 0,
        "dvar2": 0,
        "max": 1,
        "mean": 1,
        "median": 1,
        "min": 1,
        "var": 0
    },
    "silence_rate_30dB": {
        "dmean": 0,
        "dmean2": 0,
        "dvar": 0,
        "dvar2": 0,
        "max": 1,
        "mean": 1,
        "median": 1,
        "min": 1,
        "var": 0
    },
    "silence_rate_60dB": {
        "dmean": 0.0330127365887,
        "dmean2": 0.0660297647119,
        "dvar": 0.031926035881,
        "dvar2": 0.0688074082136,
        "max": 1,
        "mean": 0.133991807699,
        "median": 0,
        "min": 0,
        "var": 0.116032555699
    },
    "spectral_centroid": {
        "dmean": 347.956512451,
        "dmean2": 491.478424072,
        "dvar": 202179.125,
        "dvar2": 391052.59375,
        "max": 10972.5429688,
        "mean": 1496.31079102,
        "median": 1078.29467773,
        "min": 271.897003174,
        "var": 1066595
    },
    "spectral_complexity": {
        "dmean": 5.48466348648,
        "dmean2": 7.59433269501,
        "dvar": 48.2819252014,
        "dvar2": 85.5247802734,
        "max": 58,
        "mean": 15.0038337708,
        "median": 12,
        "min": 0,
        "var": 117.701911926
    },
    "spectral_decrease": {
        "dmean": 1.26571053638e-09,
        "dmean2": 1.8614209063e-09,
        "dvar": 2.99284161302e-18,
        "dvar2": 6.30692336642e-18,
        "max": 3.27827764934e-11,
        "mean": -5.43090017402e-09,
        "median": -4.83259299244e-09,
        "min": -2.58646988271e-08,
        "var": 1.78200578153e-17
    },
    "spectral_energy": {
        "dmean": 0.00562480837107,
        "dmean2": 0.00807695370167,
        "dvar": 5.29511198692e-05,
        "dvar2": 0.000108528067358,
        "max": 0.101799353957,
        "mean": 0.0228607207537,
        "median": 0.0202062875032,
        "min": 1.06029739595e-20,
        "var": 0.000303279783111
    },
    "spectral_energyband_high": {
        "dmean": 0.00152495654766,
        "dmean2": 0.00216148211621,
        "dvar": 8.32593013911e-06,
        "dvar2": 1.75539989868e-05,
        "max": 0.0461392626166,
        "mean": 0.00194729224313,
        "median": 0.000653761497233,
        "min": 7.79279261827e-21,
        "var": 1.19632277347e-05
    },
    "spectral_energyband_low": {
        "dmean": 0.00116313737817,
        "dmean2": 0.00184035988059,
        "dvar": 4.22736957262e-06,
        "dvar2": 1.06553461592e-05,
        "max": 0.0606439076364,
        "mean": 0.00310368300416,
        "median": 0.00223954953253,
        "min": 3.63730068772e-23,
        "var": 1.02857302409e-05
    },
    "spectral_energyband_middle_high": {
        "dmean": 0.000786356278695,
        "dmean2": 0.00110485544428,
        "dvar": 1.45691285525e-06,
        "dvar2": 3.15066426992e-06,
        "max": 0.0235449597239,
        "mean": 0.00199046195485,
        "median": 0.00156095158309,
        "min": 1.39585738821e-21,
        "var": 3.42790053764e-06
    },
    "spectral_energyband_middle_low": {
        "dmean": 0.00415043812245,
        "dmean2": 0.00622898573056,
        "dvar": 3.69615408999e-05,
        "dvar2": 7.88789911894e-05,
        "max": 0.0987919792533,
        "mean": 0.0166747961193,
        "median": 0.0134155796841,
        "min": 4.61913476706e-22,
        "var": 0.000220330970478
    },
    "spectral_entropy": {
        "dmean": 0.201649308205,
        "dmean2": 0.270082503557,
        "dvar": 0.0547250658274,
        "dvar2": 0.108396679163,
        "max": 9.82254695892,
        "mean": 7.79346561432,
        "median": 7.86800527573,
        "min": 5.86317920685,
        "var": 0.209658637643
    },
    "spectral_flux": {
        "dmean": 0.0192441958934,
        "dmean2": 0.0277877617627,
        "dvar": 0.00051827786956,
        "dvar2": 0.00111695018131,
        "max": 0.248325541615,
        "mean": 0.058294031769,
        "median": 0.0500829480588,
        "min": 1.02970743043e-10,
        "var": 0.00133768573869
    },
    "spectral_kurtosis": {
        "dmean": 0.776459753513,
        "dmean2": 1.27306270599,
        "dvar": 1.35280287266,
        "dvar2": 3.27199792862,
        "max": 21.600402832,
        "mean": 2.6669318676,
        "median": 2.24381542206,
        "min": -1.19877171516,
        "var": 2.53899502754
    },
    "spectral_rms": {
        "dmean": 0.000578477513045,
        "dmean2": 0.000807742937468,
        "dvar": 4.43520320914e-07,
        "dvar2": 8.66419213708e-07,
        "max": 0.00996576342732,
        "mean": 0.00427880743518,
        "median": 0.00443998305127,
        "min": 3.21626557852e-12,
        "var": 3.99480859414e-06
    },
    "spectral_rolloff": {
        "dmean": 1132.10778809,
        "dmean2": 1734.85913086,
        "dvar": 3441764.5,
        "dvar2": 6939132,
        "max": 19638.28125,
        "mean": 2571.98022461,
        "median": 775.1953125,
        "min": 193.798828125,
        "var": 10075118
    },
    "spectral_skewness": {
        "dmean": 0.159024357796,
        "dmean2": 0.244674041867,
        "dvar": 0.0390056408942,
        "dvar2": 0.0843500867486,
        "max": 3.46846199036,
        "mean": 1.3032784462,
        "median": 1.22226953506,
        "min": 0.0186099484563,
        "var": 0.116082347929
    },
    "spectral_spread": {
        "dmean": 695288.4375,
        "dmean2": 1008277.1875,
        "dvar": 814262648832,
        "dvar2": 1.66615986995e+12,
        "max": 40891884,
        "mean": 6187322.5,
        "median": 5915076.5,
        "min": 2097231,
        "var": 2.81710454374e+12
    },
    "spectral_strongpeak": {
        "dmean": 0.340001553297,
        "dmean2": 0.551555514336,
        "dvar": 0.259363293648,
        "dvar2": 0.589604318142,
        "max": 8.63019371033,
        "mean": 1.13069438934,
        "median": 0.816682398319,
        "min": 1.43564038435e-09,
        "var": 1.09099900723
    },
    "zerocrossingrate": {
        "dmean": 0.0228173434734,
        "dmean2": 0.0244589652866,
        "dvar": 0.000528434407897,
        "dvar2": 0.000681512523443,
        "max": 0.59228515625,
        "mean": 0.100079029799,
        "median": 0.078125,
        "min": 0.00927734375,
        "var": 0.00559428846464
    },
    "barkbands": {
        "dmean": [5.75988360652e-06, 0.000362022896297, 0.000663263781462, 0.000727333768737, 0.00158883095719, 0.00185118056834, 0.000743629876524, 0.000930245092604, 0.000310007686494, 0.000147060054587, 0.000112198002171, 0.000105140941741, 6.59384822939e-05, 6.03351727477e-05, 5.40557703061e-05, 6.01414321864e-05, 9.02344909264e-05, 0.000125862294226, 0.0001782381878, 0.000248553260462, 0.000317071127938, 0.000237304062466, 0.000116410912597, 0.000252964615356, 0.000190254751942, 0.000248210359132, 9.90884655039e-05],
        "dmean2": [9.87559906207e-06, 0.000565817987081, 0.00107526569627, 0.00120945915114, 0.00250399508514, 0.00287071964704, 0.00117803062312, 0.00129820534494, 0.000503018382005, 0.000228607357712, 0.000183175754501, 0.000157550864969, 0.000104188162368, 9.55557843554e-05, 8.57704362716e-05, 9.36529686442e-05, 0.000139708921779, 0.000195352418814, 0.000269854499493, 0.00037506344961, 0.000475777342217, 0.00035290067899, 0.000167823745869, 0.000368981709471, 0.000266285293037, 0.000374895433197, 0.000147314058268],
        "dvar": [5.89480186886e-10, 8.28110387374e-07, 1.34471201818e-06, 1.59515059295e-06, 6.23575624559e-06, 1.09346956378e-05, 2.37283666138e-06, 8.34091042634e-06, 1.90055277471e-06, 3.67762936548e-07, 6.08804597846e-08, 5.29834203178e-08, 1.15061276063e-08, 1.59508086739e-08, 9.43386879726e-09, 1.04487511976e-08, 2.48589415719e-08, 5.71744998012e-08, 9.97654225898e-08, 2.08423657e-07, 3.35611844093e-07, 1.83204988957e-07, 4.01437709741e-08, 2.64496378577e-07, 2.83530539491e-07, 4.24497073936e-07, 1.48767867358e-07],
        "dvar2": [1.57596102834e-09, 2.11487736124e-06, 3.44402269548e-06, 4.26608448834e-06, 1.46530628626e-05, 2.54417209362e-05, 5.79240122534e-06, 1.51600688696e-05, 4.69790029456e-06, 7.70221163293e-07, 1.46804495671e-07, 1.0904896186e-07, 2.83587677785e-08, 3.83199711962e-08, 2.25825083078e-08, 2.51812224406e-08, 6.04786052349e-08, 1.37162430747e-07, 2.32397852074e-07, 4.88596526793e-07, 7.78621313202e-07, 4.28132068464e-07, 9.02060932617e-08, 5.74210957893e-07, 5.4673574823e-07, 9.19628064366e-07, 3.12090406851e-07],
        "max": [0.000671807210892, 0.0408316329122, 0.0195686146617, 0.0216946750879, 0.0609964169562, 0.0686824172735, 0.0366210192442, 0.0574344620109, 0.0457869619131, 0.0387438796461, 0.00633068196476, 0.00519469799474, 0.00219273660332, 0.003322834149, 0.00205085217021, 0.00149484165013, 0.00270272023045, 0.00361199188046, 0.00442299013957, 0.00492039183155, 0.0088967429474, 0.00547618884593, 0.00245647900738, 0.0114077562466, 0.0133964475244, 0.0132327293977, 0.00939701590687],
        "mean": [5.03928276885e-06, 0.000937645731028, 0.0014407702256, 0.00138866261113, 0.00361070758663, 0.00545181985945, 0.00243031093851, 0.00284870970063, 0.000671129266266, 0.000449483544799, 0.000341281906003, 0.000249903678196, 0.000125197853777, 0.000119371339679, 9.18724617804e-05, 9.00390659808e-05, 0.000127731502289, 0.000164157929248, 0.000234223640291, 0.000312486838084, 0.000392152607674, 0.000304269895423, 0.000162484531756, 0.000323316897266, 0.000249254022492, 0.000241512505454, 9.70981855062e-05],
        "median": [6.01343913331e-07, 0.000465457182145, 0.000711144064553, 0.000706220977008, 0.00212231674232, 0.00255175470375, 0.000916424207389, 0.000474784901598, 0.000145541795064, 0.000165870587807, 0.000119266187539, 9.66930529103e-05, 6.35694232187e-05, 5.0490754802e-05, 5.01564754813e-05, 4.83333678858e-05, 6.67010026518e-05, 7.26702201064e-05, 0.000103558857518, 0.000122834331705, 0.000152350825374, 0.000122803496197, 6.93631227477e-05, 9.47867592913e-05, 5.1020506362e-05, 2.48583673965e-05, 5.00273836224e-06],
        "min": [1.25227440409e-23, 1.16705652152e-23, 1.44092402092e-23, 4.63854030357e-23, 9.91351780825e-23, 9.21954109271e-23, 6.62776446324e-23, 6.68605875978e-23, 6.17800204456e-23, 8.0034899192e-23, 3.89193993922e-23, 9.83323701165e-23, 1.48337644431e-22, 1.05757103713e-22, 9.22473305964e-23, 1.28725817643e-22, 7.99430379174e-23, 2.49214816719e-22, 2.06390574779e-22, 2.86719005958e-22, 4.39897719371e-22, 5.51097016697e-22, 6.86440556919e-22, 7.81992892854e-22, 1.2142985139e-21, 1.59913540816e-21, 2.69402870427e-21],
        "var": [4.4425871315e-10, 1.54313090661e-06, 3.30602688337e-06, 3.36629659614e-06, 2.01869079319e-05, 5.59855507163e-05, 1.3500215573e-05, 3.80807723559e-05, 5.04036415805e-06, 1.22443827877e-06, 2.85814195422e-07, 1.7351997883e-07, 2.67608388782e-08, 3.57913449989e-08, 1.50426853196e-08, 1.41518858854e-08, 2.9529184431e-08, 6.43138591272e-08, 1.17935236688e-07, 2.3916973646e-07, 3.87671832414e-07, 2.19682689817e-07, 5.68038451831e-08, 3.78384044097e-07, 4.6083201255e-07, 5.03372916683e-07, 1.74149747068e-07]
    },
    "erbbands": {
        "dmean": [0.00333953788504, 0.107643000782, 0.634069800377, 1.60989058018, 3.75262737274, 6.15405797958, 10.5987348557, 14.4526844025, 14.370347023, 13.1085567474, 17.3920631409, 7.99081659317, 5.23962974548, 3.47492408752, 4.46678304672, 4.72230577469, 3.11812734604, 3.0367538929, 3.06608510017, 2.34657168388, 3.74852371216, 5.01652526855, 6.13284492493, 8.63089561462, 9.29179477692, 11.8660850525, 12.1338806152, 12.6270112991, 9.37198448181, 4.97501659393, 3.34902238846, 4.71621274948, 4.27058029175, 2.19093775749, 1.42228865623, 1.10620629787, 0.44225281477, 0.0985194146633, 0.0188691969961, 0.000931573449634],
        "dmean2": [0.00532879121602, 0.168478518724, 1.02234506607, 2.62068748474, 6.1733379364, 9.72149467468, 16.2170658112, 22.9309520721, 22.2088336945, 18.9198150635, 24.4692573547, 12.681221962, 8.28493785858, 5.52708911896, 7.19163703918, 6.96375751495, 4.85750389099, 4.7483215332, 4.84183502197, 3.63722681999, 5.77781820297, 7.65152549744, 9.44649028778, 13.1561021805, 13.9248857498, 17.9299583435, 18.3047542572, 19.0305995941, 14.1180047989, 7.27867555618, 4.83364105225, 7.0088467598, 6.22610855103, 3.07216668129, 2.01131272316, 1.65604233742, 0.675163209438, 0.147787451744, 0.0280472710729, 0.00141803780571],
        "dvar": [0.000100816876511, 0.0670521706343, 1.27060461044, 8.00365066528, 40.336479187, 117.705871582, 455.480010986, 731.130187988, 972.949401855, 1478.92907715, 4163.75341797, 1092.87353516, 629.551147461, 53.0464630127, 93.0351638794, 125.710334778, 24.368188858, 42.4832725525, 29.0015163422, 14.945892334, 41.9547080994, 76.4037780762, 143.533905029, 243.646575928, 280.253479004, 476.11630249, 513.163574219, 532.808837891, 295.937225342, 79.3443908691, 33.0211715698, 80.2837524414, 87.5928573608, 37.638168335, 16.649389267, 7.4792304039, 1.44263386726, 0.107983164489, 0.00555060245097, 1.33808798637e-05],
        "dvar2": [0.000254372745985, 0.171519964933, 3.24565672874, 20.5371799469, 104.63218689, 270.898376465, 1052.88745117, 1739.81079102, 2051.2734375, 2500.80908203, 8043.12646484, 2739.34594727, 1357.28942871, 134.569534302, 216.76373291, 255.284347534, 58.9949035645, 101.739707947, 68.6983718872, 35.4004402161, 100.689346313, 182.644714355, 347.391662598, 575.699829102, 644.330871582, 1119.9432373, 1200.55407715, 1241.38476562, 703.320678711, 181.878814697, 74.6118392944, 182.907577515, 188.841506958, 73.7952728271, 32.7171783447, 15.9328422546, 3.1846985817, 0.230878219008, 0.0117188096046, 2.88695537165e-05],
        "max": [0.357955873013, 11.5758638382, 25.6730632782, 44.8367843628, 123.538925171, 350.007659912, 482.646270752, 551.907165527, 778.510253906, 983.192382812, 1653.88085938, 1200.57922363, 1503.6315918, 156.199615479, 276.78692627, 266.950012207, 97.5199050903, 169.374023438, 114.630088806, 78.856918335, 90.2335662842, 162.400909424, 216.028762817, 283.309661865, 279.727630615, 266.255554199, 306.621032715, 338.019714355, 246.52557373, 114.754051208, 92.0909423828, 131.137619019, 243.285232544, 203.853469849, 97.6061782837, 49.5639533997, 27.2290382385, 7.70013093948, 1.83149588108, 0.0900033339858],
        "mean": [0.00792943034321, 0.283502578735, 1.47249758244, 3.56831121445, 7.60268545151, 12.9134302139, 23.7715988159, 41.8150405884, 51.9182357788, 44.0880279541, 49.300403595, 19.1032733917, 14.6177015305, 9.92421913147, 14.7425079346, 12.0822935104, 6.66270685196, 6.36509370804, 5.68442630768, 4.16037130356, 5.6682882309, 7.01879835129, 8.2152338028, 11.2932195663, 12.2969264984, 14.8863716125, 15.069560051, 15.503821373, 11.739528656, 6.71200895309, 4.66070222855, 6.00174951553, 5.45826721191, 2.94940209389, 1.75554287434, 1.11866056919, 0.421877235174, 0.0977239832282, 0.0184223614633, 0.000882662076037],
        "median": [0.00547719234601, 0.149241700768, 0.856091022491, 1.91800284386, 4.0367102623, 6.72681522369, 10.7008199692, 16.9449825287, 15.0665893555, 13.7008094788, 9.66619110107, 5.24177122116, 4.92241573334, 5.88869428635, 5.89400291443, 4.99508476257, 3.84687447548, 2.98063778877, 3.3968462944, 2.50352263451, 3.07169938087, 3.61806750298, 3.75178384781, 5.01315641403, 5.29699230194, 5.87452888489, 5.89154291153, 5.98713350296, 4.60008382797, 2.84776139259, 1.9645152092, 1.97888088226, 1.45500850677, 0.678752362728, 0.302022099495, 0.137027427554, 0.0393796898425, 0.00704393070191, 0.000970433815382, 6.73295726301e-05],
        "min": [3.74071909022e-22, 2.8029305862e-21, 1.77565336789e-20, 6.09175481904e-20, 3.79415675311e-19, 2.25493622584e-19, 3.41200603095e-19, 1.03694854942e-18, 8.7848080318e-19, 8.10922119119e-19, 2.07625704512e-18, 1.39820975578e-18, 2.07682159589e-18, 1.93653424554e-18, 2.07712455079e-18, 4.99554803282e-18, 6.36263770299e-18, 6.05802802883e-18, 3.87928516697e-18, 7.34870068606e-18, 5.87069395396e-18, 5.06364154084e-18, 1.02816920595e-17, 1.24496679249e-17, 1.14925388924e-17, 1.54472918826e-17, 1.71052893937e-17, 1.76796091648e-17, 2.09639297869e-17, 1.80455406329e-17, 1.99310574802e-17, 1.5935978608e-17, 1.33939417434e-17, 1.34787426454e-17, 8.62237850402e-18, 5.96976289439e-18, 2.96455162248e-18, 1.29076199274e-18, 3.56775095711e-19, 4.12114144312e-20],
        "var": [0.000124357029563, 0.130902349949, 3.11755561829, 19.7030258179, 119.00202179, 344.706970215, 1387.57702637, 3736.92285156, 7172.50585938, 8007.97412109, 15887.3583984, 2465.20776367, 1833.97753906, 153.743927002, 487.252258301, 401.378356934, 66.1240768433, 97.5472106934, 50.610912323, 25.157453537, 54.1457328796, 91.3202438354, 160.980545044, 279.617034912, 339.366149902, 541.356750488, 581.289611816, 610.39251709, 339.25680542, 103.046401978, 46.4166412354, 105.326126099, 127.072608948, 60.943031311, 25.7552032471, 9.49747371674, 1.63341867924, 0.126705229282, 0.00643859663978, 1.4699348867e-05]
    },
    "gfcc": {
        "mean": [-1.26082599163, 44.6643638611, -92.5818405151, 23.8617954254, -78.8773803711, -6.33229589462, -41.0659675598, -0.314478188753, -30.24284935, 2.92990684509, -15.4860334396, -0.160651966929, -14.1415615082],
        "cov": [[11811.1669922, 940.477539062, 795.400634766, 155.588195801, -82.7762680054, 227.459152222, -24.1289825439, 51.6983642578, -41.7653121948, 208.434387207, 121.018005371, 103.224235535, -26.2403430939], [940.477539062, 3157.64916992, 593.916870117, 271.44152832, 26.3486022949, 190.379180908, 180.705657959, 10.2370214462, 133.68371582, -35.4150810242, 113.447021484, -8.68664360046, 106.748893738], [795.400634766, 593.916870117, 849.002990723, 204.726089478, 166.981903076, 75.2012329102, 85.2707366943, 48.490070343, 7.68700838089, 20.364812851, 0.693557500839, 10.0905485153, -5.29679965973], [155.588195801, 271.44152832, 204.726089478, 483.457794189, 164.320892334, 61.1660728455, 29.8812618256, 19.0739650726, -9.70765972137, -33.0267219543, -9.33348369598, 8.98329925537, 6.76259613037], [-82.7762680054, 26.3486022949, 166.981903076, 164.320892334, 180.843078613, 42.3855819702, 42.8449325562, 4.0038228035, 2.76347661018, -4.50638198853, -15.8030090332, 7.63602304459, -7.35271406174], [227.459152222, 190.379180908, 75.2012329102, 61.1660728455, 42.3855819702, 123.018516541, 48.8795852661, 37.4111480713, 16.1030006409, 9.90904426575, 12.5826206207, -8.03576946259, 1.66669487953], [-24.1289825439, 180.705657959, 85.2707366943, 29.8812618256, 42.8449325562, 48.8795852661, 96.1236877441, 52.5434989929, 33.1410484314, 3.04789376259, -1.39455783367, -4.48402023315, -7.3574090004], [51.6983642578, 10.2370214462, 48.490070343, 19.0739650726, 4.0038228035, 37.4111480713, 52.5434989929, 84.7183761597, 43.2749481201, 17.6463298798, -7.33298587799, -11.9346647263, -14.0855178833], [-41.7653121948, 133.68371582, 7.68700838089, -9.70765972137, 2.76347661018, 16.1030006409, 33.1410484314, 43.2749481201, 67.7895431519, 33.5257453918, 15.4993286133, -7.46041297913, -6.04079389572], [208.434387207, -35.4150810242, 20.364812851, -33.0267219543, -4.50638198853, 9.90904426575, 3.04789376259, 17.6463298798, 33.5257453918, 70.1945419312, 40.3876304626, 15.9606704712, -11.338842392], [121.018005371, 113.447021484, 0.693557500839, -9.33348369598, -15.8030090332, 12.5826206207, -1.39455783367, -7.33298587799, 15.4993286133, 40.3876304626, 69.1458816528, 33.9336776733, 15.8036546707], [103.224235535, -8.68664360046, 10.0905485153, 8.98329925537, 7.63602304459, -8.03576946259, -4.48402023315, -11.9346647263, -7.46041297913, 15.9606704712, 33.9336776733, 63.3088760376, 35.5693778992], [-26.2403430939, 106.748893738, -5.29679965973, 6.76259613037, -7.35271406174, 1.66669487953, -7.3574090004, -14.0855178833, -6.04079389572, -11.338842392, 15.8036546707, 35.5693778992, 61.7552108765]],
        "icov": [[0.000113247595436, -5.58233041374e-05, -7.64158394304e-05, -4.77400280943e-05, 0.000228105389397, -0.000245591654675, 0.000175768625923, -7.25143763702e-05, 0.00036801956594, -0.000561078428291, 0.00035364026553, -0.00037175376201, 0.000238077554968], [-5.58233041374e-05, 0.000876907201018, -0.000668313296046, -0.000501407659613, 0.00131645810325, -0.000778454879764, -0.00159603729844, 0.00280139548704, -0.00337706529535, 0.00219479599036, -0.00145022873767, 0.000942471204326, -0.00101444590837], [-7.64158394304e-05, -0.000668313296046, 0.00224639149383, 0.00017661525635, -0.00249704392627, 0.00110657303594, 0.000146603924804, -0.00304511701688, 0.00392512371764, -0.00259272474796, 0.000608385482337, 0.00043333240319, -0.000205531992833], [-4.77400280943e-05, -0.000501407659613, 0.00017661525635, 0.0039717531763, -0.00448606302962, 0.000128912230139, 0.00309094367549, -0.00443914998323, 0.00211015110835, 0.00277673755772, -0.00209075515158, -0.000373451330233, 0.00071118096821], [0.000228105389397, 0.00131645810325, -0.00249704392627, -0.00448606302962, 0.0155749022961, -0.00515671400353, -0.00718038063496, 0.0130135510117, -0.00868476834148, -0.000923164014239, 0.00742801092565, -0.0060843960382, 0.0027892421931], [-0.000245591654675, -0.000778454879764, 0.00110657303594, 0.000128912230139, -0.00515671400353, 0.0153041668236, -0.00331648788415, -0.00885219220072, 0.00892585888505, -0.0036604332272, -0.00641522929072, 0.00935598369688, -0.00566520029679], [0.000175768625923, -0.00159603729844, 0.000146603924804, 0.00309094367549, -0.00718038063496, -0.00331648788415, 0.0263529550284, -0.0161506552249, -0.000942729122471, 0.0068918117322, -0.00171364657581, -0.00622315239161, 0.00639425357804], [-7.25143763702e-05, 0.00280139548704, -0.00304511701688, -0.00443914998323, 0.0130135510117, -0.00885219220072, -0.0161506552249, 0.0412868969142, -0.0255945120007, -3.77311880584e-05, 0.011113582179, -0.00442649656907, 0.00182777817827], [0.00036801956594, -0.00337706529535, 0.00392512371764, 0.00211015110835, -0.00868476834148, 0.00892585888505, -0.000942729122471, -0.0255945120007, 0.0503246039152, -0.0251691769809, -0.00253579206765, 0.0133555047214, -0.00786762498319], [-0.000561078428291, 0.00219479599036, -0.00259272474796, 0.00277673755772, -0.000923164014239, -0.0036604332272, 0.0068918117322, -3.77311880584e-05, -0.0251691769809, 0.0491067022085, -0.0232521556318, -0.00951317045838, 0.0142268054187], [0.00035364026553, -0.00145022873767, 0.000608385482337, -0.00209075515158, 0.00742801092565, -0.00641522929072, -0.00171364657581, 0.011113582179, -0.00253579206765, -0.0232521556318, 0.0428648889065, -0.0185958966613, 0.00155038014054], [-0.00037175376201, 0.000942471204326, 0.00043333240319, -0.000373451330233, -0.0060843960382, 0.00935598369688, -0.00622315239161, -0.00442649656907, 0.0133555047214, -0.00951317045838, -0.0185958966613, 0.0460785254836, -0.0266584772617], [0.000238077554968, -0.00101444590837, -0.000205531992833, 0.00071118096821, 0.0027892421931, -0.00566520029679, 0.00639425357804, 0.00182777817827, -0.00786762498319, 0.0142268054187, 0.00155038014054, -0.0266584772617, 0.0364162586629]]
    },
    "melbands": {
        "dmean": [6.37528937659e-05, 0.000264434085693, 0.000318581413012, 0.000358681747457, 0.000328631984303, 0.000341542734532, 0.000206270357012, 0.00015677412739, 0.000132425702759, 4.47634956799e-05, 2.53783036896e-05, 1.41312111737e-05, 1.51825443027e-05, 1.26223221741e-05, 9.13536950975e-06, 6.41418455416e-06, 6.22478773948e-06, 4.97730206916e-06, 3.57770477422e-06, 3.81172208108e-06, 4.69520500701e-06, 5.59468753636e-06, 5.0582930271e-06, 6.15518774794e-06, 7.25304789739e-06, 7.08401012162e-06, 7.21309925211e-06, 8.23678328743e-06, 7.58104215492e-06, 8.2119659055e-06, 6.95521475791e-06, 5.5590789998e-06, 4.26298947787e-06, 2.2447839001e-06, 1.84976215678e-06, 2.14439933188e-06, 3.3744868233e-06, 3.35753907166e-06, 2.337755177e-06, 1.67660812167e-06],
        "dmean2": [9.99478506856e-05, 0.000422266166424, 0.000521884241607, 0.000572450633626, 0.000503149698488, 0.000535258208402, 0.000319411687087, 0.000223972208914, 0.000186623001355, 7.32050248189e-05, 4.01822690037e-05, 2.25359726755e-05, 2.47100979323e-05, 1.90842220036e-05, 1.39606872835e-05, 1.01350133264e-05, 9.88528518064e-06, 7.93074923422e-06, 5.61717206438e-06, 6.01248848398e-06, 7.35650974093e-06, 8.6917734734e-06, 7.97229677119e-06, 9.61231671681e-06, 1.1260219253e-05, 1.09272050395e-05, 1.10106548163e-05, 1.26631939565e-05, 1.16580577014e-05, 1.25745145851e-05, 1.06046545625e-05, 8.49786101753e-06, 6.50230958854e-06, 3.31649061991e-06, 2.7417995625e-06, 3.19413607031e-06, 5.10430345457e-06, 5.01227486893e-06, 3.36907419296e-06, 2.36900655182e-06],
        "dvar": [3.00348865778e-08, 2.40674438601e-07, 2.72346682095e-07, 3.56097444865e-07, 3.76905489929e-07, 4.12220060753e-07, 1.93462525999e-07, 2.23090097506e-07, 2.53215290513e-07, 4.19483399128e-08, 1.51985926067e-08, 8.4938001077e-10, 1.08818842826e-09, 7.09713565694e-10, 2.76214773276e-10, 1.20943102755e-10, 2.01919633791e-10, 7.17858342214e-11, 4.10688982821e-11, 4.0943432672e-11, 6.96148208523e-11, 9.42778771718e-11, 9.08089090035e-11, 1.43537293162e-10, 1.76939365937e-10, 1.67419578201e-10, 1.85458981505e-10, 2.34132546684e-10, 2.13801851223e-10, 2.41359765507e-10, 1.64258703861e-10, 1.09416899152e-10, 6.40457478718e-11, 1.67765662473e-11, 1.04228015108e-11, 1.49335648014e-11, 4.46900606799e-11, 5.10432737744e-11, 3.41453670893e-11, 2.69946408976e-11],
        "dvar2": [7.66153078757e-08, 6.1333702206e-07, 7.17195064226e-07, 8.37074935589e-07, 8.73745534591e-07, 9.41289101775e-07, 4.15684610289e-07, 3.71303599422e-07, 4.93490176723e-07, 1.07644865466e-07, 3.26203704049e-08, 2.17139017877e-09, 2.55836507534e-09, 1.47176504317e-09, 6.1551524988e-10, 2.96886432105e-10, 4.93613816488e-10, 1.70896782836e-10, 9.93684093342e-11, 9.94136370447e-11, 1.70434485969e-10, 2.28637192512e-10, 2.21592161287e-10, 3.47886691676e-10, 4.25032065099e-10, 3.97007204889e-10, 4.35436631196e-10, 5.59503943176e-10, 5.12264841657e-10, 5.73915359681e-10, 3.85186521568e-10, 2.62923072203e-10, 1.5444660828e-10, 3.82739881455e-11, 2.36935401854e-11, 3.45644034228e-11, 1.03480231328e-10, 1.14009787722e-10, 7.01161212424e-11, 5.38569397412e-11],
        "max": [0.00752420444041, 0.015323814936, 0.00822522584349, 0.0161845255643, 0.0132610229775, 0.0140991974622, 0.0106682861224, 0.0122979683802, 0.0146221797913, 0.00838410574943, 0.00748297199607, 0.000598073878791, 0.000868319359142, 0.000583995133638, 0.000301736028632, 0.000204857133212, 0.00038317925646, 0.000164321623743, 0.000142937336932, 0.000109446693386, 0.000127605264424, 0.000163399905432, 0.000141183918458, 0.000183054216905, 0.000252596451901, 0.000219337365706, 0.000239980508923, 0.000183324620593, 0.000187822966836, 0.000289428804535, 0.000166346741025, 0.000176840025233, 0.000151056578034, 6.51342561468e-05, 7.31069012545e-05, 4.75360029668e-05, 0.000100762292277, 0.000154797817231, 0.000192331033759, 0.000189750469872],
        "mean": [0.00016245097504, 0.000660298508592, 0.000712507229764, 0.000752130756155, 0.000761581351981, 0.00103664118797, 0.00074105540989, 0.000514680577908, 0.000367308995919, 9.77627860266e-05, 6.93775509717e-05, 3.75201780116e-05, 4.73627369502e-05, 3.48188805219e-05, 2.00340200536e-05, 1.23278332467e-05, 1.21753091662e-05, 9.16031694942e-06, 5.96706331635e-06, 6.00810062679e-06, 6.7998716986e-06, 7.54993880037e-06, 6.6964994403e-06, 7.87646058598e-06, 9.22455274122e-06, 8.98441066965e-06, 9.20914771996e-06, 1.00255883808e-05, 9.15895634535e-06, 9.86966188066e-06, 8.4198291006e-06, 6.89493890604e-06, 5.24271217728e-06, 3.08502490043e-06, 2.55267400462e-06, 2.83361555375e-06, 4.11647761211e-06, 4.19320849687e-06, 2.99896237266e-06, 2.27039981837e-06],
        "median": [9.05023916857e-05, 0.000404453079682, 0.00044070527656, 0.00038846937241, 0.000393259921111, 0.00041275046533, 0.00021196983289, 0.000125192193082, 7.08118532202e-05, 2.67941177299e-05, 2.09953323065e-05, 2.04355637834e-05, 1.67960097315e-05, 1.45007124956e-05, 9.97400366032e-06, 5.70372458242e-06, 4.46793319497e-06, 5.42415909877e-06, 3.3660076042e-06, 3.24699362864e-06, 3.52304869011e-06, 3.81683184969e-06, 3.23386871059e-06, 3.3961216559e-06, 4.04542333854e-06, 3.88773423765e-06, 3.73980469703e-06, 3.88741818824e-06, 3.5273044432e-06, 3.78748859475e-06, 3.18473780681e-06, 2.62829371422e-06, 2.0776283236e-06, 1.31430579131e-06, 1.08996061954e-06, 1.06592403881e-06, 1.27534804051e-06, 1.12231077765e-06, 7.2879288382e-07, 4.99439352097e-07],
        "min": [3.9419134887e-24, 7.02753187542e-24, 2.32536457559e-23, 2.25512866044e-23, 1.17819839294e-23, 2.10391775109e-23, 1.39270663358e-23, 8.7280935283e-24, 1.82463022507e-23, 7.84882679676e-24, 1.03696326083e-23, 7.93770854381e-24, 6.60075418139e-24, 6.83996126254e-24, 2.05150125715e-23, 1.09706231335e-23, 1.17270445005e-23, 5.74352230708e-24, 8.82734011879e-24, 9.25646230743e-24, 6.56128983689e-24, 5.17081560078e-24, 6.88885407259e-24, 1.1063046866e-23, 1.01813196773e-23, 7.98812779971e-24, 8.77192895108e-24, 9.7866683436e-24, 9.45033591894e-24, 1.38780922731e-23, 8.76727388288e-24, 1.29390038525e-23, 8.77602866121e-24, 1.06861559467e-23, 1.2215847961e-23, 1.03871894966e-23, 9.35439702223e-24, 1.0088888845e-23, 9.66943020245e-24, 1.134909493e-23],
        "var": [4.70815919584e-08, 5.77036075811e-07, 6.50083848086e-07, 1.05878211798e-06, 1.17786669307e-06, 2.36632445194e-06, 1.42102658174e-06, 1.206610591e-06, 9.77758304543e-07, 7.72601609356e-08, 4.46997461268e-08, 2.42716824417e-09, 5.5324926862e-09, 2.72124633938e-09, 7.47516271105e-10, 3.12635806132e-10, 4.35527169884e-10, 1.26643862064e-10, 6.14110082231e-11, 6.31350596803e-11, 8.54073131662e-11, 1.09228112666e-10, 1.01408492714e-10, 1.57345164675e-10, 1.9485406344e-10, 1.87655321837e-10, 2.14411849386e-10, 2.55171273e-10, 2.2894591778e-10, 2.61762306275e-10, 1.86266974067e-10, 1.22575588568e-10, 7.05667468903e-11, 2.22820321222e-11, 1.43030726152e-11, 1.97625180109e-11, 5.53163972961e-11, 7.07236560982e-11, 5.19689916101e-11, 4.21613230439e-11]
    },
    "mfcc": {
        "mean": [-649.393859863, 84.5180358887, 23.7881546021, 23.7454719543, -13.2693853378, -6.91209888458, -6.74160194397, -9.33389377594, -8.72203159332, -6.90214109421, -5.30554151535, 1.06367492676, -2.61277604103],
        "cov": [[7184.22119141, 958.40423584, 653.851379395, 123.531509399, 70.3901062012, 54.6437416077, 63.8724021912, -96.6536560059, -6.51893234253, -35.0496711731, 81.0221328735, 134.497680664, 65.7791519165], [958.40423584, 2296.25830078, 682.398376465, 199.925262451, 55.2057800293, 157.181228638, 76.6193618774, 108.22077179, 72.0523452759, 67.5108947754, 15.7087526321, 30.7250804901, 97.9623031616], [653.851379395, 682.398376465, 630.330444336, 219.565460205, 140.093856812, 89.84009552, 105.603591919, 62.5634346008, 56.846988678, 28.5738925934, 26.4079685211, 21.8738651276, 27.4053859711], [123.531509399, 199.925262451, 219.565460205, 395.01550293, 165.746688843, 111.154685974, 67.0650177002, 75.9696960449, 24.6945228577, 10.2822570801, -10.6854124069, -2.34106016159, -2.39474654198], [70.3901062012, 55.2057800293, 140.093856812, 165.746688843, 155.670730591, 90.6359329224, 52.5668563843, 32.2741203308, 20.2473392487, 6.8718328476, 2.64837694168, 0.407925844193, -0.905012667179], [54.6437416077, 157.181228638, 89.84009552, 111.154685974, 90.6359329224, 106.333976746, 59.2232627869, 37.354434967, 14.9812698364, 9.48375988007, 2.91853880882, 3.25472998619, 7.67372703552], [63.8724021912, 76.6193618774, 105.603591919, 67.0650177002, 52.5668563843, 59.2232627869, 81.586555481, 50.5968208313, 27.2059078217, 14.3292808533, 10.7297458649, 6.50152826309, 4.27865791321], [-96.6536560059, 108.22077179, 62.5634346008, 75.9696960449, 32.2741203308, 37.354434967, 50.5968208313, 85.0269470215, 52.0741043091, 27.2955913544, 6.2218952179, 1.11188185215, 0.173562243581], [-6.51893234253, 72.0523452759, 56.846988678, 24.6945228577, 20.2473392487, 14.9812698364, 27.2059078217, 52.0741043091, 72.6201095581, 42.9750595093, 17.5928440094, 7.27386331558, 1.01766574383], [-35.0496711731, 67.5108947754, 28.5738925934, 10.2822570801, 6.8718328476, 9.48375988007, 14.3292808533, 27.2955913544, 42.9750595093, 61.8295555115, 39.0258789062, 19.6404857635, 6.43153619766], [81.0221328735, 15.7087526321, 26.4079685211, -10.6854124069, 2.64837694168, 2.91853880882, 10.7297458649, 6.2218952179, 17.5928440094, 39.0258789062, 67.8739318848, 43.5680427551, 17.7509346008], [134.497680664, 30.7250804901, 21.8738651276, -2.34106016159, 0.407925844193, 3.25472998619, 6.50152826309, 1.11188185215, 7.27386331558, 19.6404857635, 43.5680427551, 58.9010009766, 31.9152641296], [65.7791519165, 97.9623031616, 27.4053859711, -2.39474654198, -0.905012667179, 7.67372703552, 4.27865791321, 0.173562243581, 1.01766574383, 6.43153619766, 17.7509346008, 31.9152641296, 52.506980896]],
