{
"lowlevel": {
    "average_loudness": 0.873704731464,
    "barkbands_crest": {
        "dmean": 1.65601599216,
        "dmean2": 2.75739955902,
        "dvar": 1.86403501034,
        "dvar2": 5.29997730255,
        "max": 24.5854282379,
        "mean": 13.5762586594,
        "median": 13.8520698547,
        "min": 3.52778363228,
        "var": 16.7891159058
    },
    "barkbands_flatness_db": {
        "dmean": 0.012329489924,
        "dmean2": 0.0201307516545,
        "dvar": 0.000203181087272,
        "dvar2": 0.000430355081335,
        "max": 0.449988365173,
        "mean": 0.298159986734,
        "median": 0.308106064796,
        "min": 0.0697189494967,
        "var": 0.00193224172108
    },
    "barkbands_kurtosis": {
        "dmean": 1.03492128849,
        "dmean2": 1.68718409538,
        "dvar": 1.58938312531,
        "dvar2": 4.33686447144,
        "max": 34.4259719849,
        "mean": 2.04971981049,
        "median": 1.52940654755,
        "min": -1.85778033733,
        "var": 6.79159593582
    },
    "barkbands_skewness": {
        "dmean": 0.275189131498,
        "dmean2": 0.452936828136,
        "dvar": 0.0648153722286,
        "dvar2": 0.177831351757,
        "max": 5.17171287537,
        "mean": 1.29604828358,
        "median": 1.2627748251,
        "min": -2.42301988602,
        "var": 0.378136366606
    },
    "barkbands_spread": {
        "dmean": 1.99383592606,
        "dmean2": 3.09387493134,
        "dvar": 24.8544883728,
        "dvar2": 44.8107414246,
        "max": 134.410446167,
        "mean": 11.8267621994,
        "median": 9.11594486237,
        "min": 2.33748888969,
        "var": 99.6141662598
    },
    "dissonance": {
        "dmean": 0.0271678138524,
        "dmean2": 0.0462282933295,
        "dvar": 0.00057814468164,
        "dvar2": 0.00160254107323,
        "max": 0.499995470047,
        "mean": 0.439365893602,
        "median": 0.444222569466,
        "min": 0.279143989086,
        "var": 0.00104800867848
    },
    "dynamic_complexity": 2.90288829803,
    "erbbands_crest": {
        "dmean": 2.10615897179,
        "dmean2": 3.41584968567,
        "dvar": 4.58649635315,
        "dvar2": 10.4034404755,
        "max": 32.3770637512,
        "mean": 11.2240886688,
        "median": 10.1187705994,
        "min": 2.42112255096,
        "var": 21.1883201599
    },
    "erbbands_flatness_db": {
        "dmean": 0.0119043411687,
        "dmean2": 0.0188132096082,
        "dvar": 0.000205347008887,
        "dvar2": 0.000449138489785,
        "max": 0.392424225807,
        "mean": 0.280712306499,
        "median": 0.282862603664,
        "min": 0.0383117906749,
        "var": 0.00108558288775
    },
    "erbbands_kurtosis": {
        "dmean": 0.752086818218,
        "dmean2": 1.22669327259,
        "dvar": 0.764319479465,
        "dvar2": 1.92628121376,
        "max": 18.1640739441,
        "mean": 0.776754498482,
        "median": 0.308453083038,
        "min": -1.81580793858,
        "var": 3.67054510117
    },
    "erbbands_skewness": {
        "dmean": 0.283104717731,
        "dmean2": 0.457203537226,
        "dvar": 0.072254344821,
        "dvar2": 0.165676429868,
        "max": 3.61107349396,
        "mean": 0.423863559961,
        "median": 0.466760575771,
        "min": -4.2244181633,
        "var": 0.731397390366
    },
    "erbbands_spread": {
        "dmean": 3.05789613724,
        "dmean2": 4.83802700043,
        "dvar": 27.1537818909,
        "dvar2": 57.5085372925,
        "max": 111.353660583,
        "mean": 18.8551235199,
        "median": 16.8291378021,
        "min": 3.97472858429,
        "var": 105.113700867
    },
    "hfc": {
        "dmean": 4.49638271332,
        "dmean2": 6.93337535858,
        "dvar": 471.677001953,
        "dvar2": 923.287536621,
        "max": 444.201446533,
        "mean": 15.2560987473,
        "median": 8.55743122101,
        "min": 1.16656672983e-16,
        "var": 854.069396973
    },
    "melbands_crest": {
        "dmean": 2.23700070381,
        "dmean2": 3.65571713448,
        "dvar": 3.5558450222,
        "dvar2": 9.72507190704,
        "max": 28.3292942047,
        "mean": 12.1280517578,
        "median": 11.6681404114,
        "min": 2.71602225304,
        "var": 11.4372329712
    },
    "melbands_flatness_db": {
        "dmean": 0.0145533680916,
        "dmean2": 0.0234599653631,
        "dvar": 0.000296389276627,
        "dvar2": 0.000601734849624,
        "max": 0.553157091141,
        "mean": 0.366976201534,
        "median": 0.370335847139,
        "min": 0.00723546557128,
        "var": 0.00230314023793
    },
    "melbands_kurtosis": {
        "dmean": 1.67962610722,
        "dmean2": 2.71983027458,
        "dvar": 3.52581477165,
        "dvar2": 9.03672218323,
        "max": 49.3246955872,
        "mean": 4.30331087112,
        "median": 3.47288274765,
        "min": -1.73551368713,
        "var": 15.1040716171
    },
    "melbands_skewness": {
        "dmean": 0.292521625757,
        "dmean2": 0.467197746038,
        "dvar": 0.063952036202,
        "dvar2": 0.160595178604,
        "max": 5.18767595291,
        "mean": 1.52938401699,
        "median": 1.48756980896,
        "min": -0.466197013855,
        "var": 0.35650986433
    },
    "melbands_spread": {
        "dmean": 2.71672725677,
        "dmean2": 4.23844861984,
        "dvar": 42.1083946228,
        "dvar2": 78.3018569946,
        "max": 154.835571289,
        "mean": 13.0769319534,
        "median": 10.1599063873,
        "min": 1.31977832317,
        "var": 134.549530029
    },
    "pitch_salience": {
        "dmean": 0.0451239570975,
        "dmean2": 0.0746232420206,
        "dvar": 0.00135089165997,
        "dvar2": 0.0036990379449,
        "max": 0.834726989269,
        "mean": 0.469084978104,
        "median": 0.469006448984,
        "min": 0.153552949429,
        "var": 0.00959128886461
    },
    "silence_rate_20dB": {
        "dmean": 0,
        "dmean2": 0,
        "dvar": 0,
        "dvar2": 0,
        "max": 1,
        "mean": 1,
        "median": 1,
        "min": 1,
        "var": 0
    },
    "silence_rate_30dB": {
        "dmean": 0.00706913601607,
        "dmean2": 0.0141392722726,
        "dvar": 0.00702041434124,
        "dvar2": 0.0190316699445,
        "max": 1,
        "mean": 0.994839906693,
        "median": 1,
        "min": 0,
        "var": 0.00513253035024
    },
    "silence_rate_60dB": {
        "dmean": 0.000848296331242,
        "dmean2": 0.00162601622287,
        "dvar": 0.000847577932291,
        "dvar2": 0.00204751617275,
        "max": 1,
        "mean": 0.0202163010836,
        "median": 0,
        "min": 0,
        "var": 0.0198075287044
    },
    "spectral_centroid": {
        "dmean": 68.9676971436,
        "dmean2": 107.316650391,
        "dvar": 30892.5136719,
        "dvar2": 50631.1679688,
        "max": 10985.7519531,
        "mean": 553.705444336,
        "median": 470.42300415,
        "min": 214.496414185,
        "var": 108577.460938
    },
    "spectral_complexity": {
        "dmean": 1.43079316616,
        "dmean2": 2.40473675728,
        "dvar": 1.73003411293,
        "dvar2": 4.37351226807,
        "max": 30,
        "mean": 12.3597230911,
        "median": 12,
        "min": 0,
        "var": 15.7752370834
    },
    "spectral_decrease": {
        "dmean": 1.72807423926e-09,
        "dmean2": 2.86198731381e-09,
        "dvar": 2.59498614315e-18,
        "dvar2": 6.86700942713e-18,
        "max": 1.08988258719e-17,
        "mean": -1.22403438496e-08,
        "median": -1.18966507756e-08,
        "min": -3.87643162014e-08,
        "var": 2.19487677155e-17
    },
    "spectral_energy": {
        "dmean": 0.0068147261627,
        "dmean2": 0.0112669011578,
        "dvar": 4.55286353827e-05,
        "dvar2": 0.000113467103802,
        "max": 0.152933880687,
        "mean": 0.0475816205144,
        "median": 0.045768532902,
        "min": 1.06809470414e-20,
        "var": 0.000362730090274
    },
    "spectral_energyband_high": {
        "dmean": 0.000409508793382,
        "dmean2": 0.0006332132034,
        "dvar": 1.12697998702e-05,
        "dvar2": 2.22921898967e-05,
        "max": 0.0636618286371,
        "mean": 0.000474270520499,
        "median": 1.81283712664e-06,
        "min": 7.57637987492e-21,
        "var": 1.46375368786e-05
    },
    "spectral_energyband_low": {
        "dmean": 0.00240370072424,
        "dmean2": 0.00381458713673,
        "dvar": 5.71405735172e-06,
        "dvar2": 1.43644801938e-05,
        "max": 0.054807446897,
        "mean": 0.010493375361,
        "median": 0.00965134985745,
        "min": 1.5582178872e-22,
        "var": 3.0307643101e-05
    },
    "spectral_energyband_middle_high": {
        "dmean": 0.000925026717596,
        "dmean2": 0.00144230935257,
        "dvar": 2.81765733234e-06,
        "dvar2": 6.07142874287e-06,
        "max": 0.0489040724933,
        "mean": 0.00415330240503,
        "median": 0.00211160955951,
        "min": 1.57567950636e-21,
        "var": 3.00058782159e-05
    },
    "spectral_energyband_middle_low": {
        "dmean": 0.00401238398626,
        "dmean2": 0.0065280655399,
        "dvar": 2.01442398975e-05,
        "dvar2": 4.93610750709e-05,
        "max": 0.0847347155213,
        "mean": 0.0191196966916,
        "median": 0.01626419276,
        "min": 2.45635180502e-22,
        "var": 0.000149973740918
    },
    "spectral_entropy": {
        "dmean": 0.115243941545,
        "dmean2": 0.188452452421,
        "dvar": 0.017649717629,
        "dvar2": 0.0422004833817,
        "max": 9.80141639709,
        "mean": 6.29633283615,
        "median": 6.28901338577,
        "min": 4.97782993317,
        "var": 0.0790751352906
    },
    "spectral_flux": {
        "dmean": 0.0125043587759,
        "dmean2": 0.0209208838642,
        "dvar": 0.000234242033912,
        "dvar2": 0.000634377764072,
        "max": 0.250165700912,
        "mean": 0.0585103109479,
        "median": 0.0557218976319,
        "min": 1.033486699e-10,
        "var": 0.000578658073209
    },
    "spectral_kurtosis": {
        "dmean": 14.8941173553,
        "dmean2": 25.9279441833,
        "dvar": 144.039611816,
        "dvar2": 408.403656006,
        "max": 131.20451355,
        "mean": 35.5603904724,
        "median": 33.9179115295,
        "min": -1.32759690285,
        "var": 318.074584961
    },
    "spectral_rms": {
        "dmean": 0.000478238449432,
        "dmean2": 0.000792225822806,
        "dvar": 1.85136755704e-07,
        "dvar2": 4.80600760966e-07,
        "max": 0.0122148999944,
        "mean": 0.00663374457508,
        "median": 0.00668223248795,
        "min": 3.22806993809e-12,
        "var": 2.41450766225e-06
    },
    "spectral_rolloff": {
        "dmean": 146.742507935,
        "dmean2": 259.426849365,
        "dvar": 293148.625,
        "dvar2": 544442.0625,
        "max": 18820.0195312,
        "mean": 579.747924805,
        "median": 387.59765625,
        "min": 21.533203125,
        "var": 638467
    },
    "spectral_skewness": {
        "dmean": 0.899663746357,
        "dmean2": 1.56347000599,
        "dvar": 0.49946051836,
        "dvar2": 1.41371190548,
        "max": 9.22666072845,
        "mean": 3.9856801033,
        "median": 3.89807963371,
        "min": 0.00928017590195,
        "var": 1.23701334
    },
    "spectral_spread": {
        "dmean": 272884.5,
        "dmean2": 461802.3125,
        "dvar": 356456923136,
        "dvar2": 634486587392,
        "max": 40056092,
        "mean": 1498019.625,
        "median": 1321934.375,
        "min": 689976.9375,
        "var": 780586123264
    },
    "spectral_strongpeak": {
        "dmean": 0.358359843493,
        "dmean2": 0.683431565762,
        "dvar": 15.2924442291,
        "dvar2": 44.6842956543,
        "max": 58.9704742432,
        "mean": 0.251505941153,
        "median": 0,
        "min": 0,
        "var": 8.49535560608
    },
    "zerocrossingrate": {
        "dmean": 0.00401577306911,
        "dmean2": 0.00474967015907,
        "dvar": 0.000112022156827,
        "dvar2": 0.000142953795148,
        "max": 0.515625,
        "mean": 0.0221114400774,
        "median": 0.01611328125,
        "min": 0.001953125,
        "var": 0.00053430342814
    },
    "barkbands": {
        "dmean": [0.00418941210955, 0.000547321746126, 0.000679014017805, 0.00145022792276, 0.0023699530866, 0.0013905656524, 0.000988157233223, 0.000605716079008, 0.000120065262308, 0.000428269442637, 0.000208717683563, 0.000309342955006, 0.000116828305181, 0.000250554119702, 0.000191779516172, 1.63644472195e-05, 8.17496620584e-05, 6.48090008326e-06, 4.30205909652e-06, 1.29309671593e-06, 1.52239717863e-05, 7.6274969615e-05, 0.00030704314122, 2.73227742582e-05, 1.0695656556e-06, 2.01248913072e-05, 5.84849679797e-09],
        "dmean2": [0.00719209015369, 0.000901622581296, 0.00105345121119, 0.00219104951248, 0.00397855974734, 0.00242978520691, 0.00136516848579, 0.000856090628076, 0.000179820184712, 0.000673616130371, 0.000402682024287, 0.000425578124123, 0.000198635898414, 0.000459591072286, 0.000298655824736, 2.81154279946e-05, 0.000102793215774, 1.10150649562e-05, 6.66809955874e-06, 2.0823538307e-06, 1.90322862181e-05, 0.000118395066238, 0.000448253907962, 3.16494006256e-05, 1.60643378422e-06, 3.64277038898e-05, 7.99074584279e-09],
        "dvar": [1.60985000548e-05, 4.3399214178e-07, 7.89015757618e-07, 3.84367103834e-06, 7.63780190027e-06, 2.10073812923e-06, 4.27181976193e-06, 1.08848064428e-06, 2.03685033284e-08, 4.9285699788e-07, 6.86557370955e-07, 8.03265436389e-07, 1.40537139259e-07, 9.37520326261e-07, 8.23618620416e-07, 1.18258558501e-09, 1.24732650875e-07, 3.22455978585e-10, 1.27779578585e-10, 3.27570505443e-11, 2.97428233154e-08, 5.32966510036e-07, 7.683939657e-06, 1.08488634964e-07, 1.34654232209e-10, 4.33444355963e-08, 1.56750763136e-15],
        "dvar2": [5.12887163495e-05, 1.22985977669e-06, 1.92340189642e-06, 9.1760794021e-06, 2.18899804167e-05, 6.3693391894e-06, 6.99507700119e-06, 2.37175186157e-06, 4.79287294297e-08, 1.17277363643e-06, 2.61510717792e-06, 1.77185620487e-06, 4.07420571946e-07, 3.36038033311e-06, 1.8481467805e-06, 3.37784977766e-09, 1.57911401288e-07, 7.25811966085e-10, 3.42490535932e-10, 7.40405098343e-11, 4.96402066119e-08, 1.2257163462e-06, 1.60927302204e-05, 1.2332498045e-07, 3.01267705227e-10, 1.21748513493e-07, 2.11567125005e-15],
        "max": [0.0498550720513, 0.00965891871601, 0.0159256923944, 0.0443628020585, 0.0692439228296, 0.0395450629294, 0.0487427636981, 0.0210291594267, 0.00288336048834, 0.0172738693655, 0.0117673072964, 0.031133249402, 0.00826565921307, 0.0158616937697, 0.0198860876262, 0.000691393797752, 0.0177428983152, 0.000374247872969, 0.00024706122349, 0.000179407201358, 0.00582416309044, 0.0141630023718, 0.0557223595679, 0.0109136598185, 0.000422645389335, 0.00539928814396, 1.42459850849e-06],
        "mean": [0.021356170997, 0.00136414542794, 0.00148410361726, 0.00343378470279, 0.00633693812415, 0.00344192213379, 0.0033265829552, 0.00148281035945, 0.000315817305818, 0.00155643082689, 0.000231729558436, 0.000821178895421, 0.000449049141025, 0.00044139509555, 0.000636913289782, 3.41431696143e-05, 0.00036927923793, 1.43831030073e-05, 9.52663322096e-06, 2.473881068e-06, 2.32523925661e-05, 6.85920676915e-05, 0.000316963414662, 4.58608265035e-05, 1.90184221083e-06, 1.62978212757e-05, 9.30612120698e-09],
        "median": [0.0232916809618, 0.000986973522231, 0.000878563558217, 0.00201862701215, 0.00481516262516, 0.00283380737528, 0.00116565846838, 0.00084935023915, 0.000237635977101, 0.0005410797894, 4.88291152578e-05, 0.000265849055722, 4.29184656241e-05, 6.79699296597e-05, 6.01020728936e-05, 2.1496662157e-05, 3.15330144076e-05, 8.4477924247e-06, 3.81381642001e-06, 7.6829144291e-07, 3.69520080312e-07, 2.26095522748e-07, 1.21912464124e-07, 8.41285299202e-08, 3.45560984272e-08, 1.21622187876e-08, 2.22653806503e-09],
        "min": [3.79663607553e-24, 2.56685099144e-23, 8.48489765087e-23, 5.63430585582e-23, 6.57323839747e-23, 2.70005220633e-23, 2.9823520766e-23, 1.1754462939e-23, 4.98360699617e-23, 9.76136294794e-23, 7.18990421995e-23, 1.09007437834e-22, 1.18971180208e-22, 8.15864434422e-23, 1.54866938859e-22, 1.8553000011e-22, 1.94975479801e-22, 2.19685241304e-22, 2.35103218463e-22, 3.07403090355e-22, 3.73874050085e-22, 4.94899373603e-22, 8.54611565525e-22, 8.63949962082e-22, 1.17218207583e-21, 1.81630242875e-21, 2.03440608598e-21],
        "var": [7.51822590246e-05, 1.56489170422e-06, 2.83707936433e-06, 1.58001912496e-05, 3.05041230604e-05, 6.6784223236e-06, 3.76395400963e-05, 3.37760047842e-06, 7.78611735086e-08, 5.12405813424e-06, 5.9628746385e-07, 2.57579927165e-06, 1.23569486732e-06, 1.89453260191e-06, 4.78343918076e-06, 2.22661511451e-09, 1.71073975253e-06, 6.1408461649e-10, 3.2187491561e-10, 4.46463213621e-11, 6.62111006022e-08, 5.08579262259e-07, 9.27258315642e-06, 3.14299768434e-07, 2.44861936283e-10, 3.85328178254e-08, 3.86518159194e-15]
    },
    "erbbands": {
        "dmean": [0.0237842816859, 0.128775149584, 0.483603179455, 3.56840133667, 5.93145418167, 8.70392990112, 10.6523046494, 11.7397842407, 15.7071180344, 11.8545923233, 13.7993478775, 3.47549033165, 10.202372551, 9.35891151428, 9.78845500946, 14.8655748367, 6.43009805679, 15.1847190857, 11.4285650253, 2.81967568398, 2.56423139572, 2.89250016212, 0.408017009497, 0.28487354517, 0.169807210565, 0.0648791268468, 0.223577275872, 0.73479616642, 1.20451593399, 18.7081775665, 1.32714939117, 0.974465787411, 0.140465185046, 0.0166518911719, 0.0752260312438, 0.122945703566, 0.00266066985205, 9.1959562269e-05, 1.06445113488e-05, 8.93792730494e-06],
        "dmean2": [0.039829608053, 0.211870908737, 0.75178951025, 5.24764490128, 10.1832799911, 14.4643764496, 16.5847911835, 21.356218338, 24.203660965, 16.8535633087, 19.2239665985, 5.00379657745, 14.6253299713, 16.1564788818, 18.5533390045, 20.4030799866, 10.7275314331, 27.8080291748, 18.1368656158, 4.29981803894, 3.46825003624, 3.61482906342, 0.632733643055, 0.439111173153, 0.274106025696, 0.104122832417, 0.280334889889, 0.936322510242, 2.00621342659, 29.7457675934, 2.18386530876, 1.1073769331, 0.186162889004, 0.0268791820854, 0.131787091494, 0.222228989005, 0.00479268003255, 0.000164309880347, 1.8196322344e-05, 1.47798637045e-05],
        "dvar": [0.000618123100139, 0.0233238320798, 0.34259468317, 23.2463474274, 48.8038063049, 111.44077301, 142.685974121, 183.110702515, 672.652099609, 588.565307617, 604.473571777, 17.4388809204, 324.518005371, 279.984130859, 1436.03771973, 1982.31213379, 294.393615723, 3213.21923828, 2835.93994141, 156.65057373, 96.1258392334, 134.900466919, 1.16407477856, 1.08707129955, 0.124660998583, 0.0651404857635, 4.54151058197, 68.9876403809, 125.286994934, 30607.4511719, 149.107269287, 147.597808838, 2.17456507683, 0.0493306256831, 0.575749874115, 1.6170848608, 0.000748221937101, 7.82546123901e-07, 4.1992600508e-09, 2.34798763765e-10],
        "dvar2": [0.00172974180896, 0.065767288208, 0.828320682049, 52.8363952637, 144.220611572, 303.250915527, 339.124847412, 584.635925293, 1321.17285156, 1068.48242188, 1257.05566406, 38.1393737793, 613.659362793, 808.569519043, 5445.88720703, 4285.45849609, 861.633605957, 11510.4101562, 6382.66748047, 340.614196777, 121.100387573, 176.613449097, 1.88779354095, 2.4745516777, 0.2997572124, 0.147326633334, 7.78333950043, 113.223976135, 247.399734497, 61258.1953125, 295.742797852, 165.42199707, 3.2763197422, 0.110753722489, 1.55554234982, 4.51390552521, 0.00207674968988, 2.15361069422e-06, 1.11463211994e-08, 5.27130006311e-10],
        "max": [0.405929356813, 2.28027653694, 10.2187614441, 115.79914093, 125.319374084, 268.739532471, 270.093780518, 459.081115723, 530.840026855, 648.31652832, 539.021850586, 87.6759643555, 502.907012939, 454.039672852, 555.777099609, 1603.13366699, 369.900268555, 939.932922363, 1204.8548584, 475.564147949, 528.81854248, 515.505981445, 27.5638980865, 21.3079128265, 8.18644523621, 7.70090961456, 71.3900299072, 280.075775146, 210.365844727, 3401.32397461, 230.224899292, 405.712524414, 39.8956565857, 7.64072799683, 21.7327308655, 33.4779396057, 0.731170475483, 0.0235844086856, 0.00169763260055, 0.000338738813298],
        "mean": [0.0748363435268, 0.341705560684, 1.20999348164, 9.33150100708, 12.9037675858, 22.6980285645, 30.0180339813, 22.1087303162, 42.0076179504, 42.6979293823, 33.9593429565, 11.3078670502, 42.9469261169, 23.6900482178, 15.5655155182, 36.8484115601, 24.4251689911, 29.9221935272, 38.5997505188, 8.62147712708, 10.6347799301, 13.3110456467, 1.50833690166, 0.744902312756, 0.327760905027, 0.13575784862, 0.32759848237, 1.14824593067, 1.36784934998, 20.390411377, 1.52838647366, 1.65655744076, 0.217924386263, 0.0229999683797, 0.074039965868, 0.101170755923, 0.00222597829998, 8.86855996214e-05, 3.00142473861e-05, 5.42825982848e-05],
        "median": [0.0711417123675, 0.246541082859, 0.852285206318, 5.39757490158, 9.74230384827, 16.1989994049, 22.4964828491, 17.4091491699, 23.151266098, 12.7120904922, 18.6271591187, 8.68429660797, 11.8806619644, 10.9604034424, 3.72301959991, 12.1113853455, 4.42978048325, 5.8636264801, 4.00199747086, 1.77758681774, 1.97381329536, 1.51683056355, 0.647884011269, 0.254035562277, 0.169428527355, 0.0486176647246, 0.0244648028165, 0.0118981832638, 0.00820627529174, 0.00590256461874, 0.00320167234167, 0.00238580466248, 0.00105462630745, 0.000536828534678, 0.000230590143474, 9.20785896596e-05, 3.26407098328e-05, 6.15740827925e-06, 2.12199756788e-05, 5.02454895468e-05],
        "min": [6.74402413288e-22, 7.30926596834e-21, 6.35724489899e-20, 1.98545719663e-19, 8.70676095607e-20, 2.95261835307e-19, 3.46796764283e-19, 2.50591238796e-19, 2.84882812421e-19, 5.43955211586e-19, 2.58838875738e-19, 1.24461027764e-18, 2.02115771734e-18, 2.95647275624e-18, 3.37154206145e-18, 5.20333869782e-18, 4.45408883873e-18, 4.15538151183e-18, 7.5897907474e-18, 8.45128363894e-18, 9.01999760703e-18, 1.19319579133e-17, 1.37102283127e-17, 1.23524047197e-17, 1.02909250495e-17, 1.33935000289e-17, 1.30670242489e-17, 1.83537233137e-17, 1.83659854391e-17, 1.5902586981e-17, 2.83988607431e-17, 1.86285358743e-17, 1.53360609056e-17, 1.17219756333e-17, 8.57129431093e-18, 6.2749507678e-18, 3.40553546231e-18, 1.37002367981e-18, 2.98437640173e-19, 2.84334837577e-20],
        "var": [0.00152423570398, 0.0981775447726, 1.29354429245, 116.454292297, 129.204483032, 473.614135742, 708.604980469, 422.233062744, 3354.08129883, 7165.30126953, 1969.34289551, 91.4130020142, 4622.55566406, 1616.12182617, 1665.4041748, 5477.65380859, 2540.96533203, 6675.57910156, 16766.2460938, 639.488464355, 1340.28991699, 1687.99377441, 7.76130437851, 3.41118597984, 0.225558146834, 0.105049021542, 9.41789913177, 158.735809326, 156.537780762, 38262.5976562, 187.344985962, 430.284393311, 5.2583360672, 0.0760509297252, 0.625758647919, 1.46269845963, 0.000680624681991, 7.4352539059e-07, 4.76179096154e-09, 7.98546673231e-10]
    },
    "gfcc": {
        "mean": [-101.557426453, 210.129684448, -115.505462646, -6.90538167953, -32.3692932129, -9.78504085541, -33.1251792908, -12.9614620209, -5.21434211731, -16.0645694733, -1.72869825363, -7.33746480942, -2.25054955482],
        "cov": [[5171.83789062, -460.532012939, -711.144775391, 55.7130241394, -391.1769104, 524.935241699, -194.932174683, -186.153121948, 113.190475464, 5.19224882126, -98.0984344482, 179.057098389, -198.081573486], [-460.532012939, 793.71307373, 3.89734864235, -205.900375366, 273.067138672, -265.910827637, 142.449157715, -8.45934867859, -50.3963317871, -77.2739105225, 105.628997803, -141.157424927, 70.3334503174], [-711.144775391, 3.89734864235, 405.590576172, 86.2772598267, -10.3452568054, -66.024307251, -17.620054245, 51.0595016479, -20.2414302826, -27.9739723206, -46.9961509705, -1.84979856014, 42.138004303], [55.7130241394, -205.900375366, 86.2772598267, 177.159042358, -87.3887863159, 56.9859352112, -29.4007816315, -26.3639945984, 38.9288253784, -0.79944896698, -16.2864761353, 26.2938785553, -13.6804018021], [-391.1769104, 273.067138672, -10.3452568054, -87.3887863159, 285.518585205, -116.701515198, -21.1953907013, 21.064157486, -64.2619094849, 45.7910766602, 27.5861167908, -95.6036300659, 62.9079360962], [524.935241699, -265.910827637, -66.024307251, 56.9859352112, -116.701515198, 223.404037476, -48.5824775696, -66.6591720581, 39.1082458496, 16.7737789154, -24.2843723297, 55.1510505676, -58.247051239], [-194.932174683, 142.449157715, -17.620054245, -29.4007816315, -21.1953907013, -48.5824775696, 157.124008179, 12.2007665634, -7.34049749374, -34.3098831177, 45.2843475342, -8.8414106369, -0.978957295418], [-186.153121948, -8.45934867859, 51.0595016479, -26.3639945984, 21.064157486, -66.6591720581, 12.2007665634, 150.557266235, -15.7210636139, 2.71678495407, -31.981262207, -6.29701375961, 39.381652832], [113.190475464, -50.3963317871, -20.2414302826, 38.9288253784, -64.2619094849, 39.1082458496, -7.34049749374, -15.7210636139, 98.0228652954, -8.71634960175, -13.3928527832, 11.9755430222, -18.414691925], [5.19224882126, -77.2739105225, -27.9739723206, -0.79944896698, 45.7910766602, 16.7737789154, -34.3098831177, 2.71678495407, -8.71634960175, 101.887779236, 7.38522577286, -19.2922801971, 18.306936264], [-98.0984344482, 105.628997803, -46.9961509705, -16.2864761353, 27.5861167908, -24.2843723297, 45.2843475342, -31.981262207, -13.3928527832, 7.38522577286, 102.115852356, -5.73269367218, -3.60303974152], [179.057098389, -141.157424927, -1.84979856014, 26.2938785553, -95.6036300659, 55.1510505676, -8.8414106369, -6.29701375961, 11.9755430222, -19.2922801971, -5.73269367218, 111.403594971, -36.6657714844], [-198.081573486, 70.3334503174, 42.138004303, -13.6804018021, 62.9079360962, -58.247051239, -0.978957295418, 39.381652832, -18.414691925, 18.306936264, -3.60303974152, -36.6657714844, 110.003227234]],
        "icov": [[0.000575833604671, -0.00169654202182, 0.00142114236951, -0.0014970023185, 0.00161264452618, -0.00139426975511, 0.0013630395988, -0.00073898996925, 0.00115329271648, -0.00112532847561, 0.0013172312174, -0.000749169557821, 0.000181037918082], [-0.00169654202182, 0.0143924430013, -0.00604073889554, 0.0118113141507, -0.0104571571574, 0.00869782920927, -0.00798694510013, 0.00670633977279, -0.00766240619123, 0.0112912561744, -0.00840369798243, 0.00633171154186, -0.00168714264873], [0.00142114236951, -0.00604073889554, 0.00750946253538, -0.00749686174095, 0.00531525118276, -0.00299734505825, 0.00447107525542, -0.00319649139419, 0.00503564579412, -0.0034117451869, 0.00549075845629, -0.00272275088355, -0.000147118058521], [-0.0014970023185, 0.0118113141507, -0.00749686174095, 0.0186027213931, -0.00655885739252, 0.00624982174486, -0.00545382592827, 0.00669981958345, -0.00858819764107, 0.00819647312164, -0.00783596653491, 0.00546447141096, -0.00168622576166], [0.00161264452618, -0.0104571571574, 0.00531525118276, -0.00655885739252, 0.0161316376179, -0.00400812085718, 0.00892756972462, -0.00421733409166, 0.00849203113467, -0.00977423414588, 0.00498800911009, -0.000217259817873, 0.000119066142361], [-0.00139426975511, 0.00869782920927, -0.00299734505825, 0.00624982174486, -0.00400812085718, 0.0145297748968, -0.00363790546544, 0.00685472460464, -0.00488445302472, 0.00407167803496, -0.00319793540984, 0.00245677866042, 0.000571746088099], [0.0013630395988, -0.00798694510013, 0.00447107525542, -0.00545382592827, 0.00892756972462, -0.00363790546544, 0.0145759275183, -0.00492478301749, 0.0051212888211, -0.00334507413208, 0.000346229528077, -0.00139416870661, 0.000991852604784], [-0.00073898996925, 0.00670633977279, -0.00319649139419, 0.00669981958345, -0.00421733409166, 0.00685472460464, -0.00492478301749, 0.0128302518278, -0.00318278535269, 0.00354812177829, 0.000228993754718, 0.00141961080953, -0.00279924273491], [0.00115329271648, -0.00766240619123, 0.00503564579412, -0.00858819764107, 0.00849203113467, -0.00488445302472, 0.0051212888211, -0.00318278535269, 0.0175296869129, -0.00520187802613, 0.00588427903131, -0.00161511683837, 0.00117577647325], [-0.00112532847561, 0.0112912561744, -0.0034117451869, 0.00819647312164, -0.00977423414588, 0.00407167803496, -0.00334507413208, 0.00354812177829, -0.00520187802613, 0.0220621470362, -0.00884035974741, 0.0065533220768, -0.00312155368738], [0.0013172312174, -0.00840369798243, 0.00549075845629, -0.00783596653491, 0.00498800911009, -0.00319793540984, 0.000346229528077, 0.000228993754718, 0.00588427903131, -0.00884035974741, 0.0199780594558, -0.00563651416451, 0.00127440225333], [-0.000749169557821, 0.00633171154186, -0.00272275088355, 0.00546447141096, -0.000217259817873, 0.00245677866042, -0.00139416870661, 0.00141961080953, -0.00161511683837, 0.0065533220768, -0.00563651416451, 0.0168855972588, 0.0013123016106], [0.000181037918082, -0.00168714264873, -0.000147118058521, -0.00168622576166, 0.000119066142361, 0.000571746088099, 0.000991852604784, -0.00279924273491, 0.00117577647325, -0.00312155368738, 0.00127440225333, 0.0013123016106, 0.0127830961719]]
    },
    "melbands": {
        "dmean": [0.000320323219057, 0.000214929270442, 0.000562930072192, 0.000619982602075, 0.000318142061587, 0.000266037561232, 0.000237578351516, 0.000119465876196, 0.000100971403299, 1.79900252988e-05, 5.38029562449e-05, 4.2561605369e-05, 2.94172132271e-05, 3.50006812369e-05, 2.12274535443e-05, 1.87533805729e-05, 2.84925790766e-05, 1.63451768458e-05, 9.49739751377e-06, 1.49186553244e-06, 4.26030146627e-06, 4.13981888414e-06, 7.6238774227e-07, 3.77181322619e-07, 2.38512143369e-07, 1.52431894662e-07, 6.27975325074e-08, 4.3612864431e-08, 3.78007527502e-08, 5.57273040158e-07, 2.76890290252e-07, 5.2777231474e-08, 4.3495601858e-06, 1.10404034785e-05, 1.23827504694e-07, 7.71746542227e-08, 8.2494381104e-07, 2.34419879064e-08, 4.58547475546e-08, 2.53814902429e-09],
        "dmean2": [0.000543001515325, 0.000341046485119, 0.000853316159919, 0.00103959848639, 0.000502716226038, 0.000480730843265, 0.000361449667253, 0.000172130588908, 0.000140200907481, 2.62492849288e-05, 7.77271707193e-05, 7.34055502107e-05, 5.67841743759e-05, 5.07074510097e-05, 2.95019071928e-05, 3.25167748088e-05, 5.23045782757e-05, 2.54184542428e-05, 1.43875577123e-05, 2.56347220784e-06, 5.5613695622e-06, 5.23346852788e-06, 1.11665031e-06, 6.33950037354e-07, 3.62867353942e-07, 2.46691485017e-07, 1.01726406854e-07, 7.08502057023e-08, 5.96400937525e-08, 6.90155957273e-07, 3.51023516032e-07, 8.34936386696e-08, 6.97706991559e-06, 1.77201745828e-05, 1.84129604008e-07, 8.41119671691e-08, 9.2415433528e-07, 4.03493842782e-08, 7.86846072742e-08, 3.99468103041e-09],
        "dvar": [9.4744429191e-08, 5.70730627203e-08, 5.40040844044e-07, 5.69253586491e-07, 1.22405026559e-07, 8.88911984021e-08, 1.6477248721e-07, 5.54557217924e-08, 3.15013934937e-08, 4.54432519392e-10, 8.79281625288e-09, 5.87156012699e-09, 1.46555532154e-08, 9.55868184604e-09, 4.32763958003e-09, 3.16026516067e-09, 1.22463283958e-08, 6.152813814e-09, 2.17525553126e-09, 1.01529808866e-11, 3.29851396197e-10, 3.20873660975e-10, 7.81198109673e-12, 7.68521693766e-13, 8.94972355774e-13, 8.15103803138e-14, 6.82493612406e-14, 1.90151205599e-14, 8.75689630401e-14, 4.19217750791e-11, 9.81935106142e-12, 1.49002216273e-13, 1.67633218418e-09, 1.07257820403e-08, 1.0148612636e-12, 7.17914172121e-13, 1.15834612735e-10, 1.37553746063e-13, 7.3367917644e-13, 3.6181729673e-16],
        "dvar2": [2.86416991457e-07, 1.44599226815e-07, 1.27406337924e-06, 1.60507966029e-06, 3.01195996144e-07, 2.81366794752e-07, 2.98402795806e-07, 1.05086911617e-07, 6.46724345188e-08, 1.02217156961e-09, 1.68193032835e-08, 1.68447407134e-08, 5.57804433754e-08, 2.21145928236e-08, 9.69980096244e-09, 9.44467526409e-09, 4.38982254991e-08, 1.38429658847e-08, 4.74059458355e-09, 2.99861697972e-11, 4.07944567016e-10, 4.26694207745e-10, 1.19259550152e-11, 1.80973183488e-12, 2.12636765834e-12, 1.98756592781e-13, 1.55354489039e-13, 4.39086599382e-14, 2.15698647637e-13, 7.18864967553e-11, 1.56556347747e-11, 3.63257221612e-13, 3.3307359093e-09, 2.1473807621e-08, 2.38378088969e-12, 7.19758183176e-13, 1.31661404001e-10, 3.1213478525e-13, 1.69255397458e-12, 7.79661905393e-16],
        "max": [0.00478648208082, 0.00379759911448, 0.0168137867004, 0.0187190845609, 0.00749042537063, 0.00913566537201, 0.00890153367072, 0.0061000357382, 0.00395019864663, 0.000501563365106, 0.00249826605432, 0.00202532066032, 0.00176047103014, 0.00332851614803, 0.00190421612933, 0.00113938504364, 0.00180837325752, 0.00175660266541, 0.00143267132808, 5.27765041625e-05, 0.000962800404523, 0.000858163111843, 8.31639626995e-05, 1.96066339413e-05, 1.93878513528e-05, 4.38991401097e-06, 8.14698978502e-06, 3.87787622458e-06, 8.77589081938e-06, 0.000217420238187, 0.000106358711491, 8.6078316599e-06, 0.000789639889263, 0.00200752168894, 1.8173317585e-05, 3.001685036e-05, 0.000356797943823, 1.28371875689e-05, 2.99640068988e-05, 6.80015432408e-07],
        "mean": [0.00128435064107, 0.000584015389904, 0.00145683123264, 0.00148674508091, 0.000926412467379, 0.000539656204637, 0.000682870857418, 0.000420038151788, 0.00024218687031, 5.81990643695e-05, 0.000220936111873, 0.000103329824924, 3.72626782337e-05, 8.96556084626e-05, 5.89533628954e-05, 6.49743451504e-05, 4.86596145493e-05, 5.50503391423e-05, 3.03130600514e-05, 2.97775932268e-06, 1.78764294105e-05, 1.89808288269e-05, 2.61985724137e-06, 7.54378902457e-07, 5.69010865092e-07, 2.79348398635e-07, 1.10966574596e-07, 8.52012931318e-08, 4.63872851242e-08, 8.35094169815e-07, 4.41695988229e-07, 4.66724721093e-08, 4.7726075536e-06, 1.20662898553e-05, 1.23188016232e-07, 1.27121069227e-07, 1.41766804518e-06, 2.64340194178e-08, 5.46677902946e-08, 3.79389852867e-09],
        "median": [0.00129786657635, 0.000468354934128, 0.000930858659558, 0.00105045118835, 0.000717089569662, 0.000437639624579, 0.000341745762853, 0.000140884032589, 0.000133378140163, 4.0698578232e-05, 6.1456921685e-05, 4.44434481324e-05, 7.1776112236e-06, 3.16122605e-05, 1.47798391481e-05, 5.78607705393e-06, 7.35450112188e-06, 5.05811794937e-06, 3.18043680636e-06, 1.62651269875e-06, 2.26798601943e-06, 1.79775565812e-06, 6.17270018211e-07, 4.1588731392e-07, 1.25611734347e-07, 1.4329330611e-07, 4.42659242594e-08, 2.78391780739e-08, 1.35470443752e-08, 1.08966737855e-08, 4.6671027043e-09, 3.84502563122e-09, 4.25889501443e-09, 2.2564623503e-09, 1.65786973039e-09, 1.28474553218e-09, 1.3499135143e-09, 6.51189102641e-10, 4.85673445905e-10, 3.60769275565e-10],
        "min": [7.2557272472e-24, 2.6272629062e-23, 2.96485293292e-23, 1.19781917803e-23, 1.29442513553e-23, 5.18059550385e-24, 4.58094683105e-24, 5.18016202479e-24, 1.78628618138e-24, 8.36220327438e-24, 1.07723500447e-23, 1.31685174109e-23, 1.08230809006e-23, 1.00877173866e-23, 1.95484749469e-23, 6.68046857586e-24, 7.21251660225e-24, 1.09892725941e-23, 1.31821418276e-23, 1.00458596381e-23, 1.09917717055e-23, 1.03683230992e-23, 1.47505708565e-23, 1.08022802163e-23, 1.05094818695e-23, 5.72866923953e-24, 8.11348647502e-24, 9.70856322537e-24, 8.75571233745e-24, 8.92425404758e-24, 1.1374377922e-23, 1.0664807004e-23, 9.60675914783e-24, 8.25599577527e-24, 1.60882580707e-23, 1.42196343352e-23, 1.11181022574e-23, 1.10564101792e-23, 1.08304827825e-23, 9.07851106443e-24],
        "var": [3.32762340349e-07, 2.1294255248e-07, 2.41372458731e-06, 2.2104936761e-06, 5.91295815866e-07, 2.06323505836e-07, 1.03430772924e-06, 6.12719816218e-07, 1.0122332128e-07, 3.15429793396e-09, 1.19054135439e-07, 3.42839321377e-08, 1.40894504952e-08, 2.63892516728e-08, 2.48892995103e-08, 2.45232847362e-08, 2.42129942762e-08, 3.61006335936e-08, 1.06889270768e-08, 1.79605375711e-11, 4.64395055744e-09, 4.20518864175e-09, 5.53470186349e-11, 1.46782217457e-12, 2.66788219121e-12, 1.55738892919e-13, 8.29272428179e-14, 3.87852998416e-14, 7.19231125395e-14, 8.91653834101e-11, 2.3678637176e-11, 1.24555788318e-13, 2.09762363035e-09, 1.34125661688e-08, 9.71143738343e-13, 2.2725519383e-12, 3.34483107878e-10, 1.89896899204e-13, 1.03058197826e-12, 7.84969360901e-16]
    },
    "mfcc": {
        "mean": [-751.192321777, 247.224731445, -10.655005455, 12.3939504623, 15.027838707, 0.223371937871, -9.63131427765, 2.42036271095, -4.60352325439, -3.71537828445, 0.0180628374219, 0.475499004126, 0.777229011059],
        "cov": [[3389.40625, 166.135955811, -668.961975098, -199.360931396, -257.488098145, 337.46395874, -262.987121582, 156.856369019, -174.978820801, -74.9678268433, 62.4230651855, 78.2457504272, 66.0076522827], [166.135955811, 869.224853516, -212.744674683, -21.3632583618, 106.920532227, -175.072616577, 137.521026611, -71.5366287231, 18.4798660278, -4.81350660324, -7.98045158386, -53.4076347351, -29.7463111877], [-668.961975098, -212.744674683, 437.221496582, 75.4858474731, 12.4805049896, -9.83916759491, -41.5254020691, 38.4981117249, 37.8965110779, -1.93959331512, -31.0668678284, -20.1457767487, -3.58987998962], [-199.360931396, -21.3632583618, 75.4858474731, 130.198440552, 27.9372158051, -47.7010765076, 18.2387638092, -23.5744056702, 19.8885765076, 13.6105804443, -8.93202495575, -18.7567043304, -9.72262001038], [-257.488098145, 106.920532227, 12.4805049896, 27.9372158051, 179.940002441, -35.4236335754, 24.8851070404, -78.5349960327, 25.2990341187, 10.637008667, -36.8026199341, 2.02637290955, -33.1194229126], [337.46395874, -175.072616577, -9.83916759491, -47.7010765076, -35.4236335754, 206.639175415, -68.7857589722, 10.8004455566, -60.1272506714, -13.3406600952, 17.0930805206, 18.5975341797, 25.4366664886], [-262.987121582, 137.521026611, -41.5254020691, 18.2387638092, 24.8851070404, -68.7857589722, 148.532394409, -51.936416626, 11.2511463165, -4.8450460434, -4.54605960846, 18.0135307312, -26.4910373688], [156.856369019, -71.5366287231, 38.4981117249, -23.5744056702, -78.5349960327, 10.8004455566, -51.936416626, 137.036422729, -18.9543113708, -22.0209465027, 12.3441467285, -13.2571229935, 31.7685680389], [-174.978820801, 18.4798660278, 37.8965110779, 19.8885765076, 25.2990341187, -60.1272506714, 11.2511463165, -18.9543113708, 113.691917419, 26.8249969482, -29.1147480011, -5.65508842468, -38.3350753784], [-74.9678268433, -4.81350660324, -1.93959331512, 13.6105804443, 10.637008667, -13.3406600952, -4.8450460434, -22.0209465027, 26.8249969482, 84.1769943237, -5.44432830811, -14.410068512, -23.2907905579], [62.4230651855, -7.98045158386, -31.0668678284, -8.93202495575, -36.8026199341, 17.0930805206, -4.54605960846, 12.3441467285, -29.1147480011, -5.44432830811, 86.9848709106, -33.1362915039, 36.4100379944], [78.2457504272, -53.4076347351, -20.1457767487, -18.7567043304, 2.02637290955, 18.5975341797, 18.0135307312, -13.2571229935, -5.65508842468, -14.410068512, -33.1362915039, 159.399154663, -36.8446121216], [66.0076522827, -29.7463111877, -3.58987998962, -9.72262001038, -33.1194229126, 25.4366664886, -26.4910373688, 31.7685680389, -38.3350753784, -23.2907905579, 36.4100379944, -36.8446121216, 94.9426727295]],
