{
"lowlevel": {
    "average_loudness": 0.591572344303,
    "barkbands_crest": {
        "dmean": 1.79187834263,
        "dmean2": 2.70309782028,
        "dvar": 2.76094341278,
        "dvar2": 5.84799528122,
        "max": 25.1106204987,
        "mean": 9.04230117798,
        "median": 7.79044151306,
        "min": 2.44305753708,
        "var": 18.4566783905
    },
    "barkbands_flatness_db": {
        "dmean": 0.0123913967982,
        "dmean2": 0.0181861706078,
        "dvar": 0.000138655654155,
        "dvar2": 0.000287160975859,
        "max": 0.37906652689,
        "mean": 0.152801319957,
        "median": 0.14151018858,
        "min": 0.0263808369637,
        "var": 0.00220709014684
    },
    "barkbands_kurtosis": {
        "dmean": 1.1874434948,
        "dmean2": 1.80630946159,
        "dvar": 17.5190544128,
        "dvar2": 42.2730636597,
        "max": 263.078399658,
        "mean": 1.77311754227,
        "median": 0.295744299889,
        "min": -1.912763834,
        "var": 51.7186698914
    },
    "barkbands_skewness": {
        "dmean": 0.317084997892,
        "dmean2": 0.469576537609,
        "dvar": 0.125884354115,
        "dvar2": 0.261196553707,
        "max": 13.2108888626,
        "mean": 0.737423956394,
        "median": 0.637667298317,
        "min": -4.42251729965,
        "var": 1.11644005775
    },
    "barkbands_spread": {
        "dmean": 2.65298080444,
        "dmean2": 3.91787028313,
        "dvar": 14.7224369049,
        "dvar2": 30.7550315857,
        "max": 115.447685242,
        "mean": 16.5096263885,
        "median": 15.2526855469,
        "min": 0.800991952419,
        "var": 68.4723587036
    },
    "dissonance": {
        "dmean": 0.0194508694112,
        "dmean2": 0.0322068668902,
        "dvar": 0.000355049880454,
        "dvar2": 0.000936203694437,
        "max": 0.500000059605,
        "mean": 0.451379269361,
        "median": 0.457435905933,
        "min": 0.232993140817,
        "var": 0.000992739805952
    },
    "dynamic_complexity": 2.74447035789,
    "erbbands_crest": {
        "dmean": 2.4793715477,
        "dmean2": 3.81952023506,
        "dvar": 4.94905138016,
        "dvar2": 11.1479053497,
        "max": 31.613735199,
        "mean": 10.3233442307,
        "median": 9.16720199585,
        "min": 2.616948843,
        "var": 21.5992298126
    },
    "erbbands_flatness_db": {
        "dmean": 0.0121865067631,
        "dmean2": 0.0173971112818,
        "dvar": 0.000138062299811,
        "dvar2": 0.000247235700954,
        "max": 0.399156868458,
        "mean": 0.214128285646,
        "median": 0.213956207037,
        "min": 0.0573575980961,
        "var": 0.00252083921805
    },
    "erbbands_kurtosis": {
        "dmean": 0.757678329945,
        "dmean2": 1.15365815163,
        "dvar": 1.2736120224,
        "dvar2": 2.72338199615,
        "max": 40.4800834656,
        "mean": 0.690552771091,
        "median": 0.109915018082,
        "min": -1.78656613827,
        "var": 5.68269538879
    },
    "erbbands_skewness": {
        "dmean": 0.293899029493,
        "dmean2": 0.436768114567,
        "dvar": 0.0663654431701,
        "dvar2": 0.146056339145,
        "max": 4.99884700775,
        "mean": 0.387569785118,
        "median": 0.345481812954,
        "min": -3.84318518639,
        "var": 0.481032401323
    },
    "erbbands_spread": {
        "dmean": 3.90921974182,
        "dmean2": 5.7673664093,
        "dvar": 22.209444046,
        "dvar2": 44.5691146851,
        "max": 173.05796814,
        "mean": 23.6550483704,
        "median": 21.4162979126,
        "min": 1.84065485001,
        "var": 176.821060181
    },
    "hfc": {
        "dmean": 4.8240237236,
        "dmean2": 6.87444496155,
        "dvar": 28.8077011108,
        "dvar2": 62.1706542969,
        "max": 115.324623108,
        "mean": 25.120552063,
        "median": 24.3045845032,
        "min": 1.04921448398e-16,
        "var": 247.401031494
    },
    "melbands_crest": {
        "dmean": 2.19552183151,
        "dmean2": 3.38370490074,
        "dvar": 4.10064411163,
        "dvar2": 9.53278636932,
        "max": 30.5221099854,
        "mean": 11.384604454,
        "median": 10.3837022781,
        "min": 1.50081729889,
        "var": 22.715719223
    },
    "melbands_flatness_db": {
        "dmean": 0.0132417464629,
        "dmean2": 0.0196863282472,
        "dvar": 0.000186167744687,
        "dvar2": 0.000404218444601,
        "max": 0.491497725248,
        "mean": 0.18850210309,
        "median": 0.175809592009,
        "min": 0.00286346650682,
        "var": 0.00378011842258
    },
    "melbands_kurtosis": {
        "dmean": 2.67693924904,
        "dmean2": 3.85715818405,
        "dvar": 123.278572083,
        "dvar2": 224.615371704,
        "max": 550.541870117,
        "mean": 5.94036340714,
        "median": 1.67839694023,
        "min": -1.75557732582,
        "var": 657.522399902
    },
    "melbands_skewness": {
        "dmean": 0.373009026051,
        "dmean2": 0.541798532009,
        "dvar": 0.24094735086,
        "dvar2": 0.446224421263,
        "max": 18.6934890747,
        "mean": 1.32841992378,
        "median": 1.04767537117,
        "min": -2.78901052475,
        "var": 2.45433545113
    },
    "melbands_spread": {
        "dmean": 4.08742427826,
        "dmean2": 6.25612306595,
        "dvar": 23.2884254456,
        "dvar2": 56.760761261,
        "max": 195.842697144,
        "mean": 25.3563709259,
        "median": 22.7902297974,
        "min": 0.54887008667,
        "var": 359.918731689
    },
    "pitch_salience": {
        "dmean": 0.0486628748477,
        "dmean2": 0.0757782384753,
        "dvar": 0.00186192605179,
        "dvar2": 0.00434773229063,
        "max": 0.963682115078,
        "mean": 0.533795058727,
        "median": 0.546513557434,
        "min": 0.0551608242095,
        "var": 0.0145277781412
    },
    "silence_rate_20dB": {
        "dmean": 0,
        "dmean2": 0,
        "dvar": 0,
        "dvar2": 0,
        "max": 1,
        "mean": 1,
        "median": 1,
        "min": 1,
        "var": 0
    },
    "silence_rate_30dB": {
        "dmean": 0.00470618996769,
        "dmean2": 0.00941299553961,
        "dvar": 0.00468451436609,
        "dvar2": 0.011025538668,
        "max": 1,
        "mean": 0.990196049213,
        "median": 1,
        "min": 0,
        "var": 0.00970898289233
    },
    "silence_rate_60dB": {
        "dmean": 0.0109811099246,
        "dmean2": 0.0219636559486,
        "dvar": 0.0108615439385,
        "dvar2": 0.0250138640404,
        "max": 1,
        "mean": 0.0537908487022,
        "median": 0,
        "min": 0,
        "var": 0.050896730274
    },
    "spectral_centroid": {
        "dmean": 148.288497925,
        "dmean2": 233.140609741,
        "dvar": 28335.8808594,
        "dvar2": 66223.453125,
        "max": 11938.6630859,
        "mean": 1508.16162109,
        "median": 1301.5682373,
        "min": 151.952850342,
        "var": 1845359.5
    },
    "spectral_complexity": {
        "dmean": 1.99503231049,
        "dmean2": 3.26748585701,
        "dvar": 2.96261262894,
        "dvar2": 7.61409521103,
        "max": 37,
        "mean": 19.9023532867,
        "median": 22,
        "min": 0,
        "var": 56.7310638428
    },
    "spectral_decrease": {
        "dmean": 1.34518562955e-09,
        "dmean2": 1.87611370883e-09,
        "dvar": 2.98642372544e-18,
        "dvar2": 6.85324596892e-18,
        "max": 2.40695276463e-20,
        "mean": -7.1556018888e-09,
        "median": -6.51685638786e-09,
        "min": -7.08419420903e-08,
        "var": 2.75904521674e-17
    },
    "spectral_energy": {
        "dmean": 0.00543541135266,
        "dmean2": 0.00757616572082,
        "dvar": 4.57754322269e-05,
        "dvar2": 0.000103888196463,
        "max": 0.271582245827,
        "mean": 0.0292854141444,
        "median": 0.0269814506173,
        "min": 1.00114461175e-20,
        "var": 0.000431363354437
    },
    "spectral_energyband_high": {
        "dmean": 0.000149853003677,
        "dmean2": 0.000246284238528,
        "dvar": 8.83494379877e-08,
        "dvar2": 2.20893596747e-07,
        "max": 0.00603825133294,
        "mean": 0.000461799179902,
        "median": 0.000270964024821,
        "min": 7.03279862006e-21,
        "var": 2.99696608863e-07
    },
    "spectral_energyband_low": {
        "dmean": 0.00183772935998,
        "dmean2": 0.00290562678128,
        "dvar": 3.31545743393e-05,
        "dvar2": 8.3554747107e-05,
        "max": 0.248603999615,
        "mean": 0.00607664883137,
        "median": 0.00106578005943,
        "min": 1.69146135348e-23,
        "var": 0.000242872483796
    },
    "spectral_energyband_middle_high": {
        "dmean": 0.00258920015767,
        "dmean2": 0.00369185162708,
        "dvar": 9.60657780524e-06,
        "dvar2": 1.99828409677e-05,
        "max": 0.0630317628384,
        "mean": 0.010179515928,
        "median": 0.00925290677696,
        "min": 1.16018926961e-21,
        "var": 5.96527133894e-05
    },
    "spectral_energyband_middle_low": {
        "dmean": 0.00307024363428,
        "dmean2": 0.0039937151596,
        "dvar": 1.14251724881e-05,
        "dvar2": 1.95785560209e-05,
        "max": 0.102705135942,
        "mean": 0.0136078223586,
        "median": 0.0119717046618,
        "min": 1.46020046823e-22,
        "var": 0.000102515325125
    },
    "spectral_entropy": {
        "dmean": 0.0922370031476,
        "dmean2": 0.133468449116,
        "dvar": 0.0113246636465,
        "dvar2": 0.0214636549354,
        "max": 9.82169437408,
        "mean": 7.21505069733,
        "median": 7.23966503143,
        "min": 5.53710508347,
        "var": 0.269710212946
    },
    "spectral_flux": {
        "dmean": 0.0125781735405,
        "dmean2": 0.0210478007793,
        "dvar": 0.000164826706168,
        "dvar2": 0.000438411690993,
        "max": 0.242197439075,
        "mean": 0.0617288164794,
        "median": 0.0640219822526,
        "min": 6.23844378933e-11,
        "var": 0.000665569386911
    },
    "spectral_kurtosis": {
        "dmean": 2.63258981705,
        "dmean2": 4.59095430374,
        "dvar": 13.0889024734,
        "dvar2": 37.7942237854,
        "max": 126.232635498,
        "mean": 6.49677753448,
        "median": 5.124812603,
        "min": -1.26579797268,
        "var": 29.4368419647
    },
    "spectral_rms": {
        "dmean": 0.000477382069221,
        "dmean2": 0.000654785137158,
        "dvar": 2.18276724695e-07,
        "dvar2": 4.39640871264e-07,
        "max": 0.0162775386125,
        "mean": 0.00497601926327,
        "median": 0.00513062998652,
        "min": 3.12526241865e-12,
        "var": 3.81038353225e-06
    },
    "spectral_rolloff": {
        "dmean": 244.798782349,
        "dmean2": 420.770599365,
        "dvar": 276829.40625,
        "dvar2": 674494.8125,
        "max": 20348.8769531,
        "mean": 1814.63085938,
        "median": 1571.92382812,
        "min": 86.1328125,
        "var": 5863682.5
    },
    "spectral_skewness": {
        "dmean": 0.252413868904,
        "dmean2": 0.432278156281,
        "dvar": 0.0762734487653,
        "dvar2": 0.216773122549,
        "max": 9.79033470154,
        "mean": 1.70526778698,
        "median": 1.62230658531,
        "min": -0.117330215871,
        "var": 0.335693925619
    },
    "spectral_spread": {
        "dmean": 256852.796875,
        "dmean2": 397302.53125,
        "dvar": 284784492544,
        "dvar2": 519595098112,
        "max": 43302572,
        "mean": 3911537.25,
        "median": 3048294.5,
        "min": 744133.6875,
        "var": 2.55350443868e+13
    },
    "spectral_strongpeak": {
        "dmean": 0.787996470928,
        "dmean2": 1.25677585602,
        "dvar": 1.19835317135,
        "dvar2": 2.74984288216,
        "max": 12.4302654266,
        "mean": 1.94965016842,
        "median": 1.51848387718,
        "min": 0,
        "var": 3.0872926712
    },
    "zerocrossingrate": {
        "dmean": 0.00522932317108,
        "dmean2": 0.00666763400659,
        "dvar": 6.18832127657e-05,
        "dvar2": 9.92034474621e-05,
        "max": 0.53271484375,
        "mean": 0.0637272447348,
        "median": 0.05517578125,
        "min": 0.00341796875,
        "var": 0.0039411415346
    },
    "barkbands": {
        "dmean": [6.59266697767e-06, 0.00134262896609, 0.000552629877347, 0.00018126667419, 0.000494183972478, 0.000531160039827, 0.000808382057585, 0.00145490514114, 0.00102027435787, 0.00129953399301, 0.000586418085732, 0.000574600358959, 0.000416046474129, 0.00100163253956, 0.000934694486205, 0.000267625699053, 0.000372049515136, 0.000128909421619, 0.00018343544798, 0.000115171002108, 7.40524628782e-05, 4.94817140861e-05, 1.97990520974e-05, 1.63365057233e-05, 7.51529114495e-06, 6.65431116431e-06, 5.93453478359e-07],
        "dmean2": [1.09153470476e-05, 0.00204558088444, 0.000942151469644, 0.000279857660644, 0.000772542261984, 0.000693984446116, 0.00106296187732, 0.00189628545195, 0.00121299538296, 0.00168399489485, 0.000794205523562, 0.000844934314955, 0.000639047182631, 0.00153080595192, 0.00141311471816, 0.00044165601139, 0.000635599542875, 0.000219083245611, 0.000310581352096, 0.000197966597625, 0.000128428539028, 8.20989371277e-05, 3.14801254717e-05, 2.58659820247e-05, 1.05512081063e-05, 9.83845802693e-06, 9.12261043595e-07],
        "dvar": [7.07610844919e-11, 2.03256968234e-05, 2.27023861044e-06, 1.10582597301e-07, 8.69443567808e-07, 4.78190770536e-07, 1.40609324717e-06, 3.92512811231e-06, 3.56546865987e-06, 3.95764936911e-06, 1.12037605504e-06, 1.7710380007e-06, 8.03270211236e-07, 2.81291090687e-06, 2.63917786469e-06, 2.90390516966e-07, 2.95311565424e-07, 3.80910414322e-08, 8.9744581544e-08, 4.7007148396e-08, 2.0037552062e-08, 8.56263593363e-09, 2.33347274836e-09, 4.21607815326e-09, 1.77369929855e-09, 2.19621654196e-09, 1.87268724833e-11],
        "dvar2": [1.8304271987e-10, 4.64564400318e-05, 7.05606043994e-06, 3.26832946485e-07, 2.6899247132e-06, 9.26088205233e-07, 2.49454569712e-06, 6.13889369561e-06, 4.26692849942e-06, 6.52261905998e-06, 2.00871227207e-06, 3.49884157913e-06, 1.88003457424e-06, 6.34754951534e-06, 5.28542113898e-06, 7.14328962204e-07, 8.19415561182e-07, 1.06026817548e-07, 2.51390304129e-07, 1.3692356049e-07, 6.04636838375e-08, 2.29003855878e-08, 5.34858868306e-09, 9.6963574947e-09, 3.56239615584e-09, 5.00871255582e-09, 4.32482973045e-11],
        "max": [0.000129705600557, 0.216951623559, 0.0379186831415, 0.007398837246, 0.0242921654135, 0.0177074372768, 0.0310637261719, 0.0604703947902, 0.0830732285976, 0.0504703707993, 0.0266358647496, 0.0449430420995, 0.035462141037, 0.0301722474396, 0.0252459943295, 0.026558784768, 0.0115392683074, 0.00389108550735, 0.0055663366802, 0.00482721114531, 0.00329682533629, 0.00244494341314, 0.00105566100683, 0.00180466158781, 0.00122341804672, 0.00123354862444, 0.000101068755612],
        "mean": [8.28000247566e-06, 0.00449617719278, 0.00131473969668, 0.00053405656945, 0.00137754657771, 0.00166270812042, 0.00224900012836, 0.0035598105751, 0.0025951010175, 0.00303082517348, 0.00121226720512, 0.00103512045462, 0.000721711781807, 0.0016524028033, 0.00164082064293, 0.000454016088042, 0.000604672124609, 0.000227932847338, 0.000319049548125, 0.000215837513679, 0.000153397937538, 0.00011307081877, 5.03591254528e-05, 3.38537829521e-05, 1.46777729242e-05, 7.49526043364e-06, 5.30022134626e-07],
        "median": [4.74452554045e-06, 0.000237680796999, 0.000314301782055, 0.00019089638954, 0.000788694713265, 0.00108975847252, 0.00138612755109, 0.00215006433427, 0.00114010367543, 0.00169825716875, 0.000510849524289, 0.000434963207226, 0.000306426314637, 0.000857927196193, 0.000835285463836, 0.000264944101218, 0.000386697240174, 0.000156872381922, 0.000207601115108, 0.000117703006254, 8.70017684065e-05, 6.26688051852e-05, 2.08617893804e-05, 1.16224582598e-05, 3.09432743961e-06, 7.20545244803e-07, 3.256176484e-08],
        "min": [3.07117404772e-25, 9.18272156216e-25, 1.39613529918e-24, 3.69711151019e-25, 2.31231283247e-24, 5.52236673003e-24, 6.01369848965e-24, 6.08295456067e-24, 6.28293513888e-24, 1.1203737053e-23, 1.10761940218e-23, 2.16615777211e-23, 2.95203615202e-23, 2.63155809606e-23, 3.06003846746e-23, 5.05064786689e-23, 6.50324056054e-23, 7.05054657679e-23, 1.02580821542e-22, 1.6295654967e-22, 2.15317703436e-22, 3.23848833366e-22, 3.19537235203e-22, 5.37347007036e-22, 8.64166147835e-22, 1.24313381599e-21, 1.8273215408e-21],
        "var": [1.03830832821e-10, 0.000185717639397, 6.2990366132e-06, 6.92376659117e-07, 2.98694408229e-06, 3.37164237862e-06, 7.53998210712e-06, 2.01728889806e-05, 2.17011529458e-05, 1.72013533302e-05, 3.70537304661e-06, 4.14199439547e-06, 1.68490043961e-06, 5.83732798987e-06, 7.0271421464e-06, 5.10689915245e-07, 5.03274179664e-07, 6.70060700259e-08, 1.5125155528e-07, 8.45836183316e-08, 4.53554811486e-08, 2.19935927248e-08, 6.95698565423e-09, 6.19271212088e-09, 3.28068816557e-09, 2.40329645074e-09, 1.72749384242e-11]
    },
    "erbbands": {
        "dmean": [0.0137700513005, 0.374714255333, 0.845480203629, 0.454305708408, 0.982059001923, 1.83931696415, 2.92299056053, 4.80651187897, 10.752374649, 23.6182804108, 27.0248565674, 26.3716583252, 40.8708610535, 20.1230812073, 23.6411132812, 28.9705848694, 19.7750968933, 49.7877464294, 42.5058097839, 34.0615539551, 14.6996593475, 15.2985877991, 5.48327112198, 12.0911722183, 5.91566801071, 6.23106527328, 3.38425660133, 2.06072211266, 1.42489206791, 1.64613032341, 0.565308332443, 0.40263646841, 0.194871917367, 0.0953529402614, 0.0538324788213, 0.0279338546097, 0.0120993666351, 0.00222635339014, 0.000115836839541, 8.69010091264e-06],
        "dmean2": [0.0213521551341, 0.573391377926, 1.42329227924, 0.719556808472, 1.58486521244, 2.84594655037, 3.91102457047, 6.43234491348, 13.3064107895, 33.4503097534, 33.5455436707, 31.2880210876, 53.2605476379, 25.8540382385, 32.3876037598, 42.3941040039, 30.1933403015, 75.3484039307, 64.4914169312, 53.2812957764, 24.5368690491, 26.1634120941, 9.24015045166, 20.6617355347, 10.128235817, 10.7349538803, 5.88562726974, 3.52779173851, 2.39192914963, 2.65072917938, 0.929768264294, 0.642030596733, 0.303191781044, 0.141803815961, 0.0768807679415, 0.038487765938, 0.0186646115035, 0.00346454745159, 0.000178240763489, 1.24712187244e-05],
        "dvar": [0.00186248775572, 1.58521103859, 6.69129228592, 0.635447502136, 3.18663454056, 17.6410770416, 18.9501914978, 48.2418556213, 267.417144775, 1399.09973145, 1711.37487793, 2641.20996094, 4230.31933594, 974.854736328, 1888.36645508, 4615.31005859, 1884.02392578, 7145.95068359, 4970.13916016, 3140.48266602, 425.497406006, 658.574890137, 73.5830383301, 450.795288086, 109.050575256, 152.14414978, 42.2802238464, 13.4430932999, 5.59957122803, 14.177983284, 1.57008957863, 1.7581179142, 0.871439576149, 0.256477534771, 0.0969606339931, 0.0310143344104, 0.00818129256368, 0.000290545722237, 7.27736335193e-07, 4.74922989824e-10],
        "dvar2": [0.00417590653524, 3.67835903168, 19.6765422821, 1.93233084679, 10.7016944885, 53.8170318604, 39.8307037354, 98.1660690308, 461.667205811, 3016.19921875, 2238.67993164, 3126.81469727, 7017.7109375, 1550.75354004, 3446.37402344, 9106.74023438, 4390.41503906, 15908.3027344, 11249.828125, 6825.75146484, 1088.70581055, 1879.36425781, 197.118377686, 1292.25537109, 316.128387451, 448.06552124, 126.292480469, 39.2714004517, 14.9789609909, 36.9623184204, 3.9749557972, 4.04409599304, 2.04902982712, 0.561279952526, 0.195451587439, 0.0635545626283, 0.0197586920112, 0.000692645262461, 1.67810719631e-06, 1.08718523073e-09],
        "max": [2.14700102806, 59.6701583862, 78.1343536377, 15.1450748444, 34.5264816284, 134.597106934, 130.326522827, 195.975234985, 476.605316162, 1069.83959961, 1660.63842773, 2293.12792969, 1549.66516113, 886.682189941, 1318.39758301, 2292.54077148, 1792.38818359, 1594.40332031, 1459.27026367, 864.365356445, 810.454711914, 464.088439941, 263.353820801, 404.860687256, 234.564376831, 312.156402588, 149.476928711, 64.3456802368, 62.4243049622, 110.170272827, 30.7640266418, 39.3102760315, 25.9381103516, 16.2426929474, 8.39120769501, 4.42445611954, 2.52837204933, 0.4722443223, 0.0199033170938, 0.000573384924792],
        "mean": [0.0466541349888, 1.24559831619, 2.24934196472, 1.46034348011, 2.67773032188, 4.83632087708, 8.59521865845, 14.0657453537, 31.3083744049, 56.6484832764, 70.2109146118, 69.9735641479, 95.0466995239, 52.2061233521, 51.7952804565, 53.8077583313, 37.8535079956, 86.5113983154, 79.8746261597, 60.6044425964, 28.9591407776, 26.2015361786, 11.7457904816, 20.8817653656, 12.1439027786, 11.321598053, 7.18888616562, 4.68188095093, 3.35579967499, 3.52151679993, 1.4838463068, 0.888020277023, 0.378273367882, 0.192241966724, 0.0993062630296, 0.0395189896226, 0.0118726752698, 0.00197279755957, 0.000117302777653, 3.7728674215e-05],
        "median": [0.00282330997288, 0.075167670846, 0.369163274765, 0.782397210598, 1.4274122715, 2.36895632744, 4.88443088531, 8.70118141174, 19.2623786926, 33.2059669495, 42.6331291199, 33.7774887085, 51.6574630737, 30.9497146606, 24.9538211823, 25.3293800354, 20.7011260986, 48.1861343384, 44.57862854, 34.4697799683, 23.0818061829, 16.4236488342, 9.69790554047, 12.3792896271, 8.58366012573, 6.83432626724, 4.16900348663, 2.91886329651, 2.03452301025, 1.52210688591, 0.664533853531, 0.313621938229, 0.124366983771, 0.050067897886, 0.0176042765379, 0.00502413697541, 0.0011298477184, 0.000145135665662, 2.27060882025e-05, 3.342841228e-05],
        "min": [4.34187148967e-23, 3.21699875286e-22, 2.35115708971e-21, 4.1304359159e-21, 7.26182425216e-21, 4.68545068091e-21, 3.05274365484e-20, 6.468356581e-20, 9.4599664187e-20, 1.22600031652e-19, 2.48234601231e-19, 1.7753212678e-19, 4.6357398726e-19, 5.6940988548e-19, 6.54200034169e-19, 1.16584024605e-18, 1.63442048548e-18, 1.89644059445e-18, 2.32995912925e-18, 3.01265382946e-18, 3.08047684943e-18, 4.27821617843e-18, 4.05217749552e-18, 5.40338447075e-18, 6.83410335519e-18, 7.21640720915e-18, 8.96717798901e-18, 9.42604733484e-18, 1.10257054517e-17, 9.69176173583e-18, 8.88756599096e-18, 1.10680463457e-17, 9.51456393219e-18, 7.59643218053e-18, 6.17711267212e-18, 4.12790712137e-18, 2.17185162017e-18, 9.54766087607e-19, 2.17642127607e-19, 2.5768714952e-20],
        "var": [0.0192931368947, 13.9769649506, 26.2276077271, 3.28236794472, 12.1274375916, 52.486366272, 122.962783813, 283.170806885, 1512.44042969, 5392.44238281, 8999.49511719, 16242.7373047, 17874.7363281, 4528.15576172, 6029.47558594, 10715.0117188, 3899.66137695, 15164.4765625, 13193.3134766, 7767.39648438, 865.786193848, 1121.43408203, 140.643859863, 753.36730957, 206.424789429, 230.198425293, 98.155418396, 32.6509246826, 15.1527490616, 32.2647514343, 4.67192459106, 3.16133666039, 1.19087994099, 0.427144557238, 0.17595808208, 0.045556422323, 0.00745011679828, 0.000254102429608, 6.73009765251e-07, 1.07934738924e-09]
    },
    "gfcc": {
        "mean": [-32.2211761475, 112.73891449, -162.007095337, 16.1811313629, -67.992767334, 5.28659009933, -29.5882816315, 1.23204433918, -8.25523376465, 0.812818050385, -13.2548809052, -9.00130558014, -8.19648456573],
        "cov": [[29321.0410156, 1382.60217285, -3266.27539062, 566.485656738, -1699.84362793, 444.319519043, -993.175720215, 268.987121582, -647.358947754, 95.724647522, -416.249145508, -169.35697937, -410.990631104], [1382.60217285, 1840.01208496, -193.396240234, 24.9465694427, 73.6053619385, -260.88369751, 137.610839844, -205.088012695, 170.206054688, -209.757965088, 121.942764282, -124.513565063, 33.9191398621], [-3266.27539062, -193.396240234, 1246.11083984, 288.322235107, 334.387390137, 232.10055542, 239.565948486, 138.895309448, 85.9014282227, 54.2960357666, 52.614566803, 38.3894195557, -4.99658966064], [566.485656738, 24.9465694427, 288.322235107, 330.285217285, 53.9061737061, 139.731658936, 60.9779319763, 87.5246963501, 17.1447982788, 23.4794330597, 15.416229248, 0.110180698335, -32.6779975891], [-1699.84362793, 73.6053619385, 334.387390137, 53.9061737061, 287.24697876, 53.6449050903, 119.253128052, 27.0960941315, 72.4217758179, 15.7496776581, 31.268825531, 8.98369312286, 27.9867610931], [444.319519043, -260.88369751, 232.10055542, 139.731658936, 53.6449050903, 264.720367432, 47.266784668, 123.861930847, -15.3209209442, 91.7881851196, -22.4689846039, 28.5825366974, -13.4925632477], [-993.175720215, 137.610839844, 239.565948486, 60.9779319763, 119.253128052, 47.266784668, 162.936141968, 43.7309951782, 80.7744293213, 1.62798392773, 38.6493911743, -1.36982500553, 24.1536388397], [268.987121582, -205.088012695, 138.895309448, 87.5246963501, 27.0960941315, 123.861930847, 43.7309951782, 148.56918335, 15.6103277206, 61.793006897, -15.0167655945, 21.3411235809, -4.22457313538], [-647.358947754, 170.206054688, 85.9014282227, 17.1447982788, 72.4217758179, -15.3209209442, 80.7744293213, 15.6103277206, 148.684280396, 28.2311935425, 45.8844451904, -3.71214103699, 37.0904426575], [95.724647522, -209.757965088, 54.2960357666, 23.4794330597, 15.7496776581, 91.7881851196, 1.62798392773, 61.793006897, 28.2311935425, 115.315299988, 12.4231109619, 28.7734889984, 6.82676458359], [-416.249145508, 121.942764282, 52.614566803, 15.416229248, 31.268825531, -22.4689846039, 38.6493911743, -15.0167655945, 45.8844451904, 12.4231109619, 87.8045578003, 21.1811981201, 16.2935600281], [-169.35697937, -124.513565063, 38.3894195557, 0.110180698335, 8.98369312286, 28.5825366974, -1.36982500553, 21.3411235809, -3.71214103699, 28.7734889984, 21.1811981201, 76.3149337769, 33.419342041], [-410.990631104, 33.9191398621, -4.99658966064, -32.6779975891, 27.9867610931, -13.4925632477, 24.1536388397, -4.22457313538, 37.0904426575, 6.82676458359, 16.2935600281, 33.419342041, 80.68775177]],
        "icov": [[0.000294586876407, -0.000754743581638, 0.00060015177587, -0.000630131864455, 0.000932294409722, -0.000813590479083, 0.00106197025161, -0.00113115622662, 0.000628862646408, -0.000812493264675, 0.000789810263086, -0.000486777746119, 0.000585001136642], [-0.000754743581638, 0.00318559189327, -0.00111662899144, 0.00105562561657, -0.00258215633221, 0.00189935136586, -0.00331714795902, 0.00387738784775, -0.00272211129777, 0.00402378197759, -0.00342483608983, 0.0026737889275, -0.00192089204211], [0.00060015177587, -0.00111662899144, 0.00304096238688, -0.00222260178998, 0.000562983332202, -0.00213670381345, 0.00059525272809, -0.00198074942455, 0.00107808737084, -0.000969377229922, 0.00118642346933, -0.00147854711395, 0.00193929136731], [-0.000630131864455, 0.00105562561657, -0.00222260178998, 0.00673129362985, -0.00153048196808, -0.00078576937085, -0.00107600819319, 0.000303566484945, -0.00193683442194, 0.00331415771507, -0.0032558827661, 0.00116150616668, 0.000458866823465], [0.000932294409722, -0.00258215633221, 0.000562983332202, -0.00153048196808, 0.00916806701571, -0.00293257832527, 0.000992933986709, -0.00260778097436, 0.00123103533406, -0.00323900138028, 0.00307846348733, -0.00162910635117, 0.000906373374164], [-0.000813590479083, 0.00189935136586, -0.00213670381345, -0.00078576937085, -0.00293257832527, 0.0130464518443, -0.00626739999279, 0.000196140405023, 0.0025881996844, -0.00543454801664, 0.00178405083716, -5.74886944378e-05, -0.00137428345624], [0.00106197025161, -0.00331714795902, 0.00059525272809, -0.00107600819319, 0.000992933986709, -0.00626739999279, 0.0202772077173, -0.00864616315812, -0.00276139215566, 0.00283420830965, -0.00204505049624, 0.00128666427918, -0.000600654690061], [-0.00113115622662, 0.00387738784775, -0.00198074942455, 0.000303566484945, -0.00260778097436, 0.000196140405023, -0.00864616315812, 0.0193179082125, -0.00449200207368, 3.98070333176e-05, 0.00112887565047, -0.000747194397263, -0.000711351633072], [0.000628862646408, -0.00272211129777, 0.00107808737084, -0.00193683442194, 0.00123103533406, 0.0025881996844, -0.00276139215566, -0.00449200207368, 0.0167674161494, -0.00991859287024, -0.000202702693059, 0.0027574643027, -0.00374252581969], [-0.000812493264675, 0.00402378197759, -0.000969377229922, 0.00331415771507, -0.00323900138028, -0.00543454801664, 0.00283420830965, 3.98070333176e-05, -0.00991859287024, 0.0243627149612, -0.00922172889113, 0.00116227474064, -0.00130057125352], [0.000789810263086, -0.00342483608983, 0.00118642346933, -0.0032558827661, 0.00307846348733, 0.00178405083716, -0.00204505049624, 0.00112887565047, -0.000202702693059, -0.00922172889113, 0.0233598183841, -0.0109297940508, 0.00480257393792], [-0.000486777746119, 0.0026737889275, -0.00147854711395, 0.00116150616668, -0.00162910635117, -5.74886944378e-05, 0.00128666427918, -0.000747194397263, 0.0027574643027, 0.00116227474064, -0.0109297940508, 0.0260058548301, -0.013023359701], [0.000585001136642, -0.00192089204211, 0.00193929136731, 0.000458866823465, 0.000906373374164, -0.00137428345624, -0.000600654690061, -0.000711351633072, -0.00374252581969, -0.00130057125352, 0.00480257393792, -0.013023359701, 0.0223396383226]]
    },
    "melbands": {
        "dmean": [0.000252555910265, 0.00048378270003, 8.89997027116e-05, 9.61805126281e-05, 0.000100939723779, 0.000113162037451, 0.00015958318545, 0.00027105663321, 0.000223288298002, 0.000154976951308, 0.000205512609682, 8.79506987985e-05, 8.20042769192e-05, 7.06890277797e-05, 5.99311097176e-05, 3.79717384931e-05, 0.000110622218926, 6.5037413151e-05, 6.41268416075e-05, 3.27128327626e-05, 1.91006638488e-05, 2.02433366212e-05, 7.93800063548e-06, 6.2849007918e-06, 1.10606770249e-05, 5.43948044651e-06, 3.82048438041e-06, 4.36364734924e-06, 1.84483894827e-06, 2.64634127234e-06, 1.04489993191e-06, 8.76401543337e-07, 1.09619554678e-06, 8.30303861221e-07, 4.13056909565e-07, 2.40909599825e-07, 2.73944294804e-07, 1.56912733473e-07, 1.16961693664e-07, 7.50800879246e-08],
        "dmean2": [0.000383682316169, 0.000782196468208, 0.00014079263201, 0.000155646586791, 0.00013849035895, 0.000149634870468, 0.000197403132915, 0.000380273879273, 0.000272782432148, 0.000184194592293, 0.000267844472546, 0.000113378380775, 0.000111410488898, 0.000102162310213, 9.01234016055e-05, 5.78198050789e-05, 0.00016769238573, 0.000100977005786, 9.49087552726e-05, 5.40726323379e-05, 3.23112653859e-05, 3.47200875694e-05, 1.34284182423e-05, 1.07414480226e-05, 1.89019447134e-05, 9.23359402805e-06, 6.52956350677e-06, 7.51131119614e-06, 3.18022375723e-06, 4.6489781198e-06, 1.75831985416e-06, 1.47593550537e-06, 1.80242670922e-06, 1.32649029183e-06, 6.96382983278e-07, 3.87381362543e-07, 4.35870475712e-07, 2.488090729e-07, 1.81349946615e-07, 1.159971319e-07],
        "dvar": [6.86603868871e-07, 2.44212924372e-06, 2.11011901285e-08, 3.66087782311e-08, 2.70060649399e-08, 2.3650983394e-08, 5.76293821553e-08, 1.80385896442e-07, 1.14239291804e-07, 8.86674200729e-08, 1.09404709292e-07, 2.27741576708e-08, 2.27887664295e-08, 2.24563283524e-08, 1.16965912511e-08, 5.19585130476e-09, 3.72667869897e-08, 1.24108510136e-08, 2.15926068137e-08, 3.19878790123e-09, 7.1987887873e-10, 1.06927888766e-09, 3.53594015179e-10, 8.62950336189e-11, 4.01818633922e-10, 1.13400046298e-10, 4.37928512897e-11, 8.66520327714e-11, 9.89881700914e-12, 3.44869723057e-11, 5.41952160232e-12, 2.26998671596e-12, 5.50191749799e-12, 3.34409821882e-12, 9.13057715372e-13, 3.08759338626e-13, 1.15660638619e-12, 6.07121232628e-13, 2.28293295726e-13, 1.60606323705e-13],
        "dvar2": [1.50731523263e-06, 6.51703612675e-06, 6.41218633746e-08, 1.20614089383e-07, 6.71227553539e-08, 4.7073271503e-08, 9.45607894209e-08, 3.71404922817e-07, 1.52615427851e-07, 1.04511009624e-07, 1.81562327839e-07, 3.65005021763e-08, 4.08244922312e-08, 4.41387406624e-08, 2.55418832751e-08, 1.18276535233e-08, 8.28171096146e-08, 2.96535436206e-08, 3.97975981059e-08, 8.0373432354e-09, 1.95253391233e-09, 3.04962788356e-09, 9.30487742412e-10, 2.47885351135e-10, 1.15078746532e-09, 3.24511556515e-10, 1.21645610252e-10, 2.5145741045e-10, 2.80363961214e-11, 1.05193076472e-10, 1.5404424264e-11, 6.15470651874e-12, 1.48011585627e-11, 8.35651426528e-12, 2.44629598696e-12, 7.23519226302e-13, 2.69683711127e-12, 1.44172488618e-12, 5.05069727361e-13, 3.5563790953e-13],
        "max": [0.0417714565992, 0.0608852766454, 0.00247446494177, 0.00444982387125, 0.00379858841188, 0.00402835011482, 0.0072619728744, 0.013163715601, 0.0126573033631, 0.0146923493594, 0.00764745986089, 0.00397185795009, 0.00406177341938, 0.00503700273111, 0.00321415741928, 0.00230640894733, 0.00366029795259, 0.00237821601331, 0.00267897825688, 0.00249721505679, 0.000566860311665, 0.000528673292138, 0.000787157332525, 0.000132160799694, 0.0003857005795, 0.000201099712285, 0.000129067091621, 0.000195130574866, 4.9628513807e-05, 0.000141963493661, 6.06534631515e-05, 2.64659465756e-05, 5.93810800638e-05, 4.51087871625e-05, 2.79135601886e-05, 1.50217401824e-05, 3.3833883208e-05, 2.13556977542e-05, 1.33600815388e-05, 1.29825311888e-05],
        "mean": [0.000869743176736, 0.00146698136814, 0.000294559518807, 0.000257397332462, 0.00029657423147, 0.000333311909344, 0.00046889911755, 0.000652387039736, 0.000574334291741, 0.000404485559557, 0.000469574646559, 0.000214115367271, 0.000171289750142, 0.000131361768581, 0.000105859166069, 6.95306662237e-05, 0.000181399140274, 0.000116952644021, 0.000112913257908, 5.39073989785e-05, 3.19119026244e-05, 3.27569869114e-05, 1.2876229448e-05, 1.1397893104e-05, 1.77425245056e-05, 9.7026468211e-06, 7.18023829904e-06, 7.38830703995e-06, 3.74217461285e-06, 4.84162956127e-06, 2.17440106098e-06, 1.81351310857e-06, 2.19430830839e-06, 1.67781229266e-06, 9.32920102059e-07, 5.802747296e-07, 5.0476234037e-07, 2.66698322093e-07, 2.19041211835e-07, 1.42051973739e-07],
        "median": [4.3381973228e-05, 0.000175771871, 0.000173675653059, 0.000140255462611, 0.000178288697498, 0.000214347441215, 0.000295854464639, 0.000384119339287, 0.000343778170645, 0.000188883946976, 0.000245516886935, 0.000106147679617, 6.8572233431e-05, 6.07432157267e-05, 6.01533974987e-05, 2.80388558167e-05, 9.05027263798e-05, 6.38979981886e-05, 4.89471058245e-05, 3.27819579979e-05, 2.20387810259e-05, 1.87274054042e-05, 7.32895659894e-06, 7.78344474384e-06, 8.71900738275e-06, 5.03059391121e-06, 4.4204898586e-06, 4.00244925913e-06, 2.18682498598e-06, 2.11193673749e-06, 1.23141364838e-06, 1.04013929558e-06, 1.05348840407e-06, 6.09189271472e-07, 3.79805129569e-07, 2.15237179191e-07, 1.63295993616e-07, 8.54456914112e-08, 6.01195679906e-08, 3.37407541906e-08],
        "min": [6.03980850372e-25, 1.01878772808e-24, 9.10819688637e-25, 5.53391742862e-25, 1.05087523704e-24, 1.28920569651e-24, 1.57889188838e-24, 1.05978818198e-24, 1.40492015282e-24, 9.8267219672e-25, 1.71628976439e-24, 1.73669522943e-24, 1.83059354019e-24, 2.13365457289e-24, 2.80496790627e-24, 2.75066311598e-24, 2.7355442023e-24, 2.98813588643e-24, 2.55741901547e-24, 3.03621222544e-24, 2.96865595245e-24, 3.42974002396e-24, 2.46415080736e-24, 3.60422856202e-24, 4.05278039475e-24, 4.00118218623e-24, 4.05842311681e-24, 3.31002840944e-24, 4.6203922429e-24, 3.40004651063e-24, 4.9698083201e-24, 4.95106537943e-24, 5.62076135074e-24, 4.74327468383e-24, 4.87128274849e-24, 4.89105160277e-24, 5.98616211646e-24, 5.47375948763e-24, 5.48228825731e-24, 5.94103177851e-24],
        "var": [6.969703918e-06, 1.45987442011e-05, 1.16727406407e-07, 1.09920293312e-07, 1.34264638518e-07, 1.45395503637e-07, 3.38571027214e-07, 7.39814026929e-07, 5.89422597841e-07, 5.59322074878e-07, 4.60857165763e-07, 1.01756917559e-07, 7.60366205554e-08, 5.39609175121e-08, 2.47396201303e-08, 1.31782433854e-08, 7.72951409544e-08, 3.03642373467e-08, 6.05434706813e-08, 5.60491830726e-09, 1.24568422244e-09, 1.88399407186e-09, 5.55743784325e-10, 1.57011126323e-10, 6.58275378651e-10, 2.1704793518e-10, 8.83112957761e-11, 1.28938346111e-10, 2.19939708807e-11, 7.20775938934e-11, 1.23881738201e-11, 5.15499492051e-12, 1.21757560631e-11, 7.24279403813e-12, 2.17604840397e-12, 9.73898587643e-13, 1.55035565549e-12, 7.45923396835e-13, 3.84116241418e-13, 2.70481851977e-13]
    },
    "mfcc": {
        "mean": [-646.997375488, 134.479400635, -32.6977577209, 8.28104877472, -16.4055233002, 2.14836812019, -13.827583313, -0.652130365372, 0.937064051628, 8.96653079987, 0.572742521763, -2.65046596527, -0.46571162343],
        "cov": [[10483.3476562, 787.041687012, -601.365783691, 139.104934692, -253.663787842, 29.8648071289, -178.615615845, 27.5110721588, -215.875946045, 41.0818099976, -105.544219971, -38.1769638062, -86.6042556763], [787.041687012, 1578.99389648, -67.0740585327, 173.107788086, 14.2790994644, -20.5064239502, -40.6796264648, -0.981799542904, -13.7154712677, -53.4957618713, 33.4001922607, 31.2468585968, 30.7860984802], [-601.365783691, -67.0740585327, 680.749450684, 174.512985229, 169.169189453, 137.088439941, 154.968307495, 120.998168945, 125.229286194, 65.5307006836, 66.5272293091, 106.365402222, 77.7881622314], [139.104934692, 173.107788086, 174.512985229, 220.448226929, 88.5385131836, 39.432762146, 45.4930610657, 54.8766098022, 33.7945785522, 16.5643348694, 29.5934715271, 48.3001899719, 34.6696815491], [-253.663787842, 14.2790994644, 169.169189453, 88.5385131836, 155.679946899, 77.01612854, 69.6457443237, 48.921749115, 55.0816802979, 34.1342506409, 31.8560161591, 36.3732833862, 26.9816493988], [29.8648071289, -20.5064239502, 137.088439941, 39.432762146, 77.01612854, 130.804275513, 76.9580383301, 43.0065765381, 46.5223960876, 37.1291542053, 28.7395458221, 30.5294914246, 21.5961818695], [-178.615615845, -40.6796264648, 154.968307495, 45.4930610657, 69.6457443237, 76.9580383301, 133.12651062, 68.1017684937, 50.1598587036, 30.8579292297, 25.5767364502, 32.390422821, 21.8558578491], [27.5110721588, -0.981799542904, 120.998168945, 54.8766098022, 48.921749115, 43.0065765381, 68.1017684937, 101.077461243, 56.1549873352, 25.555513382, 21.3832263947, 21.8596096039, 16.6567401886], [-215.875946045, -13.7154712677, 125.229286194, 33.7945785522, 55.0816802979, 46.5223960876, 50.1598587036, 56.1549873352, 125.445205688, 62.5415725708, 30.7207336426, 21.7518787384, 22.565366745], [41.0818099976, -53.4957618713, 65.5307006836, 16.5643348694, 34.1342506409, 37.1291542053, 30.8579292297, 25.555513382, 62.5415725708, 99.9302749634, 45.1040153503, 10.6763477325, 6.94938564301], [-105.544219971, 33.4001922607, 66.5272293091, 29.5934715271, 31.8560161591, 28.7395458221, 25.5767364502, 21.3832263947, 30.7207336426, 45.1040153503, 84.1144332886, 40.1117897034, 11.506529808], [-38.1769638062, 31.2468585968, 106.365402222, 48.3001899719, 36.3732833862, 30.5294914246, 32.390422821, 21.8596096039, 21.7518787384, 10.6763477325, 40.1117897034, 88.2195968628, 39.5781135559], [-86.6042556763, 30.7860984802, 77.7881622314, 34.6696815491, 26.9816493988, 21.5961818695, 21.8558578491, 16.6567401886, 22.565366745, 6.94938564301, 11.506529808, 39.5781135559, 81.0810546875]],
