{
"lowlevel": {
    "average_loudness": 0.473859488964,
    "barkbands_crest": {
        "dmean": 2.21349072456,
        "dmean2": 3.52193260193,
        "dvar": 4.53893375397,
        "dvar2": 11.0968122482,
        "max": 26.8557758331,
        "mean": 13.1250581741,
        "median": 12.424249649,
        "min": 3.99811410904,
        "var": 20.5185394287
    },
    "barkbands_flatness_db": {
        "dmean": 0.0206148568541,
        "dmean2": 0.031819857657,
        "dvar": 0.000441289506853,
        "dvar2": 0.000988459796645,
        "max": 0.502141475677,
        "mean": 0.252275884151,
        "median": 0.254334867001,
        "min": 0.0593557916582,
        "var": 0.00266219000332
    },
    "barkbands_kurtosis": {
        "dmean": 5.73550462723,
        "dmean2": 9.02112865448,
        "dvar": 1206.97851562,
        "dvar2": 3196.75952148,
        "max": 2456.79199219,
        "mean": 16.3547649384,
        "median": 6.08523702621,
        "min": -1.96744966507,
        "var": 12137.2949219
    },
    "barkbands_skewness": {
        "dmean": 0.515274763107,
        "dmean2": 0.807070612907,
        "dvar": 0.388350456953,
        "dvar2": 0.905688583851,
        "max": 9.67264842987,
        "mean": 1.89380562305,
        "median": 1.87392914295,
        "min": -44.3539962769,
        "var": 7.38313627243
    },
    "barkbands_spread": {
        "dmean": 1.72241747379,
        "dmean2": 2.63593769073,
        "dvar": 15.433052063,
        "dvar2": 25.5773487091,
        "max": 151.157943726,
        "mean": 6.4481716156,
        "median": 4.97876787186,
        "min": 0.10106895864,
        "var": 62.6042480469
    },
    "dissonance": {
        "dmean": 0.0314126461744,
        "dmean2": 0.0524325333536,
        "dvar": 0.000935525051318,
        "dvar2": 0.00252098008059,
        "max": 0.499862760305,
        "mean": 0.404262185097,
        "median": 0.410927981138,
        "min": 0.135626584291,
        "var": 0.00241092848592
    },
    "dynamic_complexity": 4.21034574509,
    "erbbands_crest": {
        "dmean": 2.18304181099,
        "dmean2": 3.47334241867,
        "dvar": 5.06498003006,
        "dvar2": 12.8883104324,
        "max": 31.7619075775,
        "mean": 11.928730011,
        "median": 10.8383865356,
        "min": 3.4543030262,
        "var": 23.2197761536
    },
    "erbbands_flatness_db": {
        "dmean": 0.0175047237426,
        "dmean2": 0.0255769640207,
        "dvar": 0.000346540211467,
        "dvar2": 0.000736148271244,
        "max": 0.398054659367,
        "mean": 0.248515173793,
        "median": 0.252585530281,
        "min": 0.0694132521749,
        "var": 0.0019089350244
    },
    "erbbands_kurtosis": {
        "dmean": 1.16610181332,
        "dmean2": 1.80604910851,
        "dvar": 2.91334009171,
        "dvar2": 6.6224861145,
        "max": 44.5705375671,
        "mean": 1.80677604675,
        "median": 0.957357168198,
        "min": -1.86969470978,
        "var": 11.1099119186
    },
    "erbbands_skewness": {
        "dmean": 0.331453621387,
        "dmean2": 0.501887142658,
        "dvar": 0.11828827858,
        "dvar2": 0.256602793932,
        "max": 5.43401765823,
        "mean": 0.864393651485,
        "median": 0.844301939011,
        "min": -2.92524719238,
        "var": 0.676326692104
    },
    "erbbands_spread": {
        "dmean": 3.70713877678,
        "dmean2": 5.63481712341,
        "dvar": 44.8494415283,
        "dvar2": 83.9587020874,
        "max": 201.986358643,
        "mean": 18.7577552795,
        "median": 16.4420204163,
        "min": 1.75636255741,
        "var": 158.537109375
    },
    "hfc": {
        "dmean": 2.06925797462,
        "dmean2": 3.0007276535,
        "dvar": 14.3498659134,
        "dvar2": 27.9854984283,
        "max": 93.8317718506,
        "mean": 7.97158718109,
        "median": 4.30934000015,
        "min": 1.12827342908e-16,
        "var": 95.6864700317
    },
    "melbands_crest": {
        "dmean": 2.88074159622,
        "dmean2": 4.66549015045,
        "dvar": 7.81598901749,
        "dvar2": 19.7924995422,
        "max": 32.3624763489,
        "mean": 16.9417304993,
        "median": 16.133228302,
        "min": 2.02244067192,
        "var": 31.3309669495
    },
    "melbands_flatness_db": {
        "dmean": 0.0237977206707,
        "dmean2": 0.0361788533628,
        "dvar": 0.000625634216703,
        "dvar2": 0.00133014563471,
        "max": 0.536307513714,
        "mean": 0.353022545576,
        "median": 0.357831418514,
        "min": 0.00471556792036,
        "var": 0.00433019921184
    },
    "melbands_kurtosis": {
        "dmean": 4.77740716934,
        "dmean2": 7.4998831749,
        "dvar": 51.542427063,
        "dvar2": 120.650810242,
        "max": 208.115997314,
        "mean": 11.8088655472,
        "median": 7.72759532928,
        "min": -1.69983935356,
        "var": 171.141021729
    },
    "melbands_skewness": {
        "dmean": 0.525529801846,
        "dmean2": 0.820264816284,
        "dvar": 0.319031715393,
        "dvar2": 0.75620418787,
        "max": 11.7798175812,
        "mean": 2.35482239723,
        "median": 2.19163060188,
        "min": -1.18347847462,
        "var": 1.68862116337
    },
    "melbands_spread": {
        "dmean": 2.01791501045,
        "dmean2": 3.12297797203,
        "dvar": 18.7950515747,
        "dvar2": 34.8125991821,
        "max": 234.351791382,
        "mean": 8.19380092621,
        "median": 6.24052524567,
        "min": 0.668850302696,
        "var": 163.031478882
    },
    "pitch_salience": {
        "dmean": 0.0617837309837,
        "dmean2": 0.0991913154721,
        "dvar": 0.00362459803,
        "dvar2": 0.00899766851217,
        "max": 0.879414379597,
        "mean": 0.514792501926,
        "median": 0.518481910229,
        "min": 0.137616947293,
        "var": 0.0140005405992
    },
    "silence_rate_20dB": {
        "dmean": 0,
        "dmean2": 0,
        "dvar": 0,
        "dvar2": 0,
        "max": 1,
        "mean": 1,
        "median": 1,
        "min": 1,
        "var": 0
    },
    "silence_rate_30dB": {
        "dmean": 0.00674448767677,
        "dmean2": 0.0134901413694,
        "dvar": 0.00669921515509,
        "dvar2": 0.016421943903,
        "max": 1,
        "mean": 0.991267502308,
        "median": 1,
        "min": 0,
        "var": 0.00865627545863
    },
    "silence_rate_60dB": {
        "dmean": 0.0330306962132,
        "dmean2": 0.0660671070218,
        "dvar": 0.031943988055,
        "dvar2": 0.0722665786743,
        "max": 1,
        "mean": 0.091561473906,
        "median": 0,
        "min": 0,
        "var": 0.0831732749939
    },
    "spectral_centroid": {
        "dmean": 68.165512085,
        "dmean2": 102.846168518,
        "dvar": 36661.8085938,
        "dvar2": 56280.7109375,
        "max": 11102.9326172,
        "mean": 470.549224854,
        "median": 393.12322998,
        "min": 186.985031128,
        "var": 239866.75
    },
    "spectral_complexity": {
        "dmean": 1.36048424244,
        "dmean2": 2.19543409348,
        "dvar": 2.18842434883,
        "dvar2": 4.74565887451,
        "max": 34,
        "mean": 9.17888641357,
        "median": 9,
        "min": 0,
        "var": 14.7519140244
    },
    "spectral_decrease": {
        "dmean": 1.63331959069e-09,
        "dmean2": 2.55479082334e-09,
        "dvar": 7.92100379083e-18,
        "dvar2": 1.86169867785e-17,
        "max": 1.05183074165e-13,
        "mean": -5.46195355611e-09,
        "median": -3.30381766389e-09,
        "min": -4.85174709297e-08,
        "var": 3.37031663473e-17
    },
    "spectral_energy": {
        "dmean": 0.00631647650152,
        "dmean2": 0.00986642204225,
        "dvar": 0.000117923562357,
        "dvar2": 0.000276614999166,
        "max": 0.186812251806,
        "mean": 0.0213377084583,
        "median": 0.0128887929022,
        "min": 1.07657039736e-20,
        "var": 0.000512565718964
    },
    "spectral_energyband_high": {
        "dmean": 5.74198311369e-05,
        "dmean2": 7.95275409473e-05,
        "dvar": 1.06364680619e-07,
        "dvar2": 1.76484945769e-07,
        "max": 0.0117716770619,
        "mean": 9.46161526372e-05,
        "median": 4.05580703955e-06,
        "min": 7.94300425542e-21,
        "var": 2.5173531526e-07
    },
    "spectral_energyband_low": {
        "dmean": 0.00232592527755,
        "dmean2": 0.00380973168649,
        "dvar": 1.86751476576e-05,
        "dvar2": 4.78716829093e-05,
        "max": 0.103982008994,
        "mean": 0.00446510547772,
        "median": 0.00212046550587,
        "min": 9.99823894511e-23,
        "var": 4.75184024253e-05
    },
    "spectral_energyband_middle_high": {
        "dmean": 0.000603959546424,
        "dmean2": 0.000850117881782,
        "dvar": 3.27708494297e-06,
        "dvar2": 6.50176616546e-06,
        "max": 0.066836103797,
        "mean": 0.00184892001562,
        "median": 0.000723597942851,
        "min": 1.49844192056e-21,
        "var": 1.60689087352e-05
    },
    "spectral_energyband_middle_low": {
        "dmean": 0.00547598535195,
        "dmean2": 0.00858548469841,
        "dvar": 9.45496649365e-05,
        "dvar2": 0.000225513838814,
        "max": 0.174592331052,
        "mean": 0.0172750167549,
        "median": 0.009914573282,
        "min": 4.04268444245e-22,
        "var": 0.000368632463505
    },
    "spectral_entropy": {
        "dmean": 0.202235415578,
        "dmean2": 0.309648841619,
        "dvar": 0.0510268881917,
        "dvar2": 0.109579302371,
        "max": 9.79833889008,
        "mean": 6.1504907608,
        "median": 6.07169914246,
        "min": 4.69589471817,
        "var": 0.292356729507
    },
    "spectral_flux": {
        "dmean": 0.0209412351251,
        "dmean2": 0.0334249250591,
        "dvar": 0.000735037669074,
        "dvar2": 0.00178264908027,
        "max": 0.360649436712,
        "mean": 0.0491525456309,
        "median": 0.0363191440701,
        "min": 1.03757911984e-10,
        "var": 0.00175405410118
    },
    "spectral_kurtosis": {
        "dmean": 9.82250022888,
        "dmean2": 16.4674434662,
        "dvar": 90.844833374,
        "dvar2": 237.462081909,
        "max": 114.683181763,
        "mean": 30.6758975983,
        "median": 27.4280261993,
        "min": -1.23499619961,
        "var": 343.490570068
    },
    "spectral_rms": {
        "dmean": 0.000613363517914,
        "dmean2": 0.000942162005231,
        "dvar": 6.67742540372e-07,
        "dvar2": 1.50814082645e-06,
        "max": 0.013500216417,
        "mean": 0.00403030961752,
        "median": 0.00354604469612,
        "min": 3.2408526817e-12,
        "var": 4.5738765948e-06
    },
    "spectral_rolloff": {
        "dmean": 137.492218018,
        "dmean2": 238.095581055,
        "dvar": 279804.375,
        "dvar2": 605062,
        "max": 19939.7460938,
        "mean": 686.419128418,
        "median": 473.73046875,
        "min": 107.666015625,
        "var": 2451276.25
    },
    "spectral_skewness": {
        "dmean": 0.67683839798,
        "dmean2": 1.1249859333,
        "dvar": 0.363701879978,
        "dvar2": 0.947306752205,
        "max": 8.87971496582,
        "mean": 4.04353523254,
        "median": 3.98513555527,
        "min": -0.0506515316665,
        "var": 1.65569341183
    },
    "spectral_spread": {
        "dmean": 422248.78125,
        "dmean2": 663051.3125,
        "dvar": 410295566336,
        "dvar2": 672148357120,
        "max": 42599504,
        "mean": 2461384.5,
        "median": 1956410.5,
        "min": 795959.25,
        "var": 5.80586989158e+12
    },
    "spectral_strongpeak": {
        "dmean": 0.265068203211,
        "dmean2": 0.438566654921,
        "dvar": 0.179411172867,
        "dvar2": 0.434086203575,
        "max": 9.26446533203,
        "mean": 0.823098540306,
        "median": 0.647369027138,
        "min": 5.37398348044e-09,
        "var": 0.51907646656
    },
    "zerocrossingrate": {
        "dmean": 0.00402738107368,
        "dmean2": 0.00480938469991,
        "dvar": 7.80853297329e-05,
        "dvar2": 7.04724880052e-05,
        "max": 0.85546875,
        "mean": 0.0273877829313,
        "median": 0.0205078125,
        "min": 0.00537109375,
        "var": 0.00344346417114
    },
    "barkbands": {
        "dmean": [1.76829216798e-05, 0.000461908290163, 0.00101076287683, 0.00276244431734, 0.0021990549285, 0.0010665388545, 0.000677710224409, 0.000454182503745, 0.00038188524195, 0.000298654398648, 0.000272918026894, 0.000165441495483, 5.98979931965e-05, 6.18337580818e-05, 1.95565462491e-05, 1.93257073988e-05, 1.26868426378e-05, 9.94599395199e-06, 1.02068706838e-05, 1.48108647409e-05, 2.03802246688e-05, 8.81119558471e-06, 1.55672605615e-05, 9.6663752629e-06, 4.04470620197e-06, 1.1182162325e-06, 3.99402807716e-07],
        "dmean2": [2.54948499787e-05, 0.000744396646041, 0.00170711055398, 0.00447792187333, 0.00347578409128, 0.0015891303774, 0.00100937951356, 0.000686492596287, 0.000553075049538, 0.000438122428022, 0.000390610133763, 0.000246393930865, 9.07395078684e-05, 9.36085707508e-05, 2.90150583169e-05, 3.01842701447e-05, 1.90764403669e-05, 1.55644411279e-05, 1.50328760355e-05, 2.28850622079e-05, 2.92250060738e-05, 1.28366573335e-05, 2.21943846554e-05, 1.39204703373e-05, 5.88893726672e-06, 1.66896518294e-06, 5.9025057908e-07],
        "dvar": [6.27299279188e-09, 9.12145765142e-07, 5.04544732394e-06, 3.64592706319e-05, 2.35142651945e-05, 7.28843042452e-06, 6.12452549831e-06, 3.68303130927e-06, 2.91404285235e-06, 2.07117727768e-06, 1.30381306462e-06, 2.51875718504e-07, 8.69684484428e-08, 4.05635489642e-08, 4.91827290006e-09, 6.75871802969e-09, 5.30838439872e-09, 2.59610688502e-09, 9.6190033716e-09, 1.73764327371e-08, 2.57450221142e-08, 2.9862587958e-09, 7.92414489581e-09, 2.49564502397e-09, 5.42177802654e-10, 4.21196966194e-11, 1.38407887582e-11],
        "dvar2": [1.18343503885e-08, 2.0566474177e-06, 1.29760801428e-05, 9.26270804484e-05, 5.50297081645e-05, 1.60089257406e-05, 1.31206197693e-05, 8.24728886073e-06, 6.86138855599e-06, 4.56897396361e-06, 2.61671016233e-06, 5.27329746092e-07, 1.74050825308e-07, 8.82276509628e-08, 1.07805382399e-08, 1.53025130345e-08, 1.25985506472e-08, 6.8757390892e-09, 1.93262277293e-08, 3.82096843055e-08, 5.25284029607e-08, 6.07417360854e-09, 1.42850149487e-08, 4.5153982775e-09, 1.04264841205e-09, 9.14109690719e-11, 2.38727787538e-11],
        "max": [0.00270773982629, 0.0479889437556, 0.0560209043324, 0.140316024423, 0.108269803226, 0.0782226249576, 0.113265231252, 0.0833174884319, 0.0564935430884, 0.0648126080632, 0.0610247552395, 0.0153845362365, 0.0124666132033, 0.00887156371027, 0.00224472815171, 0.00438360916451, 0.00467265537009, 0.00236049783416, 0.00451576989144, 0.0074256407097, 0.00965251587331, 0.00168494286481, 0.00300845480524, 0.00115324032959, 0.000684503058437, 0.000303087814245, 0.000371599104255],
        "mean": [3.01237269014e-05, 0.000625709129963, 0.00155209889635, 0.00535231502727, 0.00537545979023, 0.00302416016348, 0.00173558795359, 0.000802942318842, 0.000798439839855, 0.000595373217948, 0.000631455273833, 0.000384389801184, 9.46255822782e-05, 0.000103865553683, 3.65901141777e-05, 3.76824791601e-05, 2.25879230129e-05, 1.63939021149e-05, 1.46417478391e-05, 1.84397231351e-05, 2.6102126867e-05, 1.2804565813e-05, 2.30706427828e-05, 1.45158319356e-05, 5.88457805861e-06, 1.54535302954e-06, 9.89686782304e-07],
        "median": [1.51808819737e-06, 0.00025361625012, 0.000503470364492, 0.00160587450955, 0.00201694574207, 0.00124395382591, 0.000530536053702, 0.000174246204551, 0.000197424204089, 9.10268354346e-05, 0.000128622181364, 0.00011556406389, 1.53164874064e-05, 3.56081254722e-05, 9.71931240201e-06, 8.87722126208e-06, 4.71303064842e-06, 3.67375332644e-06, 1.65364417626e-06, 9.14404040486e-07, 8.20825221126e-07, 6.64389403937e-07, 4.33925890775e-07, 2.69989641311e-07, 6.20064568579e-08, 3.70647974535e-08, 6.49612957204e-07],
        "min": [4.49416503173e-24, 5.93396950125e-23, 2.82302710175e-23, 1.8156312154e-23, 4.99018010078e-23, 6.23051367512e-23, 6.77925541821e-23, 1.33754686007e-22, 6.90777853016e-23, 2.27955163629e-23, 3.5774132077e-23, 1.36039757303e-22, 1.1381603099e-22, 8.31733349718e-23, 8.76174680784e-23, 1.63585454827e-22, 1.64736371333e-22, 1.34656499172e-22, 4.03792073232e-22, 3.23501406402e-22, 3.77784881665e-22, 5.96773451505e-22, 9.14180989455e-22, 6.5333798434e-22, 1.67120230734e-21, 1.8608411368e-21, 1.79972892814e-21],
        "var": [1.70007936617e-08, 2.17666593016e-06, 9.52574282564e-06, 9.64792852756e-05, 8.01324640634e-05, 2.52541649388e-05, 2.08347992157e-05, 7.56930239731e-06, 5.59676982448e-06, 5.65801246921e-06, 4.55299777968e-06, 7.94536674675e-07, 1.94204829995e-07, 7.15061716505e-08, 1.09559428196e-08, 1.82932407e-08, 1.06865210014e-08, 3.10390024794e-09, 1.50385996989e-08, 3.00810896192e-08, 3.88483556435e-08, 5.9287761367e-09, 1.75137717662e-08, 5.81876991035e-09, 1.03332709056e-09, 7.51176551517e-11, 2.95200669465e-11]
    },
    "erbbands": {
        "dmean": [0.00261849397793, 0.146144807339, 1.03839814663, 5.0055398941, 8.9369020462, 7.76811361313, 6.71663284302, 9.58946895599, 8.06396865845, 12.6115531921, 7.73103809357, 7.17286348343, 10.9580173492, 8.30828094482, 9.23226356506, 5.06608486176, 2.6887011528, 3.16575264931, 1.48617196083, 1.16412627697, 0.835748493671, 0.67829734087, 0.546524882317, 0.409147173166, 0.558466255665, 0.760410249233, 0.840294420719, 0.699289679527, 0.321002602577, 0.386590272188, 0.450667589903, 0.25497046113, 0.133523672819, 0.0597470737994, 0.0230536796153, 0.00535498326644, 0.00220386334695, 0.000484785443405, 6.34552052361e-05, 9.73652549874e-06],
        "dmean2": [0.00423515914008, 0.235938668251, 1.72681117058, 8.13998126984, 14.3926858902, 12.299744606, 10.2246246338, 14.571814537, 12.2257356644, 18.5132770538, 11.2535734177, 10.5875253677, 15.6712388992, 12.050740242, 13.413526535, 7.51527023315, 3.95141553879, 4.7481918335, 2.23236942291, 1.73635435104, 1.26534831524, 1.03300189972, 0.834974169731, 0.618016839027, 0.815685987473, 1.17486679554, 1.24031925201, 1.04580533504, 0.467082321644, 0.560584008694, 0.646922707558, 0.365214943886, 0.192784547806, 0.0860715806484, 0.0344866402447, 0.0078288782388, 0.00332881417125, 0.000734223111067, 9.39524470596e-05, 1.53491546371e-05],
        "dvar": [2.57144620264e-05, 0.0958751142025, 5.49171972275, 110.283050537, 451.869445801, 364.76675415, 291.641815186, 671.012084961, 976.398193359, 2742.99414062, 1286.50488281, 1169.3861084, 2440.98706055, 1451.55993652, 936.303039551, 271.372589111, 162.957427979, 127.248031616, 20.5614776611, 18.0887813568, 13.6121530533, 13.3429584503, 8.28844261169, 13.3716449738, 27.024143219, 54.9617652893, 58.3857498169, 26.7710895538, 4.1839723587, 5.34451293945, 6.4190659523, 1.86437439919, 0.487456381321, 0.107585564256, 0.022037781775, 0.000848606636282, 0.000181465875357, 1.59499522852e-05, 4.23635526658e-07, 1.177672182e-09],
        "dvar2": [6.12238436588e-05, 0.214699432254, 13.3724069595, 288.635345459, 1099.85473633, 869.432800293, 682.03137207, 1458.58874512, 2272.28613281, 5493.10693359, 2650.98974609, 2870.06176758, 5380.52685547, 2979.26831055, 1944.72167969, 571.952941895, 316.422546387, 263.934570312, 42.7887496948, 38.4425964355, 29.5864906311, 31.6689720154, 21.369550705, 28.7779998779, 52.7540283203, 121.296295166, 121.554611206, 58.565776825, 8.32092189789, 10.8212833405, 11.7478284836, 3.48598909378, 0.897140800953, 0.21085755527, 0.04527534917, 0.00163320486899, 0.00039546660264, 3.34283467964e-05, 7.65424431393e-07, 2.2321964277e-09],
        "max": [0.216838479042, 15.0563020706, 76.2440185547, 230.647445679, 556.586181641, 441.408996582, 738.144042969, 787.90802002, 1465.27941895, 3100.21826172, 1476.23291016, 1089.00891113, 1725.01489258, 1886.78918457, 1584.28808594, 781.668457031, 529.270080566, 576.583740234, 188.185333252, 190.403442383, 259.231536865, 261.129241943, 164.907592773, 186.454818726, 253.746749878, 436.344238281, 546.544799805, 191.317260742, 66.9137954712, 73.0338973999, 78.7396087646, 36.3791656494, 18.4857711792, 8.37957668304, 6.35255146027, 0.936421692371, 0.739801228046, 0.299321323633, 0.0625819563866, 0.00268779974431],
        "mean": [0.00451650936157, 0.20726788044, 1.65629458427, 9.98454284668, 17.8824481964, 19.2924385071, 20.5967540741, 25.9126205444, 20.1874275208, 30.1791534424, 15.6150369644, 15.4906892776, 22.8566169739, 19.3703289032, 25.1527462006, 12.1644258499, 4.86911916733, 5.26491260529, 2.83560180664, 2.48320627213, 1.70576238632, 1.2064974308, 0.943566322327, 0.696488499641, 0.794834494591, 0.945141494274, 1.03647243977, 0.92059981823, 0.473429381847, 0.560978353024, 0.655812561512, 0.372750341892, 0.200589850545, 0.0872622057796, 0.0316653773189, 0.00768995610997, 0.00295215076767, 0.000673164555337, 0.000138569783303, 4.00323006033e-05],
        "median": [0.00228095403872, 0.087394297123, 0.664408922195, 3.70359992981, 5.57655143738, 6.92118787766, 9.34853744507, 10.6671676636, 5.30383491516, 8.65141773224, 3.86135005951, 4.29667854309, 4.6450586319, 4.78560590744, 7.98219108582, 4.13611793518, 1.12213861942, 1.56931233406, 0.993212282658, 0.671840250492, 0.485197365284, 0.283868819475, 0.224120795727, 0.121786288917, 0.0790555328131, 0.0459045432508, 0.0351865403354, 0.0303566530347, 0.0222205370665, 0.0191657468677, 0.011749968864, 0.00772953638807, 0.00320321321487, 0.000941468635574, 0.000357214681571, 0.000169532970176, 6.85487757437e-05, 5.01011236338e-05, 7.29933963157e-05, 2.85675832856e-05],
        "min": [1.37460171414e-21, 1.45687750841e-20, 2.67442646246e-20, 6.23146820944e-20, 9.44486391017e-20, 1.76843382597e-19, 3.28048715699e-19, 5.53221599e-19, 8.88043321254e-19, 1.45750867953e-18, 3.06966415126e-18, 1.50241858974e-18, 1.07483114672e-18, 1.05195588047e-18, 2.23592316927e-18, 5.46010920844e-18, 5.78837335299e-18, 4.38050409221e-18, 4.61756991986e-18, 6.00187983603e-18, 9.90907531764e-18, 9.32869810291e-18, 7.01845544395e-18, 1.40120144058e-17, 2.20204131371e-17, 1.31194608823e-17, 1.88036797884e-17, 1.49813096107e-17, 2.20030224919e-17, 2.09042536688e-17, 2.60929293495e-17, 1.53987545786e-17, 1.21690320128e-17, 1.58641958744e-17, 1.26454814282e-17, 6.86354023165e-18, 3.53972380321e-18, 1.4289752911e-18, 2.23706783214e-19, 2.51446249513e-20],
        "var": [6.06167523074e-05, 0.22662346065, 11.3529663086, 287.336517334, 1144.11450195, 1190.99157715, 1176.84411621, 2020.90612793, 2674.20947266, 10258.9189453, 3219.31323242, 2037.2331543, 6380.96484375, 4955.30224609, 3543.71435547, 824.72857666, 396.107818604, 243.2996521, 46.2327880859, 54.7405967712, 34.2632484436, 24.4729118347, 10.3707914352, 21.1241817474, 45.0517311096, 92.3115692139, 75.0096740723, 44.8377799988, 8.58160686493, 10.3055667877, 14.0617046356, 4.08016681671, 1.11703515053, 0.209458455443, 0.0363186597824, 0.00167340505868, 0.000310685602017, 3.31749724864e-05, 8.39029837607e-07, 2.93156077191e-09]
    },
    "gfcc": {
        "mean": [-119.431213379, 164.015823364, -91.7607498169, -10.1530628204, -51.2500648499, -5.9996008873, -30.5649604797, -20.1386814117, -19.6428489685, -20.3354949951, -11.3295707703, -8.16982746124, -8.65690898895],
        "cov": [[8261.72753906, -108.978263855, -801.559082031, 805.059570312, -1112.23156738, 503.452056885, -493.001953125, 215.640213013, -469.816589355, -15.2495002747, -275.916290283, 90.1574859619, -97.3762893677], [-108.978263855, 1403.5637207, -153.319580078, -255.694030762, 392.628967285, -246.56880188, 113.62853241, -160.359054565, 50.574836731, -108.131568909, 12.5038509369, -75.9868011475, -11.4748353958], [-801.559082031, -153.319580078, 408.609558105, 7.26252508163, 50.124042511, 18.6096782684, 14.8319244385, 10.0696458817, 27.4395675659, 40.1086044312, -10.6747169495, -8.2393245697, 17.9380550385], [805.059570312, -255.694030762, 7.26252508163, 372.503417969, -126.381164551, 78.6351318359, -41.2261199951, 20.5207672119, -38.9672241211, 0.797854781151, -31.7673397064, 9.47798728943, 3.2179441452], [-1112.23156738, 392.628967285, 50.124042511, -126.381164551, 433.499359131, -91.2604751587, 81.8163146973, -58.6059989929, 69.0209503174, -24.2051887512, 30.5353565216, -46.0643043518, 0.974633455276], [503.452056885, -246.56880188, 18.6096782684, 78.6351318359, -91.2604751587, 232.773849487, -8.22325134277, 59.3564949036, -23.7207164764, 37.506942749, -13.127620697, 10.3145647049, -16.3924198151], [-493.001953125, 113.62853241, 14.8319244385, -41.2261199951, 81.8163146973, -8.22325134277, 170.186172485, 6.62314510345, 27.8104686737, -2.24949002266, 34.2355995178, -10.9066505432, -2.86089396477], [215.640213013, -160.359054565, 10.0696458817, 20.5207672119, -58.6059989929, 59.3564949036, 6.62314510345, 164.227890015, 17.1915969849, 32.358631134, 19.1714439392, 9.99137115479, -20.3802909851], [-469.816589355, 50.574836731, 27.4395675659, -38.9672241211, 69.0209503174, -23.7207164764, 27.8104686737, 17.1915969849, 148.237365723, 34.5461769104, 16.1191940308, -14.3176660538, -17.1936588287], [-15.2495002747, -108.131568909, 40.1086044312, 0.797854781151, -24.2051887512, 37.506942749, -2.24949002266, 32.358631134, 34.5461769104, 136.657333374, 32.2540817261, -21.1401309967, -18.5852890015], [-275.916290283, 12.5038509369, -10.6747169495, -31.7673397064, 30.5353565216, -13.127620697, 34.2355995178, 19.1714439392, 16.1191940308, 32.2540817261, 112.965782166, 19.7310428619, -11.5334291458], [90.1574859619, -75.9868011475, -8.2393245697, 9.47798728943, -46.0643043518, 10.3145647049, -10.9066505432, 9.99137115479, -14.3176660538, -21.1401309967, 19.7310428619, 104.236907959, 35.9047241211], [-97.3762893677, -11.4748353958, 17.9380550385, 3.2179441452, 0.974633455276, -16.3924198151, -2.86089396477, -20.3802909851, -17.1936588287, -18.5852890015, -11.5334291458, 35.9047241211, 108.955574036]],
        "icov": [[0.00126450846437, -0.00168850214686, 0.00163268938195, -0.00198330567218, 0.00224498822354, -0.00188421481289, 0.00220927107148, -0.00179946771823, 0.00230797426775, -0.00139765336644, 0.00202737585641, -0.00107790145557, 0.000855539226905], [-0.00168850214686, 0.00361534650438, -0.00165577221196, 0.00307074910961, -0.00377984298393, 0.00320782884955, -0.00339753110893, 0.00301611446775, -0.00310973217711, 0.0023826926481, -0.00257378118113, 0.00192231580149, -0.000945217965636], [0.00163268938195, -0.00165577221196, 0.00498581165448, -0.00253345328383, 0.00214530737139, -0.00233760802075, 0.00249978457578, -0.00225412426516, 0.00275109615177, -0.00258771819063, 0.00334094604477, -0.00132160785142, 0.000593789678533], [-0.00198330567218, 0.00307074910961, -0.00253345328383, 0.00641559390351, -0.00308881560341, 0.00238671991974, -0.00329356361181, 0.00299569172785, -0.00335468887351, 0.00256870267913, -0.00276579963975, 0.00200530514121, -0.00140574423131], [0.00224498822354, -0.00377984298393, 0.00214530737139, -0.00308881560341, 0.00789917912334, -0.00332949589938, 0.00323768542148, -0.0025968994014, 0.00285134278238, -0.00161961198319, 0.00243157590739, -0.000578935490921, 0.000995886046439], [-0.00188421481289, 0.00320782884955, -0.00233760802075, 0.00238671991974, -0.00332949589938, 0.008838548325, -0.00407846784219, 0.00146312441211, -0.00236638518982, 0.000649245106615, -0.00160820956808, 0.000838466745336, -0.000214850399061], [0.00220927107148, -0.00339753110893, 0.00249978457578, -0.00329356361181, 0.00323768542148, -0.00407846784219, 0.0110698230565, -0.00378952221945, 0.00327172805555, -0.00152655772399, 0.00125430733897, -0.000958157062996, 0.00094606023049], [-0.00179946771823, 0.00301611446775, -0.00225412426516, 0.00299569172785, -0.0025968994014, 0.00146312441211, -0.00378952221945, 0.01036794018, -0.00444329995662, 0.00164772069547, -0.00388448056765, 0.00112460693344, -0.000126651168102], [0.00230797426775, -0.00310973217711, 0.00275109615177, -0.00335468887351, 0.00285134278238, -0.00236638518982, 0.00327172805555, -0.00444329995662, 0.0126860272139, -0.00498097529635, 0.00433644466102, -0.00249235681258, 0.00268721021712], [-0.00139765336644, 0.0023826926481, -0.00258771819063, 0.00256870267913, -0.00161961198319, 0.000649245106615, -0.00152655772399, 0.00164772069547, -0.00498097529635, 0.0122226169333, -0.00624559493735, 0.00480490457267, -0.00121335603762], [0.00202737585641, -0.00257378118113, 0.00334094604477, -0.00276579963975, 0.00243157590739, -0.00160820956808, 0.00125430733897, -0.00388448056765, 0.00433644466102, -0.00624559493735, 0.015658730641, -0.00619447790086, 0.00343293161131], [-0.00107790145557, 0.00192231580149, -0.00132160785142, 0.00200530514121, -0.000578935490921, 0.000838466745336, -0.000958157062996, 0.00112460693344, -0.00249235681258, 0.00480490457267, -0.00619447790086, 0.0147499972954, -0.00537606840953], [0.000855539226905, -0.000945217965636, 0.000593789678533, -0.00140574423131, 0.000995886046439, -0.000214850399061, 0.00094606023049, -0.000126651168102, 0.00268721021712, -0.00121335603762, 0.00343293161131, -0.00537606840953, 0.0120988776907]]
    },
    "melbands": {
        "dmean": [7.07319268258e-05, 0.000408739317209, 0.00102479115594, 0.00055239937501, 0.000263222435024, 0.000210021549719, 0.000121989294712, 0.000132971559651, 5.63109788345e-05, 5.00036985613e-05, 5.64859656151e-05, 3.5007873521e-05, 3.78053555323e-05, 2.03395411518e-05, 8.65245783643e-06, 6.17556634097e-06, 6.05564628131e-06, 2.98981399283e-06, 1.46019829117e-06, 1.71244005287e-06, 9.12514224183e-07, 7.37267782824e-07, 6.8412816745e-07, 4.28109871109e-07, 3.37075761081e-07, 4.16777311329e-07, 4.76563485563e-07, 5.15109832122e-07, 5.02798002344e-07, 5.43108910733e-07, 3.91840814018e-07, 2.0855634375e-07, 1.35288416914e-07, 2.63830685299e-07, 3.01956902149e-07, 1.89608215351e-07, 1.56609658575e-07, 1.01893547821e-07, 7.39803809324e-08, 4.47751951071e-08],
        "dmean2": [0.000114087364636, 0.000677248754073, 0.00166566902772, 0.000880575506017, 0.000404347694712, 0.000315659504849, 0.000183351745363, 0.000195520362468, 8.11720601632e-05, 7.38515809644e-05, 8.11280260677e-05, 5.14813618793e-05, 5.46605151612e-05, 3.00216033793e-05, 1.29393747557e-05, 9.26803295442e-06, 9.15636428545e-06, 4.58221620647e-06, 2.1644084427e-06, 2.63085780716e-06, 1.38130053529e-06, 1.14631370707e-06, 1.02935712221e-06, 6.82088852955e-07, 5.14568398557e-07, 6.00959026542e-07, 7.16232250397e-07, 8.14878603705e-07, 7.50311585307e-07, 7.99103020199e-07, 5.98489577897e-07, 3.10396302439e-07, 2.01680563805e-07, 3.85602106689e-07, 4.40142883917e-07, 2.75833684782e-07, 2.31349943647e-07, 1.50140749611e-07, 1.08187464321e-07, 6.65342767547e-08],
        "dvar": [2.01166585612e-08, 8.41695509735e-07, 4.76698187413e-06, 1.49559048168e-06, 3.58498795094e-07, 3.00806135556e-07, 1.95702398287e-07, 2.78076925042e-07, 6.9774820588e-08, 5.97870268848e-08, 6.34949728351e-08, 2.73317866117e-08, 2.11885549106e-08, 3.80313824877e-09, 1.74349990001e-09, 9.85998616088e-10, 4.44119047094e-10, 9.36313873656e-11, 2.91928148322e-11, 5.40266789639e-11, 2.41055925221e-11, 1.64595004293e-11, 1.16986507287e-11, 4.80284215176e-12, 1.08748956021e-11, 1.75772538885e-11, 1.96502900757e-11, 2.68239198215e-11, 2.06343310494e-11, 2.03623558986e-11, 9.28486714596e-12, 2.14750374601e-12, 5.31832824308e-13, 2.755315507e-12, 3.03749451806e-12, 1.15324503419e-12, 7.18691328238e-13, 3.04911505116e-13, 1.40646568285e-13, 6.60502129878e-14],
        "dvar2": [4.61442546396e-08, 1.99799092115e-06, 1.21760440379e-05, 3.62214291272e-06, 8.16821625449e-07, 6.5206046429e-07, 4.47673699e-07, 5.67411234442e-07, 1.35341252872e-07, 1.47438342424e-07, 1.40113371572e-07, 5.82304693353e-08, 4.41255494366e-08, 8.0757756038e-09, 3.78512376997e-09, 1.89191107225e-09, 9.53301659834e-10, 2.04432942796e-10, 6.1455028566e-11, 1.18888315859e-10, 5.23349558135e-11, 4.15695186606e-11, 2.37707284412e-11, 1.26707125694e-11, 2.43647654136e-11, 3.38217093221e-11, 4.07500110045e-11, 6.17396342384e-11, 4.28512191009e-11, 4.40719960526e-11, 2.23541064132e-11, 4.61375338975e-12, 1.08368771855e-12, 5.87215909578e-12, 5.79375956933e-12, 2.32492454108e-12, 1.44697643624e-12, 5.82420559263e-13, 2.77784739655e-13, 1.35967869993e-13],
        "max": [0.00695148576051, 0.0334875322878, 0.0455931574106, 0.0265090167522, 0.0192891359329, 0.01574896276, 0.018540693447, 0.0284842140973, 0.0112026240677, 0.00792645383626, 0.00853968411684, 0.00899992883205, 0.00823756307364, 0.00196458492428, 0.00217885291204, 0.00138389726635, 0.000979452510364, 0.000399721844587, 0.00018321024254, 0.000457264075521, 0.000392580113839, 0.000232542224694, 0.000215657491935, 0.000105411476397, 0.000169365623151, 0.000200219321414, 0.000223559327424, 0.000277213432128, 0.000320618302794, 0.000230167395785, 0.000113911628432, 5.01937684021e-05, 2.26718348131e-05, 5.3788684454e-05, 5.77422106289e-05, 3.70602865587e-05, 2.06322420127e-05, 1.50401010615e-05, 8.55026974023e-06, 6.59471834297e-06],
        "mean": [0.000102455363958, 0.000627142086159, 0.00207748683169, 0.00128937128466, 0.000793161103502, 0.000586615351494, 0.00030649069231, 0.000298421276966, 0.000113948219223, 0.000103855236375, 0.000115382274089, 7.72433413658e-05, 9.50893081608e-05, 4.9209309509e-05, 1.55225334311e-05, 9.68997392192e-06, 9.75297916739e-06, 5.21095626027e-06, 2.67813652499e-06, 3.54282201442e-06, 1.67213181612e-06, 1.25423434838e-06, 1.0566183164e-06, 7.69653013322e-07, 5.23896233062e-07, 5.74227215111e-07, 6.05794809871e-07, 6.09917719885e-07, 5.90413151258e-07, 6.66966172957e-07, 4.87675663408e-07, 2.82295246734e-07, 2.00874609391e-07, 3.65856607232e-07, 4.23209286282e-07, 2.68432984285e-07, 2.13865874343e-07, 1.47536056261e-07, 1.04985744542e-07, 6.2056436434e-08],
        "median": [4.51142186648e-05, 0.000243837217567, 0.000746104924474, 0.000526235089637, 0.000380344456062, 0.000248897995334, 8.81373416632e-05, 8.0394820543e-05, 2.5749712222e-05, 2.60697815975e-05, 2.25613930525e-05, 1.77964939212e-05, 2.55841259786e-05, 1.4336023014e-05, 3.20526692121e-06, 1.91346180145e-06, 2.96658026855e-06, 1.71507986124e-06, 7.01400210801e-07, 7.58491182751e-07, 4.54324236898e-07, 2.66095980805e-07, 1.97928329726e-07, 1.63605093917e-07, 7.9346733628e-08, 5.6031836948e-08, 4.04874107574e-08, 2.36002186682e-08, 2.06884696041e-08, 1.6924964541e-08, 1.49663783588e-08, 1.06402548994e-08, 1.10191269442e-08, 8.7889464595e-09, 5.6702447182e-09, 5.42407496695e-09, 3.70315067499e-09, 2.15255235858e-09, 1.26006671763e-09, 5.40646916125e-10],
        "min": [1.53952169442e-23, 1.6898539705e-23, 1.11209334792e-23, 9.83927826623e-24, 1.11353491234e-23, 1.23169041984e-23, 1.38557201778e-23, 1.82672307305e-23, 2.25881421859e-23, 9.62010667435e-24, 5.31681324395e-24, 4.09913741142e-24, 5.62062330008e-24, 1.11706088393e-23, 1.776624568e-23, 9.81001468209e-24, 8.10652004436e-24, 7.12470928375e-24, 6.83111892066e-24, 1.0046353465e-23, 1.17542325916e-23, 1.14427800511e-23, 5.25692174074e-24, 7.08827574284e-24, 1.11855948299e-23, 1.53768617287e-23, 1.41537518278e-23, 7.37988054304e-24, 1.27869816786e-23, 9.07846373277e-24, 8.46797847772e-24, 1.220337607e-23, 1.15120057509e-23, 1.24264730338e-23, 1.50711102859e-23, 1.35133166796e-23, 7.86706841633e-24, 7.24949603491e-24, 1.23736469633e-23, 1.36323636788e-23],
        "var": [4.79391566444e-08, 1.77420906766e-06, 1.23137442642e-05, 4.40920302935e-06, 1.5592154341e-06, 9.84628627521e-07, 5.48047125903e-07, 9.37879349294e-07, 1.92778941255e-07, 1.02974674121e-07, 1.62126539749e-07, 8.5486107082e-08, 7.52730144882e-08, 1.23727188495e-08, 3.90353882551e-09, 2.02907846081e-09, 7.73569264201e-10, 1.81310175207e-10, 6.2686481006e-11, 1.70363209651e-10, 5.36550769092e-11, 2.87543565347e-11, 2.03546884209e-11, 7.02833884841e-12, 1.58426587821e-11, 2.74010345663e-11, 3.5792573766e-11, 4.01480064471e-11, 2.58548529808e-11, 2.77529717957e-11, 1.39223936199e-11, 3.74979084242e-12, 1.08121974915e-12, 4.80488348761e-12, 6.13730767596e-12, 2.33417690558e-12, 1.41566912273e-12, 6.62534046722e-13, 2.82361915967e-13, 1.15935337502e-13]
    },
    "mfcc": {
        "mean": [-773.716125488, 205.233016968, 15.7815361023, 3.60724568367, -1.51923930645, 3.0793492794, -6.07257175446, -0.154977366328, -9.77928733826, -9.66528320312, -12.5631361008, -7.16452169418, -5.3230214119],
        "cov": [[6219.27050781, -762.110595703, 165.035888672, -34.3295860291, -410.397796631, 22.5083694458, -103.891189575, 153.152893066, -109.294197083, 24.0702152252, -198.849227905, -62.9542732239, -148.057174683], [-762.110595703, 1502.06811523, -316.054229736, -80.0087280273, 158.71736145, -33.3483924866, 13.3829107285, -28.2846755981, 5.59787225723, -64.4760742188, 15.79733181, -42.8091430664, 12.2453298569], [165.035888672, -316.054229736, 364.609130859, 16.9929141998, -49.349571228, 32.0096588135, -17.4464836121, -9.82991313934, 18.9080982208, 20.3733253479, -1.10346364975, 16.2576408386, 3.39201211929], [-34.3295860291, -80.0087280273, 16.9929141998, 247.212585449, 29.7211112976, 19.1498031616, 4.10254383087, 3.51946544647, 14.1232366562, -8.46998786926, -25.8840866089, 10.5884418488, -15.0233974457], [-410.397796631, 158.71736145, -49.349571228, 29.7211112976, 227.34185791, 28.8453407288, 4.07719659805, -9.76746463776, 21.4296264648, 3.4821100235, 11.076415062, 19.3958301544, 4.24754047394], [22.5083694458, -33.3483924866, 32.0096588135, 19.1498031616, 28.8453407288, 168.078964233, 18.6972579956, -11.607252121, 18.6728801727, 9.06800842285, -6.46027421951, 8.36061477661, -0.535718739033], [-103.891189575, 13.3829107285, -17.4464836121, 4.10254383087, 4.07719659805, 18.6972579956, 158.731048584, 20.0552520752, -11.9462327957, 20.5441074371, 18.2481861115, -0.181508734822, 8.91127967834], [153.152893066, -28.2846755981, -9.82991313934, 3.51946544647, -9.76746463776, -11.607252121, 20.0552520752, 149.044281006, 13.3262405396, -16.263917923, 5.43681955338, 1.717466712, -1.25268411636], [-109.294197083, 5.59787225723, 18.9080982208, 14.1232366562, 21.4296264648, 18.6728801727, -11.9462327957, 13.3262405396, 116.220581055, 14.7833633423, -14.047085762, 10.1810455322, 4.39295291901], [24.0702152252, -64.4760742188, 20.3733253479, -8.46998786926, 3.4821100235, 9.06800842285, 20.5441074371, -16.263917923, 14.7833633423, 140.469665527, 42.1495323181, 9.31676864624, 32.2397842407], [-198.849227905, 15.79733181, -1.10346364975, -25.8840866089, 11.076415062, -6.46027421951, 18.2481861115, 5.43681955338, -14.047085762, 42.1495323181, 149.06980896, 47.6634902954, 14.6568889618], [-62.9542732239, -42.8091430664, 16.2576408386, 10.5884418488, 19.3958301544, 8.36061477661, -0.181508734822, 1.717466712, 10.1810455322, 9.31676864624, 47.6634902954, 116.923866272, 30.9461650848], [-148.057174683, 12.2453298569, 3.39201211929, -15.0233974457, 4.24754047394, -0.535718739033, 8.91127967834, -1.25268411636, 4.39295291901, 32.2397842407, 14.6568889618, 30.9461650848, 132.392227173]],
