{
"lowlevel": {
    "average_loudness": 0.915775358677,
    "barkbands_crest": {
        "dmean": 2.19014120102,
        "dmean2": 3.29809093475,
        "dvar": 5.11800718307,
        "dvar2": 11.5522851944,
        "max": 24.4101676941,
        "mean": 10.6895027161,
        "median": 9.84882545471,
        "min": 2.45034599304,
        "var": 18.0154724121
    },
    "barkbands_flatness_db": {
        "dmean": 0.0206884033978,
        "dmean2": 0.0292116440833,
        "dvar": 0.000485528813442,
        "dvar2": 0.00106319866609,
        "max": 0.315734446049,
        "mean": 0.13563105464,
        "median": 0.131963312626,
        "min": 0.0196415577084,
        "var": 0.00219996133819
    },
    "barkbands_kurtosis": {
        "dmean": 2.54779839516,
        "dmean2": 3.94961428642,
        "dvar": 21.5335540771,
        "dvar2": 54.130531311,
        "max": 117.773536682,
        "mean": 4.09658193588,
        "median": 1.75293827057,
        "min": -1.93425238132,
        "var": 52.030632019
    },
    "barkbands_skewness": {
        "dmean": 0.479366391897,
        "dmean2": 0.726070284843,
        "dvar": 0.3283162117,
        "dvar2": 0.79175144434,
        "max": 10.1496887207,
        "mean": 1.63765645027,
        "median": 1.47028923035,
        "min": -5.74678230286,
        "var": 1.55557703972
    },
    "barkbands_spread": {
        "dmean": 5.98189210892,
        "dmean2": 9.24994277954,
        "dvar": 77.8866958618,
        "dvar2": 192.713623047,
        "max": 127.301055908,
        "mean": 23.9845695496,
        "median": 20.7053794861,
        "min": 2.2856862545,
        "var": 258.144927979
    },
    "dissonance": {
        "dmean": 0.0148113463074,
        "dmean2": 0.024253256619,
        "dvar": 0.000221976893954,
        "dvar2": 0.000595314719249,
        "max": 0.499999880791,
        "mean": 0.461802601814,
        "median": 0.467776656151,
        "min": 0.270816832781,
        "var": 0.000699671451002
    },
    "dynamic_complexity": 4.86846876144,
    "erbbands_crest": {
        "dmean": 2.16996860504,
        "dmean2": 3.44296050072,
        "dvar": 4.09621047974,
        "dvar2": 10.2412986755,
        "max": 25.9830684662,
        "mean": 8.15041160583,
        "median": 7.44054174423,
        "min": 2.13129329681,
        "var": 11.5254297256
    },
    "erbbands_flatness_db": {
        "dmean": 0.0149125307798,
        "dmean2": 0.0203538481146,
        "dvar": 0.000250125216553,
        "dvar2": 0.000429244071711,
        "max": 0.288227409124,
        "mean": 0.146231517196,
        "median": 0.149686262012,
        "min": 0.0248557627201,
        "var": 0.00173190410715
    },
    "erbbands_kurtosis": {
        "dmean": 0.621197998524,
        "dmean2": 0.970179796219,
        "dvar": 0.9011464715,
        "dvar2": 2.09911561012,
        "max": 21.7249641418,
        "mean": -0.0810617879033,
        "median": -0.388461112976,
        "min": -1.83341515064,
        "var": 2.0095281601
    },
    "erbbands_skewness": {
        "dmean": 0.295416623354,
        "dmean2": 0.443021148443,
        "dvar": 0.0795838311315,
        "dvar2": 0.178214922547,
        "max": 3.87474942207,
        "mean": -0.106195777655,
        "median": -0.110929086804,
        "min": -3.76115298271,
        "var": 0.475016027689
    },
    "erbbands_spread": {
        "dmean": 7.59395122528,
        "dmean2": 11.4695196152,
        "dvar": 86.3499526978,
        "dvar2": 202.592010498,
        "max": 171.745758057,
        "mean": 42.1335411072,
        "median": 38.2160873413,
        "min": 6.58783054352,
        "var": 378.650695801
    },
    "hfc": {
        "dmean": 4.70846557617,
        "dmean2": 6.7743434906,
        "dvar": 60.7356719971,
        "dvar2": 129.815155029,
        "max": 128.318435669,
        "mean": 19.212928772,
        "median": 15.777806282,
        "min": 1.10605271085e-16,
        "var": 282.487487793
    },
    "melbands_crest": {
        "dmean": 2.94888687134,
        "dmean2": 4.49927854538,
        "dvar": 8.57230567932,
        "dvar2": 19.6844806671,
        "max": 36.4368743896,
        "mean": 15.6799945831,
        "median": 14.8654146194,
        "min": 1.0017054081,
        "var": 34.63854599
    },
    "melbands_flatness_db": {
        "dmean": 0.0261139404029,
        "dmean2": 0.0376215241849,
        "dvar": 0.000858092040289,
        "dvar2": 0.00192932167556,
        "max": 0.438349217176,
        "mean": 0.212654143572,
        "median": 0.210337951779,
        "min": 5.17719556115e-08,
        "var": 0.00459221610799
    },
    "melbands_kurtosis": {
        "dmean": 8.13682460785,
        "dmean2": 12.9441900253,
        "dvar": 363.868408203,
        "dvar2": 973.148925781,
        "max": 494.19744873,
        "mean": 16.5961227417,
        "median": 8.35051822662,
        "min": -1.90253138542,
        "var": 816.069885254
    },
    "melbands_skewness": {
        "dmean": 0.712749898434,
        "dmean2": 1.07469177246,
        "dvar": 0.900110125542,
        "dvar2": 2.24113583565,
        "max": 19.2668495178,
        "mean": 3.06402015686,
        "median": 2.64977741241,
        "min": -3.08453059196,
        "var": 3.82491874695
    },
    "melbands_spread": {
        "dmean": 6.58831262589,
        "dmean2": 10.2698774338,
        "dvar": 137.712142944,
        "dvar2": 320.131835938,
        "max": 280.834106445,
        "mean": 24.272693634,
        "median": 19.1852912903,
        "min": 0.815051913261,
        "var": 629.534973145
    },
    "pitch_salience": {
        "dmean": 0.0656541958451,
        "dmean2": 0.101367868483,
        "dvar": 0.00450914306566,
        "dvar2": 0.0111779700965,
        "max": 0.995908200741,
        "mean": 0.505950510502,
        "median": 0.512720227242,
        "min": 0.079847484827,
        "var": 0.0136358290911
    },
    "silence_rate_20dB": {
        "dmean": 0,
        "dmean2": 0,
        "dvar": 0,
        "dvar2": 0,
        "max": 1,
        "mean": 1,
        "median": 1,
        "min": 1,
        "var": 0
    },
    "silence_rate_30dB": {
        "dmean": 0.000991571694613,
        "dmean2": 0.00198330706917,
        "dvar": 0.000990565633401,
        "dvar2": 0.002970935544,
        "max": 1,
        "mean": 0.999504268169,
        "median": 1,
        "min": 0,
        "var": 0.000495584798045
    },
    "silence_rate_60dB": {
        "dmean": 0.0132209556177,
        "dmean2": 0.0264440961182,
        "dvar": 0.0130400070921,
        "dvar2": 0.0259126219898,
        "max": 1,
        "mean": 0.135999336839,
        "median": 0,
        "min": 0,
        "var": 0.117500588298
    },
    "spectral_centroid": {
        "dmean": 227.537719727,
        "dmean2": 348.545898438,
        "dvar": 103109.59375,
        "dvar2": 237978.34375,
        "max": 11813.5546875,
        "mean": 1395.49316406,
        "median": 1264.07727051,
        "min": 199.053451538,
        "var": 846295.5
    },
    "spectral_complexity": {
        "dmean": 2.92563223839,
        "dmean2": 4.55549144745,
        "dvar": 11.7906475067,
        "dvar2": 25.7693328857,
        "max": 59,
        "mean": 19.3475170135,
        "median": 18,
        "min": 0,
        "var": 136.66519165
    },
    "spectral_decrease": {
        "dmean": 1.8578372174e-09,
        "dmean2": 2.72626543563e-09,
        "dvar": 7.61979837848e-18,
        "dvar2": 1.76535711735e-17,
        "max": 2.51469709777e-18,
        "mean": -7.69589636462e-09,
        "median": -7.2620212066e-09,
        "min": -3.79232076853e-08,
        "var": 2.97509900247e-17
    },
    "spectral_energy": {
        "dmean": 0.00722901569679,
        "dmean2": 0.0105380238965,
        "dvar": 0.000112073350465,
        "dvar2": 0.000257143023191,
        "max": 0.146542817354,
        "mean": 0.030788840726,
        "median": 0.029308155179,
        "min": 1.02422795916e-20,
        "var": 0.000465659511974
    },
    "spectral_energyband_high": {
        "dmean": 0.000319016224239,
        "dmean2": 0.000469492515549,
        "dvar": 4.85306088649e-07,
        "dvar2": 1.06670097466e-06,
        "max": 0.0100059397519,
        "mean": 0.000580207735766,
        "median": 0.000281473883661,
        "min": 7.33137608607e-21,
        "var": 9.14380109407e-07
    },
    "spectral_energyband_low": {
        "dmean": 0.00547296926379,
        "dmean2": 0.0083051500842,
        "dvar": 0.000101822472061,
        "dvar2": 0.000239042812609,
        "max": 0.140823796391,
        "mean": 0.0132574923337,
        "median": 0.00876669958234,
        "min": 2.17231293821e-23,
        "var": 0.000236841500737
    },
    "spectral_energyband_middle_high": {
        "dmean": 0.00135305302683,
        "dmean2": 0.0020116714295,
        "dvar": 3.64086804439e-06,
        "dvar2": 7.92501305114e-06,
        "max": 0.0448593609035,
        "mean": 0.00562343420461,
        "median": 0.00379414157942,
        "min": 1.25860467838e-21,
        "var": 3.04737914121e-05
    },
    "spectral_energyband_middle_low": {
        "dmean": 0.00306562590413,
        "dmean2": 0.00459739658982,
        "dvar": 2.71353255812e-05,
        "dvar2": 6.73325994285e-05,
        "max": 0.0824860706925,
        "mean": 0.011870876886,
        "median": 0.00883470941335,
        "min": 1.72613431462e-22,
        "var": 0.000116611656267
    },
    "spectral_entropy": {
        "dmean": 0.16159747541,
        "dmean2": 0.217394307256,
        "dvar": 0.0390399433672,
        "dvar2": 0.0747302621603,
        "max": 9.81997108459,
        "mean": 7.54275798798,
        "median": 7.50229358673,
        "min": 5.84513807297,
        "var": 0.230569139123
    },
    "spectral_flux": {
        "dmean": 0.0199366081506,
        "dmean2": 0.0301327332854,
        "dvar": 0.0006944842753,
        "dvar2": 0.00143857230432,
        "max": 0.278988033533,
        "mean": 0.0639216825366,
        "median": 0.056977853179,
        "min": 6.42706859955e-11,
        "var": 0.0019264066359
    },
    "spectral_kurtosis": {
        "dmean": 1.70835042,
        "dmean2": 2.80289006233,
        "dvar": 3.240244627,
        "dvar2": 9.18023395538,
        "max": 21.6950283051,
        "mean": 5.14134883881,
        "median": 4.90722990036,
        "min": -1.26091098785,
        "var": 8.51493740082
    },
    "spectral_rms": {
        "dmean": 0.000593861099333,
        "dmean2": 0.000838983571157,
        "dvar": 5.76848037781e-07,
        "dvar2": 1.24502548715e-06,
        "max": 0.0119569478557,
        "mean": 0.0049694175832,
        "median": 0.00534727238119,
        "min": 3.16108640999e-12,
        "var": 5.34281070941e-06
    },
    "spectral_rolloff": {
        "dmean": 531.314819336,
        "dmean2": 898.216430664,
        "dvar": 1543881.75,
        "dvar2": 4080297.25,
        "max": 19745.9472656,
        "mean": 1745.40002441,
        "median": 1033.59375,
        "min": 64.599609375,
        "var": 8587646
    },
    "spectral_skewness": {
        "dmean": 0.214077845216,
        "dmean2": 0.344974756241,
        "dvar": 0.0470716804266,
        "dvar2": 0.121491745114,
        "max": 3.57601332664,
        "mean": 1.59196972847,
        "median": 1.58952987194,
        "min": -0.0724947303534,
        "var": 0.192025765777
    },
    "spectral_spread": {
        "dmean": 598356.625,
        "dmean2": 808085.125,
        "dvar": 987067711488,
        "dvar2": 2.03665466982e+12,
        "max": 44287916,
        "mean": 4801021.5,
        "median": 3880253.25,
        "min": 1737775.375,
        "var": 1.03119228764e+13
    },
    "spectral_strongpeak": {
        "dmean": 0.283535420895,
        "dmean2": 0.486008226871,
        "dvar": 0.339466631413,
        "dvar2": 0.867091536522,
        "max": 9.31571292877,
        "mean": 0.647930920124,
        "median": 0.381271421909,
        "min": 0,
        "var": 0.598291814327
    },
    "zerocrossingrate": {
        "dmean": 0.0108644394204,
        "dmean2": 0.0127257369459,
        "dvar": 0.000196522873011,
        "dvar2": 0.000259523687419,
        "max": 0.5283203125,
        "mean": 0.0649952664971,
        "median": 0.048828125,
        "min": 0.00390625,
        "var": 0.00541028100997
    },
    "barkbands": {
        "dmean": [0.000355513853719, 0.0041472017765, 0.00179126660805, 0.000990341184661, 0.00179258396383, 0.000593777571339, 0.000626978522632, 0.000221964291995, 0.000416844675783, 0.000318271195283, 0.000311072741169, 0.000353899347829, 0.000172252635821, 0.00022789540526, 0.000175989975105, 0.000485272932565, 0.000324361782987, 0.000214873376535, 0.000106424718979, 9.98386385618e-05, 6.01325991738e-05, 6.62737584207e-05, 5.03940391354e-05, 5.26716321474e-05, 5.8307301515e-05, 2.78263014479e-05, 4.58134491055e-06],
        "dmean2": [0.000413908273913, 0.00617767916992, 0.00297352322377, 0.00159897014964, 0.00279356003739, 0.000817072170321, 0.000821062654722, 0.000304980756482, 0.000581044238061, 0.000451524014352, 0.000476944143884, 0.000510089856107, 0.000276722508715, 0.000363369763363, 0.000280686886981, 0.000772255123593, 0.0005262477207, 0.000343984982464, 0.000169174541952, 0.000160131443408, 9.85817168839e-05, 0.000107983651105, 7.65381919337e-05, 7.64241922298e-05, 8.40187567519e-05, 4.0864051698e-05, 7.35784215067e-06],
        "dvar": [5.20234493706e-07, 6.30060967524e-05, 1.55489942699e-05, 3.83585665986e-06, 1.2702762433e-05, 1.72403156284e-06, 1.5603071688e-06, 3.62926215303e-07, 6.68661300551e-07, 4.88619775751e-07, 5.31779789981e-07, 4.53130184042e-07, 7.91988554738e-08, 1.5720895874e-07, 1.19800560583e-07, 7.3447597515e-07, 2.62783800054e-07, 1.41475823057e-07, 5.29572012908e-08, 4.86119873244e-08, 1.92979783264e-08, 3.71234136765e-08, 1.47743737244e-08, 1.53134518399e-08, 2.20831779529e-08, 6.52618892261e-09, 2.37536046388e-10],
        "dvar2": [6.11640643911e-07, 0.000140820979141, 4.07830666518e-05, 9.97832376015e-06, 3.2891981391e-05, 3.33152956955e-06, 2.75342267742e-06, 6.82632048665e-07, 1.42030035022e-06, 8.49914613354e-07, 1.22535539049e-06, 9.17916338494e-07, 2.02387354875e-07, 3.77036400323e-07, 2.99101458268e-07, 1.82253290859e-06, 6.7070516252e-07, 3.51328424131e-07, 1.24139262425e-07, 1.15922368593e-07, 5.04378263599e-08, 9.64774429235e-08, 3.30993117359e-08, 3.16629389374e-08, 4.64546339174e-08, 1.4552878902e-08, 6.05564265399e-10],
        "max": [0.0130330659449, 0.100775964558, 0.0546893142164, 0.0290485452861, 0.0638910233974, 0.0346021987498, 0.0319135859609, 0.0235649142414, 0.0241540037096, 0.0208287127316, 0.0182100292295, 0.0220322683454, 0.00451574008912, 0.00838274694979, 0.0099727967754, 0.0163202416152, 0.0108455289155, 0.00923527497798, 0.00766577199101, 0.00788147747517, 0.00223156902939, 0.00412962492555, 0.00177786417771, 0.00176380190533, 0.00180460931733, 0.00129677692894, 0.000281940127024],
        "mean": [0.000735861365683, 0.00907225627452, 0.00294314930215, 0.00158967787866, 0.00537366140634, 0.0016842285404, 0.00159460329451, 0.000521362817381, 0.00103765621316, 0.000657444994431, 0.000602998188697, 0.000802910537459, 0.000337134639267, 0.000424659636337, 0.000339381862432, 0.000908532587346, 0.000706735940184, 0.000500298279803, 0.000240831883275, 0.000242113921558, 0.000104681523226, 8.93183532753e-05, 7.40190516808e-05, 8.40361972223e-05, 8.249507664e-05, 3.40951992257e-05, 4.6724708227e-06],
        "median": [0.000212762068259, 0.00480650924146, 0.00179852521978, 0.000844842521474, 0.00271463859826, 0.00067707936978, 0.000327662419295, 0.000140246134833, 0.00037220743252, 0.000175344917807, 0.000114892696729, 0.000303087988868, 0.000170785366208, 0.000216773667489, 0.000150571228005, 0.000464415526949, 0.00038793796557, 0.000264464237262, 0.000124485610286, 0.000107209438283, 4.61388735857e-05, 2.24059840548e-05, 1.68506012415e-05, 2.01115217351e-05, 1.52413367687e-05, 3.21836955663e-06, 4.64663798994e-07],
        "min": [3.81539651906e-25, 6.09313481066e-24, 2.74987405786e-24, 8.68394453331e-25, 1.86594476394e-23, 1.27448620283e-23, 5.24907809676e-24, 1.00584435472e-23, 1.7137719176e-23, 1.6594814057e-23, 9.91673809624e-24, 2.29240344262e-23, 2.61295549373e-23, 5.89281936099e-23, 4.35004314202e-23, 5.23604911228e-23, 7.006711154e-23, 1.20246799846e-22, 1.57964536887e-22, 9.63334092044e-23, 2.66035375946e-22, 3.60174552765e-22, 3.32309713674e-22, 6.04969526983e-22, 8.87435752247e-22, 1.21593934458e-21, 1.95007385123e-21],
        "var": [1.62678850302e-06, 0.000141588432598, 1.82626863534e-05, 5.41236613572e-06, 4.9942136684e-05, 8.63383138494e-06, 9.57374322752e-06, 1.25974645471e-06, 3.09673987431e-06, 2.1771700176e-06, 1.5557095594e-06, 1.85872204383e-06, 2.01885256956e-07, 4.29165908145e-07, 3.09860382686e-07, 1.66191659901e-06, 8.17874365566e-07, 4.26789483754e-07, 1.28977575287e-07, 1.2496600732e-07, 3.00396507669e-08, 4.28458513113e-08, 2.54407677147e-08, 3.02997449353e-08, 3.5366401363e-08, 8.98855034848e-09, 2.14634685025e-10]
    },
    "erbbands": {
        "dmean": [0.148411810398, 0.934135556221, 2.32751083374, 2.02218937874, 6.90146017075, 5.0520606041, 2.4308321476, 6.52532052994, 8.22447299957, 8.81266212463, 4.49852275848, 6.52873754501, 12.6550579071, 9.19371891022, 11.4320001602, 11.4174814224, 7.80043458939, 10.8497714996, 7.42632293701, 11.2351169586, 31.207118988, 19.2410202026, 12.0497694016, 6.43724250793, 5.7134976387, 3.80326867104, 2.96451926231, 2.17663097382, 2.30000853539, 1.91841948032, 1.37318134308, 0.952784240246, 1.01023113728, 0.778235971928, 0.366637796164, 0.144585937262, 0.0451459996402, 0.0106578627601, 0.000762120005675, 2.40596145886e-05],
        "dmean2": [0.195161938667, 1.4607925415, 3.83189749718, 3.33000183105, 11.1612672806, 7.37712287903, 3.77699995041, 8.72481536865, 10.9503555298, 11.1481513977, 6.1032409668, 9.52641010284, 17.3272628784, 13.8023033142, 17.1378135681, 16.6265850067, 12.1013231277, 17.2684783936, 11.8179864883, 17.9607048035, 49.70728302, 31.4347858429, 19.240447998, 10.1341562271, 9.0257062912, 6.11665344238, 4.86033678055, 3.58964753151, 3.75562262535, 3.06380701065, 2.06693220139, 1.37851190567, 1.48179030418, 1.14972114563, 0.528959751129, 0.210751801729, 0.0671773999929, 0.0164655726403, 0.00121363974176, 3.70737252524e-05],
        "dvar": [0.0868475213647, 3.93100476265, 27.0714473724, 13.7764368057, 227.237792969, 141.441482544, 21.6128864288, 227.341552734, 250.324981689, 593.584350586, 125.093803406, 255.003326416, 407.734375, 298.595062256, 552.279296875, 508.279571533, 181.869689941, 464.581054688, 190.420196533, 404.761413574, 3395.70507812, 919.750427246, 476.460784912, 113.69543457, 232.308486938, 47.1560173035, 39.938621521, 32.3596000671, 44.9327545166, 31.1213207245, 11.0169467926, 4.95837450027, 6.20701503754, 4.03019142151, 0.863174974918, 0.161027640104, 0.018139814958, 0.00122582772747, 6.51833579468e-06, 4.1087515612e-09],
        "dvar2": [0.137591794133, 9.9080247879, 69.8369903564, 37.6484031677, 616.00390625, 297.430511475, 54.797618866, 427.574279785, 460.166473389, 919.059082031, 233.796966553, 599.548400879, 744.180175781, 659.79473877, 1281.57653809, 1059.45654297, 432.321655273, 1097.46179199, 474.536987305, 1052.81347656, 8519.40820312, 2424.94897461, 1153.56958008, 276.680419922, 537.743225098, 116.886741638, 105.012084961, 84.7546310425, 117.710334778, 79.4074935913, 24.2296276093, 9.74531173706, 13.2916116714, 8.58020496368, 1.82550930977, 0.35444611311, 0.0413430258632, 0.00294263334945, 1.67199996213e-05, 1.06367163966e-08],
        "max": [4.62246417999, 25.5947704315, 68.1924819946, 46.5191993713, 232.302932739, 297.787384033, 107.103919983, 405.167419434, 480.607757568, 844.000915527, 474.378173828, 612.18359375, 501.977783203, 460.562835693, 606.886657715, 794.993774414, 404.700042725, 519.323913574, 650.306945801, 467.245483398, 1112.37011719, 621.875244141, 607.248718262, 282.979919434, 501.762084961, 151.285263062, 106.681915283, 100.307739258, 129.647171021, 125.576713562, 52.4111824036, 46.1553573608, 37.2191467285, 28.0890464783, 12.3850107193, 8.78737926483, 2.00866031647, 0.714266359806, 0.048642270267, 0.00136026809923],
        "mean": [0.334298074245, 1.69001185894, 3.95324707031, 3.80471968651, 15.4269227982, 16.577331543, 7.9258556366, 18.4778289795, 21.0343894958, 23.5429611206, 11.9610528946, 16.0854587555, 29.5014438629, 20.1402015686, 26.2625102997, 26.3598232269, 17.3328323364, 21.4692382812, 15.1940946579, 24.8635807037, 59.1037101746, 43.3907432556, 30.0139789581, 16.2304515839, 13.2916927338, 9.91133499146, 6.21478414536, 3.31353116035, 3.06790184975, 2.67447543144, 2.03744220734, 1.58392882347, 1.49881136417, 1.09345769882, 0.508164405823, 0.183070152998, 0.0539502426982, 0.0115360934287, 0.000817682652269, 5.80577252549e-05],
        "median": [0.159858584404, 0.878522515297, 2.36662220955, 2.67803215981, 7.79572916031, 5.1676530838, 4.81920528412, 6.45437431335, 9.30384159088, 3.75544142723, 4.55171489716, 6.38770484924, 12.7010345459, 8.03610801697, 8.14827537537, 10.654540062, 8.46233558655, 9.66101646423, 9.40799808502, 13.1282539368, 29.6558628082, 24.4818325043, 15.6994800568, 10.0666408539, 6.2312374115, 4.40626382828, 2.34017086029, 1.27979946136, 0.787245154381, 0.673680961132, 0.465640902519, 0.388570517302, 0.337438434362, 0.196471586823, 0.0906544700265, 0.0232648570091, 0.00407851208001, 0.000763805175666, 0.000106916180812, 4.49167055194e-05],
        "min": [1.59079746394e-22, 7.64856208663e-22, 2.68186555458e-21, 5.4513112799e-21, 1.54982886013e-20, 4.66497359867e-20, 7.21426023603e-20, 8.34209127444e-20, 7.65131145243e-20, 2.49592831797e-19, 3.51892300253e-19, 4.85225181299e-19, 6.940698812e-19, 5.38089105176e-19, 8.09966828909e-19, 1.46906428929e-18, 1.18512606543e-18, 2.07756109535e-18, 2.623314184e-18, 2.49603280122e-18, 3.13468592408e-18, 4.37159659778e-18, 6.20274203622e-18, 6.54405619571e-18, 6.27429274562e-18, 5.3173382483e-18, 1.02449966731e-17, 1.06107056296e-17, 1.23358809598e-17, 9.89406777979e-18, 1.29762924618e-17, 1.19720679012e-17, 1.01574205801e-17, 7.58675416737e-18, 6.91712871404e-18, 4.50849995224e-18, 2.17698468947e-18, 8.95218079092e-19, 2.63014716115e-19, 2.86337293206e-20],
        "var": [0.253923386335, 5.7919588089, 33.8174858093, 18.6371879578, 464.235687256, 844.47076416, 99.3781433105, 1165.37805176, 1287.03747559, 4202.33886719, 470.317596436, 927.207397461, 1942.9630127, 1182.61877441, 1928.15698242, 1863.95043945, 569.728515625, 1428.3873291, 477.688659668, 1078.52502441, 7394.80078125, 2786.69726562, 1570.62927246, 355.928314209, 505.954071045, 165.827758789, 78.8625946045, 45.0121917725, 51.1402168274, 37.8038406372, 19.6442337036, 11.8247299194, 10.5200843811, 6.40342664719, 1.33224117756, 0.234610185027, 0.0237986873835, 0.00133829086553, 5.85752241022e-06, 4.67979655028e-09]
    },
    "gfcc": {
        "mean": [-41.9321327209, 94.1198348999, -111.912895203, 34.5256385803, -38.8526535034, 11.7837896347, -38.2534065247, 12.0479764938, -22.1794128418, -5.09029579163, -12.9996957779, 1.63539767265, -5.61416053772],
        "cov": [[41459.578125, 4522.31787109, -3371.65332031, 930.916625977, -517.754089355, 151.137039185, -990.645080566, 788.89239502, -692.852722168, 82.8818130493, -146.512359619, 372.734954834, 258.810668945], [4522.31787109, 1979.84997559, -832.053527832, 91.32762146, 167.93862915, -296.714477539, 79.0212783813, -19.5499706268, 30.023771286, -110.985046387, 152.299667358, -57.019329071, 145.625808716], [-3371.65332031, -832.053527832, 1151.72753906, 67.1214065552, 132.942733765, 221.008132935, 54.8649597168, 71.3430099487, 144.735275269, 107.211212158, 9.89577198029, 125.445144653, -77.8707275391], [930.916625977, 91.32762146, 67.1214065552, 368.696136475, 125.226066589, 42.2479743958, 14.9131202698, 55.5889434814, 56.577960968, 63.2391395569, 50.3877105713, 69.8149185181, 68.5190048218], [-517.754089355, 167.93862915, 132.942733765, 125.226066589, 317.969207764, -0.0293347816914, 107.725601196, 28.2595081329, 88.2747802734, 29.2947597504, 58.7315979004, 48.8687820435, 47.9890823364], [151.137039185, -296.714477539, 221.008132935, 42.2479743958, -0.0293347816914, 232.403686523, -5.68716430664, 70.4144973755, -7.21213054657, 34.3183860779, -16.0040683746, 49.5308227539, -11.234251976], [-990.645080566, 79.0212783813, 54.8649597168, 14.9131202698, 107.725601196, -5.68716430664, 202.066421509, 24.8085136414, 74.2233963013, 14.1692876816, 49.4505386353, 1.54317390919, 18.2951908112], [788.89239502, -19.5499706268, 71.3430099487, 55.5889434814, 28.2595081329, 70.4144973755, 24.8085136414, 149.999511719, 29.1574382782, 53.2825660706, 14.3565092087, 40.7968254089, 11.4122428894], [-692.852722168, 30.023771286, 144.735275269, 56.577960968, 88.2747802734, -7.21213054657, 74.2233963013, 29.1574382782, 132.285919189, 45.3685188293, 49.5308380127, 27.324842453, 7.90140199661], [82.8818130493, -110.985046387, 107.211212158, 63.2391395569, 29.2947597504, 34.3183860779, 14.1692876816, 53.2825660706, 45.3685188293, 108.416168213, 48.6131057739, 53.8198127747, 7.35153007507], [-146.512359619, 152.299667358, 9.89577198029, 50.3877105713, 58.7315979004, -16.0040683746, 49.4505386353, 14.3565092087, 49.5308380127, 48.6131057739, 122.756690979, 50.4199714661, 36.5938873291], [372.734954834, -57.019329071, 125.445144653, 69.8149185181, 48.8687820435, 49.5308227539, 1.54317390919, 40.7968254089, 27.324842453, 53.8198127747, 50.4199714661, 117.003959656, 34.1596717834], [258.810668945, 145.625808716, -77.8707275391, 68.5190048218, 47.9890823364, -11.234251976, 18.2951908112, 11.4122428894, 7.90140199661, 7.35153007507, 36.5938873291, 34.1596717834, 96.4656143188]],
        "icov": [[0.000151065687533, -0.000477091933135, 0.000325456348946, -0.000302755855955, 0.000216788306716, -0.00036201486364, 0.00041045321268, -0.00056975526968, 0.000441409938503, -0.000582976324949, 0.000903657346498, -0.00104541133624, 0.000667912070639], [-0.000477091933135, 0.00273139029741, -0.000273901008768, 0.000756636436563, -0.00129198294599, 0.00181113916915, -0.00100967183243, 0.00101116800215, -0.00199807109311, 0.00366156455129, -0.00450208829716, 0.00353067764081, -0.00233415164985], [0.000325456348946, -0.000273901008768, 0.00281490338966, -0.000656465825159, -0.00034352610237, -0.0016513945302, 0.00104512972757, -0.00115259108134, -0.0010912992293, -0.000589744420722, 0.00172085326631, -0.00364812440239, 0.00296898442321], [-0.000302755855955, 0.000756636436563, -0.000656465825159, 0.00459848530591, -0.00151007343084, 3.23805579683e-05, 4.90648963023e-05, 0.000953276990913, -0.00173884397373, -0.000398433068767, -0.00138395442627, 0.00176108814776, -0.00341908191331], [0.000216788306716, -0.00129198294599, -0.00034352610237, -0.00151007343084, 0.00566840311512, -0.000357975106454, -0.00144334859215, -0.000409642001614, -0.000382290600101, -0.00075895851478, 0.0018751763273, -0.00243519013748, -0.000135170354042], [-0.00036201486364, 0.00181113916915, -0.0016513945302, 3.23805579683e-05, -0.000357975106454, 0.00816279090941, -0.0014095637016, -0.0016052054707, 0.00114556984045, 0.00219006766565, -0.00188691401854, 0.00101745768916, -0.00143821979873], [0.00041045321268, -0.00100967183243, 0.00104512972757, 4.90648963023e-05, -0.00144334859215, -0.0014095637016, 0.00890440307558, -0.00278347800486, -0.00206385948695, -0.000217835782678, -0.000272569217486, -0.000452752690762, 0.000875590369105], [-0.00056975526968, 0.00101116800215, -0.00115259108134, 0.000953276990913, -0.000409642001614, -0.0016052054707, -0.00278347800486, 0.0123271187767, -0.00248798471875, -0.00272022443824, -0.000696402334142, 0.00249219872057, -0.0027262265794], [0.000441409938503, -0.00199807109311, -0.0010912992293, -0.00173884397373, -0.000382290600101, 0.00114556984045, -0.00206385948695, -0.00248798471875, 0.0160259846598, -0.00534668797627, 0.00097642216133, -0.00208278209902, 0.00265747494996], [-0.000582976324949, 0.00366156455129, -0.000589744420722, -0.000398433068767, -0.00075895851478, 0.00219006766565, -0.000217835782678, -0.00272022443824, -0.00534668797627, 0.0216985587031, -0.0105642126873, 0.000870623975061, -0.000677262782119], [0.000903657346498, -0.00450208829716, 0.00172085326631, -0.00138395442627, 0.0018751763273, -0.00188691401854, -0.000272569217486, -0.000696402334142, 0.00097642216133, -0.0105642126873, 0.022113846615, -0.011333970353, 0.00207539950497], [-0.00104541133624, 0.00353067764081, -0.00364812440239, 0.00176108814776, -0.00243519013748, 0.00101745768916, -0.000452752690762, 0.00249219872057, -0.00208278209902, 0.000870623975061, -0.011333970353, 0.0239799525589, -0.00968787260354], [0.000667912070639, -0.00233415164985, 0.00296898442321, -0.00341908191331, -0.000135170354042, -0.00143821979873, 0.000875590369105, -0.0027262265794, 0.00265747494996, -0.000677262782119, 0.00207539950497, -0.00968787260354, 0.0194567814469]]
    },
    "melbands": {
        "dmean": [0.00115649029613, 0.00119555136189, 0.000498444889672, 0.000446367892437, 0.000107835025119, 0.000140887175803, 0.000123574267491, 8.60564323375e-05, 3.42911444022e-05, 5.18079723406e-05, 6.71255911584e-05, 4.05035934818e-05, 4.23476412834e-05, 3.19087921525e-05, 3.52611532435e-05, 1.94808399101e-05, 1.94885960809e-05, 1.37185397762e-05, 1.52720731421e-05, 1.88492049347e-05, 4.02209152526e-05, 2.1908654162e-05, 1.47348046085e-05, 1.04060072772e-05, 5.32538342668e-06, 4.28784278483e-06, 4.80154039906e-06, 2.55643340097e-06, 2.25665712605e-06, 1.37508891385e-06, 1.364409286e-06, 1.32914442474e-06, 1.33955461479e-06, 1.00105160072e-06, 8.09628375009e-07, 7.78994944994e-07, 5.3981051451e-07, 6.92996934504e-07, 7.56166002702e-07, 6.5755682499e-07],
        "dmean2": [0.00162030535284, 0.00193692219909, 0.000806890777312, 0.000692232802976, 0.000161485120771, 0.000188783189515, 0.000164284254424, 0.000109245032945, 4.72881692986e-05, 7.44069475331e-05, 9.17995930649e-05, 5.99974991928e-05, 6.48221976007e-05, 4.57054593426e-05, 5.29276039742e-05, 3.09853785438e-05, 3.10638970404e-05, 2.20894889935e-05, 2.4497634513e-05, 2.98236009257e-05, 6.42819213681e-05, 3.66466047126e-05, 2.30777604884e-05, 1.66846966749e-05, 8.48215677252e-06, 6.88686395733e-06, 7.67755682318e-06, 4.21181357524e-06, 3.73735406356e-06, 2.24198356591e-06, 2.31047238231e-06, 2.19393655243e-06, 2.20314746002e-06, 1.59078547313e-06, 1.2417385733e-06, 1.17781655717e-06, 7.99670317519e-07, 1.03365482573e-06, 1.12841235023e-06, 9.92192667582e-07],
        "dvar": [4.74324860988e-06, 6.99191969034e-06, 9.00543227544e-07, 7.996972613e-07, 5.57765176268e-08, 9.42931848158e-08, 4.94913408033e-08, 5.32023030075e-08, 6.76783562525e-09, 1.45012482022e-08, 1.17128564625e-08, 5.55630519372e-09, 1.04653592459e-08, 3.89250276456e-09, 6.89933532527e-09, 1.2006766692e-09, 1.41359257633e-09, 7.03804847735e-10, 8.66139659994e-10, 8.12932221539e-10, 5.96440097311e-09, 1.2079993672e-09, 7.4691669516e-10, 3.09363507034e-10, 8.27340973508e-11, 7.36573024795e-11, 1.75532796631e-10, 1.99743346863e-11, 2.06722711865e-11, 1.04022658542e-11, 1.38910315542e-11, 1.46627744668e-11, 1.74660078067e-11, 7.90022647995e-12, 3.98382715705e-12, 3.90798548036e-12, 1.57688879315e-12, 2.91341430148e-12, 3.59068439044e-12, 3.01803439011e-12],
        "dvar2": [8.9363384177e-06, 1.79846356332e-05, 2.36910273088e-06, 2.06380809686e-06, 1.22336587083e-07, 1.78631950121e-07, 9.46683442749e-08, 8.36324076658e-08, 1.28791244336e-08, 3.30796758874e-08, 2.10447659299e-08, 1.15850768978e-08, 2.4428327805e-08, 7.62177521096e-09, 1.44578757855e-08, 2.85279977419e-09, 3.36906480491e-09, 1.8015317016e-09, 2.24617480171e-09, 1.99024907666e-09, 1.50518175701e-08, 3.37869354716e-09, 1.77371273224e-09, 7.7652168029e-10, 2.04060421338e-10, 1.78686093699e-10, 4.06902789241e-10, 5.32238489392e-11, 5.50905120134e-11, 2.6743485898e-11, 3.72324220066e-11, 3.83673613713e-11, 4.64335757344e-11, 1.98933629986e-11, 8.97705867975e-12, 8.7831400139e-12, 3.21824663273e-12, 6.31669976742e-12, 7.80194225197e-12, 6.62985508507e-12],
        "max": [0.030222915113, 0.034941714257, 0.0123594608158, 0.0168024413288, 0.0057729119435, 0.0081308670342, 0.00649202102795, 0.00768935587257, 0.00314227398485, 0.00406182743609, 0.00275156693533, 0.001697860891, 0.00279004010372, 0.00164050702006, 0.0033557692077, 0.00076798023656, 0.000871977652423, 0.00114918546751, 0.000693012902047, 0.000548046373297, 0.00146195699926, 0.000772327766754, 0.00057856051717, 0.000341029866831, 0.000239561661147, 0.000239078581217, 0.000460967799881, 6.69497239869e-05, 7.78481480666e-05, 5.07770746481e-05, 6.7646469688e-05, 6.06347275607e-05, 0.000105515726318, 5.3198873502e-05, 3.8952624891e-05, 3.50420486939e-05, 2.77088583971e-05, 2.91428314085e-05, 2.98692339129e-05, 2.60693814198e-05],
        "mean": [0.00262717413716, 0.00215721456334, 0.0010073739104, 0.00128475483507, 0.000353095208993, 0.000397955649532, 0.000321287603583, 0.000224785966566, 8.9189998107e-05, 0.00012327710283, 0.000154003268108, 8.51786753628e-05, 8.70096118888e-05, 8.10073688626e-05, 6.50966758258e-05, 3.81362697226e-05, 3.74553055735e-05, 2.37301737798e-05, 2.87703041977e-05, 4.0385471948e-05, 7.23164048395e-05, 4.38031529484e-05, 3.31676565111e-05, 2.27240598178e-05, 1.19507631098e-05, 9.25617860048e-06, 9.61008936429e-06, 6.04080787525e-06, 4.54023484053e-06, 2.24186578635e-06, 1.81030873136e-06, 1.69400539107e-06, 1.75554623638e-06, 1.37067615924e-06, 1.16020180485e-06, 1.14053375455e-06, 8.90924980013e-07, 1.00500756162e-06, 1.08085794182e-06, 8.76448098097e-07],
        "median": [0.00134342629462, 0.00128952017985, 0.0007032409776, 0.000577068247367, 0.000160317795235, 0.000153155677253, 0.000144667908899, 2.66237711912e-05, 2.74838384939e-05, 4.32269262092e-05, 6.48532004561e-05, 3.11790681735e-05, 2.16018579522e-05, 3.06132205878e-05, 1.85028748092e-05, 1.60557374329e-05, 1.73685129994e-05, 1.33652465593e-05, 1.38349323606e-05, 2.06924196391e-05, 3.31265000568e-05, 2.32013026107e-05, 1.52380825966e-05, 1.2350777979e-05, 7.16795966582e-06, 4.69828592031e-06, 4.27374970968e-06, 2.23564506996e-06, 1.4072443264e-06, 9.20733668863e-07, 5.68615064367e-07, 3.97404136265e-07, 4.51019445791e-07, 3.32210277065e-07, 2.56638372775e-07, 2.48646813361e-07, 2.2422557322e-07, 2.3284088968e-07, 2.04122059699e-07, 1.44749535025e-07],
        "min": [1.76579137784e-24, 1.92915579384e-24, 1.65886897353e-24, 2.45049463901e-24, 2.86880470008e-24, 2.07194947845e-24, 1.07363900175e-24, 2.82067116866e-24, 2.55680192903e-24, 2.91641580837e-24, 3.29608588459e-24, 2.39480776442e-24, 2.68646758767e-24, 3.69299276879e-24, 2.11930578467e-24, 3.5243051194e-24, 2.68018273284e-24, 3.36237366924e-24, 4.01962220432e-24, 2.62110316471e-24, 3.37533544277e-24, 4.20713010276e-24, 3.66108531733e-24, 4.29966900897e-24, 4.1930528799e-24, 5.40553130237e-24, 4.14324696336e-24, 2.52576952153e-24, 4.71191588512e-24, 4.02570747735e-24, 6.25961601609e-24, 5.24766248586e-24, 5.6486381174e-24, 5.16329026218e-24, 6.81069610068e-24, 6.80975025646e-24, 6.05733235847e-24, 6.2925860632e-24, 5.9530449468e-24, 5.38882796156e-24],
        "var": [1.30320522658e-05, 9.3219205155e-06, 1.34080698899e-06, 3.1771992326e-06, 3.38022857704e-07, 4.80133167002e-07, 2.47527765396e-07, 3.59987268439e-07, 2.92097848131e-08, 5.58768142866e-08, 5.56247421457e-08, 2.2718220194e-08, 2.87122627896e-08, 2.18601456936e-08, 1.93182128072e-08, 3.71424357937e-09, 4.14919920644e-09, 1.44744438657e-09, 2.10389394795e-09, 2.65726329829e-09, 1.23861241264e-08, 3.06396064076e-09, 2.28634733368e-09, 8.70367333761e-10, 2.1580205678e-10, 1.76089143267e-10, 3.36656369448e-10, 6.69956451427e-11, 4.35349777062e-11, 1.57954864466e-11, 1.69572394321e-11, 1.66130408041e-11, 1.7818999748e-11, 1.01055717613e-11, 6.65074982933e-12, 6.87639355179e-12, 3.68693487199e-12, 4.73768030015e-12, 5.97094292412e-12, 4.41920545297e-12]
    },
    "mfcc": {
        "mean": [-669.401977539, 124.08896637, -8.56676387787, 25.9837417603, 18.4392719269, 1.75121569633, 3.49413943291, 9.119348526, 0.613694667816, -2.50358438492, -5.62612247467, -0.781886518002, 0.55700647831],
        "cov": [[17943.7949219, 2477.87719727, -441.461486816, 927.981140137, 485.043823242, -115.705513, 175.099533081, 273.880401611, 169.224456787, -49.4764175415, -123.798316956, 229.096725464, 228.496246338], [2477.87719727, 1709.0234375, -423.655456543, 322.606658936, 56.3143539429, -77.0601882935, 44.7393760681, 69.4837646484, -31.5582771301, 34.6680755615, -47.8705024719, 17.2693881989, 34.5983963013], [-441.461486816, -423.655456543, 618.409118652, -64.9534454346, 137.32232666, 100.720840454, 8.0080871582, 73.4113769531, 37.539188385, 12.0104007721, 87.5703201294, 6.01403188705, 50.1719284058], [927.981140137, 322.606658936, -64.9534454346, 422.531982422, 131.850341797, 48.6940422058, 34.7279891968, 39.0065994263, 61.7156829834, 21.6526374817, 3.8675122261, 79.7752914429, 97.4577407837], [485.043823242, 56.3143539429, 137.32232666, 131.850341797, 249.984344482, 77.2344360352, 29.8212127686, 55.2860527039, 46.6371192932, 3.85111641884, 16.4190883636, 26.9729614258, 60.6201705933], [-115.705513, -77.0601882935, 100.720840454, 48.6940422058, 77.2344360352, 135.594787598, 34.8150672913, 38.3133659363, 29.5275421143, 0.666531920433, 19.7508640289, 12.6807346344, 20.0407047272], [175.099533081, 44.7393760681, 8.0080871582, 34.7279891968, 29.8212127686, 34.8150672913, 110.631576538, 52.1597862244, 31.7773742676, 20.8068561554, 4.51861286163, 23.2027378082, 24.8582057953], [273.880401611, 69.4837646484, 73.4113769531, 39.0065994263, 55.2860527039, 38.3133659363, 52.1597862244, 110.853141785, 47.1720695496, 25.4259910583, 22.1597957611, 12.5681095123, 29.8436107635], [169.224456787, -31.5582771301, 37.539188385, 61.7156829834, 46.6371192932, 29.5275421143, 31.7773742676, 47.1720695496, 99.9115219116, 35.7122802734, 13.3114643097, 20.3739204407, 18.111782074], [-49.4764175415, 34.6680755615, 12.0104007721, 21.6526374817, 3.85111641884, 0.666531920433, 20.8068561554, 25.4259910583, 35.7122802734, 83.24609375, 43.5023384094, 14.0549221039, 5.65475273132], [-123.798316956, -47.8705024719, 87.5703201294, 3.8675122261, 16.4190883636, 19.7508640289, 4.51861286163, 22.1597957611, 13.3114643097, 43.5023384094, 95.5459136963, 31.9508571625, 15.0132017136], [229.096725464, 17.2693881989, 6.01403188705, 79.7752914429, 26.9729614258, 12.6807346344, 23.2027378082, 12.5681095123, 20.3739204407, 14.0549221039, 31.9508571625, 94.6617889404, 66.5877990723], [228.496246338, 34.5983963013, 50.1719284058, 97.4577407837, 60.6201705933, 20.0407047272, 24.8582057953, 29.8436107635, 18.111782074, 5.65475273132, 15.0132017136, 66.5877990723, 115.795150757]],
