{
"lowlevel": {
    "average_loudness": 0.955115497112,
    "barkbands_crest": {
        "dmean": 1.99865829945,
        "dmean2": 3.27739644051,
        "dvar": 4.01775598526,
        "dvar2": 10.3010931015,
        "max": 26.1681613922,
        "mean": 10.9384422302,
        "median": 10.5672311783,
        "min": 3.27702116966,
        "var": 13.0339174271
    },
    "barkbands_flatness_db": {
        "dmean": 0.0214563645422,
        "dmean2": 0.0331639312208,
        "dvar": 0.000656224845443,
        "dvar2": 0.00148095528129,
        "max": 0.570003271103,
        "mean": 0.152845010161,
        "median": 0.128006413579,
        "min": 0.0376662649214,
        "var": 0.00616032769904
    },
    "barkbands_kurtosis": {
        "dmean": 4.45251655579,
        "dmean2": 6.92180728912,
        "dvar": 86.1450881958,
        "dvar2": 188.596374512,
        "max": 1055.04833984,
        "mean": 11.6836414337,
        "median": 4.81318616867,
        "min": -1.8390763998,
        "var": 1505.17590332
    },
    "barkbands_skewness": {
        "dmean": 0.523715376854,
        "dmean2": 0.821678161621,
        "dvar": 0.373716264963,
        "dvar2": 0.893449902534,
        "max": 21.4405956268,
        "mean": 2.51212739944,
        "median": 2.21780967712,
        "min": -2.32173705101,
        "var": 2.83913421631
    },
    "barkbands_spread": {
        "dmean": 5.38667583466,
        "dmean2": 8.44424533844,
        "dvar": 46.7461204529,
        "dvar2": 110.116981506,
        "max": 115.614151001,
        "mean": 19.597158432,
        "median": 18.3801727295,
        "min": 0.147872149944,
        "var": 171.818023682
    },
    "dissonance": {
        "dmean": 0.0130107812583,
        "dmean2": 0.0214199945331,
        "dvar": 0.000210085418075,
        "dvar2": 0.000542262045201,
        "max": 0.500000059605,
        "mean": 0.466896355152,
        "median": 0.474170804024,
        "min": 0.281889885664,
        "var": 0.000728239596356
    },
    "dynamic_complexity": 2.07066845894,
    "erbbands_crest": {
        "dmean": 1.70774686337,
        "dmean2": 2.71545958519,
        "dvar": 3.22898411751,
        "dvar2": 7.57460212708,
        "max": 30.746635437,
        "mean": 7.27924776077,
        "median": 6.15068435669,
        "min": 2.09974360466,
        "var": 14.4855556488
    },
    "erbbands_flatness_db": {
        "dmean": 0.0131703605875,
        "dmean2": 0.0178975183517,
        "dvar": 0.000242846319452,
        "dvar2": 0.000443584896857,
        "max": 0.40009868145,
        "mean": 0.128140479326,
        "median": 0.112847134471,
        "min": 0.0517126135528,
        "var": 0.002729507396
    },
    "erbbands_kurtosis": {
        "dmean": 0.573540329933,
        "dmean2": 0.882774651051,
        "dvar": 1.63088262081,
        "dvar2": 3.60091900826,
        "max": 104.625770569,
        "mean": 0.0950783714652,
        "median": -0.579031586647,
        "min": -1.77852475643,
        "var": 17.2267036438
    },
    "erbbands_skewness": {
        "dmean": 0.260680437088,
        "dmean2": 0.395246446133,
        "dvar": 0.0808688551188,
        "dvar2": 0.181092083454,
        "max": 9.29527378082,
        "mean": 0.242383122444,
        "median": 0.121632397175,
        "min": -2.56388807297,
        "var": 0.608446419239
    },
    "erbbands_spread": {
        "dmean": 8.24321365356,
        "dmean2": 12.0640830994,
        "dvar": 79.8663787842,
        "dvar2": 158.938995361,
        "max": 163.392089844,
        "mean": 53.5697402954,
        "median": 50.9831542969,
        "min": 2.62672543526,
        "var": 509.932525635
    },
    "hfc": {
        "dmean": 7.35717964172,
        "dmean2": 10.986084938,
        "dvar": 135.053268433,
        "dvar2": 323.896270752,
        "max": 179.006515503,
        "mean": 25.7808017731,
        "median": 22.5070381165,
        "min": 1.13857057039e-16,
        "var": 320.34564209
    },
    "melbands_crest": {
        "dmean": 2.70418953896,
        "dmean2": 4.36679792404,
        "dvar": 6.80468988419,
        "dvar2": 16.8819904327,
        "max": 33.75025177,
        "mean": 17.5747928619,
        "median": 17.0033931732,
        "min": 1.54672276974,
        "var": 33.3860969543
    },
    "melbands_flatness_db": {
        "dmean": 0.0258027855307,
        "dmean2": 0.040179155767,
        "dvar": 0.000965093262494,
        "dvar2": 0.00222118617967,
        "max": 0.705363929272,
        "mean": 0.236022800207,
        "median": 0.212993383408,
        "min": 0.00380604667589,
        "var": 0.00921060144901
    },
    "melbands_kurtosis": {
        "dmean": 11.8160934448,
        "dmean2": 18.5906467438,
        "dvar": 429.610046387,
        "dvar2": 1050.65270996,
        "max": 713.175109863,
        "mean": 33.845741272,
        "median": 20.0969772339,
        "min": -1.73337244987,
        "var": 1793.29309082
    },
    "melbands_skewness": {
        "dmean": 0.764987587929,
        "dmean2": 1.19612836838,
        "dvar": 0.756482422352,
        "dvar2": 1.83288669586,
        "max": 20.0783920288,
        "mean": 4.37067270279,
        "median": 3.95418691635,
        "min": -0.805027544498,
        "var": 5.17939376831
    },
    "melbands_spread": {
        "dmean": 4.25268268585,
        "dmean2": 6.89692020416,
        "dvar": 32.0995750427,
        "dvar2": 82.197845459,
        "max": 178.171432495,
        "mean": 16.2735366821,
        "median": 12.2489509583,
        "min": 0.276380509138,
        "var": 454.608093262
    },
    "pitch_salience": {
        "dmean": 0.0620638094842,
        "dmean2": 0.101758815348,
        "dvar": 0.00400279276073,
        "dvar2": 0.0100173940882,
        "max": 0.828273713589,
        "mean": 0.498570621014,
        "median": 0.512122750282,
        "min": 0.0561540797353,
        "var": 0.0170079488307
    },
    "silence_rate_20dB": {
        "dmean": 0,
        "dmean2": 0,
        "dvar": 0,
        "dvar2": 0,
        "max": 1,
        "mean": 1,
        "median": 1,
        "min": 1,
        "var": 0
    },
    "silence_rate_30dB": {
        "dmean": 0.0159519854933,
        "dmean2": 0.0319064930081,
        "dvar": 0.0156994331628,
        "dvar2": 0.0403589084744,
        "max": 1,
        "mean": 0.988076448441,
        "median": 1,
        "min": 0,
        "var": 0.0117803141475
    },
    "silence_rate_60dB": {
        "dmean": 0.00473821349442,
        "dmean2": 0.00947717577219,
        "dvar": 0.0047161905095,
        "dvar2": 0.0112844733521,
        "max": 1,
        "mean": 0.0611970946193,
        "median": 0,
        "min": 0,
        "var": 0.0574598610401
    },
    "spectral_centroid": {
        "dmean": 203.651184082,
        "dmean2": 324.649230957,
        "dvar": 59679.8554688,
        "dvar2": 139710.875,
        "max": 11220.9833984,
        "mean": 1088.40905762,
        "median": 1041.10620117,
        "min": 95.6202697754,
        "var": 437175.625
    },
    "spectral_complexity": {
        "dmean": 4.00473833084,
        "dmean2": 6.194439888,
        "dvar": 20.9629211426,
        "dvar2": 44.9249420166,
        "max": 56,
        "mean": 22.8579444885,
        "median": 24,
        "min": 0,
        "var": 150.295074463
    },
    "spectral_decrease": {
        "dmean": 3.15013926055e-09,
        "dmean2": 5.10238029605e-09,
        "dvar": 1.58123746634e-17,
        "dvar2": 3.99423680234e-17,
        "max": -1.06535619509e-28,
        "mean": -1.31408022241e-08,
        "median": -1.28736195038e-08,
        "min": -4.72404479979e-08,
        "var": 4.00156297559e-17
    },
    "spectral_energy": {
        "dmean": 0.0122195687145,
        "dmean2": 0.0197544433177,
        "dvar": 0.000237621250562,
        "dvar2": 0.000597639183979,
        "max": 0.187901988626,
        "mean": 0.0519347973168,
        "median": 0.0511691272259,
        "min": 1.07292547123e-20,
        "var": 0.0006076557911
    },
    "spectral_energyband_high": {
        "dmean": 0.000633181480225,
        "dmean2": 0.000927830347791,
        "dvar": 1.21507241602e-06,
        "dvar2": 2.83747499452e-06,
        "max": 0.0165598783642,
        "mean": 0.00131216167938,
        "median": 0.000762153125834,
        "min": 7.68124440461e-21,
        "var": 2.42909754888e-06
    },
    "spectral_energyband_low": {
        "dmean": 0.00900882296264,
        "dmean2": 0.0147024122998,
        "dvar": 0.000176207526238,
        "dvar2": 0.000433440494817,
        "max": 0.16790547967,
        "mean": 0.0302810743451,
        "median": 0.0257554147393,
        "min": 1.08495940423e-22,
        "var": 0.00045520751155
    },
    "spectral_energyband_middle_high": {
        "dmean": 0.00148826790974,
        "dmean2": 0.00236535444856,
        "dvar": 5.69574513065e-06,
        "dvar2": 1.45571966641e-05,
        "max": 0.0390338040888,
        "mean": 0.00489982962608,
        "median": 0.00418379530311,
        "min": 1.81478620022e-21,
        "var": 1.66161153174e-05
    },
    "spectral_energyband_middle_low": {
        "dmean": 0.00668715452775,
        "dmean2": 0.0109696043655,
        "dvar": 9.34673153097e-05,
        "dvar2": 0.00025209566229,
        "max": 0.155720740557,
        "mean": 0.0199945438653,
        "median": 0.0179121494293,
        "min": 3.00972346742e-22,
        "var": 0.000199266665732
    },
    "spectral_entropy": {
        "dmean": 0.174055859447,
        "dmean2": 0.249764561653,
        "dvar": 0.0515191629529,
        "dvar2": 0.106101632118,
        "max": 9.78721427917,
        "mean": 7.58534097672,
        "median": 7.75764274597,
        "min": 4.82617139816,
        "var": 0.431188672781
    },
    "spectral_flux": {
        "dmean": 0.0268678180873,
        "dmean2": 0.0414766706526,
        "dvar": 0.00103164452594,
        "dvar2": 0.00215360964648,
        "max": 0.377127707005,
        "mean": 0.0847809389234,
        "median": 0.0760745853186,
        "min": 1.03582115107e-10,
        "var": 0.00243719341233
    },
    "spectral_kurtosis": {
        "dmean": 1.99139499664,
        "dmean2": 3.24014830589,
        "dvar": 22.1173343658,
        "dvar2": 62.0386581421,
        "max": 120.308135986,
        "mean": 5.41117668152,
        "median": 3.15692043304,
        "min": -1.19550013542,
        "var": 85.4858322144
    },
    "spectral_rms": {
        "dmean": 0.000790740246885,
        "dmean2": 0.00126425479539,
        "dvar": 8.13891745111e-07,
        "dvar2": 2.01113425646e-06,
        "max": 0.0135395349935,
        "mean": 0.0067852223292,
        "median": 0.0070654861629,
        "min": 3.23536184822e-12,
        "var": 4.62855632577e-06
    },
    "spectral_rolloff": {
        "dmean": 331.819519043,
        "dmean2": 564.652038574,
        "dvar": 368257.9375,
        "dvar2": 916054.1875,
        "max": 18174.0234375,
        "mean": 1142.62243652,
        "median": 452.197265625,
        "min": 64.599609375,
        "var": 6903338.5
    },
    "spectral_skewness": {
        "dmean": 0.224510356784,
        "dmean2": 0.351448327303,
        "dvar": 0.118332877755,
        "dvar2": 0.316453099251,
        "max": 8.37026786804,
        "mean": 1.62746930122,
        "median": 1.42837643623,
        "min": -0.00831472687423,
        "var": 0.692733824253
    },
    "spectral_spread": {
        "dmean": 589033.625,
        "dmean2": 785155.0625,
        "dvar": 568682151936,
        "dvar2": 919297327104,
        "max": 41224276,
        "mean": 5306786,
        "median": 5169492.5,
        "min": 808407.6875,
        "var": 3.62621199974e+12
    },
    "spectral_strongpeak": {
        "dmean": 0.233114406466,
        "dmean2": 0.404251217842,
        "dvar": 0.120468303561,
        "dvar2": 0.325295627117,
        "max": 8.18389892578,
        "mean": 0.652488410473,
        "median": 0.58666074276,
        "min": 0,
        "var": 0.174294576049
    },
    "zerocrossingrate": {
        "dmean": 0.00916012190282,
        "dmean2": 0.011138882488,
        "dvar": 9.5882001915e-05,
        "dvar2": 0.000132147557451,
        "max": 0.51513671875,
        "mean": 0.0561726242304,
        "median": 0.04443359375,
        "min": 0.0029296875,
        "var": 0.00479400251061
    },
    "barkbands": {
        "dmean": [0.000183628115337, 0.00571166491136, 0.00396974291652, 0.00403195200488, 0.00307692633942, 0.00100405490957, 0.000404972146498, 0.000316730584018, 0.000563929264899, 0.000379794160835, 0.000206194017665, 0.000297767925076, 0.000391008157749, 0.000318549893564, 0.000244480877882, 0.000254449056229, 0.000234759412706, 0.00014513010683, 0.000121116361697, 0.00012269349827, 0.000136601011036, 0.000159673800226, 0.000121269382362, 0.000105724691821, 0.000112944435386, 4.19493517256e-05, 2.8782831123e-06],
        "dmean2": [0.000258220097749, 0.00922171119601, 0.00655452674255, 0.00675516622141, 0.00500495452434, 0.00160930177663, 0.000614733493421, 0.000470014259918, 0.000876843347214, 0.000591304793488, 0.000331236049533, 0.000491638784297, 0.000654123956338, 0.000518610468134, 0.000397766852984, 0.00040788561455, 0.000386834697565, 0.000238363732933, 0.000199502013857, 0.000197034823941, 0.000219501729589, 0.00025558526977, 0.000188650577911, 0.000154662731802, 0.000165687612025, 6.2702834839e-05, 4.68284315502e-06],
        "dvar": [1.19957690004e-07, 9.84069265542e-05, 4.39549839939e-05, 3.09503848257e-05, 2.73238147201e-05, 2.82683458863e-06, 7.7659467479e-07, 3.47763489117e-07, 1.2703168295e-06, 5.56786517336e-07, 1.98493836479e-07, 3.0970682019e-07, 4.68932881859e-07, 2.25173380386e-07, 1.2033903829e-07, 1.78724121724e-07, 1.21202660353e-07, 4.09314999672e-08, 3.45849855421e-08, 4.29891144904e-08, 8.13413123524e-08, 9.25655498918e-08, 4.61921878525e-08, 3.05922434052e-08, 5.26445163018e-08, 1.26042660753e-08, 5.92148760581e-11],
        "dvar2": [2.40989862732e-07, 0.000241420289967, 0.00011139196431, 8.83321918081e-05, 7.34991990612e-05, 7.30550436856e-06, 1.66189886386e-06, 7.30821511752e-07, 2.86532554128e-06, 1.24265250179e-06, 4.93207039653e-07, 8.37409686483e-07, 1.27551618334e-06, 5.6324029174e-07, 2.96636642361e-07, 4.30771990523e-07, 2.97869007682e-07, 1.04559511271e-07, 9.02421817273e-08, 1.03355482395e-07, 2.1464875033e-07, 2.37903108768e-07, 1.11742473052e-07, 6.63399148948e-08, 1.14549457919e-07, 2.84067915857e-08, 1.52377360729e-10],
        "max": [0.00495054898784, 0.116222158074, 0.0952889472246, 0.075031042099, 0.0872457176447, 0.0353317372501, 0.029136704281, 0.0142513923347, 0.0335298702121, 0.0184950307012, 0.0130793349817, 0.0097982827574, 0.0116520458832, 0.00757553055882, 0.00883971527219, 0.0123924007639, 0.00612959126011, 0.00337571115233, 0.00360338855535, 0.00419424613938, 0.00478066131473, 0.00364219886251, 0.00266867456958, 0.00342493830249, 0.00844627805054, 0.00562265701592, 0.000215907231905],
        "mean": [0.000326786743244, 0.0135150672868, 0.0119865611196, 0.00813592597842, 0.00637562246993, 0.00252181966789, 0.00101141328923, 0.000700885197148, 0.0010439150501, 0.00068757799454, 0.000344104366377, 0.000502103590406, 0.000638877798337, 0.000622929190286, 0.000515989609994, 0.00050123850815, 0.0004616684746, 0.000307141948724, 0.000285379763227, 0.000271724886261, 0.000248788361205, 0.000261393317487, 0.000215325664612, 0.00020308564126, 0.000187692581676, 5.81753993174e-05, 3.54208827957e-06],
        "median": [4.54418623121e-05, 0.00805758684874, 0.0069892341271, 0.0052170753479, 0.00414777034894, 0.00165456626564, 0.000440028554294, 0.000309250492137, 0.000364145147614, 0.000267022027401, 0.000157211296028, 0.00031163301901, 0.000419953139499, 0.000381539575756, 0.000333818607032, 0.000317731872201, 0.000330096750986, 0.000234176084632, 0.000228107601288, 0.000190619728528, 0.000140677802847, 0.000119745731354, 0.000100396529888, 0.000102433070424, 7.79579204391e-05, 1.90282953554e-05, 1.40085398925e-06],
        "min": [5.91556821623e-23, 3.08582033511e-23, 2.99512247248e-23, 2.74960750176e-23, 3.31852546691e-23, 9.97333618406e-23, 4.29716232455e-23, 2.14686964966e-23, 4.55333101957e-23, 1.27669753772e-22, 1.79995225781e-22, 7.57891109606e-23, 1.1592131773e-22, 1.71767078374e-22, 2.00347142938e-22, 1.62875492634e-22, 1.74580168984e-22, 2.07033931868e-22, 2.6038852026e-22, 2.97460716646e-22, 2.88474947225e-22, 6.56811395703e-22, 6.89295147924e-22, 8.44760220054e-22, 1.16896221067e-21, 1.81390509939e-21, 2.23559474787e-21],
        "var": [3.44475694192e-07, 0.000193065643543, 0.000156144800712, 7.38838425605e-05, 4.67784448119e-05, 7.5382263276e-06, 2.97994165521e-06, 1.52399809394e-06, 3.46580986843e-06, 1.38107884595e-06, 3.26822856778e-07, 4.0625877773e-07, 5.79752281737e-07, 5.39129530353e-07, 3.49036753278e-07, 4.31955442082e-07, 2.69211710702e-07, 9.32019759148e-08, 7.83592568609e-08, 9.69903908299e-08, 1.21989259583e-07, 1.25646053561e-07, 8.81572930211e-08, 6.88246970526e-08, 9.33312307438e-08, 1.63631810324e-08, 5.48772624565e-11]
    },
    "erbbands": {
        "dmean": [0.134799465537, 1.47002398968, 4.48483943939, 8.08033275604, 15.4635381699, 6.51873493195, 5.54621219635, 9.04961490631, 7.63790607452, 3.81293869019, 8.23934268951, 12.1385812759, 11.566493988, 11.8474826813, 9.04863643646, 11.9313497543, 17.4805526733, 16.949842453, 12.3152132034, 12.6484870911, 15.363158226, 11.5595912933, 8.10118865967, 6.32970666885, 6.27051448822, 5.68787574768, 5.33924484253, 5.94729948044, 5.45103406906, 4.43071365356, 3.31615257263, 2.07098865509, 1.95762550831, 1.5510340929, 0.692591547966, 0.243903160095, 0.0642017424107, 0.0106567526236, 0.000519653956871, 2.29718771152e-05],
        "dmean2": [0.204089313745, 2.4137878418, 7.40704202652, 13.706152916, 25.5357055664, 10.7290325165, 8.86168479919, 14.6080646515, 11.880033493, 5.86278867722, 12.1115255356, 19.2067661285, 17.7642154694, 18.4915504456, 14.6608629227, 19.9307308197, 29.1269493103, 27.3262500763, 20.07604599, 20.6436042786, 24.8390407562, 18.9610176086, 13.2465486526, 10.3894338608, 10.1874933243, 9.10612297058, 8.53091144562, 9.78569507599, 8.80974578857, 7.15693187714, 5.07387685776, 3.15229511261, 2.84475302696, 2.29689216614, 1.01365125179, 0.360359013081, 0.097178041935, 0.0168476030231, 0.000838257896248, 3.5920409573e-05],
        "dvar": [0.0692506060004, 6.71195173264, 61.0941467285, 116.804428101, 686.58026123, 125.349189758, 113.801506042, 286.44342041, 218.639282227, 75.5668106079, 242.861801147, 689.446960449, 428.961212158, 615.31237793, 388.725463867, 514.776428223, 967.498535156, 678.623474121, 332.301513672, 377.102172852, 663.884643555, 299.840209961, 131.946029663, 79.6801223755, 105.772331238, 90.8425521851, 100.905815125, 184.235427856, 109.80884552, 73.2229537964, 33.817855835, 12.3999214172, 11.2794218063, 8.9998960495, 2.38797450066, 0.539593458176, 0.0217980034649, 0.000534706632607, 3.01544105241e-06, 1.24258725531e-09],
        "dvar2": [0.158286318183, 17.1007080078, 151.405639648, 344.893432617, 1827.97473145, 333.566772461, 293.191192627, 743.429138184, 485.878692627, 186.330154419, 496.585327148, 1601.6953125, 962.920166016, 1338.64746094, 1016.54644775, 1395.94824219, 2625.875, 1685.15466309, 846.696228027, 935.296264648, 1658.83618164, 738.74609375, 336.052947998, 204.485046387, 271.443450928, 218.753646851, 251.438735962, 503.383850098, 283.897644043, 188.914886475, 79.8265304565, 28.3790283203, 24.0188922882, 20.252368927, 4.9267168045, 1.17469108105, 0.0490131117404, 0.00132194836624, 7.93916660768e-06, 2.99445335195e-09],
        "max": [2.94803714752, 32.0690155029, 113.119216919, 137.397109985, 417.234649658, 184.368286133, 235.963912964, 429.07434082, 441.131347656, 322.445983887, 391.899719238, 781.590576172, 452.505859375, 682.355102539, 599.751464844, 435.92276001, 465.741424561, 483.200958252, 295.969360352, 441.783325195, 788.381835938, 463.927429199, 195.787231445, 144.41192627, 228.832382202, 225.404281616, 151.090530396, 215.790100098, 131.232437134, 153.539993286, 73.0907363892, 47.9887046814, 79.2716903687, 106.869674683, 41.0531730652, 39.2225112915, 5.65764284134, 0.448874801397, 0.0613117702305, 0.000915409182198],
        "mean": [0.234903141856, 3.61667966843, 14.1139116287, 21.2849655151, 29.652217865, 14.8853988647, 14.2853355408, 21.4749317169, 19.6137752533, 9.33913898468, 18.8082561493, 21.7229595184, 24.1844844818, 21.9659919739, 17.0335674286, 21.1958274841, 29.3107128143, 33.0633201599, 25.736038208, 27.6022758484, 30.6721839905, 24.1873073578, 17.6792812347, 15.5489025116, 14.6944217682, 12.78885746, 10.7934846878, 9.65657711029, 9.01745128632, 7.46314477921, 5.90995454788, 4.07143640518, 3.49049758911, 2.53196549416, 1.14842522144, 0.362507641315, 0.0846691727638, 0.0128478044644, 0.000685420178343, 8.08358818176e-05],
        "median": [0.122367531061, 2.17409324646, 7.56751203537, 15.6781463623, 18.0332183838, 10.0095415115, 7.44398212433, 11.720205307, 11.8444461823, 5.07229375839, 8.59227752686, 8.35535907745, 10.2218036652, 9.65299034119, 10.407037735, 13.6048202515, 19.3528938293, 20.8213806152, 16.6938018799, 17.7276229858, 20.4812049866, 18.4005393982, 14.0379161835, 12.5390882492, 11.126914978, 9.08577823639, 7.02131938934, 4.78782558441, 4.15693759918, 3.45588707924, 2.79017305374, 2.06633615494, 1.6242313385, 1.03845238686, 0.484251618385, 0.12684173882, 0.0269565209746, 0.00356033956632, 0.000307453155983, 7.55063956603e-05],
        "min": [1.58603541988e-21, 5.10356624675e-21, 2.61630442285e-20, 7.67821614808e-20, 8.81913085734e-20, 9.75592711822e-20, 7.6143619407e-19, 5.32875075582e-19, 7.13253130184e-19, 4.52821414778e-19, 3.76839395444e-19, 9.36625189593e-19, 3.19805354247e-18, 6.15243622009e-18, 4.85764916649e-18, 3.910703141e-18, 5.12827991545e-18, 8.02325654943e-18, 8.08340416049e-18, 1.27438563641e-17, 7.85702302481e-18, 1.11770290458e-17, 1.14842224186e-17, 8.51328744329e-18, 1.66121226581e-17, 1.43554349807e-17, 1.09490431797e-17, 1.29683325028e-17, 1.96518128859e-17, 2.76831774597e-17, 1.78522450673e-17, 1.69916744822e-17, 1.43370335208e-17, 1.06260903619e-17, 9.53517148279e-18, 6.70063445463e-18, 3.48368190312e-18, 1.20558875603e-18, 3.47914673031e-19, 3.12935156555e-20],
        "var": [0.0999934822321, 13.433924675, 231.318405151, 357.331695557, 1183.5213623, 294.235198975, 446.486663818, 722.287109375, 764.683044434, 181.20375061, 1103.94104004, 1373.47753906, 1522.8762207, 1531.39208984, 579.682067871, 713.872619629, 1199.39208984, 1499.11938477, 822.272766113, 1078.52941895, 1449.06604004, 677.612121582, 291.643463135, 221.879455566, 225.531112671, 208.523849487, 189.749755859, 220.903182983, 150.291259766, 107.345794678, 67.6509780884, 28.3520355225, 23.1908874512, 15.4016170502, 4.21782016754, 0.743232667446, 0.0287611745298, 0.000598695420194, 2.48522292168e-06, 2.30313590421e-09]
    },
    "gfcc": {
        "mean": [6.61675834656, 92.5188903809, -94.1852264404, 44.4878501892, -42.7784919739, 22.3385601044, -38.7291183472, 6.46584272385, -25.6251373291, -0.000375937437639, -16.6210174561, -4.05500173569, -12.5877780914],
        "cov": [[28285.2382812, 733.346923828, -1352.52258301, 1056.02929688, -986.809143066, 965.504882812, -819.440795898, 421.225616455, -624.345336914, 159.066223145, -628.17364502, -72.9393768311, -405.003845215], [733.346923828, 2382.95898438, -169.693710327, -115.664237976, 328.112365723, -358.257354736, 140.098373413, -194.737792969, 140.926147461, -167.341247559, 240.24520874, -122.845458984, 167.735839844], [-1352.52258301, -169.693710327, 538.049072266, 41.7418212891, 37.6705245972, 45.3551940918, -2.16776490211, -23.1579532623, -16.8524017334, -16.4339694977, 4.34032917023, 28.3496398926, -45.6636886597], [1056.02929688, -115.664237976, 41.7418212891, 319.340332031, 5.75762081146, 65.8198471069, -39.7293739319, -17.0328044891, -16.9971618652, 18.3636436462, -19.8723430634, -11.6268672943, -22.366443634], [-986.809143066, 328.112365723, 37.6705245972, 5.75762081146, 258.160491943, -67.8778533936, 55.08253479, -55.9764060974, 56.1819725037, -19.7458457947, 71.938293457, -19.6731014252, 38.273147583], [965.504882812, -358.257354736, 45.3551940918, 65.8198471069, -67.8778533936, 233.052139282, -21.6644744873, 57.0015945435, -45.8409194946, 14.7286891937, -63.6295547485, 11.4668512344, -56.3451156616], [-819.440795898, 140.098373413, -2.16776490211, -39.7293739319, 55.08253479, -21.6644744873, 124.643241882, 11.6845111847, 37.5366249084, -22.5281982422, 34.8993263245, -15.4060258865, 21.1712970734], [421.225616455, -194.737792969, -23.1579532623, -17.0328044891, -55.9764060974, 57.0015945435, 11.6845111847, 128.012542725, 11.2309179306, 33.9298477173, -27.0412044525, 12.3242788315, -19.7002811432], [-624.345336914, 140.926147461, -16.8524017334, -16.9971618652, 56.1819725037, -45.8409194946, 37.5366249084, 11.2309179306, 107.401596069, 29.4109725952, 51.9256896973, 2.91348171234, 32.4941101074], [159.066223145, -167.341247559, -16.4339694977, 18.3636436462, -19.7458457947, 14.7286891937, -22.5281982422, 33.9298477173, 29.4109725952, 93.9616622925, 8.34075832367, 26.8956432343, -0.844917297363], [-628.17364502, 240.24520874, 4.34032917023, -19.8723430634, 71.938293457, -63.6295547485, 34.8993263245, -27.0412044525, 51.9256896973, 8.34075832367, 106.834960938, 13.2783355713, 31.4547519684], [-72.9393768311, -122.845458984, 28.3496398926, -11.6268672943, -19.6731014252, 11.4668512344, -15.4060258865, 12.3242788315, 2.91348171234, 26.8956432343, 13.2783355713, 66.0990066528, 13.2638731003], [-405.003845215, 167.735839844, -45.6636886597, -22.366443634, 38.273147583, -56.3451156616, 21.1712970734, -19.7002811432, 32.4941101074, -0.844917297363, 31.4547519684, 13.2638731003, 76.9213180542]],
        "icov": [[0.000280312669929, -0.000799588800874, 0.000676033087075, -0.000814978673588, 0.000443066732259, -0.000896356010344, 0.00107066542841, -0.000959298107773, 0.00114300812129, -0.000937840202823, 0.00113921356387, -0.00102965917904, 0.00118498876691], [-0.000799588800874, 0.00325532606803, -0.00176336837467, 0.00240756873973, -0.00151587720029, 0.00295881321654, -0.00274406396784, 0.00293440371752, -0.00365245947614, 0.00410539004952, -0.00488901417702, 0.00455704238266, -0.00442553125322], [0.000676033087075, -0.00176336837467, 0.00391225330532, -0.00218352838419, 0.000470839993795, -0.00226988480426, 0.00233209133148, -0.00167636736296, 0.00244661397301, -0.00128595961723, 0.00255778525025, -0.004257759545, 0.00476465187967], [-0.000814978673588, 0.00240756873973, -0.00218352838419, 0.00609036814421, -0.00169381534215, 0.00139629631303, -0.00208816677332, 0.00370807689615, -0.00327340932563, 0.00167571764905, -0.00341814267449, 0.00454219058156, -0.00366061739624], [0.000443066732259, -0.00151587720029, 0.000470839993795, -0.00169381534215, 0.00676061399281, -0.0014967052266, 0.000380127457902, 0.000151220374391, 0.000204716299777, -0.00136404228397, -7.96755193733e-05, -0.000104252067104, 0.000848399300594], [-0.000896356010344, 0.00295881321654, -0.00226988480426, 0.00139629631303, -0.0014967052266, 0.00991986412555, -0.00425884732977, 0.00117822934408, -0.00256357947364, 0.00326927518472, -0.00188498036005, 0.0017193921376, -0.00103485176805], [0.00107066542841, -0.00274406396784, 0.00233209133148, -0.00208816677332, 0.000380127457902, -0.00425884732977, 0.016319565475, -0.00687684537843, 0.0017751660198, 0.000726676313207, 0.00068159645889, -0.000231344005442, 0.00185583264101], [-0.000959298107773, 0.00293440371752, -0.00167636736296, 0.00370807689615, 0.000151220374391, 0.00117822934408, -0.00687684537843, 0.015749886632, -0.00703082419932, 8.48360505188e-05, -0.00100039876997, 0.00186361663509, -0.00159367313609], [0.00114300812129, -0.00365245947614, 0.00244661397301, -0.00327340932563, 0.000204716299777, -0.00256357947364, 0.0017751660198, -0.00703082419932, 0.0219439901412, -0.0102814259008, 0.000271771248663, -0.00197281548753, 0.00106065650471], [-0.000937840202823, 0.00410539004952, -0.00128595961723, 0.00167571764905, -0.00136404228397, 0.00326927518472, 0.000726676313207, 8.48360505188e-05, -0.0102814259008, 0.022084068507, -0.00740674929693, 0.000321703613736, -0.00371205131523], [0.00113921356387, -0.00488901417702, 0.00255778525025, -0.00341814267449, -7.96755193733e-05, -0.00188498036005, 0.00068159645889, -0.00100039876997, 0.000271771248663, -0.00740674929693, 0.0246029682457, -0.012275907211, 0.0072587588802], [-0.00102965917904, 0.00455704238266, -0.004257759545, 0.00454219058156, -0.000104252067104, 0.0017193921376, -0.000231344005442, 0.00186361663509, -0.00197281548753, 0.000321703613736, -0.012275907211, 0.0295790620148, -0.0139566920698], [0.00118498876691, -0.00442553125322, 0.00476465187967, -0.00366061739624, 0.000848399300594, -0.00103485176805, 0.00185583264101, -0.00159367313609, 0.00106065650471, -0.00371205131523, 0.0072587588802, -0.0139566920698, 0.0275043603033]]
    },
    "melbands": {
        "dmean": [0.0013572977623, 0.00215346505865, 0.00159945851192, 0.000813629420009, 0.000179213704541, 0.000196681605303, 0.000112564674055, 4.3462994654e-05, 6.94385962561e-05, 8.00152120064e-05, 5.86989190197e-05, 5.04921845277e-05, 3.03328961309e-05, 3.53990180884e-05, 3.8474379835e-05, 3.54271578544e-05, 3.19453465636e-05, 2.13370458368e-05, 1.69387803908e-05, 1.69073682628e-05, 1.9022692868e-05, 1.39802541526e-05, 9.82144410955e-06, 7.63289335737e-06, 5.38880431122e-06, 5.06489914187e-06, 4.71800831292e-06, 3.91343337469e-06, 3.50089703716e-06, 3.51954236066e-06, 3.78239678867e-06, 3.29584463543e-06, 3.15590227729e-06, 2.37935819314e-06, 2.02735122912e-06, 1.87054843082e-06, 1.15400450795e-06, 1.34763809001e-06, 1.54353017479e-06, 1.30026910483e-06],
        "dmean2": [0.00213599507697, 0.00354758510366, 0.00268248305656, 0.00132988148835, 0.000288939598249, 0.000317103840644, 0.00017421146913, 6.69048458803e-05, 0.000102587975562, 0.000126277212985, 9.01952807908e-05, 7.91257625679e-05, 4.87963916385e-05, 5.78455110372e-05, 6.57345663058e-05, 5.79477564315e-05, 5.17277039762e-05, 3.52582246705e-05, 2.74263929896e-05, 2.71151438938e-05, 3.09717470373e-05, 2.31826452364e-05, 1.63268050528e-05, 1.26607819766e-05, 8.90430055733e-06, 8.40392385726e-06, 7.64772357797e-06, 6.34513025943e-06, 5.68964151171e-06, 5.72225189899e-06, 6.36807681076e-06, 5.43193391422e-06, 5.13007262271e-06, 3.89679144064e-06, 3.17235571856e-06, 2.9308696412e-06, 1.7642904595e-06, 1.98078032554e-06, 2.31950207308e-06, 1.96157634491e-06],
        "dvar": [5.914938356e-06, 1.3300140381e-05, 4.56153065898e-06, 1.84046859886e-06, 1.0923774596e-07, 1.26668140865e-07, 4.6837566714e-08, 7.84581288826e-09, 1.70555001233e-08, 2.69611781789e-08, 1.0965054642e-08, 1.17498588637e-08, 4.43507630621e-09, 4.37706981771e-09, 6.06715078177e-09, 3.3156828394e-09, 2.44045494924e-09, 1.05161679365e-09, 5.90299753522e-10, 7.55784046458e-10, 1.02068831165e-09, 4.47226866651e-10, 2.10851003324e-10, 1.25474408641e-10, 5.8174923212e-11, 6.63626723019e-11, 6.2412054691e-11, 4.34866795351e-11, 4.1868220696e-11, 5.11737631437e-11, 7.5607950456e-11, 4.20513172894e-11, 3.50515241831e-11, 2.19462937406e-11, 1.31251650173e-11, 1.19930324352e-11, 3.74889789351e-12, 5.343283975e-12, 8.16991960195e-12, 6.58321314129e-12],
        "dvar2": [1.39338380905e-05, 3.3267238905e-05, 1.28338506329e-05, 4.9415571084e-06, 2.90036979322e-07, 3.27713991055e-07, 1.02691068093e-07, 1.95260589919e-08, 3.49664901478e-08, 6.35364898471e-08, 2.46347262589e-08, 2.54766394647e-08, 1.12457030355e-08, 1.17272325184e-08, 1.69804064143e-08, 8.67098748358e-09, 6.09443340238e-09, 2.75813727413e-09, 1.43845957368e-09, 1.76718761846e-09, 2.57876764387e-09, 1.12142217734e-09, 5.41680533761e-10, 3.31610766624e-10, 1.50788992404e-10, 1.76483772041e-10, 1.55397389401e-10, 1.07033340524e-10, 1.04088487829e-10, 1.34057764889e-10, 2.09274139684e-10, 1.10167125422e-10, 9.00018601313e-11, 5.78404685259e-11, 3.15231070414e-11, 2.96039998071e-11, 8.6107536032e-12, 1.13071912944e-11, 1.88713055599e-11, 1.48456195254e-11],
        "max": [0.0261074155569, 0.0466010607779, 0.0295460857451, 0.0228352565318, 0.00663660978898, 0.00848343782127, 0.00676164310426, 0.00292017776519, 0.00381709984504, 0.00426917243749, 0.00224077678286, 0.00303616118617, 0.00200596870854, 0.00116789957974, 0.00135319808032, 0.00122195703443, 0.00088705541566, 0.000590276555158, 0.000523279129993, 0.00107237079646, 0.0010586862918, 0.000464436103357, 0.00026678130962, 0.000224074246944, 0.000112411122245, 0.000182792020496, 0.000169259874383, 0.000148278952111, 0.000113966358185, 0.000138844829053, 0.000127975858049, 7.39324677852e-05, 9.14879492484e-05, 0.000100318065961, 4.78902620671e-05, 4.84171978314e-05, 3.02095431834e-05, 3.98911870434e-05, 0.000105466824607, 7.70716651459e-05],
        "mean": [0.00292089907452, 0.00662755593657, 0.00404281914234, 0.00167115381919, 0.000457735935925, 0.000471767678391, 0.000291013799142, 0.000102671787317, 0.000152768479893, 0.000143892568303, 0.000120808814245, 8.94034674275e-05, 5.32880367246e-05, 6.1437189288e-05, 5.72275421291e-05, 6.40623984509e-05, 6.05884706602e-05, 4.02363548346e-05, 3.65925152437e-05, 3.52587849193e-05, 3.57229473593e-05, 2.62055891653e-05, 1.82704425242e-05, 1.51945487232e-05, 1.21112507259e-05, 1.09270686153e-05, 9.9653716461e-06, 8.06218849903e-06, 6.76708623359e-06, 6.07475112702e-06, 5.54093276151e-06, 5.15083092978e-06, 4.89608555654e-06, 3.86277042708e-06, 3.39036705554e-06, 3.1873144053e-06, 2.22310745812e-06, 2.33845412367e-06, 2.55200006904e-06, 2.00004751605e-06],
        "median": [0.00184554967564, 0.00432703923434, 0.00318924011663, 0.0010658854153, 0.000273404933978, 0.000273817247944, 0.000177626323421, 5.92923715885e-05, 7.01827666489e-05, 5.23558046552e-05, 4.90447528136e-05, 3.5437187762e-05, 2.8903286875e-05, 3.77210162696e-05, 3.51075359504e-05, 4.31745284004e-05, 3.66032327292e-05, 2.43991307798e-05, 2.43432732532e-05, 2.15120999201e-05, 2.32334223256e-05, 1.83104366442e-05, 1.34581941893e-05, 1.11614881462e-05, 9.31677277549e-06, 8.34833190311e-06, 6.56138672639e-06, 5.57771454623e-06, 4.34365938418e-06, 3.3613296182e-06, 2.43077192863e-06, 2.27554642152e-06, 2.3130437512e-06, 1.68714473148e-06, 1.53925248014e-06, 1.51021254169e-06, 1.10372150175e-06, 1.07539210603e-06, 1.10641212814e-06, 7.69745724938e-07],
        "min": [1.4849931043e-23, 1.17165281958e-23, 1.37820973673e-23, 5.57364229444e-24, 2.11139410143e-23, 1.37691663593e-23, 1.03905989534e-23, 5.02622528546e-24, 2.98607242352e-24, 6.44851546517e-24, 1.6071423779e-23, 2.42995017669e-23, 2.06295851517e-23, 7.15124893119e-24, 1.4587873028e-23, 1.11073674382e-23, 1.48342547991e-23, 1.24211845103e-23, 1.59748640488e-23, 1.4359928514e-23, 8.61428850981e-24, 1.11506830017e-23, 1.28546967099e-23, 8.08812301919e-24, 6.05262995862e-24, 1.2001990925e-23, 1.11757482681e-23, 9.0782270745e-24, 6.60089538749e-24, 6.72325639136e-24, 7.77516690973e-24, 8.73159764844e-24, 1.74921954015e-23, 1.48359382283e-23, 1.09356481964e-23, 7.53664061554e-24, 1.18998231826e-23, 1.09756805207e-23, 7.21178453933e-24, 9.72837546701e-24],
        "var": [9.90936041489e-06, 4.28710918641e-05, 1.08516023829e-05, 3.34028777615e-06, 3.68888208868e-07, 3.20857765246e-07, 1.69903955793e-07, 1.85807351727e-08, 6.76068765415e-08, 6.21344966589e-08, 3.9228236659e-08, 2.88184089925e-08, 6.89039181268e-09, 6.12664363686e-09, 6.14321349346e-09, 5.21549115007e-09, 5.37126254585e-09, 2.25948482147e-09, 1.70589364856e-09, 2.12455986137e-09, 2.04281813687e-09, 9.07480368628e-10, 3.84137055498e-10, 2.59075594311e-10, 1.4862898412e-10, 1.26433946646e-10, 1.29303165397e-10, 9.14246248152e-11, 7.85103232426e-11, 7.49834014324e-11, 8.27011514826e-11, 5.40452578524e-11, 4.52291884501e-11, 3.22663458452e-11, 2.46800739567e-11, 2.052987641e-11, 8.75355170293e-12, 1.08454504058e-11, 1.40286072689e-11, 1.06613303255e-11]
    },
    "mfcc": {
        "mean": [-629.769836426, 118.562934875, 15.0419979095, 28.4743461609, 20.2861156464, 14.758313179, 6.19661426544, 4.72090959549, 0.108353361487, 0.998567998409, 0.432193011045, -1.24822664261, -1.82406425476],
        "cov": [[15256.5410156, -423.95324707, -397.508605957, 143.388977051, -46.311000824, 151.507904053, 21.1801776886, 26.0974464417, 103.675819397, 98.0875091553, -7.78678178787, -40.2388114929, -152.313354492], [-423.95324707, 1775.67358398, -174.913726807, 145.269561768, 95.5883865356, -58.380531311, 25.0260105133, -1.78677201271, -69.168258667, 0.222292482853, -27.9920711517, -11.2131071091, 53.144908905], [-397.508605957, -174.913726807, 487.225311279, -16.6971511841, 45.4100074768, 50.4633865356, 11.985833168, 40.7166175842, -23.8944835663, -39.2578735352, 37.7019424438, -9.99182224274, -29.8918228149], [143.388977051, 145.269561768, -16.6971511841, 259.040466309, 71.7590408325, 37.9245452881, 2.75342750549, -26.0236854553, -19.7192058563, -0.26614677906, 2.45371842384, 3.30502104759, 13.8241491318], [-46.311000824, 95.5883865356, 45.4100074768, 71.7590408325, 159.919784546, 63.1003112793, 8.92498397827, -4.38820886612, -11.187587738, -7.36257839203, 6.12319898605, 10.5440883636, 15.8279018402], [151.507904053, -58.380531311, 50.4633865356, 37.9245452881, 63.1003112793, 132.539001465, 30.6631813049, 6.17066287994, 1.08223187923, -14.9973115921, 5.7896938324, 10.9145898819, -2.79344654083], [21.1801776886, 25.0260105133, 11.985833168, 2.75342750549, 8.92498397827, 30.6631813049, 84.779296875, 38.3854598999, -1.66515100002, 7.48652744293, 4.08161592484, -2.46598625183, -11.1224088669], [26.0974464417, -1.78677201271, 40.7166175842, -26.0236854553, -4.38820886612, 6.17066287994, 38.3854598999, 87.0134963989, 15.2273492813, 12.4575395584, 12.3522434235, -2.38273143768, -9.00362300873], [103.675819397, -69.168258667, -23.8944835663, -19.7192058563, -11.187587738, 1.08223187923, -1.66515100002, 15.2273492813, 78.0668487549, 25.1922168732, -2.38046336174, 6.99972295761, -0.122788637877], [98.0875091553, 0.222292482853, -39.2578735352, -0.26614677906, -7.36257839203, -14.9973115921, 7.48652744293, 12.4575395584, 25.1922168732, 74.7781295776, 21.0656223297, 9.86111831665, 0.515851080418], [-7.78678178787, -27.9920711517, 37.7019424438, 2.45371842384, 6.12319898605, 5.7896938324, 4.08161592484, 12.3522434235, -2.38046336174, 21.0656223297, 65.2989425659, 22.2327270508, 0.415968090296], [-40.2388114929, -11.2131071091, -9.99182224274, 3.30502104759, 10.5440883636, 10.9145898819, -2.46598625183, -2.38273143768, 6.99972295761, 9.86111831665, 22.2327270508, 58.8913650513, 28.5051231384], [-152.313354492, 53.144908905, -29.8918228149, 13.8241491318, 15.8279018402, -2.79344654083, -11.1224088669, -9.00362300873, -0.122788637877, 0.515851080418, 0.415968090296, 28.5051231384, 67.378868103]],
