{
"lowlevel": {
    "average_loudness": 0.949130833149,
    "barkbands_crest": {
        "dmean": 2.75597834587,
        "dmean2": 4.21547079086,
        "dvar": 6.59519338608,
        "dvar2": 14.3032970428,
        "max": 26.129114151,
        "mean": 9.94229316711,
        "median": 8.83068847656,
        "min": 2.97737669945,
        "var": 17.832036972
    },
    "barkbands_flatness_db": {
        "dmean": 0.0192672461271,
        "dmean2": 0.029315687716,
        "dvar": 0.000371958216419,
        "dvar2": 0.000783096358646,
        "max": 0.465677797794,
        "mean": 0.135053128004,
        "median": 0.129417151213,
        "min": 0.0158362016082,
        "var": 0.00154022686183
    },
    "barkbands_kurtosis": {
        "dmean": 3.33250141144,
        "dmean2": 5.25177097321,
        "dvar": 294.659881592,
        "dvar2": 696.120361328,
        "max": 1309.02392578,
        "mean": 4.9171833992,
        "median": 2.51278328896,
        "min": -1.90108788013,
        "var": 364.960388184
    },
    "barkbands_skewness": {
        "dmean": 0.523620605469,
        "dmean2": 0.798023700714,
        "dvar": 0.456987500191,
        "dvar2": 0.978884518147,
        "max": 31.5850524902,
        "mean": 1.74275588989,
        "median": 1.56957685947,
        "min": -3.1606426239,
        "var": 1.40026211739
    },
    "barkbands_spread": {
        "dmean": 4.54981708527,
        "dmean2": 7.00024175644,
        "dvar": 29.9410114288,
        "dvar2": 59.328327179,
        "max": 115.116584778,
        "mean": 19.7458724976,
        "median": 17.5708961487,
        "min": 0.215105652809,
        "var": 111.844734192
    },
    "dissonance": {
        "dmean": 0.0152793694288,
        "dmean2": 0.0256497114897,
        "dvar": 0.000224918621825,
        "dvar2": 0.000619467522483,
        "max": 0.500000119209,
        "mean": 0.465897232294,
        "median": 0.47094514966,
        "min": 0.317657470703,
        "var": 0.000517505628522
    },
    "dynamic_complexity": 2.2025604248,
    "erbbands_crest": {
        "dmean": 2.50153613091,
        "dmean2": 4.0467877388,
        "dvar": 5.67955636978,
        "dvar2": 14.1568031311,
        "max": 28.657579422,
        "mean": 9.02845096588,
        "median": 8.11610221863,
        "min": 1.99486124516,
        "var": 17.3355674744
    },
    "erbbands_flatness_db": {
        "dmean": 0.0137663548812,
        "dmean2": 0.0201898198575,
        "dvar": 0.000171664054506,
        "dvar2": 0.00035430965363,
        "max": 0.29491519928,
        "mean": 0.151551753283,
        "median": 0.151484966278,
        "min": 0.048197042197,
        "var": 0.00116930995136
    },
    "erbbands_kurtosis": {
        "dmean": 0.70023560524,
        "dmean2": 1.1135417223,
        "dvar": 0.867571294308,
        "dvar2": 2.12985539436,
        "max": 17.0762481689,
        "mean": 0.130451306701,
        "median": -0.38293504715,
        "min": -1.71589612961,
        "var": 2.64799523354
    },
    "erbbands_skewness": {
        "dmean": 0.319855690002,
        "dmean2": 0.491870164871,
        "dvar": 0.0844350531697,
        "dvar2": 0.198165893555,
        "max": 3.29621481895,
        "mean": 0.329988121986,
        "median": 0.358561694622,
        "min": -3.76441597939,
        "var": 0.568458974361
    },
    "erbbands_spread": {
        "dmean": 6.36436986923,
        "dmean2": 9.82273483276,
        "dvar": 42.2759475708,
        "dvar2": 92.2007904053,
        "max": 148.671920776,
        "mean": 40.4057884216,
        "median": 40.3118209839,
        "min": 7.50709056854,
        "var": 238.183197021
    },
    "hfc": {
        "dmean": 4.97061443329,
        "dmean2": 7.74248504639,
        "dvar": 44.9615287781,
        "dvar2": 112.696586609,
        "max": 94.7275161743,
        "mean": 20.8574390411,
        "median": 19.4791374207,
        "min": 1.19279881082e-16,
        "var": 138.598129272
    },
    "melbands_crest": {
        "dmean": 3.41363453865,
        "dmean2": 5.31817960739,
        "dvar": 10.7329406738,
        "dvar2": 23.7721481323,
        "max": 37.1233520508,
        "mean": 13.6935844421,
        "median": 12.3875198364,
        "min": 2.00034928322,
        "var": 28.8336277008
    },
    "melbands_flatness_db": {
        "dmean": 0.0236864034086,
        "dmean2": 0.0361937433481,
        "dvar": 0.00060955848312,
        "dvar2": 0.00122980901506,
        "max": 0.569353342056,
        "mean": 0.207912221551,
        "median": 0.20022547245,
        "min": 0.00537983095273,
        "var": 0.00247624027543
    },
    "melbands_kurtosis": {
        "dmean": 7.63251638412,
        "dmean2": 11.7389688492,
        "dvar": 822.748535156,
        "dvar2": 1419.88647461,
        "max": 1897.19555664,
        "mean": 14.6621866226,
        "median": 8.78968048096,
        "min": -1.86534023285,
        "var": 1539.64379883
    },
    "melbands_skewness": {
        "dmean": 0.704433739185,
        "dmean2": 1.06955850124,
        "dvar": 0.796865642071,
        "dvar2": 1.60436677933,
        "max": 36.6067657471,
        "mean": 2.78963565826,
        "median": 2.5909318924,
        "min": -0.635096013546,
        "var": 2.67013263702
    },
    "melbands_spread": {
        "dmean": 5.15637683868,
        "dmean2": 7.9437046051,
        "dvar": 52.8010978699,
        "dvar2": 106.585250854,
        "max": 245.434570312,
        "mean": 19.3114242554,
        "median": 16.8535041809,
        "min": 0.167812108994,
        "var": 180.712112427
    },
    "pitch_salience": {
        "dmean": 0.0732934176922,
        "dmean2": 0.112859554589,
        "dvar": 0.0043716407381,
        "dvar2": 0.0096626477316,
        "max": 0.870077669621,
        "mean": 0.552376031876,
        "median": 0.563519954681,
        "min": 0.0430629774928,
        "var": 0.0123872794211
    },
    "silence_rate_20dB": {
        "dmean": 0,
        "dmean2": 0,
        "dvar": 0,
        "dvar2": 0,
        "max": 1,
        "mean": 1,
        "median": 1,
        "min": 1,
        "var": 0
    },
    "silence_rate_30dB": {
        "dmean": 0.0646603927016,
        "dmean2": 0.129332840443,
        "dvar": 0.0604853332043,
        "dvar2": 0.130679354072,
        "max": 1,
        "mean": 0.937022566795,
        "median": 1,
        "min": 0,
        "var": 0.0590122230351
    },
    "silence_rate_60dB": {
        "dmean": 0.00167707074434,
        "dmean2": 0.0033544539474,
        "dvar": 0.0016740357969,
        "dvar2": 0.00352975120768,
        "max": 1,
        "mean": 0.0190050303936,
        "median": 0,
        "min": 0,
        "var": 0.0186444353312
    },
    "spectral_centroid": {
        "dmean": 197.086257935,
        "dmean2": 304.361755371,
        "dvar": 48748.3554688,
        "dvar2": 100505.617188,
        "max": 11109.4365234,
        "mean": 1221.17834473,
        "median": 1134.15429688,
        "min": 155.463409424,
        "var": 238310.796875
    },
    "spectral_complexity": {
        "dmean": 3.40147209167,
        "dmean2": 5.43048810959,
        "dvar": 10.8593606949,
        "dvar2": 25.719291687,
        "max": 52,
        "mean": 21.6865100861,
        "median": 22,
        "min": 0,
        "var": 58.2297096252
    },
    "spectral_decrease": {
        "dmean": 4.37607150516e-09,
        "dmean2": 7.03434910321e-09,
        "dvar": 4.38592700559e-17,
        "dvar2": 1.03616673552e-16,
        "max": 5.11649621064e-19,
        "mean": -1.07438831165e-08,
        "median": -7.92019072549e-09,
        "min": -6.45648938757e-08,
        "var": 7.55965788117e-17
    },
    "spectral_energy": {
        "dmean": 0.0168479513377,
        "dmean2": 0.0270738042891,
        "dvar": 0.000638580415398,
        "dvar2": 0.00150933337864,
        "max": 0.246889322996,
        "mean": 0.0424417555332,
        "median": 0.0318864025176,
        "min": 1.0639559738e-20,
        "var": 0.00111322407611
    },
    "spectral_energyband_high": {
        "dmean": 0.000212664279388,
        "dmean2": 0.000322029314702,
        "dvar": 2.1882631529e-07,
        "dvar2": 4.43107097681e-07,
        "max": 0.0100857177749,
        "mean": 0.000596027413849,
        "median": 0.000400577293476,
        "min": 7.69770239074e-21,
        "var": 5.81221684115e-07
    },
    "spectral_energyband_low": {
        "dmean": 0.0122881913558,
        "dmean2": 0.0198636669666,
        "dvar": 0.00056879373733,
        "dvar2": 0.00133071187884,
        "max": 0.227299839258,
        "mean": 0.0198784172535,
        "median": 0.0092762876302,
        "min": 1.31983560746e-22,
        "var": 0.000854130426887
    },
    "spectral_energyband_middle_high": {
        "dmean": 0.00141649739817,
        "dmean2": 0.00218811584637,
        "dvar": 3.63186018149e-06,
        "dvar2": 8.631333003e-06,
        "max": 0.0444980300963,
        "mean": 0.00538225658238,
        "median": 0.00424292311072,
        "min": 1.49000461772e-21,
        "var": 2.21575228352e-05
    },
    "spectral_energyband_middle_low": {
        "dmean": 0.00691369362175,
        "dmean2": 0.0110897542909,
        "dvar": 0.000103545491584,
        "dvar2": 0.000263598834863,
        "max": 0.126255661249,
        "mean": 0.0179352518171,
        "median": 0.0142451226711,
        "min": 4.33885412827e-22,
        "var": 0.000192198363948
    },
    "spectral_entropy": {
        "dmean": 0.110653549433,
        "dmean2": 0.168260067701,
        "dvar": 0.0115475775674,
        "dvar2": 0.024619044736,
        "max": 9.81333446503,
        "mean": 7.58814191818,
        "median": 7.59328794479,
        "min": 6.48876333237,
        "var": 0.0625070333481
    },
    "spectral_flux": {
        "dmean": 0.0339597836137,
        "dmean2": 0.0549689605832,
        "dvar": 0.00163616822101,
        "dvar2": 0.00371713447385,
        "max": 0.350236058235,
        "mean": 0.102357745171,
        "median": 0.0851539224386,
        "min": 1.03148239949e-10,
        "var": 0.00343707739376
    },
    "spectral_kurtosis": {
        "dmean": 1.2403267622,
        "dmean2": 2.16527462006,
        "dvar": 1.36197173595,
        "dvar2": 4.2359380722,
        "max": 13.9853248596,
        "mean": 3.9842236042,
        "median": 3.82997488976,
        "min": -1.1712025404,
        "var": 2.62620735168
    },
    "spectral_rms": {
        "dmean": 0.00112099316902,
        "dmean2": 0.00174779386725,
        "dvar": 1.9566937226e-06,
        "dvar2": 4.26343422077e-06,
        "max": 0.0155199114233,
        "mean": 0.00602329103276,
        "median": 0.00557751627639,
        "min": 3.22180975475e-12,
        "var": 5.12661290486e-06
    },
    "spectral_rolloff": {
        "dmean": 346.471313477,
        "dmean2": 576.693969727,
        "dvar": 404274.21875,
        "dvar2": 826763.375,
        "max": 19207.6171875,
        "mean": 1075.46166992,
        "median": 732.12890625,
        "min": 64.599609375,
        "var": 1337534.125
    },
    "spectral_skewness": {
        "dmean": 0.167017400265,
        "dmean2": 0.275261431932,
        "dvar": 0.0217121616006,
        "dvar2": 0.0564954653382,
        "max": 2.75630378723,
        "mean": 1.40748262405,
        "median": 1.40745711327,
        "min": -0.0096196429804,
        "var": 0.101065225899
    },
    "spectral_spread": {
        "dmean": 319105.5625,
        "dmean2": 455163.09375,
        "dvar": 236548390912,
        "dvar2": 353808351232,
        "max": 39875848,
        "mean": 4087560.25,
        "median": 3855234.75,
        "min": 2153650.75,
        "var": 1.16884137574e+12
    },
    "spectral_strongpeak": {
        "dmean": 0.568815350533,
        "dmean2": 0.970098555088,
        "dvar": 0.656765282154,
        "dvar2": 1.62069916725,
        "max": 10.128247261,
        "mean": 0.973812699318,
        "median": 0.571897029877,
        "min": 0,
        "var": 1.21262156963
    },
    "zerocrossingrate": {
        "dmean": 0.00767456367612,
        "dmean2": 0.00896031595767,
        "dvar": 7.93826111476e-05,
        "dvar2": 8.52566154208e-05,
        "max": 0.51025390625,
        "mean": 0.0487958714366,
        "median": 0.04541015625,
        "min": 0.0029296875,
        "var": 0.000785259820987
    },
    "barkbands": {
        "dmean": [0.00142905570101, 0.00970248878002, 0.00242547038943, 0.00235189055093, 0.0018617255846, 0.00276830117218, 0.00106562499423, 0.00133121048566, 0.00102351594251, 0.000342633546097, 0.00037790031638, 0.000429933978012, 0.000333065836458, 0.000220611240366, 0.000293763616355, 0.000264089758275, 0.000174047934706, 0.000188787511433, 0.000138013710966, 8.75658370205e-05, 7.26036232663e-05, 5.32657213625e-05, 4.33379427704e-05, 2.99374041788e-05, 1.59984083439e-05, 1.05307044578e-05, 1.62236358392e-06],
        "dmean2": [0.00255274632946, 0.0148514239118, 0.00410619843751, 0.00391745427623, 0.00298790214583, 0.00470789102837, 0.00167593522929, 0.00207150890492, 0.00160835729912, 0.000528782664333, 0.000604476430453, 0.000679894525092, 0.000535297149327, 0.000354951102054, 0.00047397139133, 0.000418948271545, 0.000282352149952, 0.000310598523356, 0.000225845404202, 0.000145357262227, 0.0001182690321, 8.42324297992e-05, 6.5366650233e-05, 4.44281940872e-05, 2.33587561524e-05, 1.66566951521e-05, 2.54820633927e-06],
        "dvar": [7.58149371904e-06, 0.000426039972808, 2.69564770861e-05, 1.58492457558e-05, 6.59566012473e-06, 5.22015725437e-05, 6.04763772571e-06, 1.15251314128e-05, 7.86848340795e-06, 1.18153104722e-06, 9.20142952054e-07, 7.78853348038e-07, 4.92321930778e-07, 1.73162334249e-07, 3.67674459767e-07, 2.60840636201e-07, 7.58309894877e-08, 8.81068586978e-08, 4.66001530697e-08, 1.6046183049e-08, 1.55694301895e-08, 2.01982714998e-08, 1.96058529411e-08, 1.41652973795e-08, 2.12267203814e-09, 1.12719489298e-09, 2.54700704971e-11],
        "dvar2": [2.24036521104e-05, 0.000960695615504, 7.41862459108e-05, 3.96529467253e-05, 1.70345992956e-05, 0.000148418941535, 1.49299348777e-05, 2.84112211375e-05, 1.98718862521e-05, 2.6672300919e-06, 2.36019559452e-06, 1.84564464689e-06, 1.21070127079e-06, 4.17325281887e-07, 9.21167782053e-07, 6.02336456268e-07, 1.84631204547e-07, 2.29412947306e-07, 1.22175748629e-07, 4.19617478542e-08, 3.86840177669e-08, 4.52996182787e-08, 3.63380614488e-08, 2.78335487991e-08, 4.77135131405e-09, 2.94479907126e-09, 6.45149142442e-11],
        "max": [0.0198187492788, 0.204674214125, 0.10624358058, 0.0349081344903, 0.038043435663, 0.0970368385315, 0.0712900236249, 0.0823855772614, 0.0739734396338, 0.0364097692072, 0.0258964411914, 0.0208249334246, 0.0141461603343, 0.0108471158892, 0.0136900162324, 0.015303870663, 0.00511936238036, 0.00864779483527, 0.00517885340378, 0.00208129594103, 0.00276940898038, 0.00443994486704, 0.00415143324062, 0.0036476564128, 0.00103290390689, 0.000812177546322, 9.27637083805e-05],
        "mean": [0.00141262821853, 0.0132680675015, 0.00392628088593, 0.00297722732648, 0.00389384990558, 0.00461395364255, 0.00193403672893, 0.00240662042052, 0.00196732068434, 0.00068101863144, 0.000671496381983, 0.000810225203168, 0.000598831218667, 0.000414305308368, 0.000511188001838, 0.000542337831575, 0.000366667110939, 0.000431214371929, 0.000318834674545, 0.0002127680782, 0.000175586144906, 0.000111222601845, 8.90165683813e-05, 5.73859033466e-05, 3.22767082253e-05, 1.53566998051e-05, 2.05283504329e-06],
        "median": [0.000226860807743, 0.00430268794298, 0.00282806507312, 0.00155205884948, 0.00278150849044, 0.00181057373993, 0.000693319365382, 0.000505561300088, 0.000453038665, 0.000146238511661, 0.000178947433596, 0.000320860097418, 0.000232785270782, 0.00019406946376, 0.000214707979467, 0.000249909062404, 0.000206299053389, 0.000303423672449, 0.000230297329836, 0.000145068159327, 0.00010709563503, 5.48942771275e-05, 3.7711521145e-05, 2.16037897189e-05, 1.21561279229e-05, 3.490752988e-06, 1.60188363907e-07],
        "min": [3.19848608068e-23, 3.79708982833e-23, 4.50601293367e-23, 4.79360795388e-23, 8.34505659375e-23, 2.65886262302e-23, 8.99092478475e-23, 2.75996398327e-23, 1.09027948218e-22, 1.19713277438e-22, 5.73539743419e-23, 4.88578477294e-23, 3.7103318526e-23, 1.00085780717e-22, 1.031439357e-22, 1.12649110074e-22, 1.14228548445e-22, 2.81835944333e-22, 2.34187483481e-22, 4.00850795881e-22, 4.7366626726e-22, 4.66238958822e-22, 5.64697433087e-22, 7.62243703293e-22, 1.04002886581e-21, 1.9058328151e-21, 2.72831651196e-21],
        "var": [7.9342544268e-06, 0.000610056042206, 2.26894298976e-05, 1.69499635376e-05, 1.38262548717e-05, 6.76075505908e-05, 1.61726420629e-05, 2.74445483228e-05, 2.03352774406e-05, 4.98200142829e-06, 2.31160606745e-06, 2.10567668546e-06, 1.31642502765e-06, 4.51809540891e-07, 7.0759404025e-07, 8.15382691144e-07, 1.99162371928e-07, 1.86381001299e-07, 9.52364302975e-08, 4.06314129009e-08, 3.889988065e-08, 3.80482241269e-08, 4.94018230768e-08, 3.09933376741e-08, 4.29845270489e-09, 1.17872744898e-09, 2.96094850027e-11]
    },
    "erbbands": {
        "dmean": [0.44165673852, 1.84935438633, 2.58498859406, 5.54381275177, 6.38069486618, 7.25110054016, 13.3689537048, 26.9378604889, 13.6975889206, 21.1229190826, 27.5561332703, 22.4240875244, 12.4894990921, 11.5260705948, 15.6595106125, 14.5148229599, 13.4463729858, 10.1821813583, 12.0512447357, 14.7676515579, 12.1617918015, 9.50630378723, 10.2230472565, 8.5983877182, 5.02488040924, 3.76236081123, 3.48396849632, 2.53885149956, 2.02980542183, 1.60814571381, 1.19984269142, 0.756806910038, 0.443700581789, 0.209038108587, 0.10507504642, 0.0606048777699, 0.0154062323272, 0.00282751000486, 0.00028846252826, 2.60503875325e-05],
        "dmean2": [0.72469329834, 2.91457295418, 4.28785657883, 9.44124507904, 10.3921766281, 11.6081142426, 22.1658859253, 46.0692100525, 22.365228653, 33.2766189575, 41.9686279297, 35.2767677307, 19.2049064636, 17.6724796295, 25.0598697662, 22.9619846344, 21.4359035492, 16.1166763306, 19.3013000488, 23.6501178741, 19.1959781647, 15.3318214417, 16.9139671326, 14.1021566391, 8.14050292969, 6.19167995453, 5.70296192169, 4.16401338577, 3.22828269005, 2.46379733086, 1.81499767303, 1.14122653008, 0.660551786423, 0.311251401901, 0.157386675477, 0.0947495102882, 0.0246059410274, 0.00444990256801, 0.00045379443327, 4.11382061429e-05],
        "dvar": [0.887758016586, 17.0117359161, 26.6637821198, 96.5566940308, 115.167976379, 124.849494934, 579.686767578, 5816.23486328, 1061.17431641, 2150.48095703, 4492.52636719, 3878.5871582, 1168.90332031, 918.78125, 1578.85400391, 861.639343262, 782.538635254, 439.464416504, 557.466369629, 818.505432129, 505.488739014, 230.203643799, 243.39213562, 226.828704834, 53.5986213684, 31.1827487946, 31.8433475494, 24.1715583801, 28.9767036438, 18.6327514648, 18.6178245544, 10.5023984909, 2.85945415497, 0.432964891195, 0.0862898901105, 0.0370884947479, 0.00249964836985, 6.8731198553e-05, 7.99018891939e-07, 2.18132267804e-09],
        "dvar2": [2.30293297768, 39.2066383362, 68.1440048218, 262.275909424, 284.440795898, 322.835418701, 1557.25671387, 16487.0136719, 2630.45263672, 5514.55664062, 10818.5576172, 9818.78515625, 2711.79418945, 2064.53613281, 4198.71191406, 2049.015625, 1937.88720703, 1016.94213867, 1314.96313477, 2024.37548828, 1161.44482422, 540.371704102, 638.713012695, 600.686035156, 135.478134155, 80.588142395, 82.2511444092, 60.5447044373, 66.7911529541, 38.4025802612, 35.7057495117, 21.6060771942, 5.84143877029, 0.968177974224, 0.203999966383, 0.0953376740217, 0.00664973910898, 0.00017323155771, 2.02424962481e-06, 5.3773598907e-09],
        "max": [8.42833423615, 36.9190139771, 85.3160629272, 157.748748779, 128.528900146, 227.966506958, 443.282348633, 1041.08654785, 1262.93688965, 1037.92272949, 1729.04016113, 1595.61486816, 804.239929199, 746.033508301, 1269.73522949, 749.602966309, 546.730957031, 705.821105957, 717.166809082, 643.185913086, 698.262634277, 355.717651367, 330.904937744, 361.993530273, 171.24105835, 104.875411987, 117.259399414, 124.967224121, 185.607818604, 114.001152039, 126.85344696, 114.351646423, 45.2533531189, 17.8481121063, 5.82056045532, 4.6857047081, 1.037956357, 0.152651309967, 0.0156324300915, 0.000901083403733],
        "mean": [0.532734751701, 2.39641475677, 4.47050905228, 7.50757074356, 10.0853862762, 14.6417121887, 24.9507579803, 40.9584312439, 25.7966938019, 41.2877349854, 52.6231002808, 43.7713851929, 27.0156898499, 23.2160243988, 31.2863445282, 29.4033641815, 26.3244132996, 21.3838768005, 23.8287296295, 29.651638031, 27.1310443878, 22.1578063965, 24.4875392914, 20.6645812988, 12.7810754776, 9.51162910461, 8.57600307465, 5.79329967499, 4.24948453903, 3.36253881454, 2.36361479759, 1.40367472172, 0.858282089233, 0.421415567398, 0.194798886776, 0.0905918180943, 0.022122208029, 0.00413766270503, 0.000370000867406, 6.00278399361e-05],
        "median": [0.145699769258, 0.89631664753, 3.2787129879, 4.73201560974, 6.61533164978, 8.83111095428, 12.5869979858, 15.1898059845, 11.0759496689, 15.2306489944, 13.0835933685, 11.6068496704, 7.93431663513, 6.93939876556, 9.66402816772, 12.9180412292, 11.3067350388, 11.2568721771, 12.1697635651, 14.478603363, 13.0516033173, 13.2457370758, 17.1543235779, 14.5100297928, 9.7874288559, 6.62680053711, 5.21179008484, 3.85028171539, 2.0821185112, 1.62993657589, 0.938169956207, 0.501845479012, 0.341687291861, 0.156227186322, 0.0728866010904, 0.0239902473986, 0.00460107717663, 0.000653390074149, 4.88941695949e-05, 4.27667218901e-05],
        "min": [2.33869445056e-21, 4.57612591905e-21, 3.75618580257e-20, 1.27090006791e-19, 2.01684895937e-19, 3.69937814003e-19, 1.1601595832e-19, 3.03814960389e-19, 1.54543435973e-18, 4.90023966226e-19, 6.64704452467e-19, 2.69261847765e-18, 4.37264670357e-18, 2.30128429293e-18, 2.35480349895e-18, 2.58494665206e-18, 1.72663561414e-18, 4.23388715582e-18, 4.26382819886e-18, 6.10055710643e-18, 6.09573257551e-18, 7.22180952574e-18, 1.52028219613e-17, 1.09993241804e-17, 1.51861840504e-17, 2.01406584299e-17, 1.49880081193e-17, 2.02420674643e-17, 1.91194427524e-17, 1.41022515388e-17, 1.70706371435e-17, 1.45982091818e-17, 1.3527296493e-17, 9.50748078461e-18, 8.77430924867e-18, 6.59755865132e-18, 4.15837135615e-18, 1.54830446966e-18, 2.95127392609e-19, 3.98418779867e-20],
        "var": [1.09699273109, 20.5896224976, 26.8316040039, 83.4220352173, 138.289916992, 304.754882812, 1272.31091309, 6059.08642578, 2691.36767578, 5270.61035156, 11526.3173828, 9905.15625, 4045.9934082, 3120.43310547, 4165.01416016, 2589.81713867, 2164.42480469, 1264.11853027, 1217.4942627, 1776.47155762, 1697.72644043, 673.71295166, 567.547485352, 474.081298828, 129.606369019, 77.5372924805, 85.1494979858, 43.4098052979, 52.2440719604, 42.4636192322, 43.3784484863, 21.5371265411, 5.98285913467, 0.878517329693, 0.14312158525, 0.0392334274948, 0.00255492026918, 8.89055299922e-05, 9.07679066131e-07, 2.9058238038e-09]
    },
    "gfcc": {
        "mean": [17.7985897064, 110.284431458, -118.72845459, 45.4052391052, -52.2657852173, 8.66751766205, -35.4415512085, 7.99244022369, -18.476272583, 3.27528047562, -9.81921577454, 0.00506662018597, -8.96699047089],
        "cov": [[6169.51171875, 14.3513622284, 141.690185547, 167.152954102, -7.52740955353, 219.054763794, 21.7486991882, 137.906387329, -26.2719268799, 82.1512069702, -131.115783691, 2.74635624886, -79.3310699463], [14.3513622284, 701.283996582, -302.785217285, 85.5384368896, 66.9866943359, -90.8750534058, 93.9114837646, -36.1172676086, 93.0804367065, -64.3874130249, 126.426719666, -81.6090011597, 60.8389091492], [141.690185547, -302.785217285, 584.470275879, -64.6567459106, 53.0385246277, 77.0938110352, -19.6319694519, 35.3446311951, -76.2099685669, 40.3667373657, -93.2805175781, 88.0205764771, -56.2265548706], [167.152954102, 85.5384368896, -64.6567459106, 314.633514404, 121.914222717, -30.6597061157, -65.2390136719, -46.5338401794, 64.672164917, 10.6447553635, 48.4957351685, -45.9942016602, 74.0048370361], [-7.52740955353, 66.9866943359, 53.0385246277, 121.914222717, 225.57409668, -13.8261528015, 1.70089924335, -10.6649217606, 22.1328334808, 30.1944217682, 12.4767408371, -6.53947067261, 40.2133522034], [219.054763794, -90.8750534058, 77.0938110352, -30.6597061157, -13.8261528015, 178.990127563, 100.387077332, 51.6460494995, -16.078956604, -18.428194046, -34.5951004028, 12.0000801086, -28.3179588318], [21.7486991882, 93.9114837646, -19.6319694519, -65.2390136719, 1.70089924335, 100.387077332, 202.023666382, 75.5769500732, 21.436126709, -26.8572978973, 4.53255033493, -6.28020715714, -23.7388458252], [137.906387329, -36.1172676086, 35.3446311951, -46.5338401794, -10.6649217606, 51.6460494995, 75.5769500732, 106.580871582, 22.2737216949, 13.142416954, -18.9370956421, 3.49713683128, -25.0673942566], [-26.2719268799, 93.0804367065, -76.2099685669, 64.672164917, 22.1328334808, -16.078956604, 21.436126709, 22.2737216949, 110.156448364, 24.6600418091, 41.2559585571, -23.6588783264, 19.6631641388], [82.1512069702, -64.3874130249, 40.3667373657, 10.6447553635, 30.1944217682, -18.428194046, -26.8572978973, 13.142416954, 24.6600418091, 85.3324127197, 17.2778835297, 8.44812393188, -7.86547708511], [-131.115783691, 126.426719666, -93.2805175781, 48.4957351685, 12.4767408371, -34.5951004028, 4.53255033493, -18.9370956421, 41.2559585571, 17.2778835297, 106.637214661, -5.76188421249, 30.5559577942], [2.74635624886, -81.6090011597, 88.0205764771, -45.9942016602, -6.53947067261, 12.0000801086, -6.28020715714, 3.49713683128, -23.6588783264, 8.44812393188, -5.76188421249, 82.225479126, 14.8126487732], [-79.3310699463, 60.8389091492, -56.2265548706, 74.0048370361, 40.2133522034, -28.3179588318, -23.7388458252, -25.0673942566, 19.6631641388, -7.86547708511, 30.5559577942, 14.8126487732, 92.6336975098]],
        "icov": [[0.000215020234464, -0.000295757694403, 3.68161854567e-05, -0.000373210059479, 0.000220413639909, -0.000372497976059, 0.000200380847673, -0.000339126010658, 0.000320118066156, -0.00058742222609, 0.000494967913255, -0.000298971339362, 0.00021562409529], [-0.000295757694403, 0.00384396454319, 0.000386209372664, 0.000962078222074, -0.00150518480223, 0.00246470258571, -0.00236118701287, 0.00138330587652, -0.00181383069139, 0.00390727166086, -0.00331783783622, 0.00219711917453, -0.000676081748679], [3.68161854567e-05, 0.000386209372664, 0.00315887317993, -0.000308795337332, -0.00129450857639, -0.000706812890712, 0.000530840537976, -0.00052133819554, 0.000818913802505, -0.000647866167128, 0.00131253828295, -0.00309627666138, 0.00211610877886], [-0.000373210059479, 0.000962078222074, -0.000308795337332, 0.00787607301027, -0.00346631114371, -0.0014466738794, 0.00274625001475, 0.00162320071831, -0.003853647504, 0.00260894931853, -0.00285352370702, 0.00492937210947, -0.00403299182653], [0.000220413639909, -0.00150518480223, -0.00129450857639, -0.00346631114371, 0.00787582714111, 0.000459407106973, -0.00221177237108, 0.000441697105998, 0.00180616229773, -0.00501441396773, 0.00265176966786, -5.87026152061e-05, -0.00223949388601], [-0.000372497976059, 0.00246470258571, -0.000706812890712, -0.0014466738794, 0.000459407106973, 0.0117919156328, -0.00710205966607, -5.19336645084e-05, 0.000501883507241, 0.00281676650047, -8.20819113869e-05, -6.48325076327e-05, 0.000530324236024], [0.000200380847673, -0.00236118701287, 0.000530840537976, 0.00274625001475, -0.00221177237108, -0.00710205966607, 0.0137638552114, -0.00659436360002, -0.00145523739047, 0.00303349853493, -0.00196143542416, -0.000355536409188, 0.00165270257276], [-0.000339126010658, 0.00138330587652, -0.00052133819554, 0.00162320071831, 0.000441697105998, -5.19336645084e-05, -0.00659436360002, 0.0177900288254, -0.00524194398895, -0.00262992456555, 0.00259065092541, 0.00056744919857, 4.85447635583e-05], [0.000320118066156, -0.00181383069139, 0.000818913802505, -0.003853647504, 0.00180616229773, 0.000501883507241, -0.00145523739047, -0.00524194398895, 0.0168867222965, -0.00670221541077, -0.000888376962394, 0.0010789767839, -0.00141402997542], [-0.00058742222609, 0.00390727166086, -0.000647866167128, 0.00260894931853, -0.00501441396773, 0.00281676650047, 0.00303349853493, -0.00262992456555, -0.00670221541077, 0.0229232758284, -0.00837648380548, 5.04150375491e-05, 0.00368089275435], [0.000494967913255, -0.00331783783622, 0.00131253828295, -0.00285352370702, 0.00265176966786, -8.20819113869e-05, -0.00196143542416, 0.00259065092541, -0.000888376962394, -0.00837648380548, 0.0183909107, -0.00423605693504, -0.00121024681721], [-0.000298971339362, 0.00219711917453, -0.00309627666138, 0.00492937210947, -5.87026152061e-05, -6.48325076327e-05, -0.000355536409188, 0.00056744919857, 0.0010789767839, 5.04150375491e-05, -0.00423605693504, 0.02215484716, -0.00981850083917], [0.00021562409529, -0.000676081748679, 0.00211610877886, -0.00403299182653, -0.00223949388601, 0.000530324236024, 0.00165270257276, 4.85447635583e-05, -0.00141402997542, 0.00368089275435, -0.00121024681721, -0.00981850083917, 0.0200831890106]]
    },
    "melbands": {
        "dmean": [0.00316725601442, 0.00160458381288, 0.000991563894786, 0.000430404412327, 0.00042723986553, 0.000565855356399, 0.000219885754632, 0.000256298837485, 0.000216425512917, 0.000143738143379, 6.44546962576e-05, 4.91195241921e-05, 4.84706761199e-05, 5.35922117706e-05, 3.58364013664e-05, 3.06884794554e-05, 1.94998010556e-05, 2.02136216103e-05, 2.4951161322e-05, 2.07525881706e-05, 1.35472046168e-05, 1.05983745016e-05, 1.02646381492e-05, 9.74770136963e-06, 7.79648325988e-06, 4.64118875243e-06, 3.48719277099e-06, 2.75948491435e-06, 2.55808959082e-06, 2.06081040233e-06, 1.53184612373e-06, 1.21928871977e-06, 1.07895675683e-06, 9.13957762805e-07, 7.59911301884e-07, 6.37804021153e-07, 4.37038977452e-07, 3.44463984447e-07, 2.70011071279e-07, 1.59822846513e-07],
        "dmean2": [0.00497375428677, 0.0025969739072, 0.00165459222626, 0.000691915571224, 0.00070377252996, 0.000966644205619, 0.00035508730798, 0.000404094607802, 0.000329026835971, 0.000226467265747, 9.91656779661e-05, 7.48629390728e-05, 7.69967009546e-05, 8.48421113915e-05, 5.67840033909e-05, 4.95212079841e-05, 3.10183932015e-05, 3.23716813e-05, 4.02006844524e-05, 3.29142058035e-05, 2.15923064388e-05, 1.71741776285e-05, 1.68145907082e-05, 1.61442021636e-05, 1.28663405121e-05, 7.56277995606e-06, 5.74285877519e-06, 4.58183512819e-06, 4.23048413722e-06, 3.41788268088e-06, 2.53488656199e-06, 1.96073597181e-06, 1.717331088e-06, 1.41776297369e-06, 1.17219803997e-06, 9.85999008662e-07, 6.60752164094e-07, 5.22972470662e-07, 4.14158677131e-07, 2.41757447839e-07],
        "dvar": [4.60016053694e-05, 9.71704503172e-06, 2.81124812318e-06, 3.93421231593e-07, 4.99258248965e-07, 2.48473156716e-06, 2.4417744271e-07, 3.27694351654e-07, 2.60797492047e-07, 1.77105022203e-07, 3.19497814871e-08, 1.76306915733e-08, 1.52173953438e-08, 1.31148905069e-08, 6.89860080172e-09, 4.75288564061e-09, 1.74234038308e-09, 1.63664537478e-09, 3.01991498475e-09, 1.79473447215e-09, 6.25366314289e-10, 2.94765711839e-10, 2.58962462585e-10, 2.61807187041e-10, 2.02523234294e-10, 5.01235719597e-11, 2.34429350932e-11, 1.80693671831e-11, 1.5883096921e-11, 1.24647358407e-11, 1.02733290624e-11, 1.01411812975e-11, 8.63473788998e-12, 6.16637036571e-12, 7.21177848342e-12, 8.27576895901e-12, 3.1116836538e-12, 1.72889437142e-12, 8.67642546351e-13, 2.23243935816e-13],
        "dvar2": [0.000108508946141, 2.2803513275e-05, 7.32525313651e-06, 1.00241254586e-06, 1.3451445966e-06, 7.05421552993e-06, 6.0804035229e-07, 8.2470904772e-07, 6.27437827916e-07, 4.52852361832e-07, 7.37309662213e-08, 3.90017476093e-08, 3.98854886896e-08, 3.15197326017e-08, 1.67353348957e-08, 1.17341780737e-08, 4.01732913602e-09, 3.79422937513e-09, 7.65489360788e-09, 4.13565670598e-09, 1.4628604994e-09, 6.92216728382e-10, 6.57417897898e-10, 6.81208645048e-10, 5.38773636816e-10, 1.26446145221e-10, 6.00785116101e-11, 4.75568820435e-11, 4.19970100363e-11, 3.22763378524e-11, 2.61511610977e-11, 2.41265306344e-11, 1.90013716567e-11, 1.32263540398e-11, 1.47231133535e-11, 1.88589647371e-11, 6.20027857182e-12, 3.48552003232e-12, 2.03940206736e-12, 5.08579181373e-13],
        "max": [0.0663229599595, 0.035594727844, 0.0237161517143, 0.00937068462372, 0.012510323897, 0.0214041750878, 0.0166498403996, 0.0116777084768, 0.0148014649749, 0.0121890017763, 0.00414196308702, 0.00363563466817, 0.00366030470468, 0.00252103805542, 0.00225606863387, 0.00184966693632, 0.00118534674402, 0.00108327530324, 0.0015012343647, 0.001143537811, 0.000634180963971, 0.000413111149101, 0.000330099661369, 0.00048725499073, 0.000377160264179, 0.000192903957213, 9.93153298623e-05, 7.79852489359e-05, 7.58152964409e-05, 7.75852167862e-05, 9.79437973001e-05, 0.000119406984595, 7.92409919086e-05, 6.27827248536e-05, 8.64884932525e-05, 0.000112476292998, 6.15665849182e-05, 3.91226276406e-05, 2.4887129257e-05, 1.31240331029e-05],
        "mean": [0.00419108616188, 0.00260651367716, 0.00142918911297, 0.000847576302476, 0.000837424653582, 0.000891484494787, 0.000415017770138, 0.000499731278978, 0.000405372178648, 0.000274745369097, 0.000134950169013, 9.51450128923e-05, 9.29861416807e-05, 0.000101486999483, 6.38393612462e-05, 5.6257344113e-05, 3.72969698219e-05, 3.65286869055e-05, 4.27492086601e-05, 4.03422636737e-05, 2.79947671515e-05, 2.16829539568e-05, 2.20886413445e-05, 2.13058119698e-05, 1.66878271557e-05, 1.02578715087e-05, 7.57815996622e-06, 6.08619075138e-06, 5.72760336581e-06, 4.37272501586e-06, 2.99786552205e-06, 2.39146379499e-06, 2.06386471291e-06, 1.80353993073e-06, 1.41667590015e-06, 1.07840753572e-06, 7.73894328177e-07, 6.33258991911e-07, 4.80325695662e-07, 3.06862062871e-07],
        "median": [0.00122511433437, 0.00158411939628, 0.000912502990104, 0.000560609973036, 0.000492497638334, 0.000338346289936, 0.000169983890373, 0.000165745965205, 8.96862329682e-05, 6.57523196423e-05, 3.55364245479e-05, 2.53490943578e-05, 2.73289406323e-05, 3.56438176823e-05, 2.45936080319e-05, 2.13661842281e-05, 1.77277470357e-05, 1.70664316101e-05, 1.68435235537e-05, 1.90911232494e-05, 1.27548155433e-05, 1.18470879897e-05, 1.44403056765e-05, 1.4676767023e-05, 1.10874971142e-05, 7.27064616513e-06, 5.4061465562e-06, 3.87057252738e-06, 3.44532395502e-06, 2.55654754255e-06, 1.9264095954e-06, 1.18409752758e-06, 9.31729744025e-07, 8.38738060338e-07, 5.59284046631e-07, 3.70960634655e-07, 2.64480149781e-07, 2.49881537684e-07, 1.6489900645e-07, 1.18601619192e-07],
        "min": [1.66714045623e-23, 1.48033251407e-23, 2.27930882491e-23, 2.31403243092e-23, 5.7885627149e-24, 8.59122063922e-24, 2.06395453095e-23, 4.32892943766e-24, 5.18937789231e-24, 1.85404653268e-23, 2.21442880199e-23, 9.68612565465e-24, 6.76040464025e-24, 6.7766409754e-24, 6.51179946471e-24, 2.82082282717e-24, 8.88038075947e-24, 5.92181552129e-24, 1.01052955741e-23, 7.98312326613e-24, 6.1774624637e-24, 6.29803866977e-24, 1.26462536263e-23, 1.22583699303e-23, 8.28039287648e-24, 1.1401379053e-23, 1.50275904075e-23, 1.15481087591e-23, 8.52962243544e-24, 1.05527611454e-23, 1.19424208826e-23, 1.02153432481e-23, 8.60151842948e-24, 8.42869320464e-24, 1.04989624094e-23, 9.166363348e-24, 8.22986160234e-24, 8.8874505309e-24, 9.45051341264e-24, 7.51566164863e-24],
        "var": [6.38801575406e-05, 1.21277262224e-05, 2.74491299024e-06, 7.88637578353e-07, 1.09238771984e-06, 2.75040633824e-06, 6.22546053819e-07, 8.14944144167e-07, 6.81714084294e-07, 4.58635980749e-07, 1.14602606516e-07, 6.2788814148e-08, 3.86005929442e-08, 3.46677211382e-08, 1.94187617097e-08, 1.43725111812e-08, 4.86871254424e-09, 3.51799367415e-09, 5.74347369664e-09, 5.12332487546e-09, 1.85471271674e-09, 7.62882035321e-10, 5.92172366698e-10, 5.20249177072e-10, 3.88088006176e-10, 1.04994665739e-10, 5.38747102485e-11, 4.09974033888e-11, 3.90269865036e-11, 2.62633352566e-11, 1.51297880474e-11, 1.68873526274e-11, 1.69852656245e-11, 1.31916777849e-11, 1.54200489183e-11, 1.4509478688e-11, 6.54148913856e-12, 3.63976817436e-12, 1.49518429322e-12, 4.32294147311e-13]
    },
    "mfcc": {
        "mean": [-619.712646484, 130.51701355, -2.78162884712, 36.4745941162, 6.46179437637, 5.84195375443, -1.43728280067, 3.05242323875, -2.35831403732, 1.05761814117, 1.58935630322, 3.39829158783, 0.386066854],
        "cov": [[3835.11157227, 263.317779541, -46.7328300476, 117.173797607, -0.491652488708, 89.9702301025, 17.2532920837, 71.9164505005, 64.2808837891, 70.1240158081, 52.3197517395, 15.4213418961, 3.05950641632], [263.317779541, 563.121887207, -144.910018921, 68.6971664429, -35.7724113464, -21.1610965729, 38.44272995, 36.0975189209, -6.35758447647, 8.28458499908, 37.691947937, 20.9572429657, 15.8653612137], [-46.7328300476, -144.910018921, 368.706970215, -83.1864318848, 9.12750434875, 31.462644577, 15.028875351, 42.3138694763, 1.26873731613, -23.2320652008, 10.8863563538, -45.4974212646, -0.0826566964388], [117.173797607, 68.6971664429, -83.1864318848, 282.611633301, 160.006408691, 22.0346240997, -36.1312522888, -81.0023498535, -0.820543885231, 21.8290653229, -36.2175102234, 35.2555580139, 7.16853046417], [-0.491652488708, -35.7724113464, 9.12750434875, 160.006408691, 208.552780151, 39.9889564514, -21.9709129333, -73.1994934082, 1.31563937664, 9.15310668945, -40.0224304199, 2.25476455688, 0.515933573246], [89.9702301025, -21.1610965729, 31.462644577, 22.0346240997, 39.9889564514, 107.80166626, 37.3231735229, 31.2174167633, 16.020565033, 12.1328849792, -0.0502114146948, -10.9289722443, -11.1737184525], [17.2532920837, 38.44272995, 15.028875351, -36.1312522888, -21.9709129333, 37.3231735229, 125.972946167, 64.682975769, 32.3082542419, 2.93328118324, 19.9654121399, 12.1510276794, -10.2916707993], [71.9164505005, 36.0975189209, 42.3138694763, -81.0023498535, -73.1994934082, 31.2174167633, 64.682975769, 149.454391479, 49.0696220398, 13.6630382538, 31.7626857758, -15.3724784851, 1.77981817722], [64.2808837891, -6.35758447647, 1.26873731613, -0.820543885231, 1.31563937664, 16.020565033, 32.3082542419, 49.0696220398, 85.6572570801, 35.2242660522, 13.5935316086, 2.52208161354, -7.48139858246], [70.1240158081, 8.28458499908, -23.2320652008, 21.8290653229, 9.15310668945, 12.1328849792, 2.93328118324, 13.6630382538, 35.2242660522, 80.3355484009, 36.6447067261, 14.2327766418, -3.1922314167], [52.3197517395, 37.691947937, 10.8863563538, -36.2175102234, -40.0224304199, -0.0502114146948, 19.9654121399, 31.7626857758, 13.5935316086, 36.6447067261, 89.7963180542, 35.081111908, 10.2381086349], [15.4213418961, 20.9572429657, -45.4974212646, 35.2555580139, 2.25476455688, -10.9289722443, 12.1510276794, -15.3724784851, 2.52208161354, 14.2327766418, 35.081111908, 90.5447921753, 29.9355697632], [3.05950641632, 15.8653612137, -0.0826566964388, 7.16853046417, 0.515933573246, -11.1737184525, -10.2916707993, 1.77981817722, -7.48139858246, -3.1922314167, 10.2381086349, 29.9355697632, 64.1125488281]],
