{
"lowlevel": {
    "average_loudness": 0.815439760685,
    "barkbands_crest": {
        "dmean": 1.65834593773,
        "dmean2": 2.68906664848,
        "dvar": 2.57625484467,
        "dvar2": 7.75970315933,
        "max": 23.0073547363,
        "mean": 10.2229661942,
        "median": 9.60457420349,
        "min": 2.88152599335,
        "var": 11.5204401016
    },
    "barkbands_flatness_db": {
        "dmean": 0.0133931227028,
        "dmean2": 0.0219786148518,
        "dvar": 0.000165869234479,
        "dvar2": 0.000446130288765,
        "max": 0.574693441391,
        "mean": 0.252009272575,
        "median": 0.22875495255,
        "min": 0.0534005500376,
        "var": 0.0124664278701
    },
    "barkbands_kurtosis": {
        "dmean": 1.36343729496,
        "dmean2": 2.17827773094,
        "dvar": 2.27295279503,
        "dvar2": 6.06305646896,
        "max": 33.8829078674,
        "mean": 3.65386462212,
        "median": 3.01551032066,
        "min": -1.66126835346,
        "var": 8.49716758728
    },
    "barkbands_skewness": {
        "dmean": 0.267747938633,
        "dmean2": 0.427961170673,
        "dvar": 0.066857367754,
        "dvar2": 0.182207003236,
        "max": 4.52392148972,
        "mean": 1.55729687214,
        "median": 1.51283025742,
        "min": -1.91859579086,
        "var": 0.302253454924
    },
    "barkbands_spread": {
        "dmean": 1.47837531567,
        "dmean2": 2.3576169014,
        "dvar": 3.04614305496,
        "dvar2": 7.61175870895,
        "max": 47.1860771179,
        "mean": 9.03973388672,
        "median": 7.53478527069,
        "min": 1.00472795963,
        "var": 30.9765071869
    },
    "dissonance": {
        "dmean": 0.0222114399076,
        "dmean2": 0.0374386832118,
        "dvar": 0.000480345450342,
        "dvar2": 0.00128666090313,
        "max": 0.500000119209,
        "mean": 0.439043372869,
        "median": 0.445339977741,
        "min": 0.186466321349,
        "var": 0.00121291994583
    },
    "dynamic_complexity": 3.16895318031,
    "erbbands_crest": {
        "dmean": 1.6945476532,
        "dmean2": 2.61552000046,
        "dvar": 2.56095504761,
        "dvar2": 6.1715798378,
        "max": 24.736120224,
        "mean": 9.0694475174,
        "median": 8.23390960693,
        "min": 2.911226511,
        "var": 12.450756073
    },
    "erbbands_flatness_db": {
        "dmean": 0.00951954163611,
        "dmean2": 0.0148550635204,
        "dvar": 7.57895759307e-05,
        "dvar2": 0.000176386078238,
        "max": 0.446280270815,
        "mean": 0.256646662951,
        "median": 0.239738404751,
        "min": 0.0883972272277,
        "var": 0.00675294315442
    },
    "erbbands_kurtosis": {
        "dmean": 0.51463830471,
        "dmean2": 0.830207765102,
        "dvar": 0.301652669907,
        "dvar2": 0.805357992649,
        "max": 12.903222084,
        "mean": 0.201931014657,
        "median": -0.138606190681,
        "min": -1.63912475109,
        "var": 1.84222948551
    },
    "erbbands_skewness": {
        "dmean": 0.226752102375,
        "dmean2": 0.352813959122,
        "dvar": 0.0387935824692,
        "dvar2": 0.100939236581,
        "max": 3.16098809242,
        "mean": 0.629320085049,
        "median": 0.582398891449,
        "min": -1.2630200386,
        "var": 0.220965713263
    },
    "erbbands_spread": {
        "dmean": 2.90620350838,
        "dmean2": 4.64876174927,
        "dvar": 7.94974136353,
        "dvar2": 20.363401413,
        "max": 58.6940841675,
        "mean": 23.2593975067,
        "median": 21.5993232727,
        "min": 2.84703564644,
        "var": 114.579872131
    },
    "hfc": {
        "dmean": 1.97785389423,
        "dmean2": 3.08192491531,
        "dvar": 5.79241275787,
        "dvar2": 14.4467010498,
        "max": 72.7893218994,
        "mean": 13.4785356522,
        "median": 11.5050926208,
        "min": 1.17092418495e-16,
        "var": 84.8627548218
    },
    "melbands_crest": {
        "dmean": 1.98578548431,
        "dmean2": 3.20145273209,
        "dvar": 3.75015425682,
        "dvar2": 10.760014534,
        "max": 30.3764591217,
        "mean": 12.9555664062,
        "median": 12.0012512207,
        "min": 2.48486256599,
        "var": 18.9072227478
    },
    "melbands_flatness_db": {
        "dmean": 0.0154818417504,
        "dmean2": 0.0251410249621,
        "dvar": 0.000232872000197,
        "dvar2": 0.000587872578762,
        "max": 0.765405237675,
        "mean": 0.352880746126,
        "median": 0.318387806416,
        "min": 0.00665020057932,
        "var": 0.020320687443
    },
    "melbands_kurtosis": {
        "dmean": 2.10317063332,
        "dmean2": 3.35585403442,
        "dvar": 5.37341880798,
        "dvar2": 14.2883348465,
        "max": 62.6095962524,
        "mean": 7.05923175812,
        "median": 6.15799713135,
        "min": -1.263484478,
        "var": 18.5613021851
    },
    "melbands_skewness": {
        "dmean": 0.316519200802,
        "dmean2": 0.50633263588,
        "dvar": 0.0893371403217,
        "dvar2": 0.245506703854,
        "max": 5.48367452621,
        "mean": 2.06538963318,
        "median": 2.01809549332,
        "min": -0.114431299269,
        "var": 0.414182305336
    },
    "melbands_spread": {
        "dmean": 1.77760756016,
        "dmean2": 2.83730912209,
        "dvar": 7.42817974091,
        "dvar2": 15.0466270447,
        "max": 143.569671631,
        "mean": 10.2103614807,
        "median": 8.77444458008,
        "min": 0.849631786346,
        "var": 37.7005805969
    },
    "pitch_salience": {
        "dmean": 0.0460155121982,
        "dmean2": 0.0738502964377,
        "dvar": 0.00163157773204,
        "dvar2": 0.00449495762587,
        "max": 0.858932673931,
        "mean": 0.591281235218,
        "median": 0.591500163078,
        "min": 0.282462328672,
        "var": 0.00766307208687
    },
    "silence_rate_20dB": {
        "dmean": 0,
        "dmean2": 0,
        "dvar": 0,
        "dvar2": 0,
        "max": 1,
        "mean": 1,
        "median": 1,
        "min": 1,
        "var": 0
    },
    "silence_rate_30dB": {
        "dmean": 0.00155460555106,
        "dmean2": 0.00310945278034,
        "dvar": 0.00155211286619,
        "dvar2": 0.00341101782396,
        "max": 1,
        "mean": 0.996424674988,
        "median": 1,
        "min": 0,
        "var": 0.00356231909245
    },
    "silence_rate_60dB": {
        "dmean": 0.000466381665319,
        "dmean2": 0.000855099526234,
        "dvar": 0.000466168712592,
        "dvar2": 0.00100984133314,
        "max": 1,
        "mean": 0.0689413994551,
        "median": 0,
        "min": 0,
        "var": 0.0641892179847
    },
    "spectral_centroid": {
        "dmean": 74.1186676025,
        "dmean2": 119.250663757,
        "dvar": 17681.1171875,
        "dvar2": 33176.3945312,
        "max": 11109.078125,
        "mean": 614.608032227,
        "median": 482.128082275,
        "min": 152.027816772,
        "var": 118936.851562
    },
    "spectral_complexity": {
        "dmean": 1.60994946957,
        "dmean2": 2.70296955109,
        "dvar": 2.20238447189,
        "dvar2": 5.88918924332,
        "max": 33,
        "mean": 16.0444583893,
        "median": 16,
        "min": 0,
        "var": 39.159614563
    },
    "spectral_decrease": {
        "dmean": 1.32048461055e-09,
        "dmean2": 2.07587746992e-09,
        "dvar": 2.13134644673e-18,
        "dvar2": 5.59331630634e-18,
        "max": -7.29062826748e-29,
        "mean": -8.12474976186e-09,
        "median": -7.75979813739e-09,
        "min": -3.65760044474e-08,
        "var": 2.03520593247e-17
    },
    "spectral_energy": {
        "dmean": 0.00512078870088,
        "dmean2": 0.00804527755827,
        "dvar": 3.19606115227e-05,
        "dvar2": 8.36561812321e-05,
        "max": 0.142944902182,
        "mean": 0.0318871065974,
        "median": 0.0305122919381,
        "min": 1.08957958964e-20,
        "var": 0.000312196440063
    },
    "spectral_energyband_high": {
        "dmean": 2.64584141405e-05,
        "dmean2": 4.36801965407e-05,
        "dvar": 3.63697005845e-09,
        "dvar2": 9.85132775355e-09,
        "max": 0.00173588481266,
        "mean": 0.000101935860584,
        "median": 1.93591258721e-05,
        "min": 8.08527447402e-21,
        "var": 2.80229954797e-08
    },
    "spectral_energyband_low": {
        "dmean": 0.00197575055063,
        "dmean2": 0.00301155471243,
        "dvar": 8.88082831807e-06,
        "dvar2": 2.17192573473e-05,
        "max": 0.0724712312222,
        "mean": 0.00814087688923,
        "median": 0.00528618320823,
        "min": 1.48607788271e-22,
        "var": 7.0142581535e-05
    },
    "spectral_energyband_middle_high": {
        "dmean": 0.000735855777748,
        "dmean2": 0.0011557911057,
        "dvar": 1.06927222987e-06,
        "dvar2": 2.67472978521e-06,
        "max": 0.0251921322197,
        "mean": 0.00320137711242,
        "median": 0.0023765321821,
        "min": 1.63945935231e-21,
        "var": 7.97207303549e-06
    },
    "spectral_energyband_middle_low": {
        "dmean": 0.00453666690737,
        "dmean2": 0.00718346470967,
        "dvar": 2.5628871299e-05,
        "dvar2": 6.98151125107e-05,
        "max": 0.135129749775,
        "mean": 0.022140968591,
        "median": 0.0204730220139,
        "min": 2.93947521449e-22,
        "var": 0.000187346915482
    },
    "spectral_entropy": {
        "dmean": 0.0861829966307,
        "dmean2": 0.139382913709,
        "dvar": 0.00827540829778,
        "dvar2": 0.0194910913706,
        "max": 9.7958612442,
        "mean": 6.43429136276,
        "median": 6.524310112,
        "min": 4.2671957016,
        "var": 0.374501019716
    },
    "spectral_flux": {
        "dmean": 0.0126001480967,
        "dmean2": 0.0201850216836,
        "dvar": 0.000172814834514,
        "dvar2": 0.000416503695305,
        "max": 0.189133241773,
        "mean": 0.0562240667641,
        "median": 0.0555250048637,
        "min": 1.04382925914e-10,
        "var": 0.000801567686722
    },
    "spectral_kurtosis": {
        "dmean": 14.9681768417,
        "dmean2": 25.9730548859,
        "dvar": 616.137695312,
        "dvar2": 1755.01574707,
        "max": 465.39440918,
        "mean": 51.099067688,
        "median": 16.6079940796,
        "min": -1.22747373581,
        "var": 5914.53857422
    },
    "spectral_rms": {
        "dmean": 0.000429834501119,
        "dmean2": 0.000674065377098,
        "dvar": 1.93440627072e-07,
        "dvar2": 5.09543724547e-07,
        "max": 0.0118092522025,
        "mean": 0.00527958571911,
        "median": 0.00545601407066,
        "min": 3.26037504286e-12,
        "var": 3.23534595736e-06
    },
    "spectral_rolloff": {
        "dmean": 120.642288208,
        "dmean2": 204.636489868,
        "dvar": 86904.8671875,
        "dvar2": 142409.828125,
        "max": 18669.2871094,
        "mean": 632.770629883,
        "median": 559.86328125,
        "min": 129.19921875,
        "var": 192480.28125
    },
    "spectral_skewness": {
        "dmean": 0.810555696487,
        "dmean2": 1.40833747387,
        "dvar": 1.26260471344,
        "dvar2": 3.67461919785,
        "max": 18.0580654144,
        "mean": 4.14350509644,
        "median": 2.83667469025,
        "min": -0.0180198512971,
        "var": 10.9857749939
    },
    "spectral_spread": {
        "dmean": 186717.5,
        "dmean2": 313630.46875,
        "dvar": 189321592832,
        "dvar2": 210382716928,
        "max": 40955916,
        "mean": 1958354.125,
        "median": 1906968.75,
        "min": 233771.375,
        "var": 1.24639589171e+12
    },
    "spectral_strongpeak": {
        "dmean": 0.286893337965,
        "dmean2": 0.481103152037,
        "dvar": 0.185289904475,
        "dvar2": 0.478883355856,
        "max": 9.5743894577,
        "mean": 0.854967713356,
        "median": 0.670342683792,
        "min": 0,
        "var": 0.475664526224
    },
    "zerocrossingrate": {
        "dmean": 0.00280652591027,
        "dmean2": 0.00371240265667,
        "dvar": 3.53679461114e-05,
        "dvar2": 4.020727647e-05,
        "max": 0.49755859375,
        "mean": 0.026221871376,
        "median": 0.0224609375,
        "min": 0.001953125,
        "var": 0.000212063081563
    },
    "barkbands": {
        "dmean": [1.76157991518e-05, 0.0010708947666, 0.000848736439366, 0.00130833266303, 0.00262455432676, 0.00201245187782, 0.000772452622186, 0.000722695374861, 0.000319545913953, 0.000361988903023, 0.00025041855406, 0.000191781204194, 0.000141656870255, 0.000193968342501, 0.000168466591276, 8.2432430645e-05, 0.000175164532266, 0.00010613159975, 6.13923984929e-05, 3.24684042425e-05, 1.59093724506e-05, 7.3792944022e-06, 2.60764159066e-06, 1.56356963998e-06, 7.88711133737e-07, 3.03300367932e-07, 1.71842103214e-07],
        "dmean2": [3.12971424137e-05, 0.00157012126874, 0.00133935234044, 0.00206813588738, 0.00431601516902, 0.00306964782067, 0.00107727013528, 0.00102675054222, 0.000439585448476, 0.000503231363837, 0.000383899750886, 0.00030281173531, 0.000226717500482, 0.000317433761666, 0.000282951863483, 0.000136277332786, 0.000292763143079, 0.000175820692675, 0.000103339312773, 5.35627041245e-05, 2.69274387392e-05, 1.25294118334e-05, 4.29466172136e-06, 2.50055381912e-06, 1.23830545817e-06, 4.7139511139e-07, 2.68685880656e-07],
        "dvar": [3.6117964175e-09, 3.95640381612e-06, 2.49522577178e-06, 2.65879043582e-06, 1.4003353499e-05, 7.56581539463e-06, 1.50254811615e-06, 1.06985953607e-06, 2.58644377027e-07, 4.07072235475e-07, 2.24823608619e-07, 8.34076914202e-08, 5.92921658438e-08, 1.64645072687e-07, 1.16996673682e-07, 3.57527802919e-08, 1.58996911637e-07, 1.34381977546e-07, 2.11574526787e-08, 7.36619876207e-09, 1.78112302684e-09, 3.22099180661e-10, 4.79905559736e-11, 1.47612876783e-11, 6.84379115878e-12, 7.22348450586e-13, 2.40252614895e-13],
        "dvar2": [1.13029434701e-08, 8.67351536726e-06, 7.25753261577e-06, 7.44801263863e-06, 4.32525885117e-05, 1.90946338989e-05, 2.75764364233e-06, 1.91958065443e-06, 4.80087692267e-07, 8.15042710656e-07, 5.44154772797e-07, 1.94997511471e-07, 1.53906697165e-07, 4.39350316128e-07, 3.29511408381e-07, 8.66970708557e-08, 4.18072204411e-07, 3.81753181955e-07, 6.06135017733e-08, 1.95425542415e-08, 4.85966733521e-09, 9.24875953601e-10, 1.28015278933e-10, 3.79529983829e-11, 1.54381108591e-11, 1.66822100838e-12, 5.83738569634e-13],
        "max": [0.00153843453154, 0.061254426837, 0.0344629622996, 0.0270655993372, 0.0960334017873, 0.0623923167586, 0.0520508922637, 0.037346355617, 0.0143639594316, 0.0153514202684, 0.0141340279952, 0.0133462809026, 0.00642832787707, 0.00855820532888, 0.00573947560042, 0.00550890900195, 0.00848133210093, 0.0155798047781, 0.00228164275177, 0.00225618551485, 0.00134124758188, 0.000384444429073, 0.000206898461329, 0.000107131716504, 0.00013318285346, 4.49784201919e-05, 1.82523544936e-05],
        "mean": [2.30537425523e-05, 0.00446722656488, 0.00217099208385, 0.00271409773268, 0.00773539859802, 0.00611915811896, 0.00248430180363, 0.00179096357897, 0.000819392676931, 0.000847691146191, 0.000484100834001, 0.000400945194997, 0.000309897208354, 0.000332940078806, 0.000278624385828, 0.000154007066158, 0.000300045212498, 0.000188514968613, 0.000118079376989, 7.16520735295e-05, 3.98757838411e-05, 1.90228420252e-05, 7.3508922469e-06, 4.89072772325e-06, 2.89087051897e-06, 1.30897478812e-06, 7.64945127685e-07],
        "median": [7.2483353506e-06, 0.00157074944582, 0.00129760126583, 0.00175915658474, 0.00561855314299, 0.00455164024606, 0.00139680225402, 0.00125410733745, 0.000520635512657, 0.000449214072432, 0.000276724342257, 0.000288100040052, 0.000185427285032, 0.000129265565192, 0.000105604471173, 6.74498587614e-05, 8.81444575498e-05, 2.2754413294e-05, 1.25690758068e-05, 7.38357357477e-06, 7.95556297817e-06, 1.79403809852e-06, 6.0548620695e-07, 4.80023459204e-07, 2.5610756893e-07, 7.10419243433e-08, 2.65517119402e-08],
        "min": [9.53510277029e-25, 5.59353247553e-23, 3.64028352858e-23, 7.08321109806e-23, 3.71350717552e-23, 6.98171688508e-23, 4.10054600145e-23, 9.88932123548e-24, 6.08079481729e-23, 7.87591659579e-23, 8.71748476908e-23, 6.01688635546e-23, 7.1330879332e-23, 6.08985030939e-23, 1.30397357103e-22, 1.15654897314e-22, 1.77145405808e-22, 3.91561472783e-22, 3.31377116001e-22, 3.68247692161e-22, 4.99362231112e-22, 7.32638170039e-22, 5.39529968176e-22, 8.98696091648e-22, 1.15900554911e-21, 1.77130388421e-21, 2.37193454999e-21],
        "var": [3.71280672873e-09, 4.29267347499e-05, 8.8210845206e-06, 8.06194020697e-06, 6.81768797222e-05, 3.25879373122e-05, 1.2825677004e-05, 4.63140213469e-06, 1.13355451958e-06, 1.27276689454e-06, 4.25006192017e-07, 1.98237373183e-07, 1.57725892791e-07, 3.06424084329e-07, 2.14186343328e-07, 7.518010392e-08, 3.31423109401e-07, 2.56634422158e-07, 4.72770942395e-08, 2.22615454959e-08, 6.40561825804e-09, 1.32630939564e-09, 2.17235521238e-10, 8.29563640004e-11, 4.04888449157e-11, 7.81654081738e-12, 2.82024707407e-12]
    },
    "erbbands": {
        "dmean": [0.0159345492721, 0.291127353907, 0.831459581852, 2.69002056122, 8.04192066193, 8.48250865936, 12.5582609177, 15.6304311752, 13.6422662735, 13.07670784, 16.5758590698, 6.53876686096, 12.8445053101, 8.43652915955, 8.63545894623, 8.42942905426, 6.14830350876, 11.2829732895, 4.98501586914, 9.79666423798, 7.20373153687, 6.7419219017, 4.72634506226, 3.64236235619, 3.2240383625, 1.58777189255, 0.917516112328, 0.379487395287, 0.251650005579, 0.154607489705, 0.0791344791651, 0.044501490891, 0.0215111225843, 0.0118529861793, 0.0050916983746, 0.00168558466248, 0.000641386141069, 0.000175317152753, 3.23718668369e-05, 6.77710022501e-06],
        "dmean2": [0.023050583899, 0.429497331381, 1.33020448685, 4.23403835297, 13.071849823, 14.1843690872, 17.4083271027, 24.8102111816, 21.3160095215, 17.6169757843, 22.9433174133, 8.90759944916, 17.9416561127, 11.9955072403, 13.152100563, 13.5261983871, 9.75541591644, 18.6526660919, 7.95744371414, 16.7074203491, 12.0795555115, 11.0739536285, 7.8864774704, 6.12025785446, 5.42385482788, 2.64652323723, 1.54489982128, 0.641706466675, 0.426644355059, 0.259733259678, 0.131341442466, 0.0714691281319, 0.0345758274198, 0.0189692955464, 0.00808372348547, 0.0027181415353, 0.0010039327899, 0.0002763516095, 5.08999582962e-05, 1.07037058115e-05],
        "dvar": [0.00099923403468, 0.281140416861, 1.91349172592, 13.636177063, 112.018249512, 221.432495117, 473.024261475, 480.685150146, 402.042785645, 721.491149902, 624.957458496, 76.4402313232, 541.021789551, 202.370697021, 242.674819946, 171.101745605, 117.571296692, 538.66607666, 123.963241577, 556.18572998, 265.717590332, 237.519729614, 286.561187744, 104.661804199, 73.1452255249, 16.8138122559, 6.01969671249, 1.39669418335, 0.414500415325, 0.161286339164, 0.0448038093746, 0.0130511559546, 0.00319533445872, 0.00167910137679, 0.000218632558244, 2.68527874141e-05, 3.42217231264e-06, 2.38290155608e-07, 9.27602439305e-09, 6.5652726311e-11],
        "dvar2": [0.00188794080168, 0.634505271912, 5.55649852753, 37.1457595825, 346.030792236, 638.493530273, 965.117797852, 1282.64660645, 982.164794922, 1184.76977539, 1089.8215332, 148.265213013, 1076.36401367, 411.624389648, 587.194702148, 415.680267334, 295.680877686, 1462.33081055, 290.438171387, 1601.10327148, 680.104309082, 603.612365723, 801.152648926, 295.436981201, 212.249099731, 47.615196228, 17.1084918976, 3.86977410316, 1.17886066437, 0.443735033274, 0.12183701992, 0.0322425030172, 0.00807854160666, 0.00405761832371, 0.000568713934626, 6.26353503321e-05, 7.99561257736e-06, 5.86333499086e-07, 2.31085586222e-08, 1.70352953965e-10],
        "max": [0.654852569103, 16.9455738068, 24.7753314972, 55.7190322876, 251.093948364, 566.478210449, 858.643249512, 430.933197021, 796.236328125, 1180.98962402, 868.385925293, 238.264419556, 517.696166992, 554.408447266, 457.723510742, 677.232116699, 318.48223877, 552.88458252, 298.172790527, 505.782928467, 377.657226562, 343.527923584, 738.887084961, 272.236450195, 161.491744995, 118.028923035, 60.9371566772, 57.3090133667, 14.6446685791, 10.6025400162, 6.47272586823, 3.37401366234, 1.73562943935, 1.79824578762, 0.554157912731, 0.349698871374, 0.071159131825, 0.0144936945289, 0.00333322165534, 0.000213122257264],
        "mean": [0.0744598284364, 1.17790472507, 2.46824288368, 6.9784989357, 18.6290893555, 25.0795783997, 36.5869598389, 45.8128356934, 40.7755661011, 38.4778862, 41.195186615, 20.3344841003, 30.4623012543, 20.7611732483, 19.7904548645, 17.6867771149, 14.7606506348, 20.1962432861, 10.1102027893, 16.1107368469, 13.7070684433, 12.7203416824, 9.14490032196, 7.31167793274, 6.53328466415, 3.69651579857, 2.26430273056, 1.02671432495, 0.664750337601, 0.402561664581, 0.224607646465, 0.125469014049, 0.0653966143727, 0.0368508249521, 0.0175340995193, 0.00634211674333, 0.00245271716267, 0.000704396690708, 0.00013715379464, 4.46233425464e-05],
        "median": [0.0226617753506, 0.454193949699, 1.68227648735, 4.7092924118, 13.7749328613, 14.7050209045, 19.7078475952, 31.698474884, 24.582862854, 17.6148414612, 27.0843658447, 15.1668682098, 16.4348373413, 14.0949487686, 13.5816078186, 13.0339021683, 9.31631660461, 8.82705688477, 4.74820661545, 5.4400343895, 5.72345066071, 4.21245622635, 1.64028775692, 0.939129948616, 0.554905056953, 0.388298600912, 0.478072822094, 0.170261770487, 0.0686660557985, 0.0291602313519, 0.0176555328071, 0.012900300324, 0.00620893994346, 0.00319127109833, 0.00156729889568, 0.000495844811667, 0.00012165941007, 2.92222975986e-05, 2.12104441744e-05, 3.77429605578e-05],
        "min": [1.26409595808e-21, 1.30333307656e-20, 3.78465955646e-20, 1.90960046931e-19, 8.23109526846e-20, 1.13599608654e-19, 5.51652592475e-19, 5.24699429203e-19, 7.22863831528e-19, 2.7036281999e-19, 3.77960095927e-19, 1.03299545327e-18, 1.39184708251e-18, 4.03386040804e-18, 3.95303824475e-18, 2.1424197068e-18, 3.06383376871e-18, 3.77862183592e-18, 6.10997207616e-18, 6.74020842949e-18, 5.84812391736e-18, 1.04626775231e-17, 1.96442077873e-17, 1.78599659712e-17, 1.5163401842e-17, 1.94439887201e-17, 1.95825315465e-17, 2.17885841899e-17, 2.24882300956e-17, 2.3066737055e-17, 1.44504962311e-17, 2.00420932425e-17, 1.3337740611e-17, 1.1408038257e-17, 9.21161565029e-18, 6.00926366377e-18, 3.70860223784e-18, 1.23233781248e-18, 3.70639831849e-19, 3.56612780902e-20],
        "var": [0.0119341639802, 2.99108910561, 7.46216821671, 49.2985839844, 364.015594482, 1534.26379395, 2447.38232422, 2044.5982666, 2637.52563477, 4766.5859375, 2698.25317383, 392.827056885, 1732.00817871, 619.684143066, 505.88369751, 326.144073486, 339.871185303, 987.096313477, 272.41116333, 1040.20019531, 564.547973633, 576.191345215, 553.90637207, 229.773956299, 163.649017334, 54.5761413574, 17.9836235046, 4.56575345993, 1.63458704948, 0.628231883049, 0.190829232335, 0.0562158375978, 0.0162885636091, 0.00679833022878, 0.00140039413236, 0.000203410279937, 2.86004433292e-05, 2.25655116992e-06, 8.04487569894e-08, 9.57115720013e-10]
    },
    "gfcc": {
        "mean": [-87.5758514404, 194.216690063, -111.97744751, -2.42328953743, -35.9019889832, -14.3595705032, -30.0346775055, -7.54173564911, -16.5308532715, -8.95771598816, -8.92490291595, -6.21832370758, -3.2081489563],
        "cov": [[21099.5019531, -6300.66943359, -4975.68505859, 2757.8449707, -1883.04016113, 117.842910767, -871.255249023, 208.264770508, -633.227722168, 330.837219238, -451.12020874, -4.69478273392, -296.412261963], [-6300.66943359, 3882.49755859, 1029.78442383, -1606.9654541, 1268.26550293, -209.939163208, 333.961334229, -173.689163208, 356.584136963, -278.174743652, 287.431854248, -34.3391609192, 239.246871948], [-4975.68505859, 1029.78442383, 1600.91882324, -429.85043335, 334.302307129, 108.234451294, 242.076217651, 31.6605319977, 136.514373779, 8.47022342682, 84.1661911011, 49.912071228, 46.395072937], [2757.8449707, -1606.9654541, -429.85043335, 952.79876709, -519.844238281, 126.696304321, -57.3113098145, 94.395072937, -96.8322296143, 152.068817139, -98.2063827515, -0.099705606699, -69.4856414795], [-1883.04016113, 1268.26550293, 334.302307129, -519.844238281, 562.028625488, -63.8767280579, 107.88621521, -3.6895198822, 125.988319397, -88.6193389893, 99.3838348389, 12.2070684433, 57.4748039246], [117.842910767, -209.939163208, 108.234451294, 126.696304321, -63.8767280579, 158.595748901, 35.8521270752, 32.4850349426, 12.7629947662, 54.3385238647, -5.59770345688, 11.3145999908, 11.6658411026], [-871.255249023, 333.961334229, 242.076217651, -57.3113098145, 107.88621521, 35.8521270752, 137.30581665, 14.4090166092, 56.1454849243, 16.1288261414, 26.4305534363, 6.78740882874, 40.1758041382], [208.264770508, -173.689163208, 31.6605319977, 94.395072937, -3.6895198822, 32.4850349426, 14.4090166092, 104.729103088, 22.4993438721, 30.7514572144, 9.00925922394, 19.6376914978, -19.1378078461], [-633.227722168, 356.584136963, 136.514373779, -96.8322296143, 125.988319397, 12.7629947662, 56.1454849243, 22.4993438721, 105.739761353, 10.7939519882, 38.1221199036, 9.90917110443, 28.9729576111], [330.837219238, -278.174743652, 8.47022342682, 152.068817139, -88.6193389893, 54.3385238647, 16.1288261414, 30.7514572144, 10.7939519882, 93.249458313, -0.481962740421, 11.220416069, -2.2475092411], [-451.12020874, 287.431854248, 84.1661911011, -98.2063827515, 99.3838348389, -5.59770345688, 26.4305534363, 9.00925922394, 38.1221199036, -0.481962740421, 81.1851501465, 20.0778217316, 18.964099884], [-4.69478273392, -34.3391609192, 49.912071228, -0.099705606699, 12.2070684433, 11.3145999908, 6.78740882874, 19.6376914978, 9.90917110443, 11.220416069, 20.0778217316, 60.2494010925, 20.6753253937], [-296.412261963, 239.246871948, 46.395072937, -69.4856414795, 57.4748039246, 11.6658411026, 40.1758041382, -19.1378078461, 28.9729576111, -2.2475092411, 18.964099884, 20.6753253937, 87.5967559814]],
        "icov": [[0.000514891988132, 1.1686970538e-06, 0.00141978915781, -0.000431099266279, -0.000162526950589, -0.000778652902227, 0.000574202102143, -0.000655186362565, 0.000827723066323, -0.000783017138019, 0.000718342955224, -0.0011291122064, 0.000266126968199], [1.1686970538e-06, 0.00873351097107, -0.000835049781017, 0.00530200591311, -0.00699668191373, 0.00276653212495, -0.00701557658613, 0.00706110987812, -0.00953281950206, 0.00765260448679, -0.00986744184047, 0.011012295261, -0.00733219040558], [0.00141978915781, -0.000835049781017, 0.00509210722521, -0.00106550112832, 0.000306759175146, -0.00318406615406, 0.000532517617103, -0.00249087065458, 0.00306922243908, -0.00304773054086, 0.00301368790679, -0.00507273897529, 0.00242867902853], [-0.000431099266279, 0.00530200591311, -0.00106550112832, 0.00680299894884, -0.00202325615101, 0.00151081301738, -0.00612828088924, 0.00282384292223, -0.0058841467835, 0.00334653374739, -0.00569710042328, 0.00735857430845, -0.00389640661888], [-0.000162526950589, -0.00699668191373, 0.000306759175146, -0.00202325615101, 0.0113366078585, -0.00136871612631, 0.00295099848881, -0.00704595446587, 0.00444184895605, -0.0029755581636, 0.00554738147184, -0.00837422162294, 0.00587342074141], [-0.000778652902227, 0.00276653212495, -0.00318406615406, 0.00151081301738, -0.00136871612631, 0.0114322118461, -0.00395269412547, 0.00186984660104, -0.00455060694367, 0.000670697540045, -0.00358069781214, 0.00556044839323, -0.00472393399104], [0.000574202102143, -0.00701557658613, 0.000532517617103, -0.00612828088924, 0.00295099848881, -0.00395269412547, 0.0207976661623, -0.0069462354295, 0.00641487864777, -0.00906694494188, 0.00860408227891, -0.00688293902203, 0.000902187137399], [-0.000655186362565, 0.00706110987812, -0.00249087065458, 0.00282384292223, -0.00704595446587, 0.00186984660104, -0.0069462354295, 0.0214388817549, -0.0121725890785, 0.00608032476157, -0.00936077814549, 0.00514374859631, -0.000704891164787], [0.000827723066323, -0.00953281950206, 0.00306922243908, -0.0058841467835, 0.00444184895605, -0.00455060694367, 0.00641487864777, -0.0121725890785, 0.0293547380716, -0.0140697453171, 0.00938700791448, -0.0118892267346, 0.00533785438165], [-0.000783017138019, 0.00765260448679, -0.00304773054086, 0.00334653374739, -0.0029755581636, 0.000670697540045, -0.00906694494188, 0.00608032476157, -0.0140697453171, 0.0277340896428, -0.0124743618071, 0.00977168232203, -0.00617241486907], [0.000718342955224, -0.00986744184047, 0.00301368790679, -0.00569710042328, 0.00554738147184, -0.00358069781214, 0.00860408227891, -0.00936077814549, 0.00938700791448, -0.0124743618071, 0.0306066069752, -0.0187783557922, 0.00849262066185], [-0.0011291122064, 0.011012295261, -0.00507273897529, 0.00735857430845, -0.00837422162294, 0.00556044839323, -0.00688293902203, 0.00514374859631, -0.0118892267346, 0.00977168232203, -0.0187783557922, 0.0390878245234, -0.0173166040331], [0.000266126968199, -0.00733219040558, 0.00242867902853, -0.00389640661888, 0.00587342074141, -0.00472393399104, 0.000902187137399, -0.000704891164787, 0.00533785438165, -0.00617241486907, 0.00849262066185, -0.0173166040331, 0.0244975760579]]
    },
    "melbands": {
        "dmean": [0.000228109420277, 0.000415644579334, 0.000576694728807, 0.000638691009954, 0.000389513123082, 0.000365684420103, 0.000198528839974, 0.000136511109304, 0.000123599340441, 4.42327800556e-05, 6.43944295007e-05, 3.41213781212e-05, 3.62508326361e-05, 2.25053754548e-05, 1.63850727404e-05, 1.31120232254e-05, 2.33778246184e-05, 7.91945603851e-06, 1.03125621536e-05, 9.81997163763e-06, 1.0611608559e-05, 9.45037754718e-06, 2.95600534628e-06, 7.25732752471e-06, 2.57229112322e-06, 2.98001759802e-06, 1.4691402157e-06, 1.01991804513e-06, 7.99200392976e-07, 3.51898762574e-07, 2.41778138843e-07, 1.51176266172e-07, 1.67686550867e-07, 6.78066598425e-08, 6.2192839323e-08, 3.17695025842e-08, 2.80985528178e-08, 1.8287291681e-08, 1.48658294563e-08, 1.07856328313e-08],
        "dmean2": [0.00032883338281, 0.000647057255264, 0.000908655696549, 0.00106893840712, 0.000553796009626, 0.000574993377086, 0.000305818452034, 0.000187317011296, 0.000171622232301, 6.05345121585e-05, 9.00244267541e-05, 4.82250907226e-05, 5.53891550226e-05, 3.55412521458e-05, 2.61567347479e-05, 2.13454059121e-05, 3.85060629924e-05, 1.25489877973e-05, 1.74200158654e-05, 1.66504196386e-05, 1.79131675395e-05, 1.55798443302e-05, 4.87156785312e-06, 1.20770109788e-05, 4.34162529928e-06, 5.02133434566e-06, 2.45310889113e-06, 1.70296016222e-06, 1.34386493755e-06, 5.93174775076e-07, 4.10360200931e-07, 2.5479059218e-07, 2.87233973495e-07, 1.12564976007e-07, 1.04047948923e-07, 5.07197093214e-08, 4.5014115102e-08, 2.96711721859e-08, 2.44560869334e-08, 1.73640550827e-08],
        "dvar": [1.90713294046e-07, 4.44679017164e-07, 4.5511850999e-07, 9.16739338663e-07, 4.02211156825e-07, 2.52337940765e-07, 8.10721800804e-08, 6.71800890473e-08, 3.49655131515e-08, 4.2514138876e-09, 1.33465096752e-08, 3.7536787012e-09, 4.8182022816e-09, 1.15239162657e-09, 5.96440175027e-10, 6.22380924575e-10, 2.44003617311e-09, 3.05121899968e-10, 4.66528204957e-10, 4.90214591142e-10, 6.5936650584e-10, 4.99059515935e-10, 6.33893909585e-11, 8.24103063568e-10, 6.14134854082e-11, 6.06915073753e-11, 2.0482738769e-11, 7.12872469388e-12, 5.77727362477e-12, 6.66483144715e-13, 8.59365530126e-13, 1.67024150045e-13, 1.80385220649e-13, 3.74832272425e-14, 2.77391550349e-14, 8.6719004441e-15, 6.52826334251e-15, 2.43821165548e-15, 2.27569377323e-15, 2.24448844418e-15],
        "dvar2": [3.84320316016e-07, 1.21322023006e-06, 1.25493716041e-06, 2.942061883e-06, 8.4696483782e-07, 6.68159714223e-07, 1.94204346826e-07, 1.15091168595e-07, 6.26667997494e-08, 8.2685298608e-09, 2.66155346651e-08, 7.50790185577e-09, 1.15710392379e-08, 2.68743449716e-09, 1.46437395543e-09, 1.70346081685e-09, 6.57433396611e-09, 7.09081127148e-10, 1.34503519433e-09, 1.36138600393e-09, 1.71167435781e-09, 1.27787125326e-09, 1.67415054042e-10, 2.33995711696e-09, 1.70910577357e-10, 1.77455189432e-10, 5.6313290836e-11, 2.0165816933e-11, 1.631630768e-11, 1.92472188361e-12, 2.3344360299e-12, 4.74547918322e-13, 5.20639033188e-13, 1.00546564889e-13, 7.79416339954e-14, 2.13185470389e-14, 1.56550984063e-14, 6.23676203591e-15, 6.22830229435e-15, 5.31734673518e-15],
        "max": [0.0115968501195, 0.0181462150067, 0.0104364901781, 0.0211203992367, 0.0240158326924, 0.0103054605424, 0.012223828584, 0.0108236642554, 0.00655561173335, 0.00168921845034, 0.0025563663803, 0.00248127849773, 0.00215307506733, 0.00152726098895, 0.000718534050975, 0.00077738892287, 0.00107432960067, 0.000449645973276, 0.000409665954066, 0.000504301802721, 0.000558545463718, 0.000496161461342, 0.000231119382079, 0.00125756871421, 0.000197353961994, 0.000140671196277, 0.000144420700963, 7.38275048207e-05, 5.80375526624e-05, 1.59081519087e-05, 5.05908647028e-05, 1.11968383862e-05, 9.22227445699e-06, 6.50939955449e-06, 3.46841738974e-06, 3.80652681997e-06, 2.34251751863e-06, 1.46047466387e-06, 1.63139009146e-06, 2.21149161916e-06],
        "mean": [0.00101189420093, 0.00147495942656, 0.00146096432582, 0.00168307777494, 0.00121092668269, 0.00109595083632, 0.000607403111644, 0.00038927278365, 0.000302101252601, 0.000121023083921, 0.000149571074871, 7.99757690402e-05, 7.26692087483e-05, 4.80692360725e-05, 3.76687530661e-05, 2.80450076389e-05, 3.976474909e-05, 1.47413065861e-05, 1.7631215087e-05, 1.66916488524e-05, 1.79232538358e-05, 1.63824097399e-05, 5.23624385096e-06, 1.2193800103e-05, 4.57621626992e-06, 5.42670977666e-06, 3.02896273752e-06, 2.18043260247e-06, 1.67684333974e-06, 8.06798993835e-07, 5.46250703337e-07, 3.60417345746e-07, 3.66944533425e-07, 1.60547244832e-07, 1.47810126805e-07, 8.21441474841e-08, 6.80810501308e-08, 4.62558666925e-08, 3.89248775434e-08, 2.88589454556e-08],
        "median": [0.0003062102478, 0.000924011110328, 0.00108996441122, 0.00112959602848, 0.000709514599293, 0.000794832827523, 0.000373750110157, 0.000199326546863, 0.000197494024178, 8.58233033796e-05, 7.95806845417e-05, 5.13180639246e-05, 4.4474581955e-05, 3.42039602401e-05, 2.65304624918e-05, 1.67606958712e-05, 1.52196171257e-05, 5.82532948101e-06, 7.3276250987e-06, 6.16440956946e-06, 5.52234905626e-06, 4.52580025012e-06, 1.57743647833e-06, 1.09229517875e-06, 5.90671277223e-07, 4.2544201051e-07, 2.32948195844e-07, 2.23174254188e-07, 2.90446507734e-07, 1.77503522991e-07, 5.55574359851e-08, 4.09420906067e-08, 2.28429932747e-08, 1.14434861587e-08, 9.17352416252e-09, 9.34521082741e-09, 6.46768416601e-09, 3.98053590089e-09, 2.88858448272e-09, 2.31743602086e-09],
        "min": [1.27968274516e-23, 1.99773691548e-23, 2.75211513281e-23, 5.37809984768e-24, 1.58031069416e-23, 1.2342115404e-23, 9.97346429507e-24, 2.49689188758e-24, 3.85437083304e-24, 7.37658073788e-24, 6.813819201e-24, 1.59434026982e-23, 1.19812288948e-23, 7.64644847583e-24, 5.41124265532e-24, 7.88271626125e-24, 6.68666271169e-24, 8.26776557997e-24, 1.16568224693e-23, 7.63748780481e-24, 7.44619771276e-24, 9.74916747389e-24, 1.69060244172e-23, 1.71817849462e-23, 1.42947559814e-23, 1.31046299327e-23, 9.14451900067e-24, 1.34642858189e-23, 1.18502014651e-23, 1.06341976232e-23, 1.41888103842e-23, 1.12567508724e-23, 1.62408300807e-23, 1.13207298584e-23, 7.38921513413e-24, 9.04430999988e-24, 1.45134787115e-23, 9.79898088461e-24, 8.2068734067e-24, 9.83754434996e-24],
        "var": [2.15945101445e-06, 2.96171037917e-06, 1.67098187376e-06, 3.6849658045e-06, 2.36282903643e-06, 1.0999431197e-06, 5.71959674289e-07, 4.18181997475e-07, 1.48288421542e-07, 1.85945214781e-08, 4.27220179233e-08, 1.14019975683e-08, 9.0518117446e-09, 2.77639178314e-09, 1.63948665755e-09, 1.3119206832e-09, 4.43001724193e-09, 6.65957677892e-10, 8.9125962166e-10, 9.75063918496e-10, 1.31346911125e-09, 1.14185394473e-09, 1.15645118481e-10, 1.4861696318e-09, 1.240492431e-10, 1.22940532754e-10, 4.69218830457e-11, 2.15764264094e-11, 1.40132584356e-11, 2.00575146769e-12, 2.13875163239e-12, 5.70483168084e-13, 5.48893829694e-13, 1.31583762983e-13, 9.15525522147e-14, 3.21050288134e-14, 2.06317286796e-14, 9.09012465587e-15, 7.75895986322e-15, 6.30732665668e-15]
    },
    "mfcc": {
        "mean": [-716.420410156, 210.547988892, -4.57130479813, 17.8020458221, 4.87606716156, -0.737339437008, -6.79627466202, -2.99904084206, -2.5398619175, -6.72933912277, -6.11565494537, 1.63713955879, -2.17299342155],
        "cov": [[11900.0039062, -1653.13745117, -2679.35742188, 599.698181152, -907.471801758, -313.91293335, -208.401748657, -267.927062988, -272.858520508, 123.376960754, -159.18963623, -252.420623779, -51.1116447449], [-1653.13745117, 2886.19702148, -109.201255798, -861.385437012, 378.337646484, 39.7098922729, -42.8127365112, 87.4763412476, 121.279083252, -239.217041016, -27.8544788361, 185.819122314, -31.8500804901], [-2679.35742188, -109.201255798, 915.031188965, -47.7732620239, 173.223587036, 98.4332504272, 68.7662277222, 94.5822219849, 64.9254302979, 19.0689754486, 69.1729812622, 29.4941596985, 45.2221221924], [599.698181152, -861.385437012, -47.7732620239, 493.272399902, -102.051147461, 12.1838550568, 70.151260376, -33.4499855042, 7.30849027634, 109.248374939, 20.4341945648, -36.7590942383, 26.8366794586], [-907.471801758, 378.337646484, 173.223587036, -102.051147461, 252.485671997, 42.2999382019, 5.09439468384, 75.6519470215, 35.2474861145, -14.7796792984, 49.495223999, 41.1439170837, 22.6763839722], [-313.91293335, 39.7098922729, 98.4332504272, 12.1838550568, 42.2999382019, 103.723937988, 37.5667572021, 8.26390457153, 39.8505592346, 17.3336429596, 16.2055835724, 16.8992652893, 0.876380860806], [-208.401748657, -42.8127365112, 68.7662277222, 70.151260376, 5.09439468384, 37.5667572021, 95.7545700073, 17.7582702637, 28.7971725464, 28.9446849823, 12.3089084625, 8.10284805298, 13.9094247818], [-267.927062988, 87.4763412476, 94.5822219849, -33.4499855042, 75.6519470215, 8.26390457153, 17.7582702637, 91.3682556152, 23.0386447906, -1.84576654434, 29.9863700867, 12.0895853043, 14.6841020584], [-272.858520508, 121.279083252, 64.9254302979, 7.30849027634, 35.2474861145, 39.8505592346, 28.7971725464, 23.0386447906, 94.0551605225, 22.5634155273, 11.2672662735, 23.3193664551, 9.6868724823], [123.376960754, -239.217041016, 19.0689754486, 109.248374939, -14.7796792984, 17.3336429596, 28.9446849823, -1.84576654434, 22.5634155273, 88.2542877197, 27.909658432, -5.76223230362, 13.488445282], [-159.18963623, -27.8544788361, 69.1729812622, 20.4341945648, 49.495223999, 16.2055835724, 12.3089084625, 29.9863700867, 11.2672662735, 27.909658432, 82.6448440552, 17.7357807159, 11.9550476074], [-252.420623779, 185.819122314, 29.4941596985, -36.7590942383, 41.1439170837, 16.8992652893, 8.10284805298, 12.0895853043, 23.3193664551, -5.76223230362, 17.7357807159, 63.4740715027, 11.1475782394], [-51.1116447449, -31.8500804901, 45.2221221924, 26.8366794586, 22.6763839722, 0.876380860806, 13.9094247818, 14.6841020584, 9.6868724823, 13.488445282, 11.9550476074, 11.1475782394, 67.4192428589]],
