{
"lowlevel": {
    "average_loudness": 0.94513386488,
    "barkbands_crest": {
        "dmean": 3.08225917816,
        "dmean2": 4.9094080925,
        "dvar": 8.46245479584,
        "dvar2": 20.527671814,
        "max": 26.9200649261,
        "mean": 14.0520429611,
        "median": 13.4242162704,
        "min": 3.07919573784,
        "var": 24.2465209961
    },
    "barkbands_flatness_db": {
        "dmean": 0.036443900317,
        "dmean2": 0.0510887093842,
        "dvar": 0.00121942884289,
        "dvar2": 0.00242429389618,
        "max": 0.875736832619,
        "mean": 0.227509230375,
        "median": 0.217840641737,
        "min": 0.0527961179614,
        "var": 0.00573337310925
    },
    "barkbands_kurtosis": {
        "dmean": 17.7986984253,
        "dmean2": 23.4269237518,
        "dvar": 145431.75,
        "dvar2": 239875.921875,
        "max": 46817.9453125,
        "mean": 65.943649292,
        "median": 7.30575180054,
        "min": -1.80987346172,
        "var": 1690172
    },
    "barkbands_skewness": {
        "dmean": 0.921794712543,
        "dmean2": 1.32701349258,
        "dvar": 2.60985159874,
        "dvar2": 4.63416576385,
        "max": 166.935119629,
        "mean": 3.15684533119,
        "median": 2.49325323105,
        "min": -2.13478136063,
        "var": 36.4768562317
    },
    "barkbands_spread": {
        "dmean": 3.20067548752,
        "dmean2": 4.75098276138,
        "dvar": 12.4893989563,
        "dvar2": 26.5311527252,
        "max": 79.0573577881,
        "mean": 9.91853141785,
        "median": 8.42950439453,
        "min": 0.00515617663041,
        "var": 50.5023040771
    },
    "dissonance": {
        "dmean": 0.0244777370244,
        "dmean2": 0.0406053103507,
        "dvar": 0.000555995618924,
        "dvar2": 0.00142439117189,
        "max": 0.5,
        "mean": 0.456917703152,
        "median": 0.465290755033,
        "min": 0.236412599683,
        "var": 0.00113416556269
    },
    "dynamic_complexity": 3.11456036568,
    "erbbands_crest": {
        "dmean": 3.03966116905,
        "dmean2": 4.67670488358,
        "dvar": 7.83397626877,
        "dvar2": 17.2426681519,
        "max": 34.2782669067,
        "mean": 10.6366786957,
        "median": 9.67182922363,
        "min": 2.18087124825,
        "var": 21.5460777283
    },
    "erbbands_flatness_db": {
        "dmean": 0.0246521923691,
        "dmean2": 0.0329827256501,
        "dvar": 0.000603559077717,
        "dvar2": 0.00105757301208,
        "max": 0.411677420139,
        "mean": 0.190999537706,
        "median": 0.186976805329,
        "min": 0.0595060586929,
        "var": 0.0021688984707
    },
    "erbbands_kurtosis": {
        "dmean": 1.27554798126,
        "dmean2": 1.88608193398,
        "dvar": 8.93120861053,
        "dvar2": 19.5732631683,
        "max": 199.672042847,
        "mean": 0.977330863476,
        "median": 0.245835065842,
        "min": -1.81781160831,
        "var": 12.5379295349
    },
    "erbbands_skewness": {
        "dmean": 0.40368783474,
        "dmean2": 0.574928224087,
        "dvar": 0.148209542036,
        "dvar2": 0.305756449699,
        "max": 11.0299396515,
        "mean": 0.444375306368,
        "median": 0.398861795664,
        "min": -3.95552659035,
        "var": 0.607034146786
    },
    "erbbands_spread": {
        "dmean": 8.21480846405,
        "dmean2": 11.3773336411,
        "dvar": 66.4074401855,
        "dvar2": 121.704116821,
        "max": 186.991958618,
        "mean": 32.7749252319,
        "median": 29.943561554,
        "min": 1.33595943451,
        "var": 280.94052124
    },
    "hfc": {
        "dmean": 5.17311525345,
        "dmean2": 7.40539121628,
        "dvar": 43.9205474854,
        "dvar2": 91.4780349731,
        "max": 70.0133056641,
        "mean": 15.4882555008,
        "median": 14.0806274414,
        "min": 1.21788514739e-16,
        "var": 100.873916626
    },
    "melbands_crest": {
        "dmean": 3.19493627548,
        "dmean2": 5.16863679886,
        "dvar": 9.73951816559,
        "dvar2": 23.978761673,
        "max": 39.9998092651,
        "mean": 17.670873642,
        "median": 17.1242408752,
        "min": 1.57019841671,
        "var": 30.7217521667
    },
    "melbands_flatness_db": {
        "dmean": 0.0409447997808,
        "dmean2": 0.0574416778982,
        "dvar": 0.00153282075189,
        "dvar2": 0.00305675622076,
        "max": 0.872454881668,
        "mean": 0.326104938984,
        "median": 0.319686055183,
        "min": 0.00304846419021,
        "var": 0.00786418933421
    },
    "melbands_kurtosis": {
        "dmean": 96.977180481,
        "dmean2": 125.021377563,
        "dvar": 14634646,
        "dvar2": 27961066,
        "max": 485184.34375,
        "mean": 246.654693604,
        "median": 16.2093544006,
        "min": -1.81338822842,
        "var": 52772156
    },
    "melbands_skewness": {
        "dmean": 1.15153050423,
        "dmean2": 1.61524403095,
        "dvar": 22.1571140289,
        "dvar2": 29.8102283478,
        "max": 673.180419922,
        "mean": 4.40534210205,
        "median": 3.45349693298,
        "min": -1.30159926414,
        "var": 199.681716919
    },
    "melbands_spread": {
        "dmean": 3.31818151474,
        "dmean2": 4.97835874557,
        "dvar": 20.1499500275,
        "dvar2": 41.1634750366,
        "max": 166.229125977,
        "mean": 9.90049362183,
        "median": 7.45659446716,
        "min": 0.00188031967264,
        "var": 108.645515442
    },
    "pitch_salience": {
        "dmean": 0.0760012045503,
        "dmean2": 0.122904896736,
        "dvar": 0.00582577008754,
        "dvar2": 0.0139048844576,
        "max": 0.875268220901,
        "mean": 0.427013576031,
        "median": 0.440303444862,
        "min": 0.00018939092115,
        "var": 0.0136562148109
    },
    "silence_rate_20dB": {
        "dmean": 0,
        "dmean2": 0,
        "dvar": 0,
        "dvar2": 0,
        "max": 1,
        "mean": 1,
        "median": 1,
        "min": 1,
        "var": 0
    },
    "silence_rate_30dB": {
        "dmean": 0.119986794889,
        "dmean2": 0.239993393421,
        "dvar": 0.105595044792,
        "dvar2": 0.204035878181,
        "max": 1,
        "mean": 0.751052081585,
        "median": 1,
        "min": 0,
        "var": 0.186986491084
    },
    "silence_rate_60dB": {
        "dmean": 0.00313583109528,
        "dmean2": 0.00627217954025,
        "dvar": 0.00312575837597,
        "dvar2": 0.00705696409568,
        "max": 1,
        "mean": 0.0427427999675,
        "median": 0,
        "min": 0,
        "var": 0.0409199073911
    },
    "spectral_centroid": {
        "dmean": 170.108963013,
        "dmean2": 239.798339844,
        "dvar": 43721.3085938,
        "dvar2": 77668,
        "max": 10799.7734375,
        "mean": 722.898498535,
        "median": 628.001525879,
        "min": 93.089050293,
        "var": 203736.015625
    },
    "spectral_complexity": {
        "dmean": 3.67337846756,
        "dmean2": 5.46901035309,
        "dvar": 16.8659915924,
        "dvar2": 35.1052742004,
        "max": 45,
        "mean": 14.7112798691,
        "median": 14,
        "min": 0,
        "var": 45.4993400574
    },
    "spectral_decrease": {
        "dmean": 6.24347906708e-09,
        "dmean2": 9.13767816968e-09,
        "dvar": 7.46401793526e-17,
        "dvar2": 1.53145158285e-16,
        "max": -1.55926562378e-28,
        "mean": -1.85001258757e-08,
        "median": -1.52732084757e-08,
        "min": -1.01622951831e-07,
        "var": 2.10086101131e-16
    },
    "spectral_energy": {
        "dmean": 0.0238751620054,
        "dmean2": 0.0349128395319,
        "dvar": 0.00108360231388,
        "dvar2": 0.00222052191384,
        "max": 0.386781036854,
        "mean": 0.071228377521,
        "median": 0.0590503551066,
        "min": 1.16350942234e-20,
        "var": 0.00305613526143
    },
    "spectral_energyband_high": {
        "dmean": 0.000140085874591,
        "dmean2": 0.000209425284993,
        "dvar": 8.26221011607e-08,
        "dvar2": 1.73314177232e-07,
        "max": 0.00413102377206,
        "mean": 0.000193181200302,
        "median": 7.46341102058e-05,
        "min": 8.07204766215e-21,
        "var": 1.20158048844e-07
    },
    "spectral_energyband_low": {
        "dmean": 0.0232430920005,
        "dmean2": 0.0346372313797,
        "dvar": 0.00113299302757,
        "dvar2": 0.00236986670643,
        "max": 0.376295357943,
        "mean": 0.0577592514455,
        "median": 0.0433882437646,
        "min": 9.8565279721e-23,
        "var": 0.00293863611296
    },
    "spectral_energyband_middle_high": {
        "dmean": 0.00168647058308,
        "dmean2": 0.00246058334596,
        "dvar": 5.60087028134e-06,
        "dvar2": 1.17644503916e-05,
        "max": 0.041403464973,
        "mean": 0.00332992011681,
        "median": 0.00225745281205,
        "min": 1.74271788741e-21,
        "var": 1.19677697512e-05
    },
    "spectral_energyband_middle_low": {
        "dmean": 0.0058376993984,
        "dmean2": 0.00945242028683,
        "dvar": 0.000105738086859,
        "dvar2": 0.000287666189251,
        "max": 0.138804480433,
        "mean": 0.0149650806561,
        "median": 0.0119527187198,
        "min": 6.48735832927e-22,
        "var": 0.000156207577675
    },
    "spectral_entropy": {
        "dmean": 0.242425054312,
        "dmean2": 0.315696239471,
        "dvar": 0.0592722296715,
        "dvar2": 0.114251054823,
        "max": 9.8105173111,
        "mean": 7.00393152237,
        "median": 7.02164936066,
        "min": 3.94218492508,
        "var": 0.229137554765
    },
    "spectral_flux": {
        "dmean": 0.0438663810492,
        "dmean2": 0.0664378628135,
        "dvar": 0.0024582168553,
        "dvar2": 0.00518817594275,
        "max": 0.4989374578,
        "mean": 0.105683431029,
        "median": 0.0840747654438,
        "min": 1.07866091059e-10,
        "var": 0.00583443138748
    },
    "spectral_kurtosis": {
        "dmean": 3.98177433014,
        "dmean2": 6.35298728943,
        "dvar": 30.3956222534,
        "dvar2": 74.2756958008,
        "max": 165.939605713,
        "mean": 8.08099842072,
        "median": 6.03092861176,
        "min": -1.18781411648,
        "var": 49.3150672913
    },
    "spectral_rms": {
        "dmean": 0.00128444307484,
        "dmean2": 0.00184326991439,
        "dvar": 2.20160472963e-06,
        "dvar2": 4.321245342e-06,
        "max": 0.0194254294038,
        "mean": 0.0076277279295,
        "median": 0.00759013183415,
        "min": 3.36917082774e-12,
        "var": 1.13091155072e-05
    },
    "spectral_rolloff": {
        "dmean": 173.81111145,
        "dmean2": 296.960662842,
        "dvar": 126581.195312,
        "dvar2": 242006.6875,
        "max": 18927.6855469,
        "mean": 521.543945312,
        "median": 387.59765625,
        "min": 21.533203125,
        "var": 956757.375
    },
    "spectral_skewness": {
        "dmean": 0.420032888651,
        "dmean2": 0.616874992847,
        "dvar": 0.196427389979,
        "dvar2": 0.429339140654,
        "max": 9.9494638443,
        "mean": 1.98951399326,
        "median": 1.88528037071,
        "min": -0.122061274946,
        "var": 0.515201568604
    },
    "spectral_spread": {
        "dmean": 482952.6875,
        "dmean2": 671016.4375,
        "dvar": 354168537088,
        "dvar2": 620781371392,
        "max": 39521324,
        "mean": 3173837,
        "median": 3150026.5,
        "min": 644691,
        "var": 1.14683464909e+12
    },
    "spectral_strongpeak": {
        "dmean": 0.359467595816,
        "dmean2": 0.612092673779,
        "dvar": 0.335570007563,
        "dvar2": 0.824643015862,
        "max": 10.4628267288,
        "mean": 0.75477284193,
        "median": 0.550510883331,
        "min": 0,
        "var": 0.491837650537
    },
    "zerocrossingrate": {
        "dmean": 0.00503508327529,
        "dmean2": 0.00627222005278,
        "dvar": 3.78412005375e-05,
        "dvar2": 4.09511812904e-05,
        "max": 0.509765625,
        "mean": 0.0240765493363,
        "median": 0.0205078125,
        "min": 0,
        "var": 0.000696768925991
    },
    "barkbands": {
        "dmean": [0.000581946398597, 0.0202998835593, 0.00825796276331, 0.00343073834665, 0.00124190514907, 0.000835476210341, 0.000450927473139, 0.00130815734155, 0.000484900345327, 0.000568185525481, 0.000389601103961, 0.00033516480471, 0.000233754981309, 0.000414077949245, 0.000258683459833, 0.000193957079318, 0.000184354619705, 9.97598763206e-05, 6.61841913825e-05, 6.24089079793e-05, 5.94481280132e-05, 3.09350252792e-05, 1.4641589587e-05, 1.51058511619e-05, 2.7149988e-06, 1.69024053776e-06, 5.04567935877e-07],
        "dmean2": [0.000930840964429, 0.0316097773612, 0.0131724858657, 0.00595611520112, 0.00208610249683, 0.00110242562369, 0.000657396332826, 0.0018191220006, 0.000736444198992, 0.000793988234363, 0.000576806894969, 0.000516556727234, 0.000360418460332, 0.000627416244242, 0.000405970873544, 0.000312546791974, 0.00029702152824, 0.000157320522703, 0.00010236203525, 9.84998696367e-05, 9.11553142942e-05, 4.78545080114e-05, 2.30948735407e-05, 2.21673799388e-05, 4.65549737783e-06, 2.78649622487e-06, 8.57149814237e-07],
        "dvar": [9.31195586418e-07, 0.000988640706055, 0.000232684702496, 5.80651503697e-05, 7.22423010302e-06, 2.13816178984e-06, 6.29775627203e-07, 5.78914477956e-06, 8.91683328064e-07, 1.17738932204e-06, 7.49286130031e-07, 5.03120531903e-07, 4.55389454146e-07, 9.68643689703e-07, 6.44198905775e-07, 2.18424929699e-07, 1.74308596002e-07, 3.20669322207e-08, 1.67786335936e-08, 1.73490644073e-08, 1.70696203838e-08, 5.19187359771e-09, 1.26254273702e-09, 1.11357623123e-09, 3.32198331343e-11, 8.66089752e-12, 1.34734671337e-12],
        "dvar2": [2.5598776574e-06, 0.00226580933668, 0.000602291838732, 0.000162649273989, 1.95062239072e-05, 3.83398310078e-06, 1.43173338074e-06, 1.18543084682e-05, 1.90881496565e-06, 2.01646503228e-06, 1.69386862581e-06, 1.09480902211e-06, 9.85570522971e-07, 1.9253670871e-06, 1.38697362217e-06, 5.10136771936e-07, 4.35739110571e-07, 7.37101260029e-08, 3.89762746522e-08, 4.10185414523e-08, 3.77098565707e-08, 1.18573550978e-08, 2.66039745789e-09, 2.17778151068e-09, 8.98708468755e-11, 2.19272794366e-11, 3.40481050472e-12],
        "max": [0.0142934294418, 0.341798901558, 0.245225787163, 0.126182898879, 0.027793796733, 0.0365516990423, 0.018363179639, 0.102748580277, 0.0350707545877, 0.0328441783786, 0.0167192108929, 0.0205892119557, 0.0161626506597, 0.0354279838502, 0.0206174906343, 0.0129489395767, 0.00886986032128, 0.00325775681995, 0.00246750516817, 0.00179775047582, 0.00221730512567, 0.0010725967586, 0.000587473390624, 0.000615341064986, 5.67539027543e-05, 2.95371446555e-05, 1.98518573598e-05],
        "mean": [0.000925042433664, 0.0336015298963, 0.0184978470206, 0.00572700845078, 0.00206590071321, 0.00185065402184, 0.000988652464002, 0.00279072346166, 0.000828691700008, 0.000959870638326, 0.000570271455217, 0.000461112358607, 0.00031216305797, 0.00049529602984, 0.000304103916278, 0.000225398645853, 0.000196904613404, 0.000123370642541, 7.85254887887e-05, 7.0091773523e-05, 6.78939759382e-05, 3.71503374481e-05, 1.81501109182e-05, 2.73669793387e-05, 2.53535858974e-06, 1.76949731667e-06, 5.05547802732e-07],
        "median": [0.000401513301767, 0.0188440419734, 0.00811730977148, 0.00244795577601, 0.000851810793392, 0.00069914892083, 0.000532931997441, 0.00128872599453, 0.000393909751438, 0.000385774677852, 0.000197034096345, 0.000154134686454, 0.000108934676973, 0.000164377532201, 8.96866040421e-05, 8.41800356284e-05, 7.31853506295e-05, 4.28131352237e-05, 3.21853221976e-05, 2.19645226025e-05, 1.95027059817e-05, 1.04661357909e-05, 4.35838637713e-06, 5.35261233381e-06, 6.52378275845e-07, 4.57743425386e-07, 8.51507238053e-08],
        "min": [1.34370212083e-23, 2.57488743303e-23, 6.42835115491e-23, 8.15567317851e-24, 1.12984937627e-22, 2.09375649688e-22, 2.41237047452e-22, 7.57141675969e-24, 5.87669756845e-23, 4.70405961937e-23, 1.05511553401e-22, 1.35205028869e-22, 6.99797814824e-23, 7.89784188024e-23, 2.04991476321e-22, 1.44447550427e-22, 2.25372057528e-22, 3.17921092711e-22, 2.74411059276e-22, 3.58453018456e-22, 5.21167608709e-22, 5.21594022739e-22, 6.7553544474e-22, 9.54674671224e-22, 1.31114781289e-21, 1.72289402743e-21, 2.43665678811e-21],
        "var": [1.83895122063e-06, 0.00179981137626, 0.000581646047067, 6.70565714245e-05, 9.41533198784e-06, 8.93313517736e-06, 1.9004241949e-06, 1.75889017555e-05, 1.9196422727e-06, 3.32363265443e-06, 1.22645360534e-06, 8.53151959745e-07, 6.41983319838e-07, 1.43586873946e-06, 8.33616411455e-07, 2.41655101263e-07, 1.61246873631e-07, 4.04348732275e-08, 1.99480698626e-08, 1.82229538126e-08, 2.05997849889e-08, 7.13262693353e-09, 1.97116611922e-09, 3.03454106287e-09, 2.56675809079e-11, 9.48896690389e-12, 1.33856369999e-12]
    },
    "erbbands": {
        "dmean": [0.581212580204, 4.76623344421, 8.48276233673, 11.9900255203, 7.58548355103, 2.45075178146, 1.37234306335, 7.92159175873, 10.2094039917, 17.1713733673, 23.3047065735, 11.9885873795, 21.8363895416, 8.13891124725, 17.3250617981, 15.1943082809, 10.9225978851, 22.5776462555, 14.8947134018, 10.8052873611, 8.75209999084, 8.01577949524, 5.69732475281, 5.06916856766, 3.23971271515, 2.64216756821, 2.93882250786, 1.91476845741, 1.20761156082, 0.69119310379, 0.366960555315, 0.252388268709, 0.319159418344, 0.0493353046477, 0.00936029851437, 0.0087576340884, 0.002575393999, 0.000614324526396, 0.00010593568004, 2.78994812106e-05],
        "dmean2": [0.897292792797, 7.61203384399, 13.392583847, 18.859205246, 13.3702030182, 4.00341176987, 2.06035256386, 10.7013101578, 13.4487810135, 24.1226444244, 32.8310813904, 17.3835659027, 30.5748176575, 12.2395114899, 25.2374839783, 22.7511253357, 16.5070762634, 33.9228363037, 23.100692749, 16.9492340088, 14.0192489624, 12.7071828842, 8.89616966248, 7.90843200684, 5.08650875092, 4.14458274841, 4.64292907715, 2.89449357986, 1.85604131222, 1.05804026127, 0.571268677711, 0.383497923613, 0.473733305931, 0.0814260393381, 0.0162041448057, 0.0143960872665, 0.00428956001997, 0.00103732594289, 0.000175324254087, 4.09654421674e-05],
        "dvar": [0.540956497192, 73.760017395, 247.295028687, 536.187133789, 329.313262939, 19.5224132538, 4.14188909531, 196.287506104, 335.97869873, 823.696899414, 3082.13989258, 404.884796143, 1876.37609863, 343.838470459, 1279.83349609, 991.523254395, 761.850219727, 2821.29516602, 2115.50195312, 664.502319336, 381.625061035, 251.240432739, 99.7480010986, 107.218200684, 50.0169181824, 30.9821910858, 43.1757736206, 15.2120904922, 8.39558601379, 3.29019403458, 0.668709218502, 0.214659541845, 0.720714330673, 0.00879434123635, 0.000487457145937, 0.000234908802668, 2.12860140891e-05, 1.69802774508e-06, 5.62815642979e-08, 1.41736244963e-09],
        "dvar2": [1.26313257217, 176.473815918, 616.430908203, 1364.73547363, 922.560302734, 51.016204834, 9.06581306458, 373.459655762, 615.61138916, 1660.20251465, 6085.43017578, 835.152282715, 2975.96533203, 780.319213867, 2717.05664062, 1955.99108887, 1554.13024902, 5486.27294922, 4460.14013672, 1503.87487793, 949.516235352, 603.29864502, 237.840713501, 232.564025879, 121.030502319, 70.7995300293, 101.153190613, 32.7127838135, 19.2823257446, 7.14697694778, 1.39964139462, 0.49848857522, 1.43541312218, 0.0228663850576, 0.00134429847822, 0.000600628263783, 5.40801120223e-05, 4.42148621005e-06, 1.36129457928e-07, 2.84387358107e-09],
        "max": [6.96036815643, 89.1899337769, 189.124435425, 498.843383789, 185.004348755, 73.9172439575, 65.9449157715, 330.597808838, 524.62701416, 636.850646973, 2698.04077148, 422.879638672, 1476.9465332, 505.170410156, 774.304199219, 753.958251953, 658.076538086, 1976.99987793, 1269.34204102, 669.970153809, 430.987182617, 240.716995239, 179.286422729, 146.814971924, 163.073257446, 74.7238998413, 103.852806091, 65.5562896729, 46.9266929626, 31.8377170563, 13.1928329468, 7.74794197083, 15.8586339951, 1.10829615593, 0.220496401191, 0.136418998241, 0.0537863560021, 0.0187455378473, 0.00365922111087, 0.000419193384005],
        "mean": [1.0391844511, 7.32543897629, 16.0281925201, 29.097492218, 10.6016798019, 4.67972421646, 3.25040578842, 17.2471733093, 23.5667495728, 36.3623733521, 45.7558364868, 23.45662117, 35.8606338501, 14.4755573273, 26.8175983429, 22.6590576172, 16.0463542938, 27.434841156, 18.7762584686, 13.5618476868, 10.5017023087, 8.97752189636, 6.99197292328, 6.14068698883, 3.63069248199, 3.03216385841, 3.18713212013, 2.31555747986, 1.43480920792, 0.839787483215, 0.448263823986, 0.387121260166, 0.566815376282, 0.0607104487717, 0.00879955571145, 0.00936539191753, 0.00257208687253, 0.000596639350988, 0.00013724467135, 8.23725349619e-05],
        "median": [0.670377075672, 3.58494400978, 8.11280727386, 12.0668497086, 4.17817926407, 2.60817241669, 2.06513404846, 6.54748487473, 9.67229747772, 17.1414909363, 19.6029548645, 12.0022039413, 15.2873067856, 7.18186855316, 9.48870563507, 8.26664924622, 6.76738262177, 9.69186019897, 6.66336584091, 5.88083457947, 4.53312778473, 3.5672917366, 2.73178553581, 2.32914733887, 1.36650168896, 1.06368196011, 0.85017490387, 0.656611561775, 0.388901293278, 0.226972326636, 0.123770192266, 0.12368093431, 0.0706292539835, 0.0197862125933, 0.00252597383223, 0.00245238025673, 0.000700225878973, 0.000134091940708, 5.13002414664e-05, 6.96657443768e-05],
        "min": [7.66535258079e-22, 7.02324565333e-21, 7.37907338814e-20, 3.42305367427e-20, 1.96463473417e-19, 3.76781622048e-19, 7.21256826393e-19, 1.85022870197e-18, 3.77760853967e-18, 1.85815743493e-18, 3.45813685974e-19, 1.28095411222e-18, 1.4469760854e-18, 1.79595097133e-18, 5.74785266991e-18, 5.43962242621e-18, 3.35240482439e-18, 4.23115787338e-18, 8.61106184606e-18, 8.68820305563e-18, 8.1978503885e-18, 1.54415330512e-17, 1.76496519917e-17, 1.14933859254e-17, 1.66856606689e-17, 1.64918969192e-17, 1.78713215066e-17, 2.36966946484e-17, 1.67309157202e-17, 2.05398756459e-17, 1.83968822893e-17, 1.48900385019e-17, 1.92228188223e-17, 1.51492984126e-17, 9.39224046321e-18, 7.1539468011e-18, 3.09968481043e-18, 1.40152726702e-18, 3.39458715822e-19, 3.07960796082e-20],
        "var": [1.26836645603, 105.485618591, 395.450561523, 1490.30725098, 289.710968018, 33.1865348816, 15.1935691833, 769.276123047, 1389.88171387, 2465.74804688, 8480.14746094, 1166.12719727, 5250.93115234, 730.876464844, 2405.16455078, 1909.68847656, 1263.59838867, 4236.16943359, 2888.47290039, 761.267211914, 380.030029297, 252.788284302, 118.428833008, 131.300109863, 52.7752151489, 34.1162986755, 46.8217010498, 21.5767269135, 10.9090604782, 4.5824637413, 1.01473045349, 0.470375806093, 1.81670033932, 0.00952433887869, 0.000342626153724, 0.000266149203526, 2.06798886211e-05, 1.48363085373e-06, 6.96050292959e-08, 3.93384080866e-09]
    },
    "gfcc": {
        "mean": [-39.9427032471, 147.966537476, -108.244667053, 33.945110321, -38.1392250061, 14.8804111481, -13.936006546, 8.06882381439, -1.67721426487, -2.14400482178, -7.04634380341, -12.638833046, -10.5988893509],
        "cov": [[10639.3710938, 709.323181152, 54.5639190674, 764.54876709, 229.040893555, 649.941162109, 342.253631592, 228.815734863, 92.114074707, 176.220596313, -28.608373642, -49.5031089783, -148.416641235], [709.323181152, 1437.89208984, 25.6948490143, -156.168319702, 265.779968262, -157.853668213, 210.334106445, -108.85168457, 195.726638794, -90.8218841553, 138.091323853, -157.956832886, 111.513000488], [54.5639190674, 25.6948490143, 667.202819824, 165.403366089, 56.1678237915, 116.99105835, 69.3297958374, 45.0424690247, 48.3573722839, 22.5685596466, 63.1857833862, -18.9849796295, 57.1227912903], [764.54876709, -156.168319702, 165.403366089, 403.722076416, 54.7416763306, 24.6017417908, 88.285446167, 3.74272561073, 10.5346984863, 15.7629156113, -41.9309310913, 28.0728359222, -14.4148893356], [229.040893555, 265.779968262, 56.1678237915, 54.7416763306, 294.600921631, 77.9906387329, 116.325393677, 5.46761608124, 71.2140808105, -29.734249115, 23.1050357819, -51.1894760132, 30.268819809], [649.941162109, -157.853668213, 116.99105835, 24.6017417908, 77.9906387329, 294.958587646, 49.395614624, 83.1572875977, 8.52710437775, 15.2450523376, 20.2561149597, -17.8771076202, -1.35460352898], [342.253631592, 210.334106445, 69.3297958374, 88.285446167, 116.325393677, 49.395614624, 238.045715332, 19.6545810699, 74.4771347046, -2.05109453201, 3.30873179436, -4.70357704163, 0.35711979866], [228.815734863, -108.85168457, 45.0424690247, 3.74272561073, 5.46761608124, 83.1572875977, 19.6545810699, 137.523880005, 31.5715103149, 6.99995279312, 22.312374115, -7.56435155869, 11.5233535767], [92.114074707, 195.726638794, 48.3573722839, 10.5346984863, 71.2140808105, 8.52710437775, 74.4771347046, 31.5715103149, 146.743515015, 31.2769927979, 35.9314308167, -30.1889705658, 16.999671936], [176.220596313, -90.8218841553, 22.5685596466, 15.7629156113, -29.734249115, 15.2450523376, -2.05109453201, 6.99995279312, 31.2769927979, 104.35559845, 27.4203929901, 26.6126365662, -18.8373756409], [-28.608373642, 138.091323853, 63.1857833862, -41.9309310913, 23.1050357819, 20.2561149597, 3.30873179436, 22.312374115, 35.9314308167, 27.4203929901, 169.105010986, 5.13424062729, 62.0725250244], [-49.5031089783, -157.956832886, -18.9849796295, 28.0728359222, -51.1894760132, -17.8771076202, -4.70357704163, -7.56435155869, -30.1889705658, 26.6126365662, 5.13424062729, 123.959037781, -0.158001944423], [-148.416641235, 111.513000488, 57.1227912903, -14.4148893356, 30.268819809, -1.35460352898, 0.35711979866, 11.5233535767, 16.999671936, -18.8373756409, 62.0725250244, -0.158001944423, 114.387634277]],
        "icov": [[0.000320319464663, -0.000956282427069, 0.000351205468178, -0.00109160621651, 0.000403803802328, -0.00119933125097, 0.000535296450835, -0.00101861229632, 0.000837122090161, -0.00111357262358, 0.000501479953527, -0.000414967478719, 0.000434308691183], [-0.000956282427069, 0.00507314736024, -0.00116585940123, 0.00422690343112, -0.00197291187942, 0.00483433715999, -0.00330279092304, 0.00504917139187, -0.00428856117651, 0.00493326038122, -0.00301499781199, 0.00303100026213, -0.00190054590348], [0.000351205468178, -0.00116585940123, 0.00239033997059, -0.00213940930553, 0.000784526811913, -0.00208871182986, 0.000512617407367, -0.00115688156802, 0.000770945800468, -0.00151423923671, 0.000106120125565, -1.5231245925e-05, -0.000409980333643], [-0.00109160621651, 0.00422690343112, -0.00213940930553, 0.00746614672244, -0.00235818955116, 0.00497321598232, -0.00347795709968, 0.00415812572464, -0.00313349463977, 0.00375083787367, -0.00115528225433, 0.0012744218111, -0.001540854224], [0.000403803802328, -0.00197291187942, 0.000784526811913, -0.00235818955116, 0.00637199683115, -0.00356088322587, -0.000422534852987, -0.000447062164312, -0.00034765645978, 5.35154958925e-06, 0.000552119803615, 0.000267041439656, -0.000170325642102], [-0.00119933125097, 0.00483433715999, -0.00208871182986, 0.00497321598232, -0.00356088322587, 0.0102995010093, -0.00352962431498, 0.00182719295844, -0.00213969917968, 0.00359560200013, -0.00281183375046, 0.00304937222973, -0.00126783666201], [0.000535296450835, -0.00330279092304, 0.000512617407367, -0.00347795709968, -0.000422534852987, -0.00352962431498, 0.00865119230002, -0.0032341235783, -0.000227734417422, -0.00180264818482, 0.00211983197369, -0.00343480659649, 0.00217077299021], [-0.00101861229632, 0.00504917139187, -0.00115688156802, 0.00415812572464, -0.000447062164312, 0.00182719295844, -0.0032341235783, 0.0148459589109, -0.00700354017317, 0.00612805830315, -0.00356069440022, 0.00289348629303, -0.00250153127126], [0.000837122090161, -0.00428856117651, 0.000770945800468, -0.00313349463977, -0.00034765645978, -0.00213969917968, -0.000227734417422, -0.00700354017317, 0.015489237383, -0.00935329589993, 0.0018733816687, 0.000512296683155, 0.000401860103011], [-0.00111357262358, 0.00493326038122, -0.00151423923671, 0.00375083787367, 5.35154958925e-06, 0.00359560200013, -0.00180264818482, 0.00612805830315, -0.00935329589993, 0.0194463487715, -0.00587424309924, -0.000620196864475, 0.00218344363384], [0.000501479953527, -0.00301499781199, 0.000106120125565, -0.00115528225433, 0.000552119803615, -0.00281183375046, 0.00211983197369, -0.00356069440022, 0.0018733816687, -0.00587424309924, 0.0107414545491, -0.00241011939943, -0.00351397041231], [-0.000414967478719, 0.00303100026213, -1.5231245925e-05, 0.0012744218111, 0.000267041439656, 0.00304937222973, -0.00343480659649, 0.00289348629303, 0.000512296683155, -0.000620196864475, -0.00241011939943, 0.0124236624688, -0.00249361107126], [0.000434308691183, -0.00190054590348, -0.000409980333643, -0.001540854224, -0.000170325642102, -0.00126783666201, 0.00217077299021, -0.00250153127126, 0.000401860103011, 0.00218344363384, -0.00351397041231, -0.00249361107126, 0.0136476028711]]
    },
    "melbands": {
        "dmean": [0.00542888464406, 0.00467875832692, 0.00186685088556, 0.000340274651535, 5.7433375332e-05, 0.000188572783372, 0.000140420539537, 0.000217912413063, 0.000172223837581, 7.50724138925e-05, 0.00010752898379, 3.1087151001e-05, 5.50633740204e-05, 4.17374321842e-05, 3.73456932721e-05, 1.65804776771e-05, 4.98917834193e-05, 2.38831507886e-05, 1.34826923386e-05, 1.959981455e-05, 9.13226995181e-06, 8.60756153997e-06, 7.62623130868e-06, 4.53912753073e-06, 4.20797005063e-06, 2.51672099694e-06, 2.10729103856e-06, 1.7756545958e-06, 1.98533052753e-06, 1.50769687934e-06, 1.05429694486e-06, 7.56619101594e-07, 4.80242249523e-07, 3.65938689129e-07, 2.27036565548e-07, 1.99752193453e-07, 1.24341937635e-07, 3.47052036886e-07, 5.50020082812e-08, 3.77287925346e-08],
        "dmean2": [0.00835331808776, 0.00718214083463, 0.00296053965576, 0.000591385411099, 8.37302432046e-05, 0.000249481236096, 0.000185343335033, 0.000305314373691, 0.000244156573899, 0.000110480861622, 0.000151075029862, 4.74053194921e-05, 8.17654945422e-05, 6.1511855165e-05, 5.80214291404e-05, 2.533017323e-05, 7.52428459236e-05, 3.73366747226e-05, 2.12007471418e-05, 3.13475065923e-05, 1.49163006427e-05, 1.36942644531e-05, 1.22583442135e-05, 7.19807258065e-06, 6.64115441396e-06, 4.06313029089e-06, 3.40269411936e-06, 2.81104962596e-06, 3.23051108353e-06, 2.32051388593e-06, 1.63424647326e-06, 1.16568662634e-06, 7.58756812047e-07, 5.75705826122e-07, 3.6038548501e-07, 3.17701505992e-07, 1.90655981669e-07, 5.13765201049e-07, 9.01365524442e-08, 6.61929107082e-08],
        "dvar": [5.57746643608e-05, 7.08118313923e-05, 1.31012948259e-05, 6.24396477633e-07, 7.72629871193e-09, 1.09804759063e-07, 6.25703222568e-08, 1.31391416858e-07, 1.69314816389e-07, 1.79121819599e-08, 4.55692621415e-08, 5.76182390688e-09, 1.61304551938e-08, 7.88373277771e-09, 9.00250629599e-09, 1.62075752819e-09, 1.46956082858e-08, 5.26428101111e-09, 1.65557834109e-09, 2.26623297905e-09, 6.74175770765e-10, 3.19221732381e-10, 2.42297737429e-10, 6.83245821032e-11, 8.19471782099e-11, 3.26453447608e-11, 2.49869621521e-11, 1.38124173557e-11, 2.13046785075e-11, 1.01344080697e-11, 4.16331335726e-12, 3.15852162133e-12, 1.79026238278e-12, 9.29037445932e-13, 2.81041791401e-13, 2.36032303728e-13, 4.6248947597e-14, 9.79881974172e-13, 9.51978889463e-15, 7.36485067946e-15],
        "dvar2": [0.000126300452393, 0.000160609153681, 3.36384800903e-05, 1.72680336163e-06, 1.55767967414e-08, 1.98790445438e-07, 1.14425454001e-07, 2.67433762247e-07, 3.34817798375e-07, 3.75843001166e-08, 7.29134583821e-08, 1.2714264308e-08, 3.58475418238e-08, 1.71597687171e-08, 2.01249257259e-08, 3.50191498022e-09, 2.8614611125e-08, 1.11944773451e-08, 3.82811693456e-09, 5.21729015546e-09, 1.77349290809e-09, 7.76656072787e-10, 5.93101123769e-10, 1.59493113161e-10, 1.80271630956e-10, 8.19346673842e-11, 6.26956889183e-11, 3.1694025876e-11, 5.29322245757e-11, 2.13260520354e-11, 9.3579649238e-12, 7.40444597996e-12, 4.43566147354e-12, 2.02113976597e-12, 5.91247753881e-13, 6.20789389946e-13, 1.03852785204e-13, 1.97164376839e-12, 2.40680515611e-14, 2.02339789482e-14],
        "max": [0.0760915949941, 0.0850140601397, 0.0723415240645, 0.00811744295061, 0.0031914266292, 0.00848152954131, 0.00710635120049, 0.00805624946952, 0.0191842149943, 0.00407080445439, 0.00714023085311, 0.00209071929567, 0.00273823691532, 0.00313902529888, 0.00205890322104, 0.000887769390829, 0.00453661615029, 0.00191605277359, 0.00180699676275, 0.00139501248486, 0.00071450631367, 0.000346687593265, 0.000353488081601, 0.000160855473951, 0.000133126843139, 0.000116489813081, 9.46606087382e-05, 4.75405868201e-05, 7.20285024727e-05, 4.43868848379e-05, 3.47167551809e-05, 3.06441470457e-05, 2.08094588743e-05, 1.71218143805e-05, 7.76196429797e-06, 9.22602521314e-06, 3.14397561851e-06, 1.83475895028e-05, 1.15851844384e-06, 8.65696790697e-07],
        "mean": [0.00953478552401, 0.00935456156731, 0.00443872949108, 0.000480998918647, 0.000133068082505, 0.00041851552669, 0.000323882937664, 0.000459313770989, 0.000331351649947, 0.000137104056193, 0.000173290623934, 5.04344134242e-05, 8.04737719591e-05, 6.50664587738e-05, 4.93455845572e-05, 2.39743803832e-05, 5.78166327614e-05, 2.93536159006e-05, 1.62485393957e-05, 2.2676138542e-05, 1.02254989542e-05, 9.41002417676e-06, 8.39041967993e-06, 5.50304821445e-06, 4.92801791552e-06, 2.71324438472e-06, 2.18517516259e-06, 1.99969099413e-06, 2.07922789741e-06, 1.67255018368e-06, 1.25549058794e-06, 8.70147516707e-07, 5.56853876787e-07, 4.25935070325e-07, 2.58495475691e-07, 2.4768030471e-07, 1.93079202404e-07, 6.04631509304e-07, 6.30521981293e-08, 3.34662395574e-08],
        "median": [0.00580182252452, 0.00560723710805, 0.00204182136804, 0.00017532610218, 7.49056707718e-05, 0.000158051392646, 0.000132843328174, 0.000212655519135, 0.000140334173921, 6.84520491632e-05, 7.14182460797e-05, 2.05869309866e-05, 2.68252551905e-05, 2.59190965153e-05, 1.57124632096e-05, 9.85575843515e-06, 1.69678605744e-05, 1.00102615761e-05, 5.5857362895e-06, 8.35821174405e-06, 4.06042317991e-06, 3.49876677319e-06, 3.16577734338e-06, 1.92681977751e-06, 1.75570335159e-06, 9.5626410257e-07, 6.70220515531e-07, 6.37112577806e-07, 4.78302581541e-07, 4.3335768396e-07, 3.6187554997e-07, 2.21282661528e-07, 1.50471322513e-07, 1.02134308122e-07, 7.31313605229e-08, 5.17275999812e-08, 6.74644766718e-08, 5.64202693454e-08, 2.28829524218e-08, 7.83987008646e-09],
        "min": [6.86125498496e-24, 2.73958581282e-23, 1.05390302325e-23, 2.08327862545e-23, 2.28587514531e-23, 4.50553425287e-23, 5.78013657603e-23, 1.56356743699e-23, 3.15231046258e-24, 8.49424754586e-24, 7.5880735577e-24, 6.51268180563e-24, 1.59043793269e-23, 1.76802566858e-23, 1.17454352148e-23, 5.61081697016e-24, 7.96161812899e-24, 1.19928417162e-23, 1.47237464303e-23, 8.30939771425e-24, 9.39494841706e-24, 1.59202354311e-23, 1.33796583987e-23, 1.6895363751e-23, 7.78262322301e-24, 1.10856422089e-23, 1.12784319255e-23, 1.14811344683e-23, 1.08841971104e-23, 1.24113316376e-23, 1.46838490012e-23, 9.53500909306e-24, 9.40835905245e-24, 1.20740943895e-23, 1.0584035536e-23, 8.79287399698e-24, 9.99572989412e-24, 1.2791113732e-23, 1.56355560408e-23, 1.12469295541e-23],
        "var": [0.000123002886539, 0.000113829220936, 3.21184925269e-05, 6.31012937902e-07, 3.17338866296e-08, 4.56433951967e-07, 2.62454221911e-07, 3.96395677171e-07, 4.6379634e-07, 4.60961437909e-08, 1.26853620941e-07, 1.28677859479e-08, 2.59630859034e-08, 1.37801690059e-08, 1.22350263254e-08, 2.64220711976e-09, 2.19200586571e-08, 7.10927938741e-09, 1.84638981882e-09, 2.54269783007e-09, 5.66383939749e-10, 3.16331072447e-10, 2.38937730712e-10, 8.2727609485e-11, 9.68884833474e-11, 3.38077760231e-11, 2.23029459484e-11, 1.55954572173e-11, 2.1241026299e-11, 1.27865773525e-11, 5.89086245062e-12, 3.94925628658e-12, 2.12288455044e-12, 1.26030067459e-12, 3.73064507888e-13, 3.99380235914e-13, 9.52205165845e-14, 2.39807501114e-12, 9.9633334623e-15, 5.2687295851e-15]
    },
    "mfcc": {
        "mean": [-683.062255859, 170.804885864, 1.62652921677, 31.1180152893, 7.23669242859, 13.4947471619, 4.44885873795, 11.1185483932, 10.3613834381, 12.8699874878, 6.71989250183, 11.5784397125, -2.68111157417],
        "cov": [[7087.19384766, 413.157409668, -194.346328735, 359.21282959, 31.3892059326, 427.405426025, 185.789382935, 245.916900635, 171.375076294, 87.5608978271, 113.308189392, 257.696624756, 60.2233200073], [413.157409668, 1591.91552734, -101.517379761, 12.4073734283, 101.125213623, 12.0002708435, 75.0198440552, -2.90163135529, 84.9955291748, 66.9680328369, 31.0440425873, 66.9466018677, 37.8653678894], [-194.346328735, -101.517379761, 521.916381836, 80.3570404053, 24.3975543976, 33.2127380371, 29.0939121246, -4.32449960709, 14.3910312653, -0.621143460274, 5.62601327896, 43.5996131897, -7.9882311821], [359.21282959, 12.4073734283, 80.3570404053, 373.001556396, -4.74011611938, 60.8278999329, -4.51488494873, 27.2641067505, 31.0816631317, -3.96730709076, 20.5158405304, -25.2864570618, 11.4359254837], [31.3892059326, 101.125213623, 24.3975543976, -4.74011611938, 189.617889404, 32.7708244324, 47.0886421204, 15.3940286636, 26.923576355, 35.0037879944, -14.0897626877, 26.6611938477, -28.3772335052], [427.405426025, 12.0002708435, 33.2127380371, 60.8278999329, 32.7708244324, 192.170455933, 52.6691322327, 54.8863067627, 37.6894836426, 27.8082008362, 27.1555252075, 6.20043230057, 15.7665481567], [185.789382935, 75.0198440552, 29.0939121246, -4.51488494873, 47.0886421204, 52.6691322327, 149.509414673, 53.6263923645, 28.387298584, 7.83803033829, -2.83600687981, 41.770488739, -7.16416931152], [245.916900635, -2.90163135529, -4.32449960709, 27.2641067505, 15.3940286636, 54.8863067627, 53.6263923645, 144.227752686, 51.744178772, 32.3217887878, 8.80288219452, 1.62517213821, 4.39808654785], [171.375076294, 84.9955291748, 14.3910312653, 31.0816631317, 26.923576355, 37.6894836426, 28.387298584, 51.744178772, 115.611846924, 54.7813529968, 16.824962616, -3.83205890656, -5.40451049805], [87.5608978271, 66.9680328369, -0.621143460274, -3.96730709076, 35.0037879944, 27.8082008362, 7.83803033829, 32.3217887878, 54.7813529968, 115.23235321, 38.7536201477, 8.57879829407, -15.8570461273], [113.308189392, 31.0440425873, 5.62601327896, 20.5158405304, -14.0897626877, 27.1555252075, -2.83600687981, 8.80288219452, 16.824962616, 38.7536201477, 89.5998382568, 27.1488780975, 14.4584465027], [257.696624756, 66.9466018677, 43.5996131897, -25.2864570618, 26.6611938477, 6.20043230057, 41.770488739, 1.62517213821, -3.83205890656, 8.57879829407, 27.1488780975, 152.025802612, 32.9835929871], [60.2233200073, 37.8653678894, -7.9882311821, 11.4359254837, -28.3772335052, 15.7665481567, -7.16416931152, 4.39808654785, -5.40451049805, -15.8570461273, 14.4584465027, 32.9835929871, 100.961975098]],
