{
"lowlevel": {
    "average_loudness": 0.909134685993,
    "barkbands_crest": {
        "dmean": 2.60231184959,
        "dmean2": 4.07998371124,
        "dvar": 5.96977949142,
        "dvar2": 14.5114355087,
        "max": 26.3451747894,
        "mean": 13.3650369644,
        "median": 12.863609314,
        "min": 3.63769650459,
        "var": 17.2805652618
    },
    "barkbands_flatness_db": {
        "dmean": 0.0356605350971,
        "dmean2": 0.053851198405,
        "dvar": 0.00146020017564,
        "dvar2": 0.00343456258997,
        "max": 0.751265108585,
        "mean": 0.282641947269,
        "median": 0.264680743217,
        "min": 0.0490638203919,
        "var": 0.0178398005664
    },
    "barkbands_kurtosis": {
        "dmean": 4.92207956314,
        "dmean2": 7.58092832565,
        "dvar": 508.121582031,
        "dvar2": 1039.86047363,
        "max": 1932.89477539,
        "mean": 8.7523393631,
        "median": 4.05094194412,
        "min": -1.88960266113,
        "var": 633.373657227
    },
    "barkbands_skewness": {
        "dmean": 0.652067184448,
        "dmean2": 0.982327342033,
        "dvar": 0.55640399456,
        "dvar2": 1.26246249676,
        "max": 20.7838611603,
        "mean": 2.20443868637,
        "median": 1.94192039967,
        "min": -2.42804718018,
        "var": 2.34423971176
    },
    "barkbands_spread": {
        "dmean": 4.46816158295,
        "dmean2": 6.80183267593,
        "dvar": 52.7761268616,
        "dvar2": 108.347732544,
        "max": 82.0930328369,
        "mean": 12.5150499344,
        "median": 9.58648014069,
        "min": 0.0441736355424,
        "var": 141.733612061
    },
    "dissonance": {
        "dmean": 0.0316079035401,
        "dmean2": 0.0525926798582,
        "dvar": 0.001168865012,
        "dvar2": 0.00315567664802,
        "max": 0.500000298023,
        "mean": 0.416271656752,
        "median": 0.441899746656,
        "min": 0.0152425784618,
        "var": 0.00591832678765
    },
    "dynamic_complexity": 3.39630293846,
    "erbbands_crest": {
        "dmean": 2.57457184792,
        "dmean2": 4.05984687805,
        "dvar": 5.7274055481,
        "dvar2": 13.7991695404,
        "max": 31.3997707367,
        "mean": 10.5563087463,
        "median": 9.25797176361,
        "min": 1.93659102917,
        "var": 29.5501384735
    },
    "erbbands_flatness_db": {
        "dmean": 0.0243354514241,
        "dmean2": 0.0362637005746,
        "dvar": 0.000774962012656,
        "dvar2": 0.00161692732945,
        "max": 0.609682619572,
        "mean": 0.253219813108,
        "median": 0.25074249506,
        "min": 0.044785503298,
        "var": 0.0154963377863
    },
    "erbbands_kurtosis": {
        "dmean": 1.04328167439,
        "dmean2": 1.60081231594,
        "dvar": 7.52249574661,
        "dvar2": 15.4511365891,
        "max": 176.261962891,
        "mean": 0.612812280655,
        "median": -0.277166128159,
        "min": -1.88694763184,
        "var": 15.5948143005
    },
    "erbbands_skewness": {
        "dmean": 0.383089095354,
        "dmean2": 0.584894418716,
        "dvar": 0.13556727767,
        "dvar2": 0.321707099676,
        "max": 6.77742576599,
        "mean": 0.256714373827,
        "median": 0.175018101931,
        "min": -4.0719370842,
        "var": 0.659808754921
    },
    "erbbands_spread": {
        "dmean": 7.16193294525,
        "dmean2": 10.2958307266,
        "dvar": 90.0640869141,
        "dvar2": 165.99961853,
        "max": 145.41885376,
        "mean": 33.264377594,
        "median": 28.9004096985,
        "min": 0.401205897331,
        "var": 606.319396973
    },
    "hfc": {
        "dmean": 9.70100879669,
        "dmean2": 13.9629068375,
        "dvar": 405.997283936,
        "dvar2": 879.248535156,
        "max": 186.787918091,
        "mean": 21.0520973206,
        "median": 12.2448692322,
        "min": 1.12003457783e-16,
        "var": 769.911560059
    },
    "melbands_crest": {
        "dmean": 2.90269756317,
        "dmean2": 4.68825483322,
        "dvar": 7.41533327103,
        "dvar2": 19.6511116028,
        "max": 33.4187774658,
        "mean": 16.3295478821,
        "median": 15.944070816,
        "min": 1.75558936596,
        "var": 18.4664115906
    },
    "melbands_flatness_db": {
        "dmean": 0.042695377022,
        "dmean2": 0.064933873713,
        "dvar": 0.00220200046897,
        "dvar2": 0.00522677274421,
        "max": 0.95647162199,
        "mean": 0.388068705797,
        "median": 0.363769441843,
        "min": 0.00453738542274,
        "var": 0.0229965280741
    },
    "melbands_kurtosis": {
        "dmean": 9.79268169403,
        "dmean2": 14.7949113846,
        "dvar": 267.682769775,
        "dvar2": 556.213928223,
        "max": 346.239776611,
        "mean": 22.8467597961,
        "median": 11.4824886322,
        "min": -1.75902712345,
        "var": 1012.30718994
    },
    "melbands_skewness": {
        "dmean": 0.822130858898,
        "dmean2": 1.24090564251,
        "dvar": 0.799550592899,
        "dvar2": 1.74101257324,
        "max": 14.5897254944,
        "mean": 3.41335391998,
        "median": 2.89957475662,
        "min": -1.44188225269,
        "var": 5.19799947739
    },
    "melbands_spread": {
        "dmean": 3.43383049965,
        "dmean2": 5.53926897049,
        "dvar": 23.1015052795,
        "dvar2": 59.9988746643,
        "max": 164.187759399,
        "mean": 10.0691270828,
        "median": 8.29019451141,
        "min": 0.273339003325,
        "var": 80.2119140625
    },
    "pitch_salience": {
        "dmean": 0.0743320435286,
        "dmean2": 0.118366628885,
        "dvar": 0.00614161090925,
        "dvar2": 0.0145809100941,
        "max": 0.966615021229,
        "mean": 0.465895652771,
        "median": 0.463651329279,
        "min": 0.0633669421077,
        "var": 0.0163003038615
    },
    "silence_rate_20dB": {
        "dmean": 0,
        "dmean2": 0,
        "dvar": 0,
        "dvar2": 0,
        "max": 1,
        "mean": 1,
        "median": 1,
        "min": 1,
        "var": 0
    },
    "silence_rate_30dB": {
        "dmean": 0.0324783958495,
        "dmean2": 0.0649613142014,
        "dvar": 0.0314265303314,
        "dvar2": 0.0850043669343,
        "max": 1,
        "mean": 0.979162335396,
        "median": 1,
        "min": 0,
        "var": 0.0204017069191
    },
    "silence_rate_60dB": {
        "dmean": 0.0232785064727,
        "dmean2": 0.0465602576733,
        "dvar": 0.0227403435856,
        "dvar2": 0.050958674401,
        "max": 1,
        "mean": 0.0824447721243,
        "median": 0,
        "min": 0,
        "var": 0.075629465282
    },
    "spectral_centroid": {
        "dmean": 193.774185181,
        "dmean2": 315.047058105,
        "dvar": 85866.8359375,
        "dvar2": 213966.59375,
        "max": 11533.90625,
        "mean": 754.988586426,
        "median": 674.090759277,
        "min": 104.186843872,
        "var": 331502.6875
    },
    "spectral_complexity": {
        "dmean": 3.83328676224,
        "dmean2": 6.1223950386,
        "dvar": 25.8207073212,
        "dvar2": 60.8246917725,
        "max": 54,
        "mean": 14.7234649658,
        "median": 14,
        "min": 0,
        "var": 67.2400741577
    },
    "spectral_decrease": {
        "dmean": 3.58762197727e-09,
        "dmean2": 5.44673151026e-09,
        "dvar": 1.84052980249e-17,
        "dvar2": 4.71582681708e-17,
        "max": 4.83771116798e-28,
        "mean": -1.24695036519e-08,
        "median": -1.37920093124e-08,
        "min": -4.17557401988e-08,
        "var": 6.42259026486e-17
    },
    "spectral_energy": {
        "dmean": 0.0142046930268,
        "dmean2": 0.0215345434844,
        "dvar": 0.000289951334707,
        "dvar2": 0.000739111332223,
        "max": 0.164546638727,
        "mean": 0.0489723421633,
        "median": 0.0534758977592,
        "min": 1.03406228038e-20,
        "var": 0.00100938393734
    },
    "spectral_energyband_high": {
        "dmean": 0.000619394588284,
        "dmean2": 0.000834956998006,
        "dvar": 3.29635349772e-06,
        "dvar2": 6.75103183312e-06,
        "max": 0.0172215886414,
        "mean": 0.000791423022747,
        "median": 7.74671661929e-06,
        "min": 7.32060577444e-21,
        "var": 5.39961274626e-06
    },
    "spectral_energyband_low": {
        "dmean": 0.0100793698803,
        "dmean2": 0.015085529536,
        "dvar": 0.000137382070534,
        "dvar2": 0.000354215182597,
        "max": 0.118937388062,
        "mean": 0.0314794778824,
        "median": 0.0356378518045,
        "min": 2.15568580136e-23,
        "var": 0.000550511816982
    },
    "spectral_energyband_middle_high": {
        "dmean": 0.0017438470386,
        "dmean2": 0.0028613768518,
        "dvar": 1.08701397039e-05,
        "dvar2": 2.82699802483e-05,
        "max": 0.0608840212226,
        "mean": 0.0041244905442,
        "median": 0.00250731874257,
        "min": 1.26236243308e-21,
        "var": 3.03925880871e-05
    },
    "spectral_energyband_middle_low": {
        "dmean": 0.00713019166142,
        "dmean2": 0.011412977241,
        "dvar": 0.000177316876943,
        "dvar2": 0.000430542539107,
        "max": 0.136896893382,
        "mean": 0.0148413488641,
        "median": 0.0115819610655,
        "min": 2.09885140237e-22,
        "var": 0.000246826239163
    },
    "spectral_entropy": {
        "dmean": 0.281713992357,
        "dmean2": 0.429435551167,
        "dvar": 0.119558259845,
        "dvar2": 0.263771504164,
        "max": 9.81390285492,
        "mean": 6.65313959122,
        "median": 6.75605583191,
        "min": 3.14200329781,
        "var": 1.21527886391
    },
    "spectral_flux": {
        "dmean": 0.0314194634557,
        "dmean2": 0.0470658615232,
        "dvar": 0.00140270532575,
        "dvar2": 0.00254726945423,
        "max": 0.359619110823,
        "mean": 0.0891860127449,
        "median": 0.077050767839,
        "min": 6.61191656981e-11,
        "var": 0.00380112580024
    },
    "spectral_kurtosis": {
        "dmean": 28.3782119751,
        "dmean2": 49.7101135254,
        "dvar": 5377.63183594,
        "dvar2": 16853.6210938,
        "max": 1288.83032227,
        "mean": 57.0535125732,
        "median": 13.2885322571,
        "min": -1.23571002483,
        "var": 14005.03125
    },
    "spectral_rms": {
        "dmean": 0.000982417375781,
        "dmean2": 0.00142474635504,
        "dvar": 1.1501267636e-06,
        "dvar2": 2.77984509012e-06,
        "max": 0.0126701742411,
        "mean": 0.00636196602136,
        "median": 0.00722299143672,
        "min": 3.17622620913e-12,
        "var": 7.30321789888e-06
    },
    "spectral_rolloff": {
        "dmean": 246.427017212,
        "dmean2": 435.764312744,
        "dvar": 368849.71875,
        "dvar2": 914483.5625,
        "max": 19832.0800781,
        "mean": 606.554626465,
        "median": 430.6640625,
        "min": 64.599609375,
        "var": 908754.875
    },
    "spectral_skewness": {
        "dmean": 1.12992274761,
        "dmean2": 1.91164278984,
        "dvar": 2.62985157967,
        "dvar2": 7.8182682991,
        "max": 30.8803977966,
        "mean": 4.07659387589,
        "median": 2.39290452003,
        "min": -0.0613499730825,
        "var": 20.2410373688
    },
    "spectral_spread": {
        "dmean": 703040.0625,
        "dmean2": 1017654.8125,
        "dvar": 1.2709700567e+12,
        "dvar2": 2.21360160768e+12,
        "max": 41956632,
        "mean": 3274049.25,
        "median": 1949350.25,
        "min": 81103.125,
        "var": 1.01994284974e+13
    },
    "spectral_strongpeak": {
        "dmean": 0.331674933434,
        "dmean2": 0.577392756939,
        "dvar": 0.481876462698,
        "dvar2": 1.19510126114,
        "max": 9.90152168274,
        "mean": 0.70517718792,
        "median": 0.396501004696,
        "min": 0,
        "var": 0.985192418098
    },
    "zerocrossingrate": {
        "dmean": 0.0077201728709,
        "dmean2": 0.0084075788036,
        "dvar": 0.000165424993611,
        "dvar2": 0.000198382302187,
        "max": 0.52099609375,
        "mean": 0.0320347063243,
        "median": 0.02392578125,
        "min": 0.00244140625,
        "var": 0.00108172383625
    },
    "barkbands": {
        "dmean": [0.000438386108726, 0.00805104430765, 0.00393896270543, 0.00257973955013, 0.00354996114038, 0.000802234513685, 0.000920156307984, 0.000704800069798, 0.00123399635777, 0.000476019864436, 0.00023621309083, 0.000211265796679, 0.000495906569995, 0.000299576786347, 0.000280824984657, 0.000185281533049, 0.000177385896677, 0.000172037791344, 9.3213195214e-05, 7.32277476345e-05, 9.84565922408e-05, 8.31556099001e-05, 7.69401303842e-05, 8.37601983221e-05, 0.000156355978106, 0.000106281062472, 3.25274368151e-06],
        "dmean2": [0.00072232511593, 0.0115788569674, 0.00646759569645, 0.00446865800768, 0.00625705718994, 0.00136640958954, 0.001513305353, 0.00110979157034, 0.00194045633543, 0.000770400452893, 0.000391448498704, 0.000351144146407, 0.000761963427067, 0.000488342659082, 0.000433175591752, 0.000312888703775, 0.000297285296256, 0.000302206113702, 0.000160986804985, 0.000128194646095, 0.000170565224835, 0.000127318242448, 0.000119421238196, 0.00012004434393, 0.000208245706744, 0.000148435079609, 4.25806274507e-06],
        "dvar": [4.13858089132e-07, 0.000113968177175, 3.80181918445e-05, 3.78824988729e-05, 0.000106701234472, 2.30427394854e-06, 3.74984733753e-06, 3.53504060513e-06, 7.09503183316e-06, 1.92951438294e-06, 1.70629334661e-07, 2.42150463237e-07, 1.21281163956e-06, 5.28262944499e-07, 3.00284028754e-07, 1.35659405487e-07, 1.63509170648e-07, 6.97063910593e-07, 5.93015521133e-08, 3.84719314184e-08, 1.22867817254e-07, 5.95268438985e-08, 6.69023663136e-08, 7.72780666125e-08, 2.95762021096e-07, 1.50635386831e-07, 1.25261967465e-10],
        "dvar2": [1.2717878235e-06, 0.00025210264721, 0.000103557482362, 0.000106201783638, 0.000301445426885, 6.4827395363e-06, 9.66228071775e-06, 7.71985742176e-06, 1.69419345184e-05, 4.37417338617e-06, 4.54221890323e-07, 6.14824614331e-07, 2.63266997536e-06, 1.3093532516e-06, 5.76968602672e-07, 3.70286159068e-07, 4.24159168233e-07, 1.89585125554e-06, 1.56513777938e-07, 1.06388611698e-07, 3.50799325588e-07, 1.39094581186e-07, 1.66883523889e-07, 1.60815417871e-07, 4.79985544644e-07, 3.2188535215e-07, 2.42267900186e-10],
        "max": [0.00396279944107, 0.0985084250569, 0.0639487430453, 0.0564981922507, 0.119915619493, 0.0175179801881, 0.0375922657549, 0.0554552562535, 0.0532441027462, 0.057679194957, 0.00791099667549, 0.0155162969604, 0.0373879820108, 0.0226305667311, 0.0237017255276, 0.00622930750251, 0.00619914382696, 0.0144930938259, 0.00319853262044, 0.00208915257826, 0.00455864192918, 0.00298067159019, 0.00261152419262, 0.0029349536635, 0.00497484579682, 0.00349760963582, 0.000120471930131],
        "mean": [0.000844145950396, 0.0207732468843, 0.0076339780353, 0.00377753307112, 0.00395608320832, 0.0010077879997, 0.00180307868868, 0.00138756027445, 0.00282969558612, 0.000892195210326, 0.000319561804645, 0.000298261758871, 0.000867867551278, 0.000468420155812, 0.000498012988828, 0.000298819417367, 0.000243786198553, 0.000156887006597, 8.8228356617e-05, 6.71134475851e-05, 8.63690729602e-05, 9.93959984044e-05, 9.5945862995e-05, 0.000116568066005, 0.000229166544159, 0.000128509331262, 3.97665371565e-06],
        "median": [0.000504186726175, 0.0212430916727, 0.00602054176852, 0.00105390627868, 0.00136078114156, 0.000549106916878, 0.000355542346369, 0.000124520709505, 0.000514680054039, 0.000155572080985, 0.000141792173963, 7.97690299805e-05, 0.000259463500697, 0.000187638273928, 0.000254105718341, 0.000176327725057, 0.00010171384929, 3.56767741323e-05, 1.75827517523e-05, 4.92307935929e-06, 2.62347384705e-06, 8.67411699801e-07, 3.38983056736e-07, 1.34766395377e-07, 3.45528547996e-08, 1.06903144115e-08, 6.78270017929e-09],
        "min": [4.76262100449e-25, 3.69726642275e-24, 1.48271524871e-24, 1.33544655341e-24, 1.01911031302e-23, 9.48753702151e-24, 5.26624607664e-24, 1.64683407212e-23, 2.71151056875e-23, 3.46014114553e-23, 1.76629664325e-23, 1.98656112303e-23, 5.34020841293e-23, 8.12872001019e-23, 4.92748869355e-23, 8.24918096368e-23, 7.64147975653e-23, 1.0080534808e-22, 1.29855832491e-22, 1.13806842338e-22, 2.94003334935e-22, 3.78676256623e-22, 4.57325512168e-22, 7.18132015112e-22, 7.8037069191e-22, 1.41471956995e-21, 1.99784474329e-21],
        "var": [7.26569339804e-07, 0.000337372999638, 5.86541027587e-05, 3.49302863469e-05, 7.16458525858e-05, 1.99269356926e-06, 1.39311332532e-05, 1.62502237799e-05, 3.51362396032e-05, 9.69271150097e-06, 2.64235268332e-07, 5.97181610829e-07, 4.1939338189e-06, 1.17439742553e-06, 1.25788835703e-06, 1.88712192539e-07, 2.04056448183e-07, 4.73464695006e-07, 4.89530904701e-08, 2.9854717809e-08, 8.06946616194e-08, 7.35294207743e-08, 8.19439165411e-08, 1.30837491952e-07, 5.76625438953e-07, 2.20251934024e-07, 1.92877477878e-10]
    },
    "erbbands": {
        "dmean": [0.268555819988, 1.77674007416, 3.9334731102, 7.2676320076, 9.74945354462, 12.5172796249, 7.61554002762, 6.58578252792, 12.9693775177, 12.905749321, 16.765871048, 29.7070827484, 13.1526641846, 14.8979320526, 9.52683925629, 8.57746505737, 23.5166110992, 13.567656517, 15.1891145706, 13.4192972183, 11.1324110031, 9.85170173645, 9.9463224411, 5.9492354393, 4.58183813095, 3.30860376358, 4.04750585556, 3.52633261681, 3.23927688599, 2.31815004349, 2.19923353195, 1.68567466736, 1.4970279932, 1.64641928673, 1.21643221378, 0.520647764206, 0.201451167464, 0.0181580968201, 0.000720500480384, 4.44425168098e-05],
        "dmean2": [0.39504340291, 2.55809760094, 6.28984737396, 12.3222780228, 16.5868053436, 22.5787124634, 13.0500650406, 11.2260246277, 21.8133430481, 20.3227424622, 26.0782737732, 46.6896438599, 21.5823879242, 23.8420352936, 15.708404541, 14.0623550415, 36.0467987061, 22.2504043579, 23.4611244202, 21.5636310577, 18.8296871185, 16.7259540558, 17.1933784485, 10.2452602386, 8.02557945251, 5.72032165527, 7.14980888367, 5.88301134109, 5.11434221268, 3.31871819496, 3.31921720505, 2.53660607338, 2.14207625389, 2.17934012413, 1.66200447083, 0.694688737392, 0.303922861814, 0.026059538126, 0.000922391831409, 5.95133242314e-05],
        "dvar": [0.108434833586, 6.49050807953, 30.543056488, 225.06362915, 482.198883057, 1812.12084961, 378.654937744, 139.70123291, 879.147155762, 653.190246582, 1257.10058594, 4693.25244141, 1151.44226074, 2005.01464844, 250.508514404, 264.137969971, 2890.52734375, 1418.48498535, 1127.4239502, 479.065246582, 527.086120605, 584.423400879, 1887.04492188, 430.717346191, 155.44392395, 79.4614334106, 213.617401123, 116.163642883, 100.355331421, 48.1736183167, 54.051399231, 31.7021923065, 24.9954051971, 34.4505958557, 17.7573471069, 3.22825980186, 0.597140908241, 0.00460866698995, 6.16778925178e-06, 1.26423094216e-08],
        "dvar2": [0.260220825672, 13.7070617676, 81.5408477783, 625.106567383, 1266.62854004, 5236.74462891, 1083.61352539, 389.945922852, 2359.4128418, 1457.42626953, 2789.63500977, 11147.5351562, 2852.05151367, 4492.67431641, 659.839294434, 685.243408203, 6254.74023438, 3617.609375, 2126.42626953, 1120.01708984, 1420.49658203, 1568.6114502, 5144.16503906, 1125.00463867, 418.424957275, 220.048599243, 613.062561035, 315.092803955, 263.364196777, 106.544998169, 130.68371582, 73.5207290649, 48.3535575867, 70.8875274658, 26.377696991, 5.78125667572, 1.39088749886, 0.010354549624, 1.19220931083e-05, 2.28580248063e-08],
        "max": [2.69268083572, 23.7289428711, 59.612701416, 158.171539307, 197.26473999, 523.069641113, 239.12310791, 148.488174438, 633.360046387, 693.661132812, 1070.9296875, 1452.25048828, 836.780822754, 2064.55639648, 351.180145264, 361.503509521, 1799.2755127, 1046.11083984, 1445.48364258, 480.585540771, 429.100006104, 363.577453613, 785.741333008, 357.274108887, 203.124084473, 96.8823013306, 194.241119385, 138.85067749, 123.486885071, 73.5880508423, 70.0810852051, 61.2690048218, 48.7377738953, 60.0524215698, 36.6562728882, 16.6797790527, 7.03775548935, 0.64249765873, 0.0251092147082, 0.00119202164933],
        "mean": [0.605934619904, 4.58388900757, 9.05159473419, 11.8936824799, 13.2802934647, 12.7894706726, 8.9266576767, 8.87025356293, 23.1119747162, 26.6817874908, 36.4759101868, 67.7709503174, 26.4193611145, 29.7111244202, 15.0071220398, 14.2170391083, 41.6009216309, 21.5781421661, 28.1319923401, 21.6915721893, 17.9793872833, 13.5492563248, 10.3818569183, 5.82751846313, 4.15238380432, 3.03414011002, 3.45358490944, 3.37170958519, 3.63457393646, 2.86022377014, 2.83213996887, 2.2757434845, 2.09113717079, 2.21767139435, 1.80464911461, 0.685241818428, 0.233386904001, 0.0217615086585, 0.000928070920054, 9.39937817748e-05],
        "median": [0.534787416458, 4.18277978897, 7.76136922836, 6.99114894867, 4.49461984634, 4.76440525055, 4.10289478302, 4.7636179924, 3.66263222694, 5.85672903061, 6.91227817535, 12.2482042313, 5.49186563492, 7.81375837326, 7.28786373138, 5.86371183395, 12.8608474731, 8.84231185913, 13.277012825, 11.958316803, 10.1219263077, 6.10699510574, 3.06561660767, 1.3247563839, 0.685348212719, 0.256604224443, 0.143040284514, 0.0695527717471, 0.0338905081153, 0.0191538315266, 0.00811983644962, 0.0040304819122, 0.0016736513935, 0.000567071663681, 0.000197883418878, 8.26806208352e-05, 3.70632114937e-05, 8.95290941116e-06, 2.93697048619e-05, 6.16219913354e-05],
        "min": [1.27172884998e-22, 6.28627478153e-22, 3.64091301433e-21, 5.02425626656e-21, 2.91463874299e-20, 3.45185377675e-20, 9.50911581048e-20, 1.04852374009e-19, 1.15746026021e-19, 2.55948732527e-19, 6.12861321165e-19, 5.73943403923e-19, 9.28030576233e-19, 1.12430854147e-18, 9.49371215651e-19, 1.53271842237e-18, 2.5602156061e-18, 2.91413310299e-18, 3.28818169445e-18, 3.39210018801e-18, 4.56817400241e-18, 5.16620159704e-18, 4.88398990592e-18, 5.31077581092e-18, 8.48992620843e-18, 5.23419749776e-18, 8.89194094922e-18, 8.22946523152e-18, 1.11723513394e-17, 1.36409792333e-17, 1.36380311616e-17, 1.36885727242e-17, 1.06506179214e-17, 8.93992238783e-18, 5.45345867632e-18, 4.62994867773e-18, 2.33490153341e-18, 9.04146459829e-19, 2.72062133312e-19, 2.76389089247e-20],
        "var": [0.308469265699, 18.0282707214, 65.9335021973, 229.154556274, 492.783599854, 1086.87329102, 253.530441284, 141.163772583, 2891.265625, 2866.15258789, 6029.15625, 22488.6894531, 4904.69482422, 10655.7617188, 505.724975586, 597.326965332, 9997.47460938, 2803.34375, 5048.07421875, 1066.0168457, 758.65032959, 615.079650879, 1319.52856445, 333.590026855, 120.974472046, 60.8968582153, 136.453598022, 93.6411895752, 101.529533386, 66.2083053589, 71.9842910767, 48.3380661011, 43.3208885193, 54.3348312378, 36.4097709656, 5.64353227615, 0.788948178291, 0.00646107224748, 1.00122724689e-05, 2.45032030222e-08]
    },
    "gfcc": {
        "mean": [-91.5043563843, 174.469512939, -101.29158783, 7.27089548111, -21.5809288025, 5.93277549744, -26.1629600525, 2.1336452961, -7.11124229431, -5.47285318375, -12.0521364212, -9.0134935379, -5.58447647095],
        "cov": [[24413.1054688, -7780.28759766, -2495.88623047, 4222.48242188, 176.732528687, 3160.80761719, -41.6931304932, 2432.71240234, -158.222595215, 1364.39855957, -626.154846191, 539.002502441, -722.722351074], [-7780.28759766, 5453.24169922, -432.757080078, -1727.27172852, 1113.97924805, -1592.53845215, 491.127471924, -894.822631836, 392.327636719, -748.833435059, 508.997528076, -419.807678223, 391.485809326], [-2495.88623047, -432.757080078, 2690.18994141, 4.9479970932, -611.313415527, 201.469940186, -234.849777222, -77.2163467407, -250.428207397, 99.4787597656, -128.122772217, 117.44707489, -8.56669807434], [4222.48242188, -1727.27172852, 4.9479970932, 1732.56066895, 154.364028931, 692.4921875, 169.192398071, 493.896606445, -24.2490882874, 234.491897583, -59.2662315369, 119.649253845, -64.6410369873], [176.732528687, 1113.97924805, -611.313415527, 154.364028931, 1261.1151123, -14.764544487, 267.307891846, 179.534576416, 209.353424072, -112.0311203, 161.585479736, -59.4389686584, 78.2183990479], [3160.80761719, -1592.53845215, 201.469940186, 692.4921875, -14.764544487, 867.244262695, -81.9783935547, 427.641174316, -35.1231651306, 269.372497559, -148.160476685, 148.061004639, -118.025131226], [-41.6931304932, 491.127471924, -234.849777222, 169.192398071, 267.307891846, -81.9783935547, 355.097229004, 49.6661643982, 109.518463135, -44.1733360291, 78.3502655029, -97.7963485718, 21.8124237061], [2432.71240234, -894.822631836, -77.2163467407, 493.896606445, 179.534576416, 427.641174316, 49.6661643982, 481.49710083, 30.0756492615, 190.935119629, -55.0515975952, 73.7673721313, -98.5280685425], [-158.222595215, 392.327636719, -250.428207397, -24.2490882874, 209.353424072, -35.1231651306, 109.518463135, 30.0756492615, 175.958831787, 6.8557639122, 79.5023803711, -31.5690174103, 13.8737611771], [1364.39855957, -748.833435059, 99.4787597656, 234.491897583, -112.0311203, 269.372497559, -44.1733360291, 190.935119629, 6.8557639122, 247.824645996, -14.9082632065, 75.5118484497, -86.025390625], [-626.154846191, 508.997528076, -128.122772217, -59.2662315369, 161.585479736, -148.160476685, 78.3502655029, -55.0515975952, 79.5023803711, -14.9082632065, 164.035476685, 3.49540328979, 42.2600975037], [539.002502441, -419.807678223, 117.44707489, 119.649253845, -59.4389686584, 148.061004639, -97.7963485718, 73.7673721313, -31.5690174103, 75.5118484497, 3.49540328979, 140.392822266, 10.5864839554], [-722.722351074, 391.485809326, -8.56669807434, -64.6410369873, 78.2183990479, -118.025131226, 21.8124237061, -98.5280685425, 13.8737611771, -86.025390625, 42.2600975037, 10.5864839554, 118.357177734]],
        "icov": [[0.000280975888018, -0.000285959773464, 0.000439834897406, -0.000477734283777, 0.000197240864509, -0.0004240591079, 0.000155535904923, -0.000589597329963, 0.000714700494427, -0.000786947552115, 0.000750326085836, -0.000416153110564, 0.000473356514703], [-0.000285959773464, 0.00244141859002, -0.000958006945439, 0.00160532584414, -0.00144811708014, 0.00143125932664, -0.00095631525619, 0.00146490696352, -0.00253856298514, 0.00273040193133, -0.00322079379112, 0.00246648536995, -0.00202266033739], [0.000439834897406, -0.000958006945439, 0.00127764721401, -0.000967199739534, 0.0007251338684, -0.00105261872523, 0.000390210043406, -0.0010040088091, 0.00207615434192, -0.00188766000792, 0.00173970975447, -0.00120689370669, 0.000853568897583], [-0.000477734283777, 0.00160532584414, -0.000967199739534, 0.00250358879566, -0.000945611565839, 0.000520198838785, -0.0015445635654, 0.000968832348008, -0.00138884712942, 0.00216313684359, -0.00281563098542, 0.00152796471957, -0.00209119357169], [0.000197240864509, -0.00144811708014, 0.0007251338684, -0.000945611565839, 0.00238970294595, -0.00126952142455, 0.000502570706885, -0.00208836374804, 0.000878849474248, -0.000316317891702, 0.000483743730001, -0.000765922246501, 0.000416844297433], [-0.0004240591079, 0.00143125932664, -0.00105261872523, 0.000520198838785, -0.00126952142455, 0.00476322555915, -0.000283093191683, 0.000343144201906, -0.0027922259178, 0.000566108967178, 0.000692689733114, -0.000493595434818, -0.000653367722407], [0.000155535904923, -0.00095631525619, 0.000390210043406, -0.0015445635654, 0.000502570706885, -0.000283093191683, 0.00636683078483, -0.00205688388087, -0.000467771402327, -0.000615217606537, -0.000929007132072, 0.00385502097197, -0.000607915979344], [-0.000589597329963, 0.00146490696352, -0.0010040088091, 0.000968832348008, -0.00208836374804, 0.000343144201906, -0.00205688388087, 0.00774353835732, -0.00276936008595, 0.000309737952193, -0.00021891691722, -0.000969190499745, 0.00127299386077], [0.000714700494427, -0.00253856298514, 0.00207615434192, -0.00138884712942, 0.000878849474248, -0.0027922259178, -0.000467771402327, -0.00276936008595, 0.0139277959242, -0.0056272065267, 0.000166446654475, -0.000349202280631, 0.000817427644506], [-0.000786947552115, 0.00273040193133, -0.00188766000792, 0.00216313684359, -0.000316317891702, 0.000566108967178, -0.000615217606537, 0.000309737952193, -0.0056272065267, 0.014522055164, -0.00747670885175, 0.000544116366655, 0.00218858406879], [0.000750326085836, -0.00322079379112, 0.00173970975447, -0.00281563098542, 0.000483743730001, 0.000692689733114, -0.000929007132072, -0.00021891691722, 0.000166446654475, -0.00747670885175, 0.0184911359102, -0.00924950838089, 0.0029543528799], [-0.000416153110564, 0.00246648536995, -0.00120689370669, 0.00152796471957, -0.000765922246501, -0.000493595434818, 0.00385502097197, -0.000969190499745, -0.000349202280631, 0.000544116366655, -0.00924950838089, 0.0197686180472, -0.00948482193053], [0.000473356514703, -0.00202266033739, 0.000853568897583, -0.00209119357169, 0.000416844297433, -0.000653367722407, -0.000607915979344, 0.00127299386077, 0.000817427644506, 0.00218858406879, 0.0029543528799, -0.00948482193053, 0.0184825565666]]
    },
    "melbands": {
        "dmean": [0.00228629237972, 0.00193389505148, 0.00122932961676, 0.000859541178215, 0.000310468836688, 0.000149670100654, 0.000193713829503, 0.000151708241901, 0.000158406415721, 0.000173095351784, 6.58496428514e-05, 6.4747655415e-05, 3.58202814823e-05, 2.48809155892e-05, 4.64436707261e-05, 3.89817178075e-05, 2.55669983744e-05, 2.72585366474e-05, 1.59389583132e-05, 1.452786546e-05, 1.3481424503e-05, 9.70811561274e-06, 1.22743076645e-05, 7.85031534178e-06, 4.57212991023e-06, 3.54726194018e-06, 2.97553401651e-06, 1.98231714421e-06, 2.48770834332e-06, 2.78549759969e-06, 1.80777874448e-06, 1.96911901185e-06, 1.40132567594e-06, 1.3315934666e-06, 1.40701229157e-06, 1.07118921733e-06, 9.61114096754e-07, 1.05688332042e-06, 1.10773930828e-06, 1.49545542172e-06],
        "dmean2": [0.00325889559463, 0.00301011838019, 0.00205718027428, 0.00151159043889, 0.000543542322703, 0.000253922480624, 0.000323639746057, 0.000236536958255, 0.000246711540967, 0.000272702920483, 0.000108038912003, 0.000103242324258, 5.88830225752e-05, 4.14564092353e-05, 7.18235023669e-05, 6.01262800046e-05, 4.23903256888e-05, 4.22499615524e-05, 2.52651461778e-05, 2.36861797021e-05, 2.30328842008e-05, 1.65261135407e-05, 2.09596219065e-05, 1.36327580549e-05, 7.87194039731e-06, 6.21885783403e-06, 5.23433027411e-06, 3.43323040397e-06, 4.44937586508e-06, 4.95235144626e-06, 2.94301571557e-06, 3.18353545481e-06, 2.10104212783e-06, 2.01032798941e-06, 2.18429522647e-06, 1.66575273397e-06, 1.40058898523e-06, 1.52977918333e-06, 1.57560634761e-06, 1.99257920031e-06],
        "dvar": [8.32177829579e-06, 6.49711091683e-06, 6.19996853857e-06, 6.19073216512e-06, 8.17253010155e-07, 7.36307441684e-08, 1.82745793609e-07, 1.00436921002e-07, 8.85769182446e-08, 1.48925110466e-07, 3.07155971768e-08, 4.0083889985e-08, 3.47525608291e-09, 4.2176653281e-09, 1.10670059783e-08, 6.23781648557e-09, 5.50646417352e-09, 3.24990545586e-09, 7.29048710291e-10, 5.82477732713e-10, 7.53695383882e-10, 5.35393840373e-10, 1.54595403146e-09, 1.36333355716e-09, 2.38837366551e-10, 9.66007551728e-11, 6.36596608761e-11, 3.03019553893e-11, 7.42569755685e-11, 1.22448620687e-10, 2.35957399453e-11, 4.16805583103e-11, 1.5306629228e-11, 1.89575178472e-11, 2.42740792744e-11, 1.1634635963e-11, 1.03028792095e-11, 1.26278215315e-11, 1.48986396137e-11, 2.90785208412e-11],
        "dvar2": [1.89017810044e-05, 1.62710748555e-05, 1.68937349372e-05, 1.7302660126e-05, 2.36960136135e-06, 2.0469369133e-07, 4.86740248107e-07, 2.2416671186e-07, 2.07429039278e-07, 3.559932793e-07, 7.52143662908e-08, 8.92649012485e-08, 9.18796594362e-09, 1.07349684697e-08, 2.43641373743e-08, 1.38464555377e-08, 1.4531145176e-08, 6.24210727551e-09, 1.61749436067e-09, 1.47472600798e-09, 2.02976879748e-09, 1.43855638512e-09, 4.15495726713e-09, 3.67089314501e-09, 6.1990657052e-10, 2.52596943362e-10, 1.76366532489e-10, 8.37296759704e-11, 2.13189146892e-10, 3.51694784406e-10, 5.95768087641e-11, 1.12493306337e-10, 3.09812904498e-11, 4.63735889966e-11, 6.04367389467e-11, 2.58349956012e-11, 2.37947717086e-11, 2.71189650597e-11, 3.08246657366e-11, 5.96490287719e-11],
        "max": [0.0261785015464, 0.0299081746489, 0.0241269636899, 0.0292410943657, 0.0109851611778, 0.00333866011351, 0.00859562028199, 0.00699009094387, 0.00701476214454, 0.00784468371421, 0.00432534050196, 0.00928313750774, 0.00114797602873, 0.00213396223262, 0.00365283247083, 0.0021846878808, 0.00176949647721, 0.00217566359788, 0.000877393758856, 0.00043605529936, 0.000519309891388, 0.000466569181299, 0.000776301196311, 0.000685150094796, 0.000256414641626, 0.000206452183193, 9.94800793706e-05, 6.59022989566e-05, 0.000113162626803, 0.000155932575581, 5.26745279785e-05, 7.96290769358e-05, 4.0487946535e-05, 4.8329038691e-05, 4.8553578381e-05, 3.52307069988e-05, 3.60918238584e-05, 3.52467650373e-05, 4.41811098426e-05, 5.71680175199e-05],
        "mean": [0.00568003579974, 0.005348384846, 0.00210712221451, 0.000981629709713, 0.000356022064807, 0.000203401854378, 0.000349573849235, 0.000314402219374, 0.000350447982782, 0.000392131565604, 0.000124821875943, 0.000128442858113, 5.25437972101e-05, 3.49333386112e-05, 8.00833004178e-05, 6.78640717524e-05, 3.72514114133e-05, 4.86726639792e-05, 2.66777296929e-05, 2.35677234741e-05, 2.03099625651e-05, 1.29112331706e-05, 1.3893657524e-05, 7.21610877008e-06, 4.34978710473e-06, 3.25088308273e-06, 2.61141963165e-06, 1.82067788046e-06, 2.09796303352e-06, 2.28426574722e-06, 1.8223851157e-06, 2.11461565414e-06, 1.81675727617e-06, 1.50696007495e-06, 1.68458916505e-06, 1.55076406827e-06, 1.26890495267e-06, 1.30618798266e-06, 1.6863343717e-06, 1.93350228983e-06],
        "median": [0.00562162091956, 0.00587387476116, 0.00133501912933, 0.000351329887053, 0.000163446587976, 0.000102989783045, 5.97375037614e-05, 5.21641231899e-05, 6.35951437289e-05, 6.86990169925e-05, 2.19493722398e-05, 2.96293364954e-05, 2.53024627455e-05, 6.66397045279e-06, 2.53967355093e-05, 2.1536137865e-05, 1.39254443638e-05, 2.18798231799e-05, 1.43221714097e-05, 1.39732219395e-05, 1.0081353139e-05, 5.60593343835e-06, 4.16560669692e-06, 1.49718982811e-06, 8.91014451554e-07, 6.19271929736e-07, 2.74849497828e-07, 1.23812213815e-07, 8.73154846204e-08, 5.42896714251e-08, 3.09259711173e-08, 1.8475889263e-08, 1.327207233e-08, 8.56239878999e-09, 4.74348782475e-09, 3.08852277087e-09, 2.016863343e-09, 1.20526721936e-09, 8.23936974204e-10, 3.10960063254e-10],
        "min": [2.10463040803e-24, 2.27072309947e-24, 1.50260548897e-24, 1.8176621378e-24, 2.7226928693e-24, 2.47463417714e-24, 1.55410292051e-24, 3.40355733609e-24, 4.28823762559e-24, 3.54189632316e-24, 4.44086012264e-24, 4.27419945135e-24, 2.28412919891e-24, 3.63339866614e-24, 4.86322887307e-24, 4.36977271103e-24, 5.78830436295e-24, 4.52323928925e-24, 4.02850793356e-24, 4.1430414651e-24, 4.06989118222e-24, 3.82195022755e-24, 3.67103798094e-24, 4.28884662621e-24, 3.60736428411e-24, 5.24296324145e-24, 3.85469387158e-24, 3.4427692451e-24, 4.9158490509e-24, 4.55048812264e-24, 4.24467790969e-24, 5.84431427608e-24, 5.64809932541e-24, 7.31954609443e-24, 7.00474878362e-24, 6.34620809437e-24, 7.89786554607e-24, 6.78575074114e-24, 6.2688070345e-24, 6.36625304997e-24],
        "var": [2.52655117947e-05, 1.83280571946e-05, 6.23987807558e-06, 4.30567615695e-06, 5.00031205775e-07, 8.24412822453e-08, 5.97974974426e-07, 4.46009863708e-07, 4.28349949289e-07, 7.13728468327e-07, 1.34641652494e-07, 2.16064478309e-07, 6.11923001159e-09, 1.0772310155e-08, 3.66728265533e-08, 2.0837815029e-08, 9.22672693804e-09, 1.42510243606e-08, 2.23908180885e-09, 1.07911335423e-09, 1.09605258203e-09, 5.79169934234e-10, 1.33633626387e-09, 9.59684776092e-10, 1.88214263619e-10, 8.08731484558e-11, 4.66344012018e-11, 2.33651639703e-11, 4.80507821032e-11, 7.51285700318e-11, 2.34277892225e-11, 3.75505009031e-11, 2.38410558656e-11, 2.11784756399e-11, 2.82093220311e-11, 1.99912707916e-11, 1.54590281548e-11, 1.84945322945e-11, 2.63259327532e-11, 4.39337559388e-11]
    },
    "mfcc": {
        "mean": [-725.541870117, 189.503417969, 1.42774319649, 16.8021812439, 21.097946167, 6.67053365707, -1.18308663368, 4.77317380905, 6.75158786774, 5.12145519257, 2.96206736565, -0.140484362841, -3.16510367393],
        "cov": [[15935.8642578, -3329.69604492, -1976.99963379, 642.971374512, 1049.38977051, 1321.46032715, 919.220031738, 1087.74780273, 1032.07617188, 843.074645996, 879.446105957, 620.177978516, 364.582550049], [-3329.69604492, 3869.88452148, -1367.7253418, -113.912132263, 380.191955566, -290.967834473, 61.3927459717, 21.1436309814, -14.4684972763, 27.4559993744, -35.0000457764, 7.76243591309, -20.131444931], [-1976.99963379, -1367.7253418, 2546.59204102, 77.5540390015, -423.822296143, 11.1925182343, -170.580871582, -196.503707886, -179.961425781, -230.16506958, -169.74559021, -113.083808899, -21.2613639832], [642.971374512, -113.912132263, 77.5540390015, 844.856262207, 242.232330322, 157.394973755, 226.779266357, 219.239425659, 130.887176514, 75.7512130737, 81.4677658081, 62.1478767395, 21.0254116058], [1049.38977051, 380.191955566, -423.822296143, 242.232330322, 870.150817871, 327.139099121, 256.040008545, 348.361755371, 253.620330811, 155.566299438, 156.519561768, 113.251701355, 98.6156692505], [1321.46032715, -290.967834473, 11.1925182343, 157.394973755, 327.139099121, 422.554992676, 184.213729858, 209.395858765, 187.474014282, 108.152893066, 109.793609619, 84.2988739014, 61.6890220642], [919.220031738, 61.3927459717, -170.580871582, 226.779266357, 256.040008545, 184.213729858, 261.406677246, 202.53062439, 162.371063232, 132.436691284, 107.922966003, 73.2202911377, 37.4278793335], [1087.74780273, 21.1436309814, -196.503707886, 219.239425659, 348.361755371, 209.395858765, 202.53062439, 314.315734863, 207.72177124, 128.98475647, 124.716041565, 70.7911453247, 37.1552772522], [1032.07617188, -14.4684972763, -179.961425781, 130.887176514, 253.620330811, 187.474014282, 162.371063232, 207.72177124, 237.334503174, 156.623687744, 113.024749756, 62.0238761902, 32.600189209], [843.074645996, 27.4559993744, -230.16506958, 75.7512130737, 155.566299438, 108.152893066, 132.436691284, 128.98475647, 156.623687744, 195.180511475, 131.145294189, 71.4073181152, 30.0970630646], [879.446105957, -35.0000457764, -169.74559021, 81.4677658081, 156.519561768, 109.793609619, 107.922966003, 124.716041565, 113.024749756, 131.145294189, 188.078460693, 121.977333069, 55.6444511414], [620.177978516, 7.76243591309, -113.083808899, 62.1478767395, 113.251701355, 84.2988739014, 73.2202911377, 70.7911453247, 62.0238761902, 71.4073181152, 121.977333069, 164.606506348, 106.024719238], [364.582550049, -20.131444931, -21.2613639832, 21.0254116058, 98.6156692505, 61.6890220642, 37.4278793335, 37.1552772522, 32.600189209, 30.0970630646, 55.6444511414, 106.024719238, 139.151687622]],
