{
"lowlevel": {
    "average_loudness": 0.537516355515,
    "barkbands_crest": {
        "dmean": 1.87669420242,
        "dmean2": 2.80637574196,
        "dvar": 2.62735462189,
        "dvar2": 5.79324769974,
        "max": 25.6604633331,
        "mean": 8.95193958282,
        "median": 8.27704906464,
        "min": 2.94868922234,
        "var": 9.98897361755
    },
    "barkbands_flatness_db": {
        "dmean": 0.0115042878315,
        "dmean2": 0.0165269970894,
        "dvar": 9.15164564503e-05,
        "dvar2": 0.00019582247478,
        "max": 0.363784372807,
        "mean": 0.186953052878,
        "median": 0.191403090954,
        "min": 0.0164675284177,
        "var": 0.0020722548943
    },
    "barkbands_kurtosis": {
        "dmean": 0.867186427116,
        "dmean2": 1.28832507133,
        "dvar": 0.93733048439,
        "dvar2": 1.9689193964,
        "max": 42.209186554,
        "mean": 1.19317722321,
        "median": 0.823422431946,
        "min": -1.57305884361,
        "var": 3.14837479591
    },
    "barkbands_skewness": {
        "dmean": 0.272127509117,
        "dmean2": 0.393189400434,
        "dvar": 0.0525379143655,
        "dvar2": 0.112947039306,
        "max": 5.0564661026,
        "mean": 0.430284559727,
        "median": 0.457865089178,
        "min": -2.3597509861,
        "var": 0.401637643576
    },
    "barkbands_spread": {
        "dmean": 1.86739242077,
        "dmean2": 2.69008421898,
        "dvar": 3.39419555664,
        "dvar2": 6.98278617859,
        "max": 63.2080345154,
        "mean": 11.8259010315,
        "median": 10.6740922928,
        "min": 1.37624251842,
        "var": 33.3658752441
    },
    "dissonance": {
        "dmean": 0.0256140455604,
        "dmean2": 0.042072493583,
        "dvar": 0.000521297450177,
        "dvar2": 0.00137309043203,
        "max": 0.5,
        "mean": 0.429723143578,
        "median": 0.433911323547,
        "min": 0.208693638444,
        "var": 0.00157792284153
    },
    "dynamic_complexity": 2.10967469215,
    "erbbands_crest": {
        "dmean": 2.34979152679,
        "dmean2": 3.52583265305,
        "dvar": 4.64240837097,
        "dvar2": 9.82455348969,
        "max": 31.4284076691,
        "mean": 10.3324623108,
        "median": 9.31370544434,
        "min": 2.57499957085,
        "var": 18.2659168243
    },
    "erbbands_flatness_db": {
        "dmean": 0.0111950142309,
        "dmean2": 0.0158582758158,
        "dvar": 9.58923774306e-05,
        "dvar2": 0.000187650410226,
        "max": 0.423105984926,
        "mean": 0.258425354958,
        "median": 0.265564143658,
        "min": 0.066007733345,
        "var": 0.002337356098
    },
    "erbbands_kurtosis": {
        "dmean": 0.783953130245,
        "dmean2": 1.17341923714,
        "dvar": 0.787771463394,
        "dvar2": 1.65022695065,
        "max": 29.554725647,
        "mean": 0.637182712555,
        "median": 0.289494514465,
        "min": -1.5049431324,
        "var": 2.22775030136
    },
    "erbbands_skewness": {
        "dmean": 0.297826737165,
        "dmean2": 0.432067066431,
        "dvar": 0.0621441118419,
        "dvar2": 0.130644157529,
        "max": 4.46052742004,
        "mean": 0.388122946024,
        "median": 0.392189234495,
        "min": -2.44107842445,
        "var": 0.299190014601
    },
    "erbbands_spread": {
        "dmean": 2.75998258591,
        "dmean2": 4.02413606644,
        "dvar": 6.43832778931,
        "dvar2": 14.0614204407,
        "max": 72.3577423096,
        "mean": 17.2590389252,
        "median": 15.7609481812,
        "min": 2.22278642654,
        "var": 59.0250282288
    },
    "hfc": {
        "dmean": 3.59983277321,
        "dmean2": 4.94172859192,
        "dvar": 15.747297287,
        "dvar2": 30.622713089,
        "max": 94.5568161011,
        "mean": 19.3327255249,
        "median": 17.1546897888,
        "min": 1.04208531207e-16,
        "var": 136.424957275
    },
    "melbands_crest": {
        "dmean": 2.23384642601,
        "dmean2": 3.35410881042,
        "dvar": 4.03959941864,
        "dvar2": 9.82822704315,
        "max": 31.974615097,
        "mean": 10.7762966156,
        "median": 10.0903425217,
        "min": 1.56929683685,
        "var": 15.3443746567
    },
    "melbands_flatness_db": {
        "dmean": 0.0125717772171,
        "dmean2": 0.018233589828,
        "dvar": 0.000119314936455,
        "dvar2": 0.000263683905359,
        "max": 0.472486943007,
        "mean": 0.238701805472,
        "median": 0.242803096771,
        "min": 0.00261556939222,
        "var": 0.00332798529416
    },
    "melbands_kurtosis": {
        "dmean": 1.26138591766,
        "dmean2": 1.88345396519,
        "dvar": 2.11539769173,
        "dvar2": 4.65989017487,
        "max": 51.486038208,
        "mean": 2.11343216896,
        "median": 1.54192256927,
        "min": -1.61702394485,
        "var": 6.98607587814
    },
    "melbands_skewness": {
        "dmean": 0.309782922268,
        "dmean2": 0.446966558695,
        "dvar": 0.0724630653858,
        "dvar2": 0.157620429993,
        "max": 5.36346435547,
        "mean": 0.997160792351,
        "median": 0.974186778069,
        "min": -1.74301695824,
        "var": 0.393122196198
    },
    "melbands_spread": {
        "dmean": 3.04179048538,
        "dmean2": 4.47508525848,
        "dvar": 12.0274972916,
        "dvar2": 28.2515010834,
        "max": 162.824279785,
        "mean": 18.4796886444,
        "median": 15.2114276886,
        "min": 2.15531086922,
        "var": 303.937438965
    },
    "pitch_salience": {
        "dmean": 0.0500352568924,
        "dmean2": 0.0769060328603,
        "dvar": 0.00167217827402,
        "dvar2": 0.00398904783651,
        "max": 0.966859281063,
        "mean": 0.58551210165,
        "median": 0.586309015751,
        "min": 0.181632012129,
        "var": 0.00767914159223
    },
    "silence_rate_20dB": {
        "dmean": 0,
        "dmean2": 0,
        "dvar": 0,
        "dvar2": 0,
        "max": 1,
        "mean": 1,
        "median": 1,
        "min": 1,
        "var": 0
    },
    "silence_rate_30dB": {
        "dmean": 0.00101273145992,
        "dmean2": 0.00202560960315,
        "dvar": 0.00101164123043,
        "dvar2": 0.00216593407094,
        "max": 1,
        "mean": 0.998264014721,
        "median": 1,
        "min": 0,
        "var": 0.00173361680936
    },
    "silence_rate_60dB": {
        "dmean": 0.00217013899237,
        "dmean2": 0.00434059184045,
        "dvar": 0.00216487050056,
        "dvar2": 0.00475594308227,
        "max": 1,
        "mean": 0.0316817350686,
        "median": 0,
        "min": 0,
        "var": 0.0306813679636
    },
    "spectral_centroid": {
        "dmean": 100.223876953,
        "dmean2": 152.33744812,
        "dvar": 19882.8789062,
        "dvar2": 41775.5,
        "max": 11869.7539062,
        "mean": 1120.42565918,
        "median": 855.964599609,
        "min": 330.448669434,
        "var": 2032792.125
    },
    "spectral_complexity": {
        "dmean": 1.72381365299,
        "dmean2": 2.86059474945,
        "dvar": 2.32442450523,
        "dvar2": 5.74297046661,
        "max": 52,
        "mean": 17.0368900299,
        "median": 17,
        "min": 0,
        "var": 29.542640686
    },
    "spectral_decrease": {
        "dmean": 1.22512977541e-09,
        "dmean2": 1.70199332405e-09,
        "dvar": 1.73894830096e-18,
        "dvar2": 3.84171503714e-18,
        "max": 1.71106530428e-22,
        "mean": -6.73539357621e-09,
        "median": -5.94835203316e-09,
        "min": -4.29239186417e-08,
        "var": 1.69168262173e-17
    },
    "spectral_energy": {
        "dmean": 0.00490795588121,
        "dmean2": 0.00680666835979,
        "dvar": 2.75838065136e-05,
        "dvar2": 6.0111102357e-05,
        "max": 0.168494671583,
        "mean": 0.0271745100617,
        "median": 0.024062210694,
        "min": 1.00176103902e-20,
        "var": 0.000270736927632
    },
    "spectral_energyband_high": {
        "dmean": 3.4414610127e-05,
        "dmean2": 5.2595820307e-05,
        "dvar": 9.9887609295e-09,
        "dvar2": 2.16162607813e-08,
        "max": 0.00456221867353,
        "mean": 0.00012435791723,
        "median": 3.71193236788e-05,
        "min": 6.91437123638e-21,
        "var": 1.20074091114e-07
    },
    "spectral_energyband_low": {
        "dmean": 0.000860809523147,
        "dmean2": 0.00141811184585,
        "dvar": 5.98603764956e-06,
        "dvar2": 1.74686756509e-05,
        "max": 0.0405568256974,
        "mean": 0.00178936205339,
        "median": 0.000539134081919,
        "min": 1.3287757681e-23,
        "var": 1.05920116766e-05
    },
    "spectral_energyband_middle_high": {
        "dmean": 0.0024130071979,
        "dmean2": 0.00324072944932,
        "dvar": 8.86493762664e-06,
        "dvar2": 1.60722865985e-05,
        "max": 0.0897965431213,
        "mean": 0.00871868710965,
        "median": 0.00703769922256,
        "min": 1.1457464255e-21,
        "var": 4.94022860948e-05
    },
    "spectral_energyband_middle_low": {
        "dmean": 0.00369070284069,
        "dmean2": 0.00496267247945,
        "dvar": 1.63643253472e-05,
        "dvar2": 3.44378095178e-05,
        "max": 0.140252590179,
        "mean": 0.0166679807007,
        "median": 0.0136200385168,
        "min": 1.24338059692e-22,
        "var": 0.000153907647473
    },
    "spectral_entropy": {
        "dmean": 0.0835653841496,
        "dmean2": 0.120538800955,
        "dvar": 0.0051882234402,
        "dvar2": 0.0103854462504,
        "max": 9.8285112381,
        "mean": 6.83088064194,
        "median": 6.74509239197,
        "min": 5.43000555038,
        "var": 0.287992805243
    },
    "spectral_flux": {
        "dmean": 0.0120028983802,
        "dmean2": 0.0201480872929,
        "dvar": 0.000126094280859,
        "dvar2": 0.000347145396518,
        "max": 0.176939919591,
        "mean": 0.0573943033814,
        "median": 0.0550419390202,
        "min": 6.34798671961e-11,
        "var": 0.000512341968715
    },
    "spectral_kurtosis": {
        "dmean": 5.84999418259,
        "dmean2": 10.4327402115,
        "dvar": 37.6204719543,
        "dvar2": 116.203521729,
        "max": 176.318695068,
        "mean": 13.530585289,
        "median": 10.8963346481,
        "min": -1.28167665005,
        "var": 115.414916992
    },
    "spectral_rms": {
        "dmean": 0.000448215549113,
        "dmean2": 0.000617738754954,
        "dvar": 1.61556258149e-07,
        "dvar2": 3.47246242427e-07,
        "max": 0.0128212729469,
        "mean": 0.00488851359114,
        "median": 0.00484513444826,
        "min": 3.12622432282e-12,
        "var": 2.61423633674e-06
    },
    "spectral_rolloff": {
        "dmean": 176.362182617,
        "dmean2": 298.014007568,
        "dvar": 86463.78125,
        "dvar2": 172042.28125,
        "max": 19810.546875,
        "mean": 1505.07177734,
        "median": 1098.19335938,
        "min": 344.53125,
        "var": 6052693
    },
    "spectral_skewness": {
        "dmean": 0.439851611853,
        "dmean2": 0.777681589127,
        "dvar": 0.166300103068,
        "dvar2": 0.517120957375,
        "max": 10.9001789093,
        "mean": 2.40912556648,
        "median": 2.29721903801,
        "min": -0.0855096578598,
        "var": 0.774033486843
    },
    "spectral_spread": {
        "dmean": 197176.859375,
        "dmean2": 334236.78125,
        "dvar": 180044824576,
        "dvar2": 371318489088,
        "max": 42920636,
        "mean": 3012544.75,
        "median": 2199669,
        "min": 593898.75,
        "var": 2.81846092923e+13
    },
    "spectral_strongpeak": {
        "dmean": 0.734027564526,
        "dmean2": 1.16851556301,
        "dvar": 0.847741425037,
        "dvar2": 1.9271504879,
        "max": 11.4124746323,
        "mean": 1.9359099865,
        "median": 1.56688594818,
        "min": 0,
        "var": 2.27796602249
    },
    "zerocrossingrate": {
        "dmean": 0.00376281025819,
        "dmean2": 0.00484904274344,
        "dvar": 3.32092859026e-05,
        "dvar2": 6.0454949562e-05,
        "max": 0.5302734375,
        "mean": 0.0508133545518,
        "median": 0.0400390625,
        "min": 0.01611328125,
        "var": 0.00417203363031
    },
    "barkbands": {
        "dmean": [6.36301992927e-05, 0.000231619458646, 0.00060876167845, 0.000236972584389, 0.000810694240499, 0.00125163595658, 0.00138128781691, 0.00111904973164, 0.00125107495114, 0.00115806295071, 0.000752755964641, 0.000759911956266, 0.000498759793118, 0.000607987807598, 0.00026855309261, 0.000138737232191, 0.000117730211059, 5.69661679037e-05, 6.21099607088e-05, 3.99808413931e-05, 2.13377879845e-05, 7.79106267146e-06, 3.10503082801e-06, 1.65091535109e-06, 6.67698316192e-07, 2.69235442829e-07, 3.48151480978e-08],
        "dmean2": [0.000104356389784, 0.000401016674004, 0.000985281658359, 0.000395201379433, 0.00117312453222, 0.00175096839666, 0.00195081450511, 0.00137228204403, 0.00150622124784, 0.00138803990558, 0.00100196083076, 0.0010644774884, 0.000763109594118, 0.000913863885216, 0.000429539592005, 0.000230715348152, 0.000198006309802, 9.48634042288e-05, 0.000106347732071, 6.70733934385e-05, 3.54944604624e-05, 1.29330192067e-05, 4.89253352498e-06, 2.72193642559e-06, 1.02216722553e-06, 3.48518966575e-07, 5.31319130914e-08],
        "dvar": [4.70774708106e-09, 6.81068456743e-07, 3.21752281707e-06, 3.04417000052e-07, 1.69033023667e-06, 4.06594517699e-06, 4.34744197264e-06, 3.93210575567e-06, 3.74482078769e-06, 4.5401720854e-06, 2.59532794189e-06, 2.93344669444e-06, 8.13361396013e-07, 1.11176109385e-06, 2.93744022883e-07, 7.52355120426e-08, 6.80483793758e-08, 1.50780046226e-08, 2.19771507659e-08, 8.10021116848e-09, 3.5833733758e-09, 4.95963992098e-10, 7.91598731009e-11, 5.58949553309e-11, 9.93053382581e-12, 1.99954202501e-12, 4.23785118597e-14],
        "dvar2": [1.26524595245e-08, 2.16136072595e-06, 9.16813951335e-06, 8.73027829584e-07, 4.00530461775e-06, 1.13298647193e-05, 1.01847481346e-05, 5.60915032111e-06, 5.24738834429e-06, 6.77883372191e-06, 4.5425413191e-06, 5.76922047912e-06, 1.73045361862e-06, 2.41520729105e-06, 7.05977868165e-07, 2.02273398031e-07, 1.86122164791e-07, 3.81524749571e-08, 6.40829256326e-08, 2.13092121726e-08, 9.15417874836e-09, 1.34207511771e-09, 1.84602291786e-10, 1.61646016017e-10, 2.28677823205e-11, 3.19913214843e-12, 9.22727064027e-14],
        "max": [0.00367021164857, 0.0131154032424, 0.0307555906475, 0.0202054008842, 0.0480979792774, 0.0525742359459, 0.0875406488776, 0.0664639249444, 0.0510868355632, 0.0794143974781, 0.0596097707748, 0.0560797713697, 0.0297723375261, 0.0275299083441, 0.0126400766894, 0.00875991489738, 0.00925208162516, 0.00349125964567, 0.0034206842538, 0.00381434801966, 0.00185996678192, 0.000801116169896, 0.00040191662265, 0.000290835043415, 0.000145163518027, 7.61671108194e-05, 1.50839305206e-05],
        "mean": [0.000580289633945, 0.000397212454118, 0.00104463694151, 0.00046578104957, 0.00245383451693, 0.00358531414531, 0.00327697745524, 0.00278358161449, 0.00336289778352, 0.00296390010044, 0.00153959612362, 0.00143951224163, 0.000928602181375, 0.00111095537432, 0.000434549263446, 0.000229783778195, 0.000193949526874, 0.000105819264718, 0.000107011604996, 8.03752627689e-05, 4.8845056881e-05, 2.13283565245e-05, 1.02578787846e-05, 5.42383122593e-06, 2.71065118795e-06, 1.22985818507e-06, 1.09588370378e-07],
        "median": [0.000493824714795, 4.68509642815e-05, 0.000141264725244, 0.000164669429068, 0.00142408604734, 0.00208000838757, 0.00186668254901, 0.00128961587325, 0.00179071514867, 0.00113749317825, 0.000701242068317, 0.000608457368799, 0.000488888588734, 0.000491415325087, 0.000215220003156, 0.000130047192215, 8.57019476825e-05, 4.51762534794e-05, 4.30930522271e-05, 3.55860065611e-05, 1.42417275129e-05, 6.08530535828e-06, 2.40386907535e-06, 9.87869498204e-07, 3.62803859844e-07, 8.20393353251e-08, 4.68759031591e-09],
        "min": [2.06955254924e-26, 1.94542723331e-24, 6.88353665705e-25, 7.01314601074e-25, 5.56688727851e-24, 1.62820861255e-24, 3.30954680986e-24, 2.4177123408e-24, 1.59396918965e-23, 9.35952146267e-24, 4.865429795e-24, 2.03904451237e-23, 2.02327534065e-23, 3.28961150592e-23, 4.09148482955e-23, 4.59347425777e-23, 5.20298006313e-23, 5.99696414661e-23, 1.14105486144e-22, 1.23162126829e-22, 2.28277716232e-22, 2.95011183628e-22, 3.98798874003e-22, 5.65125715139e-22, 8.59537591671e-22, 1.28543796509e-21, 1.91542718125e-21],
        "var": [1.73871939069e-07, 1.01791613361e-06, 5.48414936929e-06, 8.81888524873e-07, 1.09147549665e-05, 1.98783563974e-05, 1.82208405022e-05, 2.04716070584e-05, 1.99195364985e-05, 2.77258186543e-05, 7.95161304268e-06, 7.55452765588e-06, 2.24793529924e-06, 3.18215325024e-06, 5.41714484825e-07, 1.20583734997e-07, 1.25631714809e-07, 4.47098820189e-08, 3.96580261963e-08, 3.12346628561e-08, 1.64372000455e-08, 3.11482817317e-09, 8.83596362744e-10, 4.11901068809e-10, 1.24126861567e-10, 3.25593788042e-11, 3.74559839525e-13]
    },
    "erbbands": {
        "dmean": [0.00158038060181, 0.0764326602221, 0.621206521988, 0.665557324886, 1.69995129108, 2.84408760071, 6.49216985703, 11.3408527374, 20.2147121429, 18.607460022, 24.4060230255, 26.8979034424, 33.6790351868, 26.7374858856, 29.731710434, 28.3479003906, 24.5734634399, 23.0878753662, 21.484828949, 11.484126091, 7.5145316124, 5.41193199158, 3.10187959671, 3.40087556839, 2.40306830406, 1.85465323925, 1.17636835575, 0.573009550571, 0.301173090935, 0.164881512523, 0.0793948173523, 0.0431202575564, 0.0236600060016, 0.0100133782253, 0.00390308513306, 0.00161836191546, 0.00044108426664, 5.49038122699e-05, 7.64787182561e-06, 5.87682006881e-06],
        "dmean2": [0.00268402765505, 0.130196869373, 1.0018633604, 1.09515273571, 2.62395334244, 4.1004357338, 9.07909297943, 15.6514053345, 28.7731723785, 25.4739589691, 28.2419548035, 32.6247596741, 41.0368499756, 32.0690116882, 40.2488708496, 39.9273872375, 36.9245681763, 34.2164459229, 33.2903022766, 18.6193580627, 12.6204223633, 9.05593776703, 5.17847633362, 5.75539875031, 4.11947870255, 3.13078641891, 1.96432745457, 0.938371539116, 0.49434325099, 0.267492175102, 0.12677718699, 0.0692346543074, 0.0391929373145, 0.0155263217166, 0.00596699351445, 0.00224038073793, 0.000567652052268, 7.54113134462e-05, 1.10286873678e-05, 8.17783620732e-06],
        "dvar": [1.95804768737e-05, 0.068526647985, 3.50315284729, 2.25261092186, 14.7343158722, 23.31183815, 127.417694092, 356.892730713, 960.487060547, 860.594848633, 1612.80053711, 1745.99145508, 4584.19482422, 1477.81347656, 5524.75244141, 6067.26660156, 1949.15368652, 1680.13464355, 1554.67248535, 459.228179932, 202.383468628, 102.63973999, 36.099899292, 70.4662017822, 47.9130592346, 18.092956543, 12.2484674454, 2.85914039612, 0.802022814751, 0.186641946435, 0.0581977851689, 0.0313636288047, 0.0121077662334, 0.00218285503797, 0.00036202793126, 7.12905457476e-05, 6.0260963437e-06, 1.47471482137e-07, 1.23327426049e-09, 4.01322967913e-11],
        "dvar2": [5.93460463278e-05, 0.214209586382, 10.022767067, 6.42482614517, 37.2304000854, 52.0289459229, 321.968017578, 935.311218262, 2314.74291992, 1970.40539551, 2022.4465332, 2478.81640625, 7355.24609375, 1957.60583496, 9890.19726562, 12107.1201172, 4110.16894531, 3601.328125, 3487.74047852, 1158.1484375, 569.702819824, 261.369415283, 89.548286438, 198.294448853, 141.209625244, 49.2588539124, 33.2502288818, 7.37944221497, 2.07325267792, 0.47221711278, 0.147703960538, 0.0840119794011, 0.0352718792856, 0.00515399314463, 0.000864851172082, 0.000137149356306, 9.66767674981e-06, 2.68509609214e-07, 2.45616260663e-09, 8.81002007458e-11],
        "max": [0.0984051600099, 3.9390707016, 32.3806877136, 36.144947052, 177.782165527, 247.181152344, 340.002624512, 584.506469727, 640.348754883, 1143.74450684, 1253.76660156, 1206.32788086, 2646.5769043, 1245.67834473, 3036.47265625, 2881.39819336, 1467.44152832, 1205.00427246, 1089.23718262, 657.871704102, 323.447814941, 240.71232605, 169.074386597, 258.243804932, 227.278411865, 162.983688354, 100.950668335, 58.391494751, 37.6337280273, 18.5936794281, 9.4657201767, 7.32460737228, 4.11932754517, 1.9902163744, 0.968763947487, 0.401821285486, 0.142213910818, 0.0354488603771, 0.00262541393749, 0.00019807498029],
        "mean": [0.00453652814031, 0.134293884039, 1.08670091629, 1.39405143261, 4.03979349136, 8.72699546814, 19.4878406525, 31.5104827881, 46.800113678, 48.2380599976, 67.4137420654, 72.4471893311, 89.0735549927, 72.4846191406, 64.9476928711, 56.6893997192, 48.6442222595, 46.195854187, 38.6160316467, 19.9863491058, 13.0135545731, 9.80086135864, 6.35779905319, 6.34222745895, 4.67627048492, 3.89918518066, 2.55879330635, 1.4054210186, 0.822537362576, 0.504462301731, 0.262285292149, 0.139852032065, 0.0753898024559, 0.0374915339053, 0.015702161938, 0.00684511614963, 0.00193141016643, 0.000252224039286, 3.21514162351e-05, 3.26687440975e-05],
        "median": [0.00215062289499, 0.0174356214702, 0.159657582641, 0.476233541965, 1.79256367683, 4.46147108078, 10.9210271835, 18.3030223846, 25.9576473236, 27.2867488861, 36.2245826721, 41.1605072021, 39.1012115479, 43.4462738037, 35.3346748352, 27.2233791351, 27.6563987732, 22.208404541, 19.8896446228, 12.1148033142, 7.33929443359, 5.11730146408, 3.43202805519, 2.86996054649, 2.11996388435, 1.68394291401, 0.791778564453, 0.394253760576, 0.237063810229, 0.135659396648, 0.0625814050436, 0.0279957521707, 0.0122563801706, 0.00551890395582, 0.00189653679263, 0.000556290964596, 0.000140112853842, 2.00628637685e-05, 1.41713317134e-05, 2.86601461994e-05],
        "min": [3.87247558524e-23, 1.84513720072e-22, 2.1757695563e-21, 2.25953956673e-21, 5.938985142e-21, 1.78169937962e-20, 2.55208499583e-20, 3.05078330141e-20, 8.65717600199e-20, 1.56783684056e-19, 1.80003031592e-19, 3.92113156208e-19, 3.27612869064e-19, 6.19908279599e-19, 5.91604847374e-19, 1.29402067076e-18, 1.60646240116e-18, 1.92044413506e-18, 2.28643412619e-18, 2.74572347297e-18, 3.27091285159e-18, 3.40166405025e-18, 4.30605080604e-18, 5.55198953575e-18, 6.14369705692e-18, 6.18063315281e-18, 8.14970682249e-18, 9.93163336012e-18, 9.07949422695e-18, 1.13987151043e-17, 1.09721686681e-17, 1.06155950942e-17, 8.69112052165e-18, 8.6199987054e-18, 6.29722177861e-18, 4.06556954964e-18, 2.21201889033e-18, 9.13229626738e-19, 2.37948868808e-19, 2.52731255207e-20],
        "var": [6.27566696494e-05, 0.102028228343, 5.93684864044, 5.46062231064, 52.1457290649, 206.141967773, 732.062988281, 1677.9473877, 3455.45922852, 3854.21679688, 9125.91308594, 8678.5, 24174.5839844, 8550.74609375, 15505.6582031, 14731.6855469, 5434.30761719, 5097.34667969, 3809.76196289, 752.337524414, 328.928222656, 262.049499512, 121.515670776, 131.504943848, 90.7047805786, 66.0976104736, 48.0814704895, 15.2352800369, 5.08207654953, 1.62097370625, 0.578115165234, 0.248209252954, 0.0903476923704, 0.0232483912259, 0.00418446119875, 0.000937824486755, 8.41595756356e-05, 1.89500974557e-06, 1.13894236264e-08, 4.08298672649e-10]
    },
    "gfcc": {
        "mean": [-66.230255127, 147.996826172, -166.242736816, -7.22138977051, -66.4879150391, -9.13856983185, -29.8792896271, -9.95636367798, -15.9902801514, -5.51576805115, -6.53800201416, -8.61664867401, -2.69734740257],
        "cov": [[25479.8964844, 2691.55737305, -3333.03637695, 316.772277832, -1443.03881836, -52.1796951294, -653.61517334, -74.5859985352, -473.250579834, -85.1753997803, -303.473815918, -181.830307007, -181.932220459], [2691.55737305, 1670.12475586, -260.486328125, -242.155563354, 30.3041267395, -91.4689025879, 16.427444458, -195.972793579, 44.4522514343, -177.536682129, 68.7713546753, -141.766143799, 66.1394958496], [-3333.03637695, -260.486328125, 951.861022949, 183.661239624, 326.167724609, 97.1465377808, 136.749298096, 63.254360199, 25.536031723, -24.8423290253, -47.2427940369, 0.402149140835, -56.3521652222], [316.772277832, -242.155563354, 183.661239624, 301.360321045, 55.3555641174, 89.6028823853, 5.85623502731, 84.0405654907, -47.1911888123, 24.281993866, -67.6938476562, 13.4507875443, -62.9200019836], [-1443.03881836, 30.3041267395, 326.167724609, 55.3555641174, 232.786148071, 68.4430847168, 79.9648742676, 3.88274264336, 29.5326442719, -15.9309225082, 3.20874905586, -16.0051116943, -12.3447751999], [-52.1796951294, -91.4689025879, 97.1465377808, 89.6028823853, 68.4430847168, 124.623374939, 50.7818870544, 38.1247367859, -9.39672756195, 6.99675321579, -23.4788532257, 1.58973324299, -26.2510108948], [-653.61517334, 16.427444458, 136.749298096, 5.85623502731, 79.9648742676, 50.7818870544, 104.534599304, 35.635383606, 18.8904266357, -16.0994930267, 1.30854511261, -8.91156482697, -5.10847568512], [-74.5859985352, -195.972793579, 63.254360199, 84.0405654907, 3.88274264336, 38.1247367859, 35.635383606, 103.211128235, 11.3383407593, 18.3473167419, -31.4930343628, 14.138469696, -27.8550071716], [-473.250579834, 44.4522514343, 25.536031723, -47.1911888123, 29.5326442719, -9.39672756195, 18.8904266357, 11.3383407593, 77.047706604, 16.9917201996, 25.2911128998, -7.92982673645, 18.1817703247], [-85.1753997803, -177.536682129, -24.8423290253, 24.281993866, -15.9309225082, 6.99675321579, -16.0994930267, 18.3473167419, 16.9917201996, 83.3078079224, 18.9909076691, 12.8083190918, -14.5427732468], [-303.473815918, 68.7713546753, -47.2427940369, -67.6938476562, 3.20874905586, -23.4788532257, 1.30854511261, -31.4930343628, 25.2911128998, 18.9909076691, 92.6047210693, 22.942522049, 33.1942329407], [-181.830307007, -141.766143799, 0.402149140835, 13.4507875443, -16.0051116943, 1.58973324299, -8.91156482697, 14.138469696, -7.92982673645, 12.8083190918, 22.942522049, 65.1739349365, 21.4553375244], [-181.932220459, 66.1394958496, -56.3521652222, -62.9200019836, -12.3447751999, -26.2510108948, -5.10847568512, -27.8550071716, 18.1817703247, -14.5427732468, 33.1942329407, 21.4553375244, 81.5213928223]],
        "icov": [[0.000501455389895, -0.00138523580972, 0.00107228849083, -0.00101877504494, 0.00168484484311, -0.00136251875665, 0.00133221189026, -0.00135031051468, 0.00152607064229, -0.00120109657291, 0.00135212857276, -0.000785593641922, 0.000737925467547], [-0.00138523580972, 0.0053306366317, -0.00237974501215, 0.00215203640983, -0.00475826533511, 0.00405392609537, -0.00438270671293, 0.00581983430311, -0.0058206776157, 0.00659634033218, -0.00518223876134, 0.00455629918724, -0.00171558617149], [0.00107228849083, -0.00237974501215, 0.00510030193254, -0.00340492930263, 0.000311968673486, -0.00127298210282, 0.000858182145748, -0.00161122798454, 0.00194614427164, -0.00111465598457, 0.00385147333145, -0.00279222615063, 0.00289565860294], [-0.00101877504494, 0.00215203640983, -0.00340492930263, 0.0106484061107, -0.00538248615339, -0.000696061761118, 0.00251989369281, -0.00462338421494, 0.00311125139706, -0.000856265134644, -0.000930773036089, 0.00102475634776, -0.00135302147828], [0.00168484484311, -0.00475826533511, 0.000311968673486, -0.00538248615339, 0.0182527527213, -0.00840182602406, 0.000622410676442, 0.000604104541708, 0.000451304105809, -0.00256911269389, 0.00240678642876, -0.0010862716008, 0.00273271650076], [-0.00136251875665, 0.00405392609537, -0.00127298210282, -0.000696061761118, -0.00840182602406, 0.0189918894321, -0.0111759658903, 0.00484426179901, -0.00298488116823, 0.00135518959723, -0.000947020016611, -1.9273664293e-05, -0.000650528818369], [0.00133221189026, -0.00438270671293, 0.000858182145748, 0.00251989369281, 0.000622410676442, -0.0111759658903, 0.0270172432065, -0.0169411711395, 0.00716892071068, -2.04348234547e-05, -0.00171468127519, 0.0030082880985, -0.000229254670558], [-0.00135031051468, 0.00581983430311, -0.00161122798454, -0.00462338421494, 0.000604104541708, 0.00484426179901, -0.0169411711395, 0.0323278866708, -0.0180371850729, 0.00580808985978, 0.00293240719475, -0.00528436433524, 0.00447417935356], [0.00152607064229, -0.0058206776157, 0.00194614427164, 0.00311125139706, 0.000451304105809, -0.00298488116823, 0.00716892071068, -0.0180371850729, 0.0319360271096, -0.0137978121638, 0.000684615166392, 0.0042569367215, -0.00571521557868], [-0.00120109657291, 0.00659634033218, -0.00111465598457, -0.000856265134644, -0.00256911269389, 0.00135518959723, -2.04348234547e-05, 0.00580808985978, -0.0137978121638, 0.0285906046629, -0.0125643741339, 0.00487235747278, 0.0045783771202], [0.00135212857276, -0.00518223876134, 0.00385147333145, -0.000930773036089, 0.00240678642876, -0.000947020016611, -0.00171468127519, 0.00293240719475, 0.000684615166392, -0.0125643741339, 0.0268570464104, -0.0147074572742, 0.000660942052491], [-0.000785593641922, 0.00455629918724, -0.00279222615063, 0.00102475634776, -0.0010862716008, -1.9273664293e-05, 0.0030082880985, -0.00528436433524, 0.0042569367215, 0.00487235747278, -0.0147074572742, 0.0325284413993, -0.0110294660553], [0.000737925467547, -0.00171558617149, 0.00289565860294, -0.00135302147828, 0.00273271650076, -0.000650528818369, -0.000229254670558, 0.00447417935356, -0.00571521557868, 0.0045783771202, 0.000660942052491, -0.0110294660553, 0.0227066334337]]
    },
    "melbands": {
        "dmean": [3.76863026759e-05, 0.000245369097684, 0.000134595349664, 0.000167169084307, 0.000199931731913, 0.00025345251197, 0.00029787272797, 0.000220224246732, 0.000208727025893, 0.000166398458532, 0.000177041059942, 0.000118935276987, 0.00010311837832, 8.82364038262e-05, 7.76660235715e-05, 4.30014297308e-05, 4.71637904411e-05, 4.19753123424e-05, 2.01619350264e-05, 1.22020965136e-05, 8.82851145434e-06, 6.37051152808e-06, 4.02037812819e-06, 3.22834398503e-06, 2.93301582133e-06, 2.24512086788e-06, 1.59780449849e-06, 1.25114911498e-06, 9.41880671235e-07, 4.85567056785e-07, 3.59493043334e-07, 1.94313926727e-07, 1.65141230468e-07, 9.6875005795e-08, 5.95056768304e-08, 3.39358265933e-08, 2.90765118649e-08, 1.99579286431e-08, 1.37270772527e-08, 8.96089158431e-09],
        "dmean2": [6.52003000141e-05, 0.000400717603043, 0.000218485831283, 0.000247891235631, 0.000280664826278, 0.000349677342456, 0.000424997211667, 0.000291997683235, 0.000241877336521, 0.000202110823011, 0.000215231397306, 0.000141353651998, 0.00013881783525, 0.000122954705148, 0.000112976704258, 6.43171661068e-05, 7.01132812537e-05, 6.48882269161e-05, 3.22024425259e-05, 2.0105009753e-05, 1.49453408085e-05, 1.07228934212e-05, 6.69919973006e-06, 5.43173746337e-06, 4.98630106449e-06, 3.85515886592e-06, 2.74574563264e-06, 2.11339056477e-06, 1.57229658271e-06, 8.16062538433e-07, 6.04979675245e-07, 3.24204052049e-07, 2.82806098539e-07, 1.59226374308e-07, 9.77398855184e-08, 5.66255238255e-08, 4.74207944023e-08, 3.38065895278e-08, 2.22086278256e-08, 1.4756833977e-08],
        "dvar": [1.54748782677e-08, 5.58394617656e-07, 8.6510759445e-08, 9.27320513711e-08, 1.07543911554e-07, 1.60714179742e-07, 2.04003100635e-07, 1.21760450611e-07, 1.01693018451e-07, 6.49890736781e-08, 1.21092796235e-07, 3.20863478009e-08, 4.67142236005e-08, 4.39866383317e-08, 1.95351148591e-08, 5.09105513302e-09, 7.20154691436e-09, 7.30094118495e-09, 2.34665931131e-09, 6.81982414985e-10, 3.76013387093e-10, 1.88232096576e-10, 7.00669591791e-11, 5.50852835568e-11, 6.13532835647e-11, 4.22499327191e-11, 1.0193770307e-11, 1.20626781133e-11, 8.96507867942e-12, 2.97833719493e-12, 1.25903118226e-12, 3.97362183305e-13, 2.16971379014e-13, 7.07330109198e-14, 3.57861459107e-14, 1.43475539744e-14, 1.56888729981e-14, 8.72801044762e-15, 3.87430074865e-15, 1.90927896696e-15],
        "dvar2": [4.90210787518e-08, 1.62692106187e-06, 2.39469528651e-07, 2.26727806307e-07, 2.67493447836e-07, 4.24141433086e-07, 4.91770094868e-07, 2.47932320008e-07, 1.2610142619e-07, 9.28023240476e-08, 1.92365220641e-07, 4.23277128903e-08, 8.31330808637e-08, 8.52402379792e-08, 3.89643126653e-08, 1.06107451714e-08, 1.54731036872e-08, 1.61378057584e-08, 5.61153390422e-09, 1.78326353684e-09, 1.07635111934e-09, 5.0113896366e-10, 1.89365634284e-10, 1.45569514776e-10, 1.74662520558e-10, 1.25035398701e-10, 2.91391737128e-11, 3.25288927738e-11, 2.40600022544e-11, 8.20525158235e-12, 3.53414324715e-12, 1.07238751299e-12, 6.22609277502e-13, 1.81982223344e-13, 9.99368976787e-14, 3.74694375462e-14, 4.40441513285e-14, 2.58334816755e-14, 9.88856671107e-15, 5.04936965111e-15],
        "max": [0.00223764427938, 0.0124454088509, 0.00690286559984, 0.0126884840429, 0.00987443793565, 0.0119505254552, 0.0136960009113, 0.0102352919057, 0.00933668296784, 0.00652405899018, 0.0131521029398, 0.0062233377248, 0.00807396043092, 0.00614571152255, 0.00344744860195, 0.00182131875772, 0.0027498905547, 0.00255311536603, 0.00125574308913, 0.000855892430991, 0.000582459324505, 0.0004010386765, 0.000183361888048, 0.000188812759006, 0.000253130157944, 0.000206063195947, 6.41855222057e-05, 0.000140448028105, 7.98464243417e-05, 5.68228351767e-05, 3.514468699e-05, 2.47378575295e-05, 1.56898877322e-05, 1.11831650429e-05, 6.27201461612e-06, 3.94375319956e-06, 4.83816211272e-06, 3.22050232171e-06, 2.38294114752e-06, 1.77668516699e-06],
        "mean": [9.23635670915e-05, 0.000433717214037, 0.000303068140056, 0.000465083576273, 0.000627948145848, 0.00071727350587, 0.000698687625118, 0.000562694796827, 0.000569665629882, 0.000442774937255, 0.000456614972791, 0.000315153913107, 0.000218227563892, 0.000167018006323, 0.000142985954881, 8.24430171633e-05, 8.97406134754e-05, 7.15469868737e-05, 3.21982552123e-05, 2.00472368306e-05, 1.38682053148e-05, 1.04500359157e-05, 7.16866406947e-06, 5.69841995457e-06, 5.00682472193e-06, 3.85642988476e-06, 2.90492039312e-06, 2.42624128077e-06, 1.83577515145e-06, 1.03617776404e-06, 7.44188582757e-07, 4.64095506914e-07, 3.75038325728e-07, 2.51871057344e-07, 1.63073721637e-07, 9.79195391437e-08, 8.06498334782e-08, 5.42412301741e-08, 4.17096224226e-08, 2.8192349788e-08],
        "median": [4.20258184022e-05, 7.32490298105e-05, 0.00011650378292, 0.000235562416492, 0.000365411484381, 0.000429937965237, 0.000396681658458, 0.000302623026073, 0.000319458427839, 0.000240916633629, 0.000192584877368, 0.000173395557795, 0.0001132072357, 6.05974710197e-05, 6.98127842043e-05, 4.23089586548e-05, 3.8641050196e-05, 3.06919682771e-05, 1.45522662933e-05, 1.11587833089e-05, 6.26985865892e-06, 4.52167023468e-06, 3.16034811476e-06, 2.21507843889e-06, 1.9887770577e-06, 1.58212537826e-06, 1.3679980384e-06, 7.61986200359e-07, 4.93800826007e-07, 2.29012897535e-07, 1.96903556571e-07, 1.27366050151e-07, 1.02784767364e-07, 6.05789054475e-08, 3.7503877337e-08, 2.15497859557e-08, 1.44888794296e-08, 9.0033660527e-09, 5.52449819224e-09, 4.03121047654e-09],
        "min": [5.29584512388e-25, 6.04807034258e-25, 3.66135022668e-25, 4.579055044e-25, 1.04594623689e-24, 7.36296983042e-25, 1.31196699603e-24, 1.16757695278e-24, 1.18629879143e-24, 2.50308957329e-24, 1.09555444517e-24, 2.14703148447e-24, 1.53486260303e-24, 2.38942004165e-24, 2.63712611298e-24, 2.51259061403e-24, 2.64218113366e-24, 2.88105432944e-24, 2.55211688411e-24, 3.01505537039e-24, 3.23939222627e-24, 3.12290941943e-24, 3.37049893656e-24, 2.9783668302e-24, 3.21816693753e-24, 3.56454570304e-24, 3.90169972634e-24, 3.55620665441e-24, 3.0466602937e-24, 4.61539086476e-24, 4.28521116073e-24, 3.96592207592e-24, 5.21895662638e-24, 5.0266725696e-24, 5.47466983312e-24, 4.48837124281e-24, 5.54333938605e-24, 5.59756410696e-24, 5.45447499394e-24, 6.30708808765e-24],
        "var": [2.9941872981e-08, 9.09225718715e-07, 2.40645306349e-07, 5.67621782466e-07, 6.72040528116e-07, 7.81588823884e-07, 7.75688420163e-07, 5.7898103023e-07, 5.88336604324e-07, 3.32403573111e-07, 6.54887173823e-07, 1.95503531586e-07, 1.39338766303e-07, 1.1641488129e-07, 5.25725809553e-08, 1.50491032969e-08, 2.22494165314e-08, 1.89141697859e-08, 4.49284076609e-09, 1.02546737768e-09, 5.72736913451e-10, 3.96505883682e-10, 1.68670272194e-10, 1.33631619659e-10, 1.03225393511e-10, 7.1111436184e-11, 2.33495393159e-11, 3.80630769958e-11, 2.95102935144e-11, 1.01834539065e-11, 4.50290109019e-12, 1.85322005138e-12, 8.45146164424e-13, 4.49433215253e-13, 2.235916259e-13, 1.0643415538e-13, 9.28902815127e-14, 4.74358304915e-14, 3.00025846181e-14, 1.34442890509e-14]
    },
    "mfcc": {
        "mean": [-682.54888916, 179.856872559, -41.9122543335, 2.28984761238, -23.3792514801, -3.49696731567, -10.5376615524, -5.72047615051, -8.59231090546, 0.682182967663, -3.14166712761, -3.84376859665, -1.10113525391],
        "cov": [[6415.52587891, 1175.44348145, -215.65826416, 252.570739746, -208.144439697, 49.7913475037, -51.4506988525, 21.5795059204, -25.0750770569, 27.0848007202, -23.0248451233, -21.8476295471, -50.8737373352], [1175.44348145, 1941.84057617, -137.977539062, -78.5398483276, -33.2919960022, 17.7186927795, -19.7880134583, -22.7281837463, -59.8078575134, -16.9494400024, -42.1723937988, -57.2257537842, -42.6218032837], [-215.65826416, -137.977539062, 288.8331604, 99.619720459, 86.1627502441, 35.2967529297, 47.9468345642, 51.6785125732, 47.3831291199, -8.66822433472, -6.31576538086, 1.86564266682, -14.5432872772], [252.570739746, -78.5398483276, 99.619720459, 162.328552246, 63.7381019592, 25.3493728638, 27.508813858, 25.1290073395, 26.84557724, 2.87061333656, -3.95498347282, 5.53290224075, 1.11219239235], [-208.144439697, -33.2919960022, 86.1627502441, 63.7381019592, 121.253723145, 51.8684806824, 30.8630981445, 21.5729503632, 22.1620502472, -1.98449838161, -0.761814236641, 4.30203294754, -3.9963183403], [49.7913475037, 17.7186927795, 35.2967529297, 25.3493728638, 51.8684806824, 92.4753417969, 44.6953201294, 14.4646730423, 11.3714847565, 4.46254062653, 2.71401572227, -1.50867593288, -7.32309865952], [-51.4506988525, -19.7880134583, 47.9468345642, 27.508813858, 30.8630981445, 44.6953201294, 84.8464508057, 42.17760849, 16.9767856598, 1.14112973213, -2.87454319, 1.74722385406, -1.40900576115], [21.5795059204, -22.7281837463, 51.6785125732, 25.1290073395, 21.5729503632, 14.4646730423, 42.17760849, 89.0669555664, 44.9915237427, 0.805060207844, -6.06891441345, -8.57444190979, -2.39577746391], [-25.0750770569, -59.8078575134, 47.3831291199, 26.84557724, 22.1620502472, 11.3714847565, 16.9767856598, 44.9915237427, 81.723236084, 26.6760005951, -3.09496569633, -6.84673643112, -4.97302627563], [27.0848007202, -16.9494400024, -8.66822433472, 2.87061333656, -1.98449838161, 4.46254062653, 1.14112973213, 0.805060207844, 26.6760005951, 65.1293334961, 23.1767444611, -5.198158741, 0.171828746796], [-23.0248451233, -42.1723937988, -6.31576538086, -3.95498347282, -0.761814236641, 2.71401572227, -2.87454319, -6.06891441345, -3.09496569633, 23.1767444611, 59.947353363, 21.1185073853, -2.89527988434], [-21.8476295471, -57.2257537842, 1.86564266682, 5.53290224075, 4.30203294754, -1.50867593288, 1.74722385406, -8.57444190979, -6.84673643112, -5.198158741, 21.1185073853, 68.8275985718, 28.1388149261], [-50.8737373352, -42.6218032837, -14.5432872772, 1.11219239235, -3.9963183403, -7.32309865952, -1.40900576115, -2.39577746391, -4.97302627563, 0.171828746796, -2.89527988434, 28.1388149261, 70.4644165039]],
