{
"lowlevel": {
    "average_loudness": 0.955751299858,
    "barkbands_crest": {
        "dmean": 2.09506845474,
        "dmean2": 3.33223772049,
        "dvar": 3.73976540565,
        "dvar2": 9.79088020325,
        "max": 24.8542747498,
        "mean": 10.7030954361,
        "median": 10.1118431091,
        "min": 3.81526613235,
        "var": 12.6276397705
    },
    "barkbands_flatness_db": {
        "dmean": 0.0170963536948,
        "dmean2": 0.0267205014825,
        "dvar": 0.000267342169536,
        "dvar2": 0.000645223655738,
        "max": 0.458491235971,
        "mean": 0.208327233791,
        "median": 0.194968178868,
        "min": 0.0492532774806,
        "var": 0.00439440784976
    },
    "barkbands_kurtosis": {
        "dmean": 3.22140264511,
        "dmean2": 5.01366186142,
        "dvar": 14.6330766678,
        "dvar2": 34.7273330688,
        "max": 93.0135040283,
        "mean": 8.6747636795,
        "median": 6.84795379639,
        "min": -1.91202127934,
        "var": 57.728061676
    },
    "barkbands_skewness": {
        "dmean": 0.418166488409,
        "dmean2": 0.642117381096,
        "dvar": 0.156367868185,
        "dvar2": 0.387839019299,
        "max": 6.97430944443,
        "mean": 2.17258739471,
        "median": 2.12172198296,
        "min": -7.03564500809,
        "var": 1.00242638588
    },
    "barkbands_spread": {
        "dmean": 2.0833837986,
        "dmean2": 3.30271649361,
        "dvar": 9.37142276764,
        "dvar2": 22.4757862091,
        "max": 108.027229309,
        "mean": 8.31997489929,
        "median": 6.97820281982,
        "min": 0.82315158844,
        "var": 40.1853027344
    },
    "dissonance": {
        "dmean": 0.026388078928,
        "dmean2": 0.0439107008278,
        "dvar": 0.000545853807125,
        "dvar2": 0.00145839853212,
        "max": 0.500000059605,
        "mean": 0.433630883694,
        "median": 0.441562771797,
        "min": 0.200719356537,
        "var": 0.001618423732
    },
    "dynamic_complexity": 2.36753726006,
    "erbbands_crest": {
        "dmean": 2.09437513351,
        "dmean2": 3.29947376251,
        "dvar": 3.63602471352,
        "dvar2": 9.08657932281,
        "max": 26.5586071014,
        "mean": 8.9909696579,
        "median": 8.36221027374,
        "min": 2.54574131966,
        "var": 10.955499649
    },
    "erbbands_flatness_db": {
        "dmean": 0.0133288502693,
        "dmean2": 0.0194971021265,
        "dvar": 0.000195656510186,
        "dvar2": 0.000393606344005,
        "max": 0.38686349988,
        "mean": 0.203422158957,
        "median": 0.195516169071,
        "min": 0.044953070581,
        "var": 0.00301569909789
    },
    "erbbands_kurtosis": {
        "dmean": 0.948219001293,
        "dmean2": 1.46678805351,
        "dvar": 1.29340922832,
        "dvar2": 2.89808392525,
        "max": 32.3543815613,
        "mean": 1.02128517628,
        "median": 0.452998399734,
        "min": -1.69375777245,
        "var": 4.90982055664
    },
    "erbbands_skewness": {
        "dmean": 0.315310060978,
        "dmean2": 0.482786804438,
        "dvar": 0.078443236649,
        "dvar2": 0.185629859567,
        "max": 4.35703086853,
        "mean": 0.890383720398,
        "median": 0.859843432903,
        "min": -2.2601749897,
        "var": 0.359625518322
    },
    "erbbands_spread": {
        "dmean": 4.88102865219,
        "dmean2": 7.40578317642,
        "dvar": 39.206413269,
        "dvar2": 86.8720550537,
        "max": 108.14906311,
        "mean": 26.8301906586,
        "median": 24.2689971924,
        "min": 4.46351194382,
        "var": 171.18145752
    },
    "hfc": {
        "dmean": 3.50791978836,
        "dmean2": 5.57556629181,
        "dvar": 38.0986976624,
        "dvar2": 89.3719558716,
        "max": 99.4710159302,
        "mean": 16.092464447,
        "median": 14.9669084549,
        "min": 1.15840675853e-16,
        "var": 108.591850281
    },
    "melbands_crest": {
        "dmean": 2.42174005508,
        "dmean2": 3.9017598629,
        "dvar": 4.99984836578,
        "dvar2": 13.179397583,
        "max": 29.8070011139,
        "mean": 13.3642444611,
        "median": 12.8046178818,
        "min": 1.84200024605,
        "var": 14.1298809052
    },
    "melbands_flatness_db": {
        "dmean": 0.0193712990731,
        "dmean2": 0.0298943892121,
        "dvar": 0.000377927470254,
        "dvar2": 0.00089824735187,
        "max": 0.599739015102,
        "mean": 0.303767561913,
        "median": 0.290313690901,
        "min": 0.00388808920979,
        "var": 0.00675731524825
    },
    "melbands_kurtosis": {
        "dmean": 4.97031164169,
        "dmean2": 7.69898509979,
        "dvar": 38.1397895813,
        "dvar2": 91.0160369873,
        "max": 114.118606567,
        "mean": 13.8710317612,
        "median": 11.378118515,
        "min": -1.40711319447,
        "var": 107.61618042
    },
    "melbands_skewness": {
        "dmean": 0.503260850906,
        "dmean2": 0.770425438881,
        "dvar": 0.237261638045,
        "dvar2": 0.574644446373,
        "max": 8.11906433105,
        "mean": 2.71328377724,
        "median": 2.59602379799,
        "min": -0.168949559331,
        "var": 0.951276600361
    },
    "melbands_spread": {
        "dmean": 2.03023433685,
        "dmean2": 3.2443921566,
        "dvar": 10.7160339355,
        "dvar2": 26.4613666534,
        "max": 169.656234741,
        "mean": 8.94616222382,
        "median": 7.36393404007,
        "min": 0.761702239513,
        "var": 116.845962524
    },
    "pitch_salience": {
        "dmean": 0.0609690211713,
        "dmean2": 0.0975327715278,
        "dvar": 0.00278832274489,
        "dvar2": 0.00736588658765,
        "max": 0.85063958168,
        "mean": 0.580933690071,
        "median": 0.590786933899,
        "min": 0.123246178031,
        "var": 0.0107608316466
    },
    "silence_rate_20dB": {
        "dmean": 0,
        "dmean2": 0,
        "dvar": 0,
        "dvar2": 0,
        "max": 1,
        "mean": 1,
        "median": 1,
        "min": 1,
        "var": 0
    },
    "silence_rate_30dB": {
        "dmean": 0.0152861718088,
        "dmean2": 0.0305750593543,
        "dvar": 0.0150514822453,
        "dvar2": 0.0394206494093,
        "max": 1,
        "mean": 0.989602744579,
        "median": 1,
        "min": 0,
        "var": 0.0102883931249
    },
    "silence_rate_60dB": {
        "dmean": 0.00142196938396,
        "dmean2": 0.00284419162199,
        "dvar": 0.00141994678415,
        "dvar2": 0.00301386648789,
        "max": 1,
        "mean": 0.0342130996287,
        "median": 0,
        "min": 0,
        "var": 0.0330413840711
    },
    "spectral_centroid": {
        "dmean": 79.719581604,
        "dmean2": 127.266639709,
        "dvar": 22645.125,
        "dvar2": 39024.0742188,
        "max": 10943.234375,
        "mean": 538.900878906,
        "median": 471.180969238,
        "min": 165.826263428,
        "var": 125568.351562
    },
    "spectral_complexity": {
        "dmean": 2.15712761879,
        "dmean2": 3.49906682968,
        "dvar": 5.50105905533,
        "dvar2": 12.9812088013,
        "max": 48,
        "mean": 15.7576646805,
        "median": 16,
        "min": 0,
        "var": 38.8342590332
    },
    "spectral_decrease": {
        "dmean": 2.27721685953e-09,
        "dmean2": 3.67819508185e-09,
        "dvar": 1.00610416311e-17,
        "dvar2": 2.64450766799e-17,
        "max": 4.10742157991e-16,
        "mean": -1.07594324561e-08,
        "median": -1.08044728719e-08,
        "min": -4.86687063983e-08,
        "var": 2.80126534238e-17
    },
    "spectral_energy": {
        "dmean": 0.00883091334254,
        "dmean2": 0.0142362192273,
        "dvar": 0.000150282867253,
        "dvar2": 0.000393571361201,
        "max": 0.187202170491,
        "mean": 0.0420681908727,
        "median": 0.0422519780695,
        "min": 1.04322128618e-20,
        "var": 0.000428266765084
    },
    "spectral_energyband_high": {
        "dmean": 0.000166256504599,
        "dmean2": 0.000257342442637,
        "dvar": 3.1903957165e-07,
        "dvar2": 6.90942613346e-07,
        "max": 0.0118145076558,
        "mean": 0.000261205452261,
        "median": 5.59515319765e-05,
        "min": 7.58891844667e-21,
        "var": 4.78330889564e-07
    },
    "spectral_energyband_low": {
        "dmean": 0.00477270642295,
        "dmean2": 0.00707876309752,
        "dvar": 0.000100418983493,
        "dvar2": 0.000254913349636,
        "max": 0.155770018697,
        "mean": 0.0130247930065,
        "median": 0.00994207523763,
        "min": 3.07091875261e-23,
        "var": 0.000175323424628
    },
    "spectral_energyband_middle_high": {
        "dmean": 0.000977173098363,
        "dmean2": 0.00151295191608,
        "dvar": 2.5651447686e-06,
        "dvar2": 6.44695410301e-06,
        "max": 0.0258114114404,
        "mean": 0.00319248321466,
        "median": 0.00252067367546,
        "min": 1.42649831087e-21,
        "var": 8.35273658595e-06
    },
    "spectral_energyband_middle_low": {
        "dmean": 0.00722577096894,
        "dmean2": 0.0119756795466,
        "dvar": 6.61064696033e-05,
        "dvar2": 0.000189474856597,
        "max": 0.121452137828,
        "mean": 0.0282871238887,
        "median": 0.027906935662,
        "min": 2.53032348143e-22,
        "var": 0.000210320416954
    },
    "spectral_entropy": {
        "dmean": 0.148044556379,
        "dmean2": 0.231547102332,
        "dvar": 0.0236149094999,
        "dvar2": 0.0544168278575,
        "max": 9.80186080933,
        "mean": 6.64307165146,
        "median": 6.68788671494,
        "min": 4.63987064362,
        "var": 0.387383341789
    },
    "spectral_flux": {
        "dmean": 0.02074852027,
        "dmean2": 0.0337845012546,
        "dvar": 0.000672291440424,
        "dvar2": 0.00142312259413,
        "max": 0.369926571846,
        "mean": 0.0772930458188,
        "median": 0.0716832280159,
        "min": 1.04315500682e-10,
        "var": 0.00190607260447
    },
    "spectral_kurtosis": {
        "dmean": 5.24925851822,
        "dmean2": 8.80424118042,
        "dvar": 55.7224884033,
        "dvar2": 152.114471436,
        "max": 133.599212646,
        "mean": 17.4176902771,
        "median": 12.4837551117,
        "min": -1.20227730274,
        "var": 292.57434082
    },
    "spectral_rms": {
        "dmean": 0.000630904571153,
        "dmean2": 0.00100375746842,
        "dvar": 5.00725320762e-07,
        "dvar2": 1.32129810027e-06,
        "max": 0.0135142980143,
        "mean": 0.0061461487785,
        "median": 0.00642039254308,
        "min": 3.19026163993e-12,
        "var": 3.26687973029e-06
    },
    "spectral_rolloff": {
        "dmean": 118.350952148,
        "dmean2": 206.169494629,
        "dvar": 117986.960938,
        "dvar2": 267242.65625,
        "max": 19767.4804688,
        "mean": 671.791625977,
        "median": 452.197265625,
        "min": 107.666015625,
        "var": 2942726.75
    },
    "spectral_skewness": {
        "dmean": 0.403529167175,
        "dmean2": 0.663883984089,
        "dvar": 0.210613876581,
        "dvar2": 0.555818021297,
        "max": 9.37899589539,
        "mean": 2.95260214806,
        "median": 2.75835752487,
        "min": 0.0109413322061,
        "var": 1.59522378445
    },
    "spectral_spread": {
        "dmean": 347058.9375,
        "dmean2": 537156.0625,
        "dvar": 367133655040,
        "dvar2": 612401217536,
        "max": 40698576,
        "mean": 3007338,
        "median": 2788539,
        "min": 579586.875,
        "var": 2.47566250803e+12
    },
    "spectral_strongpeak": {
        "dmean": 0.338707089424,
        "dmean2": 0.575337707996,
        "dvar": 0.17086443305,
        "dvar2": 0.433474928141,
        "max": 5.49329614639,
        "mean": 0.806598365307,
        "median": 0.649273633957,
        "min": 0,
        "var": 0.338288545609
    },
    "zerocrossingrate": {
        "dmean": 0.00436832057312,
        "dmean2": 0.0055793649517,
        "dvar": 5.25067771378e-05,
        "dvar2": 5.86187561566e-05,
        "max": 0.77880859375,
        "mean": 0.0314754620194,
        "median": 0.0234375,
        "min": 0.00537109375,
        "var": 0.00386464735493
    },
    "barkbands": {
        "dmean": [4.34848989244e-05, 0.00163388682995, 0.00304478406906, 0.00241297343746, 0.00493950396776, 0.00239935331047, 0.00104480190203, 0.000822642003186, 0.000430496031186, 0.000438103510533, 0.000367330474546, 0.000234941704548, 0.000234763356275, 0.000173277541762, 0.000154618013767, 0.000148682418512, 0.000101826619357, 5.33316888323e-05, 3.28620189975e-05, 1.08979647848e-05, 4.08420237363e-05, 5.15254760103e-05, 3.47427521774e-05, 2.91181349894e-05, 1.07999549073e-05, 8.05528179626e-06, 5.50076219952e-06],
        "dmean2": [7.18963856343e-05, 0.00236875936389, 0.00471809413284, 0.00397845869884, 0.00829400867224, 0.00367947132327, 0.0014463220723, 0.00120846298523, 0.000602952088229, 0.000648757384624, 0.000526183226611, 0.00035530331661, 0.000378667813493, 0.000279752508504, 0.000257722567767, 0.000261172419414, 0.000171533654793, 8.56697442941e-05, 5.43527203263e-05, 1.74042525032e-05, 6.6194406827e-05, 8.27540134196e-05, 5.41765693924e-05, 4.61074851046e-05, 1.73817043105e-05, 1.40287975228e-05, 9.32585498958e-06],
        "dvar": [1.84923028002e-08, 2.88187075057e-05, 5.25536415807e-05, 1.19032165458e-05, 3.83451442758e-05, 1.04250302684e-05, 2.99103157886e-06, 1.35426421366e-06, 5.68361429032e-07, 5.4817144246e-07, 4.17112204332e-07, 2.71050623724e-07, 2.08423884374e-07, 8.38538340986e-08, 1.41254133723e-07, 5.03904459492e-07, 3.45223583054e-08, 9.10716302371e-09, 3.96638055733e-09, 5.80248071813e-10, 1.46327696626e-08, 3.43307711148e-08, 1.67619056413e-08, 1.36957227781e-08, 2.08481409913e-09, 2.70531708146e-09, 1.85477799786e-09],
        "dvar2": [4.60234232946e-08, 5.87979448028e-05, 0.000151310829096, 3.3410044125e-05, 0.000113861642603, 2.95661229757e-05, 6.57815417071e-06, 2.95801464745e-06, 1.19700860068e-06, 1.15622185604e-06, 7.01655665125e-07, 5.34243440597e-07, 5.28542898337e-07, 2.10292327552e-07, 3.72336984356e-07, 1.457631015e-06, 9.3894570341e-08, 2.33377068781e-08, 1.00543342541e-08, 1.30527022524e-09, 3.37180630083e-08, 8.17480980686e-08, 3.72897943635e-08, 3.05256619981e-08, 5.10594011516e-09, 7.52990825248e-09, 5.07952835349e-09],
        "max": [0.00243496405892, 0.0776665359735, 0.102093145251, 0.043701954186, 0.0876398012042, 0.0621923170984, 0.0604025125504, 0.030327854678, 0.0203795116395, 0.0195876993239, 0.0163093917072, 0.0149369584396, 0.00970517005771, 0.00395034300163, 0.0057317558676, 0.0170243643224, 0.00311706983484, 0.00194315484259, 0.00128387031145, 0.000618321180809, 0.00264796195552, 0.00355024519376, 0.00292346440256, 0.00193959695753, 0.000671260233503, 0.000998927047476, 0.00166236283258],
        "mean": [5.02887014591e-05, 0.00345953041688, 0.00706860050559, 0.00490267621353, 0.0111410878599, 0.00624250527471, 0.0028036700096, 0.00177333841566, 0.000936318014283, 0.000794604886323, 0.00068984425161, 0.000429813051596, 0.000391385372495, 0.000295354635455, 0.000243597867666, 0.000192527062609, 0.000189939091797, 0.00012763820996, 6.98126677889e-05, 2.1337869839e-05, 6.49992944091e-05, 7.14101915946e-05, 4.62332973257e-05, 3.51535345544e-05, 1.20009153761e-05, 7.77770219429e-06, 6.84164024278e-06],
        "median": [1.00349452623e-05, 0.000814312603325, 0.00506134703755, 0.00338247558102, 0.00915483944118, 0.0046703289263, 0.00171721645165, 0.00109669123776, 0.000472953222925, 0.000457483285572, 0.000352884817403, 0.000187874989933, 0.000169264065335, 0.000141602358781, 0.000103175472759, 7.91892380221e-05, 9.87185994745e-05, 4.92270628456e-05, 2.98224367725e-05, 6.97007226336e-06, 1.62358246598e-05, 1.02948815766e-05, 5.33726006324e-06, 3.6774599721e-06, 1.95718826035e-06, 1.16929697924e-06, 7.5587399806e-07],
        "min": [1.21099950548e-24, 1.3205006172e-23, 7.01898614523e-24, 3.02904463526e-24, 4.13287920114e-23, 1.95936261897e-23, 4.2854206033e-23, 1.62686752929e-23, 1.86473465131e-23, 4.57628813409e-23, 3.67420864958e-23, 1.33205424247e-22, 7.93015740946e-23, 5.37256117638e-23, 7.62698112418e-23, 8.01373059593e-23, 1.35190513829e-22, 2.04195787036e-22, 4.01558852186e-22, 2.10009590933e-22, 4.79860579793e-22, 4.2434365424e-22, 6.6798030297e-22, 7.5360773373e-22, 1.27816913565e-21, 1.66002920964e-21, 1.94431044608e-21],
        "var": [2.58858108282e-08, 6.01775755058e-05, 5.80125852139e-05, 2.49708427873e-05, 8.02313224995e-05, 3.44033142028e-05, 1.17390309242e-05, 4.72678220831e-06, 2.01541820388e-06, 1.33995058604e-06, 1.31692593186e-06, 6.24681263162e-07, 4.47215086297e-07, 1.66606866969e-07, 1.79330328365e-07, 3.3811772937e-07, 6.7488421962e-08, 3.83595413211e-08, 1.22566028438e-08, 1.5576426815e-09, 2.29355769932e-08, 4.14286276396e-08, 2.31083454594e-08, 1.76243535321e-08, 2.08558592618e-09, 1.76346681702e-09, 1.27996924171e-09]
    },
    "erbbands": {
        "dmean": [0.0343605093658, 0.469788193703, 2.7710647583, 5.74661016464, 13.551240921, 18.3403186798, 16.7768497467, 22.852230072, 17.8081798553, 18.9270706177, 10.9070863724, 11.677148819, 13.9811878204, 7.58253479004, 17.0738487244, 11.2923402786, 11.4504709244, 9.00827980042, 6.53032398224, 10.3257675171, 5.34078454971, 4.71568822861, 3.34688138962, 2.58890581131, 0.728124797344, 0.557664453983, 1.14820516109, 2.00796031952, 1.81423580647, 1.31651461124, 0.957411885262, 0.620489180088, 0.469186067581, 0.228298634291, 0.0336260460317, 0.0190750490874, 0.0148889683187, 0.00582969747484, 0.000990967382677, 5.81381864322e-05],
        "dmean2": [0.0490233078599, 0.702502608299, 4.32841110229, 9.15011119843, 23.6922359467, 30.1074848175, 25.6050014496, 36.1517219543, 23.0121517181, 29.0080547333, 15.6105155945, 16.2012691498, 20.6248493195, 11.4166612625, 24.6289863586, 17.059431076, 18.4760971069, 14.4915046692, 10.5503692627, 18.2081508636, 8.97135639191, 7.94597768784, 5.37475967407, 4.33581399918, 1.19423115253, 0.889971911907, 1.85496354103, 3.3355038166, 2.94829463959, 2.0283305645, 1.49867045879, 0.969598650932, 0.747740209103, 0.368012934923, 0.0547843053937, 0.0339709371328, 0.0255121830851, 0.00993340741843, 0.00166839908343, 9.70857436187e-05],
        "dvar": [0.0216415748, 2.26880383492, 54.1753845215, 84.2684555054, 350.697418213, 754.820678711, 483.751586914, 1108.56604004, 740.67175293, 776.918151855, 326.932647705, 407.790344238, 607.576538086, 286.596588135, 952.539978027, 592.495605469, 491.218139648, 228.041366577, 166.334503174, 1905.33508301, 301.49987793, 85.9174957275, 31.580499649, 24.0077991486, 2.82834339142, 1.8429197073, 9.68287754059, 41.5003433228, 42.0304298401, 21.8766307831, 14.0787572861, 6.75752210617, 3.67543053627, 1.05574047565, 0.0231731943786, 0.0378328897059, 0.0081294439733, 0.00144083693158, 6.43582825433e-05, 1.25024897102e-07],
        "dvar2": [0.0378534644842, 5.26332712173, 153.569915771, 236.306610107, 1154.3470459, 2145.4675293, 1171.24572754, 3343.11328125, 1448.20544434, 1949.51733398, 681.919128418, 846.341918945, 1325.32873535, 581.694091797, 1642.20922852, 1218.93566895, 1251.91186523, 574.74017334, 408.841522217, 5539.15527344, 826.920288086, 233.043487549, 80.9630584717, 63.7702026367, 6.92713832855, 4.02336549759, 22.9237251282, 100.806640625, 99.8781433105, 49.3120002747, 31.9079837799, 13.63879776, 8.66065406799, 2.6064555645, 0.0592586696148, 0.107163317502, 0.022309821099, 0.00394288962707, 0.000174117914867, 3.44719552459e-07],
        "max": [2.15620207787, 22.0605316162, 102.243896484, 133.888275146, 217.898468018, 451.119598389, 656.810852051, 701.299133301, 894.469848633, 462.347167969, 575.959655762, 535.375793457, 745.620788574, 516.017700195, 835.565368652, 757.621032715, 445.788269043, 219.215286255, 278.743927002, 997.049499512, 361.865142822, 160.430480957, 102.77495575, 108.515693665, 40.4077224731, 37.3549804688, 58.3690185547, 143.022476196, 130.357284546, 91.4621505737, 90.7913360596, 59.9228248596, 29.9332103729, 16.4247665405, 3.63671422005, 6.29733848572, 2.01379179955, 0.907346904278, 0.295308500528, 0.00868746917695],
        "mean": [0.0540298298001, 0.99970048666, 6.4154343605, 14.1715288162, 25.2834911346, 38.4048576355, 41.3501663208, 55.9870071411, 50.976474762, 40.2878723145, 27.8065090179, 26.6743087769, 26.5243358612, 15.154129982, 33.6202125549, 22.2571563721, 19.9316291809, 16.455532074, 12.4351062775, 13.4349784851, 9.07039833069, 9.40091609955, 8.18161582947, 5.88424253464, 1.61054623127, 1.13653492928, 2.10236525536, 2.85253453255, 2.53992986679, 1.84653294086, 1.27062368393, 0.826916873455, 0.533976793289, 0.24616150558, 0.0377439893782, 0.0163442455232, 0.0158640164882, 0.00652795098722, 0.00109127280302, 0.000121623997984],
        "median": [0.00749893207103, 0.338827729225, 4.64789438248, 10.8876285553, 18.8082351685, 27.8641681671, 30.5930366516, 39.3790206909, 32.5234298706, 26.4916381836, 16.9327888489, 14.3904752731, 14.7484693527, 8.96668815613, 17.5307006836, 11.1236019135, 9.67004394531, 8.42854690552, 6.10262680054, 6.28248500824, 4.59091615677, 4.77308130264, 3.55974626541, 2.51116108894, 0.705202758312, 0.39611530304, 0.579062879086, 0.651144623756, 0.35335585475, 0.270216524601, 0.1430875808, 0.0862880945206, 0.0576537512243, 0.033450178802, 0.00742720952258, 0.00274152029306, 0.00274856970645, 0.000764769734815, 0.000131695211167, 5.68374780414e-05],
        "min": [2.69426998211e-22, 3.52297636525e-21, 7.68863006119e-21, 1.17299267648e-20, 1.24597220467e-19, 8.85934605228e-20, 9.60251031776e-20, 1.81390071307e-19, 3.75260617847e-19, 7.37256257199e-19, 6.16042451006e-19, 6.41837561421e-19, 9.90488916335e-19, 1.41619442006e-18, 1.87823434917e-18, 6.08150961847e-18, 3.75536068991e-18, 3.39190580056e-18, 2.40193190756e-18, 5.31484802107e-18, 5.86015484578e-18, 8.3596733861e-18, 1.07921625863e-17, 1.76802510569e-17, 1.78116668952e-17, 1.06268306885e-17, 1.42193141391e-17, 2.00927961053e-17, 1.60012911348e-17, 1.83213342296e-17, 1.7697100726e-17, 1.64502417579e-17, 1.09248142324e-17, 9.69929486967e-18, 1.04075732323e-17, 5.69017253862e-18, 2.84071544695e-18, 1.27974477416e-18, 2.46783855684e-19, 3.11650021614e-20],
        "var": [0.0412510186434, 3.72763800621, 54.2887802124, 154.608886719, 561.267333984, 1381.75024414, 1534.07299805, 3250.31396484, 3359.74267578, 2049.52294922, 1353.40283203, 1469.56762695, 1585.61950684, 616.451965332, 3166.57275391, 1346.76452637, 1016.12915039, 470.47454834, 360.847381592, 1263.27209473, 322.411346436, 177.945419312, 134.635757446, 91.6504516602, 6.73390769958, 4.55353116989, 21.0114784241, 50.4184150696, 51.9085350037, 29.4886226654, 18.9708919525, 9.72522830963, 4.3169631958, 1.01821768284, 0.0204858221114, 0.0225783474743, 0.00560555700213, 0.00100799743086, 4.52183339803e-05, 9.7974826474e-08]
    },
    "gfcc": {
        "mean": [-37.8034706116, 148.396820068, -98.964263916, 7.69158935547, -51.8140258789, -6.78546905518, -37.656879425, -18.1306285858, -16.7127361298, -14.5004711151, -15.2325000763, -2.86845374107, -14.7715902328],
        "cov": [[15543.1074219, -823.448791504, -908.764221191, 1100.74243164, -919.206298828, 651.819091797, -468.238586426, 408.886505127, -5.13426065445, 349.540649414, -30.2994022369, 276.259765625, -131.885498047], [-823.448791504, 1797.76538086, -85.5952072144, -288.007202148, 278.319061279, -291.244476318, 183.772079468, -215.89491272, 67.5327148438, -201.16859436, 5.43046188354, -146.218032837, 23.7068157196], [-908.764221191, -85.5952072144, 397.029846191, -116.594451904, 49.2289276123, 35.0016555786, -0.161933556199, -9.2046251297, -14.2618312836, 37.5874938965, -29.6423587799, 10.0370721817, -17.3699378967], [1100.74243164, -288.007202148, -116.594451904, 412.02822876, -99.0187530518, 130.196228027, -8.94138431549, 102.891921997, 14.850189209, 21.9887657166, 31.188993454, 33.2110900879, 13.6111221313], [-919.206298828, 278.319061279, 49.2289276123, -99.0187530518, 302.407928467, -76.1000976562, 92.0458602905, -8.85804176331, 51.7775611877, -11.6630725861, -3.23325157166, -3.87586641312, -19.6571502686], [651.819091797, -291.244476318, 35.0016555786, 130.196228027, -76.1000976562, 227.437454224, -14.1441631317, 60.3829078674, 2.26637601852, 53.9599456787, 21.109003067, 14.6293230057, 20.4921722412], [-468.238586426, 183.772079468, -0.161933556199, -8.94138431549, 92.0458602905, -14.1441631317, 161.358627319, 2.63758444786, 50.024974823, -16.0332374573, 11.914850235, -10.3524036407, 10.0407190323], [408.886505127, -215.89491272, -9.2046251297, 102.891921997, -8.85804176331, 60.3829078674, 2.63758444786, 134.63621521, 20.6711521149, 37.5994300842, 11.1870079041, 28.0050525665, -8.25290966034], [-5.13426065445, 67.5327148438, -14.2618312836, 14.850189209, 51.7775611877, 2.26637601852, 50.024974823, 20.6711521149, 113.539474487, 21.9139671326, 13.2402172089, -8.74506378174, 3.28010606766], [349.540649414, -201.16859436, 37.5874938965, 21.9887657166, -11.6630725861, 53.9599456787, -16.0332374573, 37.5994300842, 21.9139671326, 129.008850098, 6.85860776901, 40.8797035217, -12.0404319763], [-30.2994022369, 5.43046188354, -29.6423587799, 31.188993454, -3.23325157166, 21.109003067, 11.914850235, 11.1870079041, 13.2402172089, 6.85860776901, 78.9917602539, 7.62598323822, 15.6681337357], [276.259765625, -146.218032837, 10.0370721817, 33.2110900879, -3.87586641312, 14.6293230057, -10.3524036407, 28.0050525665, -8.74506378174, 40.8797035217, 7.62598323822, 91.0090026855, -2.1315407753], [-131.885498047, 23.7068157196, -17.3699378967, 13.6111221313, -19.6571502686, 20.4921722412, 10.0407190323, -8.25290966034, 3.28010606766, -12.0404319763, 15.6681337357, -2.1315407753, 73.3516540527]],
        "icov": [[0.00017005240079, -0.000224893636187, 0.000369216140825, -0.000164123935974, 0.000404135178542, -0.000479831214761, 0.000386131607229, -0.000278787367279, -0.000128278406919, -0.000309247727273, 0.000409088825108, -0.000530124001671, 0.000506639771629], [-0.000224893636187, 0.00146187178325, -0.00029922745307, 0.000390252796933, -0.00109076942317, 0.00129273813218, -0.00117075850721, 0.00147271656897, -0.000226272604777, 0.00119907723274, -0.000915227690712, 0.00157661666162, -0.000899348640814], [0.000369216140825, -0.00029922745307, 0.00404870416969, 0.000811399309896, 0.000259160413407, -0.00222863024101, 0.00063248310471, -0.000418661162257, 0.000191547791474, -0.00119584659114, 0.00183626054786, -0.00133745337371, 0.00149116362445], [-0.000164123935974, 0.000390252796933, 0.000811399309896, 0.00429951120168, 0.000334828218911, -0.00127915863413, -0.000655821349937, -0.00165484717581, -0.000421510048909, 0.00127010128926, -0.000731082051061, -0.000435673340689, -0.000305393448798], [0.000404135178542, -0.00109076942317, 0.000259160413407, 0.000334828218911, 0.00618349201977, -0.000328226073179, -0.00103285245132, -0.00164944876451, -0.00163045572117, -0.000699526513927, 0.000992077286355, -0.00229172594845, 0.00246255844831], [-0.000479831214761, 0.00129273813218, -0.00222863024101, -0.00127915863413, -0.000328226073179, 0.0089070238173, -0.00168246729299, -0.000135055030114, 0.000685260922182, -0.00111996848136, -0.002361218445, 0.00333423935808, -0.00354534899816], [0.000386131607229, -0.00117075850721, 0.00063248310471, -0.000655821349937, -0.00103285245132, -0.00168246729299, 0.00988340843469, -0.00134145189077, -0.00295066600665, 0.000262975256192, 0.000439680035925, -0.00155688705854, 6.948907685e-05], [-0.000278787367279, 0.00147271656897, -0.000418661162257, -0.00165484717581, -0.00164944876451, -0.000135055030114, -0.00134145189077, 0.0122380908579, -0.00151939247735, 6.8237495725e-05, -0.00114933820441, -0.000168351762113, 0.00070671067806], [-0.000128278406919, -0.000226272604777, 0.000191547791474, -0.000421510048909, -0.00163045572117, 0.000685260922182, -0.00295066600665, -0.00151939247735, 0.0123816849664, -0.00342055759393, -0.0012057449203, 0.00290994415991, -0.00120240577962], [-0.000309247727273, 0.00119907723274, -0.00119584659114, 0.00127010128926, -0.000699526513927, -0.00111996848136, 0.000262975256192, 6.8237495725e-05, -0.00342055759393, 0.0127912685275, -0.00136967014987, -0.00324134668335, 0.0010856607696], [0.000409088825108, -0.000915227690712, 0.00183626054786, -0.000731082051061, 0.000992077286355, -0.002361218445, 0.000439680035925, -0.00114933820441, -0.0012057449203, -0.00136967014987, 0.015441223979, -0.00264527159743, -0.00120823050383], [-0.000530124001671, 0.00157661666162, -0.00133745337371, -0.000435673340689, -0.00229172594845, 0.00333423935808, -0.00155688705854, -0.000168351762113, 0.00290994415991, -0.00324134668335, -0.00264527159743, 0.0165726020932, -0.0026655967813], [0.000506639771629, -0.000899348640814, 0.00149116362445, -0.000305393448798, 0.00246255844831, -0.00354534899816, 6.948907685e-05, 0.00070671067806, -0.00120240577962, 0.0010856607696, -0.00120823050383, -0.0026655967813, 0.0173773244023]]
    },
    "melbands": {
        "dmean": [0.000363517086953, 0.00116467627231, 0.00114910094999, 0.0010797099676, 0.000684257945977, 0.000495223677717, 0.000255884719081, 0.000208590950933, 8.26966788736e-05, 6.97076247889e-05, 6.96635834174e-05, 3.13023920171e-05, 5.06347641931e-05, 3.57528078894e-05, 2.60106662608e-05, 1.89649144886e-05, 1.93333289644e-05, 1.02649182736e-05, 1.12867264761e-05, 1.45019912452e-05, 5.22672189618e-06, 4.94747428093e-06, 5.08080347572e-06, 2.85627697849e-06, 2.2706483378e-06, 8.7492782086e-07, 1.74218158122e-07, 4.49784977263e-07, 6.68627592404e-07, 9.9213593785e-07, 1.29970487706e-06, 1.06228799268e-06, 9.94906713458e-07, 6.63859111683e-07, 5.52319420422e-07, 5.51107973479e-07, 3.65182586393e-07, 3.53223953198e-07, 2.80231802208e-07, 1.84682519944e-07],
        "dmean2": [0.000509171397425, 0.00177357683424, 0.00190858053975, 0.0018601360498, 0.00105576228816, 0.00076638686005, 0.000333987933118, 0.000318737031193, 0.000116320996312, 9.77747040452e-05, 0.000102914775198, 4.74185762869e-05, 7.2904949775e-05, 5.31091536686e-05, 4.12938607042e-05, 3.03709130094e-05, 3.11707080982e-05, 1.64804914675e-05, 1.95455559151e-05, 2.557188418e-05, 8.66309528647e-06, 8.34928778204e-06, 8.51695040183e-06, 4.58021759187e-06, 3.82413736588e-06, 1.44862224261e-06, 2.84227780867e-07, 7.18145201972e-07, 1.10486871563e-06, 1.58320801802e-06, 2.20539777729e-06, 1.76133983132e-06, 1.55646375788e-06, 1.05293452179e-06, 8.716604043e-07, 8.51031586535e-07, 5.82868324273e-07, 5.7067978787e-07, 4.43427268237e-07, 3.05449702864e-07],
        "dvar": [1.66090387665e-06, 9.30235546548e-06, 2.69571910394e-06, 2.10353709917e-06, 7.70463998379e-07, 4.77204082472e-07, 1.61237622365e-07, 9.22214908883e-08, 1.89512530113e-08, 1.40958968942e-08, 1.50213228522e-08, 5.60221691259e-09, 7.56624807252e-09, 4.71961936199e-09, 2.16894280314e-09, 1.20478516052e-09, 1.10996267733e-09, 3.59395041505e-10, 1.5081013105e-09, 4.53317561266e-09, 1.67130184692e-10, 1.00780883638e-10, 8.31218635589e-11, 2.97277098771e-11, 1.9093957318e-11, 3.20107460504e-12, 2.14449240158e-13, 1.22938887803e-12, 3.15408441552e-12, 8.0946664302e-12, 1.89057727806e-11, 1.29685559166e-11, 1.6571048353e-11, 4.69490809077e-12, 4.31220640792e-12, 5.89735248482e-12, 2.3435500502e-12, 2.090263726e-12, 2.51136611507e-12, 8.61881421267e-13],
        "dvar2": [2.84459497379e-06, 2.5336008548e-05, 7.79818219598e-06, 6.47242950436e-06, 1.9859501208e-06, 1.39799055887e-06, 3.25022853076e-07, 2.25364701123e-07, 3.90101071446e-08, 2.9644455779e-08, 3.2679878359e-08, 1.13448770378e-08, 1.29674555538e-08, 9.17765508035e-09, 5.36624877867e-09, 2.9171871585e-09, 2.77180167707e-09, 8.71728633722e-10, 4.21103818482e-09, 1.32209869719e-08, 4.3105369274e-10, 2.7225641186e-10, 2.24972748764e-10, 7.62390289788e-11, 5.09355266298e-11, 7.95356749211e-12, 5.37660736245e-13, 2.76710490459e-12, 8.05459518527e-12, 1.89611468887e-11, 4.71721828266e-11, 3.27567521718e-11, 3.90230972536e-11, 1.07669160046e-11, 9.88305704636e-12, 1.33686629475e-11, 5.001047753e-12, 5.13280650621e-12, 6.23234970576e-12, 2.26034187027e-12],
        "max": [0.0176301393658, 0.0431171804667, 0.0207491721958, 0.0213162340224, 0.0195560976863, 0.0141177196056, 0.0138325868174, 0.00543228164315, 0.00374672678299, 0.0030289220158, 0.00369062507525, 0.00230870908126, 0.00220260163769, 0.0017044772394, 0.00101653148886, 0.000603690918069, 0.000473988038721, 0.000455701316241, 0.000734238885343, 0.00162342120893, 0.000211810358451, 0.00020518686506, 0.000171660620254, 0.000123782883747, 0.000100141260191, 3.4683936974e-05, 1.15844350148e-05, 3.09942297463e-05, 3.47818495356e-05, 6.66848936817e-05, 9.42013575695e-05, 6.87936553732e-05, 8.62815213623e-05, 3.783253851e-05, 5.08255288878e-05, 5.69153271499e-05, 2.83566350845e-05, 2.83102108369e-05, 3.8071655581e-05, 1.78680347744e-05],
        "mean": [0.00070784316631, 0.00277105369605, 0.00279794610105, 0.00228896224871, 0.00164360890631, 0.00125794310588, 0.000722515280358, 0.000432838016422, 0.000211576072616, 0.00015284345136, 0.000127614723169, 5.59317268198e-05, 9.75762595772e-05, 7.19722957001e-05, 4.69500446343e-05, 3.33799907821e-05, 3.2034025935e-05, 1.96366636374e-05, 1.56139612955e-05, 1.84473246918e-05, 8.95376888366e-06, 9.27091150515e-06, 9.90955322777e-06, 6.49287812848e-06, 4.65689390694e-06, 1.70085922946e-06, 3.35028545351e-07, 8.37544007481e-07, 1.21547282106e-06, 1.50535606736e-06, 1.70724945292e-06, 1.40609267874e-06, 1.370727432e-06, 8.73013846103e-07, 7.2327259204e-07, 6.81934068325e-07, 4.58219687971e-07, 3.8990785356e-07, 3.09605496795e-07, 1.83557631317e-07],
        "median": [0.000133129113237, 0.00201374152675, 0.0022780620493, 0.00182028871495, 0.00122530933004, 0.000913095893338, 0.000455040601082, 0.000280408276012, 0.000124581260025, 8.04811425041e-05, 6.8068242399e-05, 2.75449874607e-05, 5.13208724442e-05, 3.59527002729e-05, 2.42688802246e-05, 1.52225311467e-05, 1.47460204971e-05, 9.62693320616e-06, 6.74274906487e-06, 8.26089944894e-06, 4.24154222856e-06, 4.63013384433e-06, 4.15070962845e-06, 2.33486139223e-06, 1.87654723049e-06, 7.16078375262e-07, 1.31672862835e-07, 2.56838603718e-07, 3.18842893421e-07, 3.66153329878e-07, 3.47884622443e-07, 1.82742184052e-07, 1.72590773673e-07, 1.21563687117e-07, 7.87668597013e-08, 5.90965285596e-08, 4.47538042181e-08, 3.95546848608e-08, 3.33787859574e-08, 2.49941276564e-08],
        "min": [2.98025891308e-24, 6.27928034631e-24, 4.71888349907e-24, 9.62802210467e-24, 3.19221124439e-24, 3.85477275767e-24, 6.77162855321e-24, 7.03408257638e-24, 6.18296871282e-24, 3.10951791392e-24, 5.40461780144e-24, 5.86611799707e-24, 5.25184463195e-24, 1.33652080447e-23, 1.09342897779e-23, 5.67043434422e-24, 6.17507694833e-24, 3.38927422054e-24, 6.61725202393e-24, 6.54913033489e-24, 7.18305895833e-24, 6.94873808162e-24, 1.10702633655e-23, 7.05078986149e-24, 1.51880131611e-23, 1.40831755981e-23, 8.73543387902e-24, 6.6260695167e-24, 7.75997423756e-24, 1.05037010968e-23, 1.20093565193e-23, 9.01585657589e-24, 7.65445068085e-24, 1.19534570467e-23, 9.95684220694e-24, 1.04239188603e-23, 9.00338152954e-24, 7.06978247664e-24, 8.95819557688e-24, 7.62685948183e-24],
        "var": [3.74124260816e-06, 1.04656528492e-05, 4.95702579428e-06, 3.75581998924e-06, 2.20052288569e-06, 1.51138749516e-06, 7.10956214789e-07, 2.48121153845e-07, 8.03540771699e-08, 4.82421107506e-08, 3.90885865897e-08, 1.15322640326e-08, 2.46212206179e-08, 1.34331932244e-08, 4.94694463171e-09, 3.01470182151e-09, 2.1274477735e-09, 8.80649109192e-10, 1.2089008683e-09, 2.90287172078e-09, 2.5204666132e-10, 1.92404661647e-10, 2.13372416957e-10, 1.2097117752e-10, 6.74492822705e-11, 7.16980251211e-12, 3.71300836214e-13, 2.83367361693e-12, 7.07486022891e-12, 1.24416440692e-11, 2.0310893592e-11, 1.49236335095e-11, 1.94871827008e-11, 6.35476957514e-12, 6.03112828776e-12, 7.11586432139e-12, 3.14113058481e-12, 2.30253338097e-12, 2.39734902936e-12, 6.86340361714e-13]
    },
    "mfcc": {
        "mean": [-683.432250977, 180.618621826, 11.4659729004, 14.6732158661, 3.8457596302, 5.26801586151, -15.5284423828, -1.74801528454, -7.56212854385, -16.0893135071, -3.29575991631, -1.38963496685, -11.0941104889],
        "cov": [[9267.17480469, -584.443786621, -463.95022583, 313.452453613, -109.350074768, 227.473312378, -173.824798584, 210.244888306, 60.5768966675, 92.0517044067, 261.825622559, 227.121536255, 84.1031951904], [-584.443786621, 1697.61462402, -81.4718170166, -96.5337371826, 42.4194412231, -76.5120849609, -11.5586538315, -51.1984519958, -10.3835144043, -34.9759254456, -26.9974002838, -38.5238227844, -78.2356719971], [-463.95022583, -81.4718170166, 333.047332764, -55.0102081299, -1.18608796597, 42.1679649353, 14.3105125427, -23.6586170197, 1.67218279839, -2.17629981041, -24.5849132538, -13.5756959915, -6.36844539642], [313.452453613, -96.5337371826, -55.0102081299, 207.34916687, 16.5418434143, -6.35588169098, 13.6282215118, 61.2099304199, 21.1250591278, -6.43441867828, 42.2027587891, 17.724943161, 9.23913860321], [-109.350074768, 42.4194412231, -1.18608796597, 16.5418434143, 132.003067017, 16.2123527527, 5.5661034584, 12.4418201447, 15.4901199341, 18.3609371185, 11.2270565033, 10.9317121506, 12.8946065903], [227.473312378, -76.5120849609, 42.1679649353, -6.35588169098, 16.2123527527, 122.171211243, 28.4766407013, 10.2125749588, 27.0867538452, 24.1415519714, 15.6256027222, 26.4697666168, 18.6708927155], [-173.824798584, -11.5586538315, 14.3105125427, 13.6282215118, 5.5661034584, 28.4766407013, 102.081130981, 31.1317367554, 11.3480386734, 13.2530288696, 4.11053562164, 12.6398944855, 9.56610679626], [210.244888306, -51.1984519958, -23.6586170197, 61.2099304199, 12.4418201447, 10.2125749588, 31.1317367554, 112.196540833, 31.0814418793, 15.1782159805, 23.5802555084, 14.0438556671, 10.2182312012], [60.5768966675, -10.3835144043, 1.67218279839, 21.1250591278, 15.4901199341, 27.0867538452, 11.3480386734, 31.0814418793, 92.9219818115, 34.7097167969, 23.9214305878, 10.036857605, 6.6754360199], [92.0517044067, -34.9759254456, -2.17629981041, -6.43441867828, 18.3609371185, 24.1415519714, 13.2530288696, 15.1782159805, 34.7097167969, 102.961952209, 31.6993560791, 18.9490890503, 12.9376029968], [261.825622559, -26.9974002838, -24.5849132538, 42.2027587891, 11.2270565033, 15.6256027222, 4.11053562164, 23.5802555084, 23.9214305878, 31.6993560791, 92.9096298218, 33.6942863464, 12.9818601608], [227.121536255, -38.5238227844, -13.5756959915, 17.724943161, 10.9317121506, 26.4697666168, 12.6398944855, 14.0438556671, 10.036857605, 18.9490890503, 33.6942863464, 72.6949691772, 26.5022583008], [84.1031951904, -78.2356719971, -6.36844539642, 9.23913860321, 12.8946065903, 18.6708927155, 9.56610679626, 10.2182312012, 6.6754360199, 12.9376029968, 12.9818601608, 26.5022583008, 71.0704193115]],
