{
"lowlevel": {
    "average_loudness": 0.584647297859,
    "barkbands_crest": {
        "dmean": 1.91874980927,
        "dmean2": 3.10263562202,
        "dvar": 5.06224584579,
        "dvar2": 12.5695123672,
        "max": 26.6171646118,
        "mean": 12.2650775909,
        "median": 10.9848680496,
        "min": 2.73240876198,
        "var": 26.556886673
    },
    "barkbands_flatness_db": {
        "dmean": 0.0388530157506,
        "dmean2": 0.0515557900071,
        "dvar": 0.00225910590962,
        "dvar2": 0.00460027344525,
        "max": 0.526828467846,
        "mean": 0.249811604619,
        "median": 0.250761330128,
        "min": 0.022944919765,
        "var": 0.00781004456803
    },
    "barkbands_kurtosis": {
        "dmean": 5.01356983185,
        "dmean2": 7.68783092499,
        "dvar": 94.4530563354,
        "dvar2": 235.035446167,
        "max": 343.072052002,
        "mean": 10.6120624542,
        "median": 6.63215637207,
        "min": -1.65745270252,
        "var": 184.373428345
    },
    "barkbands_skewness": {
        "dmean": 0.634814143181,
        "dmean2": 0.949649631977,
        "dvar": 0.63885140419,
        "dvar2": 1.4375962019,
        "max": 15.3545093536,
        "mean": 1.56575489044,
        "median": 1.40149486065,
        "min": -4.48687744141,
        "var": 2.33195948601
    },
    "barkbands_spread": {
        "dmean": 3.81543326378,
        "dmean2": 5.9247918129,
        "dvar": 61.8641471863,
        "dvar2": 158.746368408,
        "max": 107.993690491,
        "mean": 8.39348602295,
        "median": 5.57714223862,
        "min": 0.259791374207,
        "var": 77.8751068115
    },
    "dissonance": {
        "dmean": 0.0446593500674,
        "dmean2": 0.0735354274511,
        "dvar": 0.00163929571863,
        "dvar2": 0.00426653353497,
        "max": 0.500000119209,
        "mean": 0.372547328472,
        "median": 0.377739489079,
        "min": 0.124204553664,
        "var": 0.00473621254787
    },
    "dynamic_complexity": 6.12422370911,
    "erbbands_crest": {
        "dmean": 2.41528558731,
        "dmean2": 3.63807415962,
        "dvar": 7.45305871964,
        "dvar2": 16.5028820038,
        "max": 34.1736793518,
        "mean": 15.2763223648,
        "median": 14.1127500534,
        "min": 2.02350997925,
        "var": 41.4394989014
    },
    "erbbands_flatness_db": {
        "dmean": 0.033741235733,
        "dmean2": 0.0426832474768,
        "dvar": 0.00184533349238,
        "dvar2": 0.00347379455343,
        "max": 0.510757565498,
        "mean": 0.241595491767,
        "median": 0.241852074862,
        "min": 0.0374395847321,
        "var": 0.00777424266562
    },
    "erbbands_kurtosis": {
        "dmean": 3.98105382919,
        "dmean2": 5.70700502396,
        "dvar": 37.905670166,
        "dvar2": 78.2265930176,
        "max": 126.270629883,
        "mean": 9.47744655609,
        "median": 5.43087768555,
        "min": -1.62478554249,
        "var": 147.33757019
    },
    "erbbands_skewness": {
        "dmean": 0.552833497524,
        "dmean2": 0.802627921104,
        "dvar": 0.419700562954,
        "dvar2": 0.897630751133,
        "max": 9.44380283356,
        "mean": 1.81173825264,
        "median": 1.63980019093,
        "min": -3.24113893509,
        "var": 1.78998470306
    },
    "erbbands_spread": {
        "dmean": 6.20324850082,
        "dmean2": 9.24116134644,
        "dvar": 114.602279663,
        "dvar2": 254.647994995,
        "max": 142.977676392,
        "mean": 17.2296619415,
        "median": 12.1586551666,
        "min": 0.584039449692,
        "var": 256.101593018
    },
    "hfc": {
        "dmean": 2.95313453674,
        "dmean2": 4.52792072296,
        "dvar": 38.3118743896,
        "dvar2": 91.8387145996,
        "max": 94.7788162231,
        "mean": 9.45035552979,
        "median": 4.10891151428,
        "min": 1.08531152095e-16,
        "var": 137.758926392
    },
    "melbands_crest": {
        "dmean": 2.22255134583,
        "dmean2": 3.55351924896,
        "dvar": 6.18962049484,
        "dvar2": 14.7872343063,
        "max": 35.2970161438,
        "mean": 14.96875,
        "median": 13.602098465,
        "min": 1.7242474556,
        "var": 33.072807312
    },
    "melbands_flatness_db": {
        "dmean": 0.0393352247775,
        "dmean2": 0.0534804165363,
        "dvar": 0.00241594668478,
        "dvar2": 0.00514018815011,
        "max": 0.667865991592,
        "mean": 0.343714475632,
        "median": 0.343912512064,
        "min": 0.0030035644304,
        "var": 0.00888251792639
    },
    "melbands_kurtosis": {
        "dmean": 6.28078460693,
        "dmean2": 9.67663192749,
        "dvar": 174.29095459,
        "dvar2": 417.653015137,
        "max": 493.831207275,
        "mean": 12.8974142075,
        "median": 6.62546157837,
        "min": -1.79657161236,
        "var": 366.047485352
    },
    "melbands_skewness": {
        "dmean": 0.596406579018,
        "dmean2": 0.895275354385,
        "dvar": 0.610219657421,
        "dvar2": 1.29396915436,
        "max": 15.5248718262,
        "mean": 1.61202871799,
        "median": 1.39487481117,
        "min": -3.5123872757,
        "var": 2.41388368607
    },
    "melbands_spread": {
        "dmean": 2.76567435265,
        "dmean2": 4.37934494019,
        "dvar": 26.4104003906,
        "dvar2": 63.5765304565,
        "max": 161.91293335,
        "mean": 9.10453987122,
        "median": 6.46750354767,
        "min": 0.541192829609,
        "var": 155.091125488
    },
    "pitch_salience": {
        "dmean": 0.0596919171512,
        "dmean2": 0.0980587974191,
        "dvar": 0.00411801598966,
        "dvar2": 0.0103785786778,
        "max": 0.914301991463,
        "mean": 0.520748734474,
        "median": 0.533174872398,
        "min": 0.0767447948456,
        "var": 0.0205308794975
    },
    "silence_rate_20dB": {
        "dmean": 0,
        "dmean2": 0,
        "dvar": 0,
        "dvar2": 0,
        "max": 1,
        "mean": 1,
        "median": 1,
        "min": 1,
        "var": 0
    },
    "silence_rate_30dB": {
        "dmean": 0.000578592065722,
        "dmean2": 0.00115729577374,
        "dvar": 0.000578272156417,
        "dvar2": 0.001541402773,
        "max": 1,
        "mean": 0.999614298344,
        "median": 1,
        "min": 0,
        "var": 0.000385616120184
    },
    "silence_rate_60dB": {
        "dmean": 0.0354869812727,
        "dmean2": 0.070980809629,
        "dvar": 0.0342291072011,
        "dvar2": 0.0736616328359,
        "max": 1,
        "mean": 0.160543829203,
        "median": 0,
        "min": 0,
        "var": 0.134774312377
    },
    "spectral_centroid": {
        "dmean": 106.850822449,
        "dmean2": 168.381912231,
        "dvar": 63449.6132812,
        "dvar2": 141049.25,
        "max": 11688.0751953,
        "mean": 602.465942383,
        "median": 457.788970947,
        "min": 184.84437561,
        "var": 836949.8125
    },
    "spectral_complexity": {
        "dmean": 1.60019290447,
        "dmean2": 2.63574123383,
        "dvar": 6.54565143585,
        "dvar2": 16.0156784058,
        "max": 38,
        "mean": 7.74611902237,
        "median": 8,
        "min": 0,
        "var": 13.5662984848
    },
    "spectral_decrease": {
        "dmean": 1.10798448194e-09,
        "dmean2": 1.74794601016e-09,
        "dvar": 4.64397972887e-18,
        "dvar2": 1.01813252726e-17,
        "max": 1.30964840667e-20,
        "mean": -4.72338790303e-09,
        "median": -2.91679480569e-09,
        "min": -3.11413472787e-08,
        "var": 2.28195109678e-17
    },
    "spectral_energy": {
        "dmean": 0.00438991142437,
        "dmean2": 0.00689474819228,
        "dvar": 7.2411254223e-05,
        "dvar2": 0.000158323571668,
        "max": 0.121324174106,
        "mean": 0.0186842884868,
        "median": 0.0114981308579,
        "min": 9.95733202645e-21,
        "var": 0.000359341385774
    },
    "spectral_energyband_high": {
        "dmean": 0.000110445231257,
        "dmean2": 0.000170955798239,
        "dvar": 1.2180333897e-07,
        "dvar2": 3.21663293334e-07,
        "max": 0.00550855882466,
        "mean": 0.000112237175927,
        "median": 1.17492318168e-05,
        "min": 6.85972884834e-21,
        "var": 1.0557161545e-07
    },
    "spectral_energyband_low": {
        "dmean": 0.00141345476732,
        "dmean2": 0.00240616919473,
        "dvar": 1.65369747265e-05,
        "dvar2": 4.37987291662e-05,
        "max": 0.0659299641848,
        "mean": 0.00277322321199,
        "median": 0.00215061451308,
        "min": 2.17948037062e-23,
        "var": 1.45172889461e-05
    },
    "spectral_energyband_middle_high": {
        "dmean": 0.000724730954971,
        "dmean2": 0.00112099491525,
        "dvar": 5.37122468813e-06,
        "dvar2": 1.2445970242e-05,
        "max": 0.0810198560357,
        "mean": 0.00169329321943,
        "median": 0.000198709603865,
        "min": 1.01196591535e-21,
        "var": 2.88045175694e-05
    },
    "spectral_energyband_middle_low": {
        "dmean": 0.00299917836674,
        "dmean2": 0.00468704896048,
        "dvar": 4.44767538283e-05,
        "dvar2": 9.16306162253e-05,
        "max": 0.116338253021,
        "mean": 0.0142096756026,
        "median": 0.00694381911308,
        "min": 1.53939453005e-22,
        "var": 0.000289633549983
    },
    "spectral_entropy": {
        "dmean": 0.372134655714,
        "dmean2": 0.500411212444,
        "dvar": 0.219572126865,
        "dvar2": 0.442662715912,
        "max": 9.82163333893,
        "mean": 6.24943447113,
        "median": 6.13581180573,
        "min": 4.19206094742,
        "var": 0.78197324276
    },
    "spectral_flux": {
        "dmean": 0.0197781398892,
        "dmean2": 0.031186690554,
        "dvar": 0.000966744439211,
        "dvar2": 0.00233028712682,
        "max": 0.314444839954,
        "mean": 0.03990425542,
        "median": 0.0282257460058,
        "min": 6.455828927e-11,
        "var": 0.00140336365439
    },
    "spectral_kurtosis": {
        "dmean": 9.58746337891,
        "dmean2": 14.6720104218,
        "dvar": 223.160583496,
        "dvar2": 486.110656738,
        "max": 362.194519043,
        "mean": 22.8467655182,
        "median": 12.4124183655,
        "min": -1.28313565254,
        "var": 830.919799805
    },
    "spectral_rms": {
        "dmean": 0.000485489115817,
        "dmean2": 0.000745284196455,
        "dvar": 6.70274403092e-07,
        "dvar2": 1.41405473641e-06,
        "max": 0.0108795696869,
        "mean": 0.003706012154,
        "median": 0.00334928184748,
        "min": 3.1168045575e-12,
        "var": 4.49405024483e-06
    },
    "spectral_rolloff": {
        "dmean": 205.7162323,
        "dmean2": 380.299560547,
        "dvar": 987780.6875,
        "dvar2": 2794143.25,
        "max": 19422.9492188,
        "mean": 756.563232422,
        "median": 538.330078125,
        "min": 86.1328125,
        "var": 3061383.75
    },
    "spectral_skewness": {
        "dmean": 0.722999453545,
        "dmean2": 1.06877219677,
        "dvar": 0.814841389656,
        "dvar2": 1.69260239601,
        "max": 16.0498809814,
        "mean": 3.51075458527,
        "median": 3.0691549778,
        "min": -0.0715664550662,
        "var": 3.26876664162
    },
    "spectral_spread": {
        "dmean": 1121162.375,
        "dmean2": 1501660,
        "dvar": 2.47871910707e+12,
        "dvar2": 4.5825434583e+12,
        "max": 44081776,
        "mean": 4476008.5,
        "median": 3587897.75,
        "min": 235902.21875,
        "var": 1.62305618739e+13
    },
    "spectral_strongpeak": {
        "dmean": 0.314899653196,
        "dmean2": 0.51731467247,
        "dvar": 0.397215992212,
        "dvar2": 0.840233564377,
        "max": 11.0704345703,
        "mean": 1.27273964882,
        "median": 0.539299666882,
        "min": 0,
        "var": 2.54860639572
    },
    "zerocrossingrate": {
        "dmean": 0.00813993532211,
        "dmean2": 0.00976138655096,
        "dvar": 0.000144094476127,
        "dvar2": 0.000213408682612,
        "max": 0.52099609375,
        "mean": 0.0361927002668,
        "median": 0.02734375,
        "min": 0.00537109375,
        "var": 0.00226094271056
    },
    "barkbands": {
        "dmean": [0.000146060760017, 0.00112812512089, 0.000292884593364, 0.000326117820805, 0.000923760875594, 0.00106257235166, 0.000455764180515, 0.000574595469516, 0.000691708235536, 0.000130140586407, 0.000262166897301, 0.000149337138282, 5.7113917137e-05, 4.38342576672e-05, 6.46870103083e-05, 5.18360902788e-05, 4.46277772426e-05, 2.25098156079e-05, 1.71362898982e-05, 1.89010643226e-05, 2.17034266825e-05, 7.12884320819e-06, 7.92403261585e-06, 1.02720096038e-05, 1.38344739753e-05, 4.05466707889e-05, 7.86376676842e-06],
        "dmean2": [0.000224783216254, 0.00192330544814, 0.000498378823977, 0.000567596114706, 0.00153623288497, 0.00166196632199, 0.00066905003041, 0.000811209611129, 0.00102705042809, 0.000210559606785, 0.000396859220928, 0.000230769175687, 9.03953186935e-05, 7.69028119976e-05, 0.000105912709842, 8.19678971311e-05, 6.89433363732e-05, 3.88119406125e-05, 2.8443406336e-05, 3.09226670652e-05, 3.65492487617e-05, 1.15328020911e-05, 1.27640169012e-05, 1.51387621372e-05, 1.88911544683e-05, 6.81483506924e-05, 1.34282154249e-05],
        "dvar": [2.54085392726e-07, 1.23260397231e-05, 5.31097953171e-07, 3.51230767137e-07, 5.02484635945e-06, 1.22610408653e-05, 4.50882134828e-06, 4.10643497162e-06, 1.14545200631e-05, 5.36077664037e-07, 2.66670622295e-06, 2.39648471734e-07, 2.91951582909e-08, 3.09902681295e-08, 4.69669068082e-08, 4.40610321562e-08, 6.23161824365e-08, 8.35285529632e-09, 3.39792594062e-09, 6.28079410703e-09, 2.07163619592e-08, 4.56642113011e-10, 8.87026840868e-10, 8.54629700342e-10, 1.12769604765e-09, 3.05352401142e-08, 1.22771404154e-09],
        "dvar2": [5.85844361467e-07, 3.33322277584e-05, 1.41876330417e-06, 1.06589573079e-06, 1.03172469608e-05, 2.71000608336e-05, 7.85294287198e-06, 7.2819707384e-06, 2.21334157686e-05, 1.09668928872e-06, 5.93481081523e-06, 5.34212006187e-07, 7.20454593761e-08, 8.30180511002e-08, 1.11823801774e-07, 1.03248211758e-07, 1.28123744503e-07, 2.20149924957e-08, 8.39427372057e-09, 1.52237547013e-08, 5.57489379105e-08, 1.16268994432e-09, 2.20332552203e-09, 2.15040008023e-09, 2.57021626204e-09, 8.47120844583e-08, 3.47631345932e-09],
        "max": [0.00987104140222, 0.0574611872435, 0.0125304721296, 0.0129574630409, 0.0776506587863, 0.0785670503974, 0.0640266239643, 0.0591484792531, 0.0802331343293, 0.0474667660892, 0.0687696635723, 0.0142290573567, 0.00395280309021, 0.00508400751278, 0.0058083627373, 0.00451678782701, 0.0142843276262, 0.00203734519891, 0.00144575571176, 0.00233546853997, 0.00400582887232, 0.000641636783257, 0.000901837658603, 0.000793349696323, 0.000552352285013, 0.00339441164397, 0.000670854526106],
        "mean": [0.000158789203851, 0.0017162397271, 0.000809326767921, 0.000543277710676, 0.00323143857531, 0.0038525511045, 0.00177794962656, 0.0021658251062, 0.00260445219465, 0.000243095477344, 0.00079258531332, 0.000242080699536, 7.15582500561e-05, 4.48820646852e-05, 9.55344657996e-05, 7.92015489424e-05, 8.68506831466e-05, 2.13046369026e-05, 2.10354028241e-05, 2.13828152482e-05, 1.96984437935e-05, 8.13939641375e-06, 9.90803982859e-06, 1.32494897116e-05, 1.73265452759e-05, 3.09483730234e-05, 5.70606789552e-06],
        "median": [2.94230958389e-05, 0.000949021894485, 0.000577289902139, 0.000225126597797, 0.00131915695965, 0.00108745659236, 0.000160146693815, 0.000197660468984, 0.000114144866529, 2.36268278968e-05, 1.67789694387e-05, 1.32119857881e-05, 8.04358660389e-06, 1.66027666637e-06, 3.76052207685e-06, 1.88121089195e-06, 1.9264778075e-06, 7.57777911531e-07, 1.28267333821e-06, 1.31191029595e-06, 1.5409190155e-06, 8.72325756518e-07, 1.94174322132e-06, 2.08393157664e-06, 1.2443159676e-06, 4.42561798764e-07, 5.57575781102e-08],
        "min": [2.78107883147e-25, 4.85717121018e-24, 2.19033442614e-25, 7.91630694467e-25, 1.16820447191e-23, 1.05975597673e-23, 7.69732369333e-24, 6.33987196358e-24, 1.64375909231e-23, 1.44616757936e-23, 7.94426240021e-24, 2.3528458074e-23, 2.70079342004e-23, 4.68021203866e-23, 3.01855101028e-23, 5.76131498592e-23, 3.79540450589e-23, 7.31224140022e-23, 1.29871281543e-22, 1.88150646524e-22, 2.53267087904e-22, 3.09418232382e-22, 4.08150750614e-22, 6.0042306284e-22, 8.17270550587e-22, 1.36794196105e-21, 2.01805291106e-21],
        "var": [2.67842409585e-07, 9.88063948171e-06, 7.69158589264e-07, 6.94637435572e-07, 3.64184488717e-05, 8.0334051745e-05, 3.87015425076e-05, 3.25313922076e-05, 8.01020723884e-05, 2.57229044109e-06, 1.90220380318e-05, 5.82795280479e-07, 3.99599713319e-08, 3.42039392365e-08, 1.01969099831e-07, 1.01394604712e-07, 2.09772153426e-07, 7.45051886852e-09, 5.20752863054e-09, 8.48014281019e-09, 1.59335957761e-08, 4.79737527481e-10, 8.76389738558e-10, 9.34535338004e-10, 1.47512990711e-09, 1.99504857079e-08, 7.46505746108e-10]
    },
    "erbbands": {
        "dmean": [0.0261798240244, 0.2739174366, 0.405690819025, 0.619768023491, 1.81150662899, 3.2662191391, 9.63887500763, 7.0284781456, 4.75011587143, 8.78241252899, 13.1389875412, 18.3505020142, 6.02924013138, 8.26472377777, 8.57313346863, 6.44648075104, 2.93996286392, 2.08667588234, 3.73232126236, 2.71325874329, 2.61551737785, 1.92042040825, 1.47411906719, 0.819397985935, 1.11845755577, 0.732739627361, 0.813642680645, 0.80340731144, 0.247284322977, 0.260595887899, 0.229320183396, 0.235849991441, 0.15730522573, 0.158318594098, 0.101190887392, 0.091462880373, 0.0927842110395, 0.0214137081057, 0.00149769231211, 4.75348242617e-05],
        "dmean2": [0.0439642705023, 0.470171153545, 0.698257982731, 1.07644307613, 3.21159386635, 5.2684969902, 15.3006372452, 10.6962718964, 7.07277679443, 12.5447416306, 18.6473274231, 26.8522796631, 9.08681106567, 12.7015743256, 13.2728796005, 9.81333637238, 4.56123828888, 3.41784596443, 6.29342269897, 4.378074646, 4.1111497879, 2.95177125931, 2.44617962837, 1.4133695364, 1.82026875019, 1.21166348457, 1.3336455822, 1.37094414234, 0.404182821512, 0.412817180157, 0.367692321539, 0.379314512014, 0.227082118392, 0.220586106181, 0.142405554652, 0.141613915563, 0.16001598537, 0.0370527878404, 0.00256581488065, 8.00504567451e-05],
        "dvar": [0.00571933062747, 0.754420042038, 1.11884891987, 1.3641872406, 12.6401290894, 77.4541702271, 992.355651855, 908.369689941, 399.477203369, 1415.19165039, 1842.82507324, 8571.64160156, 903.627685547, 2948.8984375, 3086.35864258, 406.309967041, 68.5694580078, 44.1814498901, 156.738418579, 89.6023788452, 122.833946228, 89.3194046021, 36.0388259888, 9.34705734253, 17.2047119141, 5.95052576065, 33.9480819702, 25.8301239014, 0.626520216465, 0.795749485493, 0.884687960148, 0.484583824873, 0.1736048311, 0.163529068232, 0.0598570480943, 0.0782177001238, 0.187446624041, 0.0105984797701, 4.57758760604e-05, 3.80178803994e-08],
        "dvar2": [0.0152296843007, 2.04842114449, 2.91520142555, 3.96592307091, 35.4341239929, 146.429916382, 2263.38427734, 1769.68005371, 763.628173828, 2414.4699707, 3483.40673828, 16219.4941406, 1715.33862305, 6244.44580078, 7616.68359375, 913.022827148, 161.540283203, 107.841148376, 395.988464355, 227.274230957, 282.805938721, 185.60005188, 88.8970108032, 25.4795341492, 41.6966934204, 15.0583982468, 89.7003631592, 70.2797317505, 1.63641393185, 2.05229449272, 2.18554449081, 1.22760426998, 0.436016798019, 0.395622521639, 0.134269610047, 0.203102603555, 0.526263892651, 0.0298050548881, 0.000130034037284, 1.06847458881e-07],
        "max": [1.01372015476, 14.697101593, 17.5288181305, 18.3288421631, 108.123329163, 423.770019531, 838.90045166, 946.372680664, 731.023132324, 1128.48632812, 1130.56103516, 2351.76367188, 1481.42675781, 2627.46777344, 3548.69726562, 667.866149902, 202.54586792, 245.104980469, 296.535217285, 204.777893066, 460.700744629, 374.316436768, 171.216445923, 62.3902549744, 111.11164093, 43.208152771, 238.980545044, 133.948654175, 27.3396034241, 22.792350769, 33.9494781494, 30.2023544312, 10.0855321884, 7.47738599777, 3.38245201111, 4.50053071976, 8.3645772934, 1.98783445358, 0.129319235682, 0.00364020699635],
        "mean": [0.0411020852625, 0.414389044046, 1.0338280201, 1.2341811657, 3.95558714867, 11.769659996, 33.8050498962, 26.6635417938, 18.1857681274, 38.0983581543, 47.279083252, 69.6012191772, 19.7647724152, 25.7906627655, 21.0555744171, 10.9075212479, 4.1971988678, 2.72097182274, 4.78934240341, 4.03844833374, 4.67931365967, 3.48625302315, 1.7236495018, 0.824079871178, 1.51801848412, 0.793546080589, 0.725475132465, 0.743864178658, 0.277818530798, 0.31593427062, 0.280412733555, 0.291238218546, 0.203673809767, 0.203613683581, 0.120970375836, 0.0851866602898, 0.0667939931154, 0.0149825317785, 0.00108642631676, 5.31551595486e-05],
        "median": [0.021651333198, 0.228956729174, 0.823429644108, 0.754949688911, 1.50387358665, 4.74752521515, 10.8388633728, 7.21565914154, 3.31882047653, 3.86111760139, 7.71554327011, 4.63456392288, 1.53652155399, 1.55739843845, 0.975525915623, 0.83469337225, 0.589251339436, 0.299681246281, 0.281883776188, 0.174305140972, 0.138957887888, 0.122744254768, 0.0623297207057, 0.0554386526346, 0.0885377675295, 0.0654099658132, 0.0503434874117, 0.0638524219394, 0.0300278812647, 0.0443119481206, 0.0489372499287, 0.0624718852341, 0.0270101111382, 0.0181856881827, 0.00494060060009, 0.00230375002138, 0.000742053205613, 0.000129139763885, 2.66491897492e-05, 1.91898561752e-05],
        "min": [1.18264916195e-22, 1.24335040564e-21, 2.21968848474e-21, 7.97617468266e-21, 1.36331368761e-20, 1.93589780114e-20, 5.33132380451e-20, 1.14972211483e-19, 1.24980786702e-19, 1.49647364267e-19, 1.84581385809e-19, 4.5380777596e-19, 5.62131833462e-19, 7.86502144774e-19, 1.07879799475e-18, 1.49446679911e-18, 1.41305113373e-18, 2.05427989022e-18, 1.64446421587e-18, 1.99644631692e-18, 3.71894695858e-18, 2.76555843688e-18, 4.56148624715e-18, 6.28729271613e-18, 7.67203897006e-18, 8.45502828557e-18, 1.02754344381e-17, 1.06068162264e-17, 1.0471956008e-17, 1.12900326708e-17, 1.16865814021e-17, 1.05482774816e-17, 1.02504527564e-17, 8.13177354681e-18, 6.10200715405e-18, 4.50095275634e-18, 2.47200382481e-18, 1.02610286742e-18, 2.56914104001e-19, 2.56944254088e-20],
        "var": [0.00524643855169, 0.590716838837, 1.33998215199, 2.59158420563, 38.9233856201, 643.441040039, 5925.42675781, 6294.32714844, 3125.94873047, 11992.1542969, 12442.1513672, 58557.5859375, 6234.31396484, 22239.828125, 15781.8408203, 1053.23742676, 124.561843872, 72.5476837158, 250.154281616, 148.876327515, 341.337738037, 246.294937134, 44.3435745239, 8.12805366516, 29.7670726776, 6.45414972305, 26.8371391296, 19.8519248962, 0.613800644875, 0.803081154823, 0.842472791672, 0.50150758028, 0.192242115736, 0.19850294292, 0.0777036622167, 0.0657956451178, 0.116893947124, 0.00650007138029, 2.76276005025e-05, 2.43399114197e-08]
    },
    "gfcc": {
        "mean": [-139.406845093, 135.500518799, -65.9650344849, 1.80490195751, -68.0165328979, 3.02177715302, -35.5708961487, 0.947865843773, -14.5798921585, -1.42893838882, -9.40147018433, -2.35498356819, -3.84829139709],
        "cov": [[26863.0800781, -1363.36657715, -1219.81518555, 83.0761108398, -188.62538147, 269.114440918, -538.174865723, 906.739807129, -542.695068359, 524.664001465, -325.473846436, 487.651672363, -219.644546509], [-1363.36657715, 3031.14648438, -523.927734375, -38.5109405518, 46.4835777283, -350.574584961, 146.137145996, -450.715423584, 443.699432373, -526.032714844, 329.776794434, -355.191894531, 259.104156494], [-1219.81518555, -523.927734375, 1792.78759766, 452.399749756, -219.606872559, 320.731628418, 9.77217483521, -49.316532135, -211.60546875, 135.180862427, -139.507019043, 119.769386292, -116.419395447], [83.0761108398, -38.5109405518, 452.399749756, 562.549926758, -61.4357833862, 69.7369003296, 39.5129127502, -9.91278362274, -40.4928894043, -9.58247089386, 17.1325626373, -19.6931648254, 7.12681722641], [-188.62538147, 46.4835777283, -219.606872559, -61.4357833862, 429.840026855, -43.3044281006, 57.7779006958, 53.2069549561, 39.6353302002, -6.1986322403, -9.07333183289, -4.51032066345, -15.9802732468], [269.114440918, -350.574584961, 320.731628418, 69.7369003296, -43.3044281006, 346.023132324, 18.5920162201, 26.772228241, -66.6558609009, 95.7211074829, -57.5482406616, 44.4022750854, -49.284324646], [-538.174865723, 146.137145996, 9.77217483521, 39.5129127502, 57.7779006958, 18.5920162201, 189.965713501, 39.7507171631, 32.7317581177, -38.3560714722, 23.6356182098, -27.8616828918, 29.0497627258], [906.739807129, -450.715423584, -49.316532135, -9.91278362274, 53.2069549561, 26.772228241, 39.7507171631, 298.280273438, 18.3257045746, 99.0660324097, -58.2398262024, 52.2155151367, -40.9268913269], [-542.695068359, 443.699432373, -211.60546875, -40.4928894043, 39.6353302002, -66.6558609009, 32.7317581177, 18.3257045746, 250.472564697, -64.5801620483, 71.1176452637, -90.1378631592, 48.9306335449], [524.664001465, -526.032714844, 135.180862427, -9.58247089386, -6.1986322403, 95.7211074829, -38.3560714722, 99.0660324097, -64.5801620483, 227.556854248, -34.7723960876, 79.8644943237, -94.7011642456], [-325.473846436, 329.776794434, -139.507019043, 17.1325626373, -9.07333183289, -57.5482406616, 23.6356182098, -58.2398262024, 71.1176452637, -34.7723960876, 182.500427246, 3.11613345146, 38.5156173706], [487.651672363, -355.191894531, 119.769386292, -19.6931648254, -4.51032066345, 44.4022750854, -27.8616828918, 52.2155151367, -90.1378631592, 79.8644943237, 3.11613345146, 153.095504761, -6.18890714645], [-219.644546509, 259.104156494, -116.419395447, 7.12681722641, -15.9802732468, -49.284324646, 29.0497627258, -40.9268913269, 48.9306335449, -94.7011642456, 38.5156173706, -6.18890714645, 135.201446533]],
        "icov": [[6.7346241849e-05, -0.000123890378745, 0.000131120468723, -0.000125855047372, 7.05943457433e-05, -0.000109707245429, 0.000224330855417, -0.000294718745863, 0.000216011729208, -8.61829321366e-05, 0.000186232544365, -0.000273358687991, 9.32044786168e-05], [-0.000123890378745, 0.0013205887517, -0.000383856706321, 0.000443490862381, -0.000257731357124, 0.000483437092043, -0.000742738717236, 0.00145431107376, -0.00128220720217, 0.00123834738042, -0.0014233518159, 0.00164352764841, -0.000528262171429], [0.000131120468723, -0.000383856706321, 0.00143854215275, -0.0011838353239, 0.000649506459013, -0.000652728078421, -0.000153943241457, 0.000181727285963, 8.29718192108e-05, -0.000253264704952, 0.00170983071439, -0.00226556556299, 0.00137845159043], [-0.000125855047372, 0.000443490862381, -0.0011838353239, 0.00297118001617, -0.000326530338498, 0.000111914145236, -0.00023081251129, -0.000241215704591, 0.000563999812584, 0.000384334998671, -0.00212698196992, 0.00285257445648, -0.00145000882912], [7.05943457433e-05, -0.000257731357124, 0.000649506459013, -0.000326530338498, 0.00294259213842, 0.000125631864648, -0.000996035058051, -0.000147149374243, -0.000446007557912, 6.62987076794e-05, 0.00128338031936, -0.00171595148277, 0.00151186599396], [-0.000109707245429, 0.000483437092043, -0.000652728078421, 0.000111914145236, 0.000125631864648, 0.00422917166725, -0.00147048442159, 0.00117290555499, -0.000726021302398, -0.000959114753641, 0.000415716291172, 0.000171396604856, 3.52048009518e-05], [0.000224330855417, -0.000742738717236, -0.000153943241457, -0.00023081251129, -0.000996035058051, -0.00147048442159, 0.00822539348155, -0.00378336105496, 0.00218452396803, 0.000429344625445, -0.00154764519539, 0.00185582321137, -0.00186292116996], [-0.000294718745863, 0.00145431107376, 0.000181727285963, -0.000241215704591, -0.000147149374243, 0.00117290555499, -0.00378336105496, 0.00828237365931, -0.00457894802094, -0.000558481086046, 0.00195467565209, -0.00211222469807, 0.00124599470291], [0.000216011729208, -0.00128220720217, 8.29718192108e-05, 0.000563999812584, -0.000446007557912, -0.000726021302398, 0.00218452396803, -0.00457894802094, 0.00948346219957, -0.00134524190798, -0.00274582277052, 0.00473361602053, -0.00269845197909], [-8.61829321366e-05, 0.00123834738042, -0.000253264704952, 0.000384334998671, 6.62987076794e-05, -0.000959114753641, 0.000429344625445, -0.000558481086046, -0.00134524190798, 0.0104432087392, -0.00162070954684, -0.00206841132604, 0.00481411488727], [0.000186232544365, -0.0014233518159, 0.00170983071439, -0.00212698196992, 0.00128338031936, 0.000415716291172, -0.00154764519539, 0.00195467565209, -0.00274582277052, -0.00162070954684, 0.0113490801305, -0.00745402183384, 0.00212641735561], [-0.000273358687991, 0.00164352764841, -0.00226556556299, 0.00285257445648, -0.00171595148277, 0.000171396604856, 0.00185582321137, -0.00211222469807, 0.00473361602053, -0.00206841132604, -0.00745402183384, 0.0180441904813, -0.00708597479388], [9.32044786168e-05, -0.000528262171429, 0.00137845159043, -0.00145000882912, 0.00151186599396, 3.52048009518e-05, -0.00186292116996, 0.00124599470291, -0.00269845197909, 0.00481411488727, 0.00212641735561, -0.00708597479388, 0.0142110232264]]
    },
    "melbands": {
        "dmean": [0.000286404159851, 0.000269519397989, 0.000141423093737, 0.000163165896083, 0.000291518284939, 0.000161267555086, 8.3161299699e-05, 9.96802991722e-05, 0.000102258578409, 0.000120383658214, 2.73389268841e-05, 3.16725636367e-05, 2.82573546428e-05, 1.96610380954e-05, 1.11347726488e-05, 6.27014014754e-06, 3.47759691977e-06, 6.03699481871e-06, 4.25005600846e-06, 4.44918077847e-06, 2.77058666143e-06, 2.17120054913e-06, 1.76734306478e-06, 1.04798118628e-06, 6.05970399192e-07, 7.39378890557e-07, 8.5763917923e-07, 4.1303272269e-07, 4.74471136158e-07, 6.01867043315e-07, 3.96561461002e-07, 1.07246073355e-07, 1.83714263358e-07, 1.39615664807e-07, 1.2774793845e-07, 1.82081038247e-07, 1.2296884222e-07, 9.4858336297e-08, 1.50954804212e-07, 1.25191760958e-07],
        "dmean2": [0.000484056130517, 0.000463030068204, 0.000246742914896, 0.000276628561551, 0.000466517667519, 0.000247738324106, 0.000122231591376, 0.000141966549563, 0.000146163365571, 0.000176639514393, 4.18271047238e-05, 4.88321093144e-05, 4.37376183982e-05, 3.03492342937e-05, 1.6939255147e-05, 9.81325229077e-06, 5.85370571571e-06, 1.04233931779e-05, 6.77790239934e-06, 7.05412412572e-06, 4.36782920588e-06, 3.30841589857e-06, 2.85172814074e-06, 1.80417453066e-06, 1.05717219867e-06, 1.22805386127e-06, 1.38594180044e-06, 6.94836899129e-07, 7.75918522322e-07, 1.024811354e-06, 6.80789241869e-07, 1.7213798742e-07, 3.04246498217e-07, 2.19174040694e-07, 1.98016977038e-07, 3.12311300377e-07, 1.93758054934e-07, 1.38311619935e-07, 2.22267956929e-07, 1.74001783648e-07],
        "dvar": [7.41081180422e-07, 6.09826770415e-07, 6.53892158198e-08, 1.59534252475e-07, 7.77086768267e-07, 3.85865007502e-07, 1.33662723556e-07, 1.73890171595e-07, 1.19682951549e-07, 3.96999496388e-07, 2.00830942987e-08, 4.34706066699e-08, 2.7591994467e-08, 6.66128530113e-09, 1.49294265839e-09, 4.19123624695e-10, 1.72197464621e-10, 4.8340403902e-10, 2.62568106146e-10, 3.2682989648e-10, 2.08014674929e-10, 1.40144937322e-10, 1.01897768001e-10, 1.78441775245e-11, 5.75472265327e-12, 7.97290098525e-12, 1.47505393316e-11, 2.13537867944e-12, 1.11988049042e-11, 2.42106473758e-11, 4.68796269165e-12, 1.58974016676e-13, 2.6964994365e-13, 3.27956737288e-13, 4.70093040016e-13, 2.30295952664e-13, 1.56457271726e-13, 6.64907649881e-14, 1.79680828051e-13, 9.34247186449e-14],
        "dvar2": [1.99503347176e-06, 1.61398099863e-06, 1.89982372945e-07, 3.38046049819e-07, 1.75143884462e-06, 7.80427455993e-07, 2.42982281407e-07, 2.96820843459e-07, 2.29130463936e-07, 7.45750298847e-07, 3.80563918156e-08, 9.21038534329e-08, 6.64565575903e-08, 1.56497534931e-08, 3.07484815387e-09, 1.04463770967e-09, 4.08734712742e-10, 1.26863641814e-09, 6.00056671018e-10, 7.51216422401e-10, 4.51669424084e-10, 2.82505852045e-10, 2.30281155256e-10, 4.75324085647e-11, 1.55793485751e-11, 1.91259855176e-11, 3.47240569631e-11, 5.47522227209e-12, 2.89749699928e-11, 6.65867777583e-11, 1.26702155712e-11, 4.19786872364e-13, 6.92707610023e-13, 8.57861633292e-13, 1.1631484621e-12, 5.99631997701e-13, 3.92386725325e-13, 1.69871739288e-13, 4.55954284745e-13, 2.18982126811e-13],
        "max": [0.013211148791, 0.0127133205533, 0.0050884783268, 0.0192932654172, 0.0271112322807, 0.018307806924, 0.0110234059393, 0.0140354856849, 0.0084279384464, 0.0158671848476, 0.00757572473958, 0.00980733521283, 0.00952915474772, 0.00446031428874, 0.00111447647214, 0.000469654565677, 0.000562531058677, 0.00048893422354, 0.00062248960603, 0.000436987815192, 0.000841282715555, 0.000628075620625, 0.000508311670274, 8.5164909251e-05, 5.83538640058e-05, 8.73032331583e-05, 0.000142512493767, 3.60737321898e-05, 0.000122567944345, 0.000137697468745, 6.25836328254e-05, 2.11750466406e-05, 1.53166038217e-05, 1.83219999599e-05, 2.47183161264e-05, 1.94872518477e-05, 2.05416290555e-05, 7.11882375981e-06, 8.00890575192e-06, 5.84491772315e-06],
        "mean": [0.000432902015746, 0.000555051956326, 0.000294172758004, 0.000499210960697, 0.00105803646147, 0.000597901584115, 0.000320761057083, 0.000427405582741, 0.000351973169018, 0.000454243679997, 8.09087068774e-05, 9.54297865974e-05, 7.60767652537e-05, 3.66301574104e-05, 1.80802471732e-05, 7.58345413487e-06, 4.36879145127e-06, 6.79821778249e-06, 6.77301477481e-06, 6.65953029966e-06, 5.22593245478e-06, 4.19315347244e-06, 2.32421484725e-06, 9.94687070488e-07, 5.62842842555e-07, 9.64057676356e-07, 1.10861788016e-06, 3.91219003859e-07, 4.17669753006e-07, 5.25371603999e-07, 3.71713611003e-07, 1.18520439685e-07, 2.01005562417e-07, 1.69372370351e-07, 1.50579111846e-07, 2.0509986598e-07, 1.53612575104e-07, 1.22564557614e-07, 1.81482903372e-07, 1.63393607977e-07],
        "median": [0.000234808860114, 0.000462398165837, 0.000159329356393, 0.000206678669201, 0.000363103172276, 0.000159058166901, 4.0663733671e-05, 4.01160141337e-05, 4.35731417383e-05, 2.0937559384e-05, 4.50850438938e-06, 4.23703431807e-06, 2.13934004023e-06, 2.22181665777e-06, 8.78162779827e-07, 9.01846135548e-07, 2.65428298007e-07, 3.51339934923e-07, 2.01748719064e-07, 1.78933589723e-07, 1.19731865311e-07, 1.08195706616e-07, 6.83720600136e-08, 3.52752316246e-08, 2.74229829955e-08, 5.22824734617e-08, 6.06328356412e-08, 2.70518807355e-08, 2.12912034669e-08, 4.1846131893e-08, 3.04044718291e-08, 1.06152198143e-08, 2.55172754038e-08, 2.3159676843e-08, 1.75692402848e-08, 4.64360461194e-08, 3.05890104357e-08, 1.63228062178e-08, 2.15207993648e-08, 1.2663273985e-08],
        "min": [2.14926731349e-24, 1.49629736274e-24, 1.6550644946e-24, 1.69341950346e-24, 1.43521310184e-24, 2.51444778981e-24, 1.83528469878e-24, 1.43427771002e-24, 1.61412951616e-24, 3.13296088787e-24, 2.57287891428e-24, 2.68642084766e-24, 2.49051453881e-24, 3.27841204765e-24, 4.13442986502e-24, 1.96300975959e-24, 3.67291665319e-24, 1.85558938684e-24, 1.96852271403e-24, 2.62247676876e-24, 3.98628849234e-24, 2.15863109244e-24, 2.63939093264e-24, 3.83511868264e-24, 4.10731592685e-24, 5.04296806932e-24, 5.2487302091e-24, 4.25951756661e-24, 4.38751655937e-24, 5.38595966331e-24, 5.25055168893e-24, 5.28673318878e-24, 4.56460833842e-24, 5.75865818127e-24, 4.89710768794e-24, 6.64382756454e-24, 5.78999686402e-24, 6.52003359483e-24, 5.03317436118e-24, 6.35843464954e-24],
        "var": [6.14503107954e-07, 5.47783827187e-07, 1.46155258562e-07, 1.04824346181e-06, 4.81170400235e-06, 2.63988658844e-06, 1.10793530439e-06, 1.47694902353e-06, 7.86660450558e-07, 2.7542710086e-06, 1.36377124704e-07, 3.20883174254e-07, 1.61634815754e-07, 2.83952577007e-08, 4.42729142236e-09, 4.84124573763e-10, 3.22834287081e-10, 6.13770867464e-10, 6.84064971335e-10, 7.49279138734e-10, 7.15468073675e-10, 4.68833138978e-10, 1.7241873207e-10, 1.52153220578e-11, 5.25464437587e-12, 1.40252670588e-11, 2.53861359018e-11, 1.98824095209e-12, 9.19537970073e-12, 1.69617011408e-11, 3.96503966812e-12, 1.57804582661e-13, 2.75783709021e-13, 3.23710974475e-13, 4.31888411753e-13, 2.26684095756e-13, 1.57799093887e-13, 7.11182550567e-14, 1.81417055857e-13, 1.22153860378e-13]
    },
    "mfcc": {
        "mean": [-791.968139648, 168.674697876, 48.4123535156, 7.69750022888, -1.42723882198, -4.62175273895, -7.74657392502, -3.46629714966, -1.95730543137, 0.205021888018, -4.34067201614, 1.42909646034, 1.12878453732],
        "cov": [[11263.1572266, 204.807479858, -760.011535645, -40.8338050842, 139.946456909, -152.799377441, 159.830490112, 91.1619949341, 107.289161682, 88.0281906128, -15.7180614471, 58.9175643921, 324.979370117], [204.807479858, 2497.06054688, 12.3045501709, -38.5392608643, 46.3754959106, -74.5454711914, -181.501449585, 9.36302375793, -45.9732208252, -3.37035894394, -92.9919891357, 35.3925971985, -38.7604103088], [-760.011535645, 12.3045501709, 1609.16149902, 252.458511353, -48.4521713257, 251.864929199, 90.4973144531, 12.3171815872, -1.75925469398, -63.0860176086, 3.79488825798, -13.8260440826, -100.652450562], [-40.8338050842, -38.5392608643, 252.458511353, 433.246582031, 64.7920837402, -2.31267023087, 60.6168632507, 23.5600566864, 8.39134788513, -2.72730302811, -19.4903259277, -0.467514902353, 6.21518802643], [139.946456909, 46.3754959106, -48.4521713257, 64.7920837402, 204.89201355, 58.7085533142, 3.44651484489, 19.7245769501, 9.73474025726, 14.3870944977, 12.5364580154, 10.1324739456, 9.52427005768], [-152.799377441, -74.5454711914, 251.864929199, -2.31267023087, 58.7085533142, 247.643386841, 83.0349960327, -19.4960517883, -6.25097560883, -20.5269775391, 5.94109344482, -0.962790131569, -38.1035385132], [159.830490112, -181.501449585, 90.4973144531, 60.6168632507, 3.44651484489, 83.0349960327, 166.229309082, 49.8316345215, 13.2387638092, -1.90979123116, 3.66435337067, -23.4669723511, 26.2596588135], [91.1619949341, 9.36302375793, 12.3171815872, 23.5600566864, 19.7245769501, -19.4960517883, 49.8316345215, 132.490814209, 62.8425674438, 26.2420482635, -9.84385585785, -5.72563457489, 10.6921396255], [107.289161682, -45.9732208252, -1.75925469398, 8.39134788513, 9.73474025726, -6.25097560883, 13.2387638092, 62.8425674438, 135.788864136, 82.5129165649, 7.95935487747, -18.1747131348, 5.76764392853], [88.0281906128, -3.37035894394, -63.0860176086, -2.72730302811, 14.3870944977, -20.5269775391, -1.90979123116, 26.2420482635, 82.5129165649, 136.467819214, 47.5019569397, 6.19419765472, 8.04417037964], [-15.7180614471, -92.9919891357, 3.79488825798, -19.4903259277, 12.5364580154, 5.94109344482, 3.66435337067, -9.84385585785, 7.95935487747, 47.5019569397, 132.00213623, 64.147644043, 5.24178934097], [58.9175643921, 35.3925971985, -13.8260440826, -0.467514902353, 10.1324739456, -0.962790131569, -23.4669723511, -5.72563457489, -18.1747131348, 6.19419765472, 64.147644043, 133.517883301, 47.7413253784], [324.979370117, -38.7604103088, -100.652450562, 6.21518802643, 9.52427005768, -38.1035385132, 26.2596588135, 10.6921396255, 5.76764392853, 8.04417037964, 5.24178934097, 47.7413253784, 144.765640259]],
