{
"lowlevel": {
    "average_loudness": 0.90714597702,
    "barkbands_crest": {
        "dmean": 2.36378550529,
        "dmean2": 3.74015951157,
        "dvar": 7.45453310013,
        "dvar2": 18.028169632,
        "max": 26.6781902313,
        "mean": 13.0593099594,
        "median": 12.5373353958,
        "min": 2.43201303482,
        "var": 23.4306926727
    },
    "barkbands_flatness_db": {
        "dmean": 0.0325254425406,
        "dmean2": 0.0439076386392,
        "dvar": 0.00164946971927,
        "dvar2": 0.0033192797564,
        "max": 0.596228301525,
        "mean": 0.210045367479,
        "median": 0.20476809144,
        "min": 0.0177169367671,
        "var": 0.00845742225647
    },
    "barkbands_kurtosis": {
        "dmean": 6.65137434006,
        "dmean2": 10.3622207642,
        "dvar": 253.275772095,
        "dvar2": 559.464599609,
        "max": 418.437683105,
        "mean": 11.5809764862,
        "median": 4.49592208862,
        "min": -1.91195333004,
        "var": 597.158081055
    },
    "barkbands_skewness": {
        "dmean": 0.741307854652,
        "dmean2": 1.10164308548,
        "dvar": 1.07693684101,
        "dvar2": 2.34740352631,
        "max": 16.8846416473,
        "mean": 2.11618947983,
        "median": 1.77608418465,
        "min": -6.13973617554,
        "var": 3.92127728462
    },
    "barkbands_spread": {
        "dmean": 5.62046670914,
        "dmean2": 8.40341663361,
        "dvar": 78.1908416748,
        "dvar2": 172.084106445,
        "max": 117.236869812,
        "mean": 15.9530000687,
        "median": 11.5699911118,
        "min": 0.221335947514,
        "var": 215.878204346
    },
    "dissonance": {
        "dmean": 0.0327313095331,
        "dmean2": 0.0542163029313,
        "dvar": 0.0011716770241,
        "dvar2": 0.00305732898414,
        "max": 0.500000178814,
        "mean": 0.418164163828,
        "median": 0.430590987206,
        "min": 0.133454218507,
        "var": 0.0032824696973
    },
    "dynamic_complexity": 4.21980476379,
    "erbbands_crest": {
        "dmean": 2.43949127197,
        "dmean2": 3.71354341507,
        "dvar": 7.43130588531,
        "dvar2": 15.8700971603,
        "max": 33.9339523315,
        "mean": 11.7654695511,
        "median": 10.4338989258,
        "min": 2.22419953346,
        "var": 33.5801010132
    },
    "erbbands_flatness_db": {
        "dmean": 0.0293209888041,
        "dmean2": 0.036383241415,
        "dvar": 0.00122946151532,
        "dvar2": 0.00211857608519,
        "max": 0.496238976717,
        "mean": 0.185432106256,
        "median": 0.178686469793,
        "min": 0.0306266508996,
        "var": 0.00602959329262
    },
    "erbbands_kurtosis": {
        "dmean": 1.61037099361,
        "dmean2": 2.39700579643,
        "dvar": 7.18126487732,
        "dvar2": 15.9084892273,
        "max": 94.0779418945,
        "mean": 2.33680462837,
        "median": 0.977222919464,
        "min": -1.89867186546,
        "var": 23.1740436554
    },
    "erbbands_skewness": {
        "dmean": 0.404722750187,
        "dmean2": 0.587229728699,
        "dvar": 0.200012549758,
        "dvar2": 0.429046601057,
        "max": 7.00535106659,
        "mean": 0.794440090656,
        "median": 0.788442790508,
        "min": -5.06231737137,
        "var": 1.03168845177
    },
    "erbbands_spread": {
        "dmean": 10.0408010483,
        "dmean2": 14.0431499481,
        "dvar": 204.174346924,
        "dvar2": 405.141815186,
        "max": 207.550170898,
        "mean": 34.0068321228,
        "median": 26.1142101288,
        "min": 0.659852027893,
        "var": 684.282409668
    },
    "hfc": {
        "dmean": 7.86314201355,
        "dmean2": 11.6294870377,
        "dvar": 201.950714111,
        "dvar2": 450.94354248,
        "max": 186.128890991,
        "mean": 15.9508047104,
        "median": 9.01785373688,
        "min": 1.14029017962e-16,
        "var": 340.250946045
    },
    "melbands_crest": {
        "dmean": 2.64228248596,
        "dmean2": 4.18155860901,
        "dvar": 8.55166149139,
        "dvar2": 20.318157196,
        "max": 33.2791213989,
        "mean": 16.5231971741,
        "median": 16.3216552734,
        "min": 1.51483261585,
        "var": 32.0607528687
    },
    "melbands_flatness_db": {
        "dmean": 0.0371526293457,
        "dmean2": 0.0502105541527,
        "dvar": 0.00226470408961,
        "dvar2": 0.00453335652128,
        "max": 0.740574836731,
        "mean": 0.304708480835,
        "median": 0.303282380104,
        "min": 0.00143995869439,
        "var": 0.0134877357632
    },
    "melbands_kurtosis": {
        "dmean": 14.5206241608,
        "dmean2": 22.5069313049,
        "dvar": 1380.84326172,
        "dvar2": 3087.69921875,
        "max": 952.73034668,
        "mean": 26.0844268799,
        "median": 10.1834659576,
        "min": -1.82658398151,
        "var": 3011.29736328
    },
    "melbands_skewness": {
        "dmean": 0.935466051102,
        "dmean2": 1.39571356773,
        "dvar": 1.93995499611,
        "dvar2": 4.1136932373,
        "max": 22.9494342804,
        "mean": 3.0410656929,
        "median": 2.48094820976,
        "min": -3.54951095581,
        "var": 6.39046621323
    },
    "melbands_spread": {
        "dmean": 4.88297796249,
        "dmean2": 7.60141849518,
        "dvar": 95.1304168701,
        "dvar2": 226.429336548,
        "max": 225.582717896,
        "mean": 15.4257183075,
        "median": 10.0215406418,
        "min": 0.339183539152,
        "var": 414.83190918
    },
    "pitch_salience": {
        "dmean": 0.0626907497644,
        "dmean2": 0.100998446345,
        "dvar": 0.00526017788798,
        "dvar2": 0.0131707163528,
        "max": 0.955445170403,
        "mean": 0.469345420599,
        "median": 0.462468504906,
        "min": 0.0601393692195,
        "var": 0.0155071094632
    },
    "silence_rate_20dB": {
        "dmean": 0,
        "dmean2": 0,
        "dvar": 0,
        "dvar2": 0,
        "max": 1,
        "mean": 1,
        "median": 1,
        "min": 1,
        "var": 0
    },
    "silence_rate_30dB": {
        "dmean": 0.0502100028098,
        "dmean2": 0.100429594517,
        "dvar": 0.0476930364966,
        "dvar2": 0.0983589664102,
        "max": 1,
        "mean": 0.950940132141,
        "median": 1,
        "min": 0,
        "var": 0.0466556288302
    },
    "silence_rate_60dB": {
        "dmean": 0.0336006097496,
        "dmean2": 0.067207634449,
        "dvar": 0.0324718020856,
        "dvar2": 0.0686092525721,
        "max": 1,
        "mean": 0.102223917842,
        "median": 0,
        "min": 0,
        "var": 0.0917664915323
    },
    "spectral_centroid": {
        "dmean": 183.717193604,
        "dmean2": 279.189422607,
        "dvar": 105647.054688,
        "dvar2": 233679.640625,
        "max": 11741.7167969,
        "mean": 909.063293457,
        "median": 669.358154297,
        "min": 110.914901733,
        "var": 771397.25
    },
    "spectral_complexity": {
        "dmean": 2.32684230804,
        "dmean2": 3.56983304024,
        "dvar": 14.3281850815,
        "dvar2": 31.4906864166,
        "max": 45,
        "mean": 10.4138593674,
        "median": 10,
        "min": 0,
        "var": 36.4873275757
    },
    "spectral_decrease": {
        "dmean": 4.19065848689e-09,
        "dmean2": 6.92854129625e-09,
        "dvar": 1.08342951962e-16,
        "dvar2": 2.83814270845e-16,
        "max": 4.78510980839e-11,
        "mean": -9.26282517355e-09,
        "median": -7.13485626136e-09,
        "min": -8.93374547672e-08,
        "var": 1.06749610196e-16
    },
    "spectral_energy": {
        "dmean": 0.0163968019187,
        "dmean2": 0.0269573349506,
        "dvar": 0.00160183489788,
        "dvar2": 0.00417930539697,
        "max": 0.339419543743,
        "mean": 0.0364067293704,
        "median": 0.0279372185469,
        "min": 1.03198108104e-20,
        "var": 0.0016058315523
    },
    "spectral_energyband_high": {
        "dmean": 0.000434588000644,
        "dmean2": 0.000652799964882,
        "dvar": 7.70212750467e-07,
        "dvar2": 1.65707353972e-06,
        "max": 0.0125897098333,
        "mean": 0.000527582422365,
        "median": 6.71822053846e-05,
        "min": 7.21936581449e-21,
        "var": 1.04733101125e-06
    },
    "spectral_energyband_low": {
        "dmean": 0.0118332235143,
        "dmean2": 0.0200857464224,
        "dvar": 0.00140826439019,
        "dvar2": 0.00375433033332,
        "max": 0.333185255527,
        "mean": 0.019043924287,
        "median": 0.0145784998313,
        "min": 1.49429440546e-23,
        "var": 0.00111640105024
    },
    "spectral_energyband_middle_high": {
        "dmean": 0.00135388318449,
        "dmean2": 0.00207261717878,
        "dvar": 9.16897806746e-06,
        "dvar2": 2.12938139157e-05,
        "max": 0.0563076883554,
        "mean": 0.0031033558771,
        "median": 0.00105149880983,
        "min": 1.31641765617e-21,
        "var": 2.26756619668e-05
    },
    "spectral_energyband_middle_low": {
        "dmean": 0.00471009174362,
        "dmean2": 0.0076489164494,
        "dvar": 0.000130924061523,
        "dvar2": 0.000333519477863,
        "max": 0.149386778474,
        "mean": 0.0137327238917,
        "median": 0.00675520813093,
        "min": 1.72294782143e-22,
        "var": 0.000277390441624
    },
    "spectral_entropy": {
        "dmean": 0.310158640146,
        "dmean2": 0.401066303253,
        "dvar": 0.144637987018,
        "dvar2": 0.254891961813,
        "max": 9.82781791687,
        "mean": 6.88928890228,
        "median": 6.85344552994,
        "min": 4.42101812363,
        "var": 0.763162732124
    },
    "spectral_flux": {
        "dmean": 0.039912097156,
        "dmean2": 0.0623706169426,
        "dvar": 0.00428920378909,
        "dvar2": 0.00925888866186,
        "max": 0.528740108013,
        "mean": 0.0703591257334,
        "median": 0.0425477921963,
        "min": 6.56612542116e-11,
        "var": 0.00625612027943
    },
    "spectral_kurtosis": {
        "dmean": 5.38617610931,
        "dmean2": 8.1135559082,
        "dvar": 93.5895233154,
        "dvar2": 212.98475647,
        "max": 226.353851318,
        "mean": 11.7274684906,
        "median": 6.35396194458,
        "min": -1.25171232224,
        "var": 233.240615845
    },
    "spectral_rms": {
        "dmean": 0.00108019157778,
        "dmean2": 0.00166736193933,
        "dvar": 4.14280248151e-06,
        "dvar2": 9.75408420345e-06,
        "max": 0.0181972812861,
        "mean": 0.00525276968256,
        "median": 0.00522071076557,
        "min": 3.1730282464e-12,
        "var": 7.92729042587e-06
    },
    "spectral_rolloff": {
        "dmean": 396.996063232,
        "dmean2": 671.696289062,
        "dvar": 1416105.375,
        "dvar2": 3165334.75,
        "max": 19466.015625,
        "mean": 1168.82226562,
        "median": 538.330078125,
        "min": 21.533203125,
        "var": 5552085.5
    },
    "spectral_skewness": {
        "dmean": 0.50355899334,
        "dmean2": 0.722346961498,
        "dvar": 0.449546873569,
        "dvar2": 0.963636279106,
        "max": 12.2923536301,
        "mean": 2.44216060638,
        "median": 2.13460683823,
        "min": -0.069260045886,
        "var": 1.72122716904
    },
    "spectral_spread": {
        "dmean": 1267341.375,
        "dmean2": 1540150,
        "dvar": 2.74192688742e+12,
        "dvar2": 4.96397398835e+12,
        "max": 50649848,
        "mean": 5318419.5,
        "median": 4582698,
        "min": 400142.375,
        "var": 1.2625013375e+13
    },
    "spectral_strongpeak": {
        "dmean": 0.361375689507,
        "dmean2": 0.61514878273,
        "dvar": 0.689297199249,
        "dvar2": 1.62196731567,
        "max": 14.1300420761,
        "mean": 0.863410174847,
        "median": 0.308460175991,
        "min": 0,
        "var": 1.67847037315
    },
    "zerocrossingrate": {
        "dmean": 0.0126745710149,
        "dmean2": 0.0143701983616,
        "dvar": 0.000318646780215,
        "dvar2": 0.000387837819289,
        "max": 0.525390625,
        "mean": 0.0521341487765,
        "median": 0.03369140625,
        "min": 0.00244140625,
        "var": 0.00426168181002
    },
    "barkbands": {
        "dmean": [0.000885223969817, 0.00999320112169, 0.00189810432494, 0.000595367455389, 0.00223899167031, 0.00111664668657, 0.000677654345054, 0.000634436612017, 0.000685183214955, 0.000457595888292, 0.000288773910142, 0.000194193824427, 0.000193038256839, 0.000305023189867, 0.000176533299964, 9.76150695351e-05, 4.04373604397e-05, 9.73213245743e-05, 7.59070753702e-05, 4.27202794526e-05, 5.69423827983e-05, 4.6932407713e-05, 4.43245917268e-05, 7.56740701036e-05, 7.47753801988e-05, 0.000119093871035, 3.66400963685e-05],
        "dmean2": [0.0014044677373, 0.0169956739992, 0.00349490111694, 0.00103264977224, 0.00391732528806, 0.00178202264942, 0.00103109749034, 0.000891446950845, 0.00108336075209, 0.000658163044136, 0.000426351471106, 0.000300399318803, 0.000320792605635, 0.000470102386316, 0.000281266460661, 0.000151237327373, 6.32064693491e-05, 0.000157373855473, 0.000118773743452, 6.61546146148e-05, 8.92662719707e-05, 6.85811828589e-05, 6.47729175398e-05, 0.000111252826173, 0.000114364294859, 0.000190086677321, 5.72054304939e-05],
        "dvar": [3.82311918656e-06, 0.00104181561619, 4.35653928434e-05, 1.9464378056e-06, 6.26628607279e-05, 7.53918175178e-06, 4.19393563789e-06, 3.66973199561e-06, 6.51217851555e-06, 4.09382573707e-06, 9.72812472355e-07, 3.4718593156e-07, 4.4899317686e-07, 1.08946903765e-06, 4.84805354972e-07, 2.20417803121e-07, 2.38431301369e-08, 1.32777358886e-07, 5.51159473616e-08, 2.76037628311e-08, 3.16595922811e-08, 1.08469526694e-08, 9.32767107997e-09, 2.40098927407e-08, 2.62783288463e-08, 7.83460052389e-08, 8.60843751838e-09],
        "dvar2": [1.006461207e-05, 0.00278018158861, 0.000129288557218, 5.14594376e-06, 0.000174599219463, 1.704620081e-05, 8.57881514094e-06, 6.88374348101e-06, 1.49955058077e-05, 7.68271547713e-06, 1.85429280464e-06, 8.40722805151e-07, 1.16360718039e-06, 2.51254323302e-06, 1.05927733784e-06, 5.1539859669e-07, 5.49127179283e-08, 3.28081654288e-07, 1.13067137875e-07, 6.13940542848e-08, 8.32057835964e-08, 2.31151897623e-08, 1.81712209724e-08, 5.33145900761e-08, 5.94256412967e-08, 1.85811543929e-07, 2.05418526633e-08],
        "max": [0.032597206533, 0.309139668941, 0.0662049129605, 0.0474817752838, 0.118416711688, 0.0648844242096, 0.0580599606037, 0.0525247491896, 0.0662414133549, 0.0903054848313, 0.0327359065413, 0.0152944419533, 0.0228383932263, 0.0253408197314, 0.0286684371531, 0.0177565198392, 0.00684739509597, 0.0112273665145, 0.0103090815246, 0.00660930713639, 0.00477367499843, 0.00205616117455, 0.0014102574205, 0.00224313046783, 0.00260520703159, 0.0040964144282, 0.0014253903646],
        "mean": [0.00222099851817, 0.0148350307718, 0.00248713581823, 0.00106611126103, 0.0036664174404, 0.00287889828905, 0.00163605879061, 0.00199697655626, 0.00141629297286, 0.00128064816818, 0.000562649802305, 0.00032552468474, 0.000235143248574, 0.000495492946357, 0.000294223398669, 0.000134093046654, 6.87671417836e-05, 0.000130895758048, 0.000107682935777, 6.24485255685e-05, 7.63005300541e-05, 6.44755200483e-05, 5.66817361687e-05, 8.41282089823e-05, 7.96022068243e-05, 0.000109264183266, 3.48194043909e-05],
        "median": [0.00114950491115, 0.0111382324249, 0.00117730430793, 0.000469846767373, 0.00101520319004, 0.00105176656507, 0.000373441871488, 0.000286109396257, 0.000206715514651, 0.000172631247551, 0.000100098252005, 4.33070126746e-05, 3.471826858e-05, 4.49218168797e-05, 1.37863280543e-05, 8.47635146783e-06, 4.84871770823e-06, 8.43096950121e-06, 1.48314938997e-05, 9.49268087425e-06, 1.32579898491e-05, 9.19492140383e-06, 6.28662428426e-06, 5.65109849049e-06, 4.78977881357e-06, 3.34791229761e-06, 8.53633025599e-07],
        "min": [6.53635453532e-25, 5.36166787503e-24, 1.55217257787e-24, 4.06180180806e-24, 6.14633006808e-24, 8.88421856778e-24, 5.87162897936e-24, 9.20189522089e-24, 2.74652905096e-23, 1.43805793148e-23, 1.20508916236e-23, 4.49969352673e-23, 3.24037901237e-23, 4.17097581861e-23, 7.24509292888e-23, 5.87782847944e-23, 9.86572735243e-23, 9.47382441016e-23, 1.49896711259e-22, 1.88983595288e-22, 2.10726898999e-22, 3.67982634896e-22, 4.78275284918e-22, 6.84624737955e-22, 9.20265795472e-22, 1.21835202202e-21, 2.22571987541e-21],
        "var": [1.07089445009e-05, 0.000796622014605, 2.75365891866e-05, 3.86954661735e-06, 7.05960701453e-05, 3.14193712256e-05, 1.50323958223e-05, 2.25180774578e-05, 2.0371940991e-05, 2.14299561776e-05, 3.21508377965e-06, 7.39445738418e-07, 5.16345494361e-07, 2.00387239602e-06, 1.36565290632e-06, 3.01619621723e-07, 5.54428218891e-08, 1.82314565222e-07, 1.10370201867e-07, 4.63594957978e-08, 3.38040209158e-08, 1.83030408607e-08, 1.50425396583e-08, 3.14430081971e-08, 3.05049354665e-08, 7.5392222243e-08, 1.04491038044e-08]
    },
    "erbbands": {
        "dmean": [0.288868129253, 2.24657773972, 2.71007537842, 1.98851799965, 2.97910785675, 9.92016792297, 9.16665458679, 9.27124977112, 9.92621421814, 14.3572587967, 8.84653949738, 13.9038305283, 20.0608482361, 7.61487865448, 10.6910552979, 8.60281276703, 9.40781116486, 16.818447113, 7.42190027237, 8.71192455292, 3.87746882439, 2.14059948921, 4.50377845764, 5.98316192627, 2.77700376511, 1.69440758228, 1.99217998981, 2.22526335716, 1.63093531132, 1.58690142632, 1.26599764824, 1.46196234226, 1.24444508553, 0.904757499695, 0.525941669941, 0.427591145039, 0.236652031541, 0.0532381124794, 0.00638033030555, 0.000386066996725],
        "dmean2": [0.50419563055, 3.783213377, 4.83011770248, 3.53399801254, 5.20440816879, 17.6019191742, 15.2200479507, 14.8305120468, 15.0604610443, 20.5351428986, 12.8861961365, 21.390001297, 29.4038639069, 11.5806932449, 15.8617153168, 13.2882871628, 15.4784536362, 25.9021034241, 12.1231460571, 13.5270242691, 6.04447221756, 3.34495925903, 7.12695169449, 9.51319789886, 4.31377029419, 2.60162258148, 3.17166733742, 3.41041731834, 2.43673634529, 2.27177381516, 1.85906994343, 2.11815834045, 1.85116219521, 1.39016890526, 0.812119066715, 0.681523740292, 0.379882067442, 0.0826600641012, 0.0101875588298, 0.000602691608947],
        "dvar": [0.837451100349, 52.6521034241, 87.2552032471, 27.1400470734, 65.6508178711, 1479.58081055, 710.971862793, 607.262817383, 799.843017578, 1985.74841309, 566.519226074, 2965.55175781, 7075.32958984, 767.176574707, 1608.28295898, 667.104492188, 925.41229248, 3207.30786133, 447.04019165, 1014.19866943, 274.164398193, 68.0137252808, 406.133392334, 374.283660889, 104.291358948, 34.0919685364, 43.2396507263, 39.0165634155, 14.3498430252, 12.5569438934, 7.31695270538, 8.48893165588, 6.94876813889, 3.7338757515, 1.4015237093, 1.03232622147, 0.321606129408, 0.0150272594765, 0.000290045922156, 1.15351122076e-06],
        "dvar2": [2.34211802483, 137.608001709, 247.539520264, 77.3853607178, 173.312942505, 4170.72363281, 1753.99291992, 1450.46020508, 1770.83129883, 3821.6184082, 1150.85595703, 6581.92578125, 14301.4853516, 1421.91345215, 3306.53857422, 1611.65515137, 2404.83837891, 7360.12988281, 1073.07067871, 2283.15209961, 637.440673828, 152.961914062, 959.316589355, 837.409423828, 211.566085815, 78.7766265869, 116.828773499, 96.9073181152, 32.4618186951, 24.6659736633, 14.7645673752, 17.5430641174, 15.9156904221, 8.39849853516, 3.26202368736, 2.50785136223, 0.77284693718, 0.0356391780078, 0.000721883028746, 2.71713952316e-06],
        "max": [9.64409637451, 65.1778945923, 92.87159729, 103.733451843, 212.779159546, 586.491394043, 537.100158691, 789.398803711, 934.092102051, 1153.88269043, 583.27722168, 1609.44360352, 3650.35571289, 995.259033203, 1670.64599609, 703.704101562, 994.006896973, 1368.9161377, 675.889709473, 1410.18652344, 500.222442627, 451.382171631, 796.096557617, 496.827606201, 541.609924316, 274.649475098, 157.631820679, 192.897277832, 68.1511688232, 94.2160720825, 32.8022193909, 39.9327697754, 38.3570137024, 26.3011512756, 22.4648952484, 15.9704799652, 7.89714384079, 1.5069051981, 0.281906098127, 0.0163465235382],
        "mean": [0.471086204052, 3.07656311989, 3.75547933578, 3.41308832169, 5.64952039719, 14.4811267853, 19.3232059479, 22.4989280701, 25.0835018158, 44.2432327271, 26.5086460114, 33.6676216125, 54.7157211304, 17.780330658, 19.7891387939, 15.2604484558, 12.8647661209, 27.4566612244, 12.1318006516, 14.6872596741, 5.78680706024, 3.72267222404, 6.59384536743, 8.00729751587, 4.27653503418, 2.53703022003, 2.37444210052, 3.25524926186, 2.22858262062, 2.13619542122, 1.58595573902, 1.69367778301, 1.3581444025, 0.967165887356, 0.540547311306, 0.393372327089, 0.212595552206, 0.048938613385, 0.00590976281092, 0.000395371083869],
        "median": [0.286752045155, 1.91230177879, 2.20731902122, 1.59488523006, 1.96758842468, 3.41943335533, 6.54854488373, 8.41616344452, 6.97311019897, 7.19299077988, 6.36142349243, 6.26798248291, 7.58443307877, 3.2078909874, 4.72719621658, 2.85367512703, 2.79158687592, 3.26578736305, 1.97770774364, 1.30760574341, 0.647700667381, 0.374145358801, 0.538225054741, 0.792927622795, 0.595949053764, 0.44948425889, 0.464011520147, 0.540125250816, 0.349342912436, 0.264629930258, 0.16285738349, 0.135176673532, 0.0853650346398, 0.0598518028855, 0.028499757871, 0.0151692498475, 0.00581276183948, 0.00112662406173, 0.000165637073223, 4.85220407427e-05],
        "min": [2.62460384541e-22, 5.09144409259e-22, 1.76666755303e-21, 1.26712171044e-20, 1.36623386136e-20, 1.92252897917e-20, 5.22864742604e-20, 8.20492986548e-20, 1.22331236727e-19, 2.91595977628e-19, 3.0822827915e-19, 5.30006930205e-19, 8.28202284007e-19, 6.10112289797e-19, 1.46576849154e-18, 2.06816618475e-18, 2.28256292092e-18, 2.29916567659e-18, 3.0792662706e-18, 5.07255027604e-18, 5.81448289544e-18, 5.95929781887e-18, 6.56187449328e-18, 8.91019351662e-18, 8.77456484748e-18, 8.83695659954e-18, 8.32132281136e-18, 1.02202068973e-17, 1.2351906757e-17, 1.44695048416e-17, 1.33364940498e-17, 1.34211204168e-17, 9.96605813568e-18, 8.39649036798e-18, 6.31072508852e-18, 4.54256573141e-18, 2.03266152491e-18, 1.02667279486e-18, 2.97310709986e-19, 3.38725484832e-20],
        "var": [0.636662364006, 41.0842933655, 59.9543685913, 32.0170326233, 180.8984375, 1400.02770996, 1884.33276367, 1913.4855957, 2983.18994141, 9717.18261719, 2692.38110352, 12367.8935547, 35238.2578125, 3475.50244141, 3419.10351562, 1459.51708984, 1109.63671875, 5910.44091797, 943.627380371, 2433.96142578, 379.436004639, 173.499221802, 613.924377441, 624.389404297, 239.753936768, 55.3222961426, 37.117729187, 56.2999191284, 21.4872055054, 22.1941375732, 11.5413837433, 12.2959032059, 8.84286022186, 4.43623685837, 1.50540578365, 0.959677100182, 0.300452291965, 0.0153989000246, 0.000302265165374, 1.53081271037e-06]
    },
    "gfcc": {
        "mean": [-64.3018341064, 107.157669067, -77.2504806519, 9.88470458984, -55.3138542175, 9.98066043854, -24.7609825134, 3.96443295479, -17.2698631287, 8.95341014862, -8.01029491425, -0.185508936644, -8.26803874969],
        "cov": [[18046.40625, -996.069213867, 384.7371521, -67.3698577881, -76.2936325073, 426.589630127, -543.938659668, 452.115539551, -356.389251709, 263.844848633, -270.276092529, 350.579193115, -286.94744873], [-996.069213867, 4407.88574219, -285.012542725, -46.645488739, 697.353027344, -332.039916992, 479.865325928, -191.534423828, 287.099060059, -158.693313599, 314.923797607, -235.267990112, 269.117919922], [384.7371521, -285.012542725, 1841.82067871, 219.55305481, 96.3356323242, 417.844024658, 181.912307739, 117.602493286, -15.9518213272, 79.0609130859, -39.2952041626, 89.6487808228, -58.0002326965], [-67.3698577881, -46.645488739, 219.55305481, 588.535583496, 109.488082886, 176.059738159, 142.695770264, 34.169708252, 47.6371421814, 3.26178741455, 14.8914451599, -0.529118835926, -11.9849615097], [-76.2936325073, 697.353027344, 96.3356323242, 109.488082886, 637.849060059, 70.0410385132, 132.967788696, 94.6368331909, 137.570022583, 20.8706226349, 86.217010498, -40.2160491943, 8.46960926056], [426.589630127, -332.039916992, 417.844024658, 176.059738159, 70.0410385132, 379.975311279, 69.5956726074, 22.8849029541, -1.94695615768, 72.426322937, -27.1692619324, 48.354434967, -42.1758880615], [-543.938659668, 479.865325928, 181.912307739, 142.695770264, 132.967788696, 69.5956726074, 312.767211914, 44.5561599731, 45.7279129028, -12.4117612839, 69.0948791504, -24.1301345825, 40.8442955017], [452.115539551, -191.534423828, 117.602493286, 34.169708252, 94.6368331909, 22.8849029541, 44.5561599731, 282.981292725, 54.8881187439, -18.0556488037, -24.814371109, 34.3974304199, -50.0619316101], [-356.389251709, 287.099060059, -15.9518213272, 47.6371421814, 137.570022583, -1.94695615768, 45.7279129028, 54.8881187439, 230.778015137, 46.2725830078, 6.28983640671, -28.089641571, 25.2806472778], [263.844848633, -158.693313599, 79.0609130859, 3.26178741455, 20.8706226349, 72.426322937, -12.4117612839, -18.0556488037, 46.2725830078, 194.584594727, 36.5610160828, -17.4704666138, -24.3089084625], [-270.276092529, 314.923797607, -39.2952041626, 14.8914451599, 86.217010498, -27.1692619324, 69.0948791504, -24.814371109, 6.28983640671, 36.5610160828, 182.397598267, 5.88198041916, -6.39298820496], [350.579193115, -235.267990112, 89.6487808228, -0.529118835926, -40.2160491943, 48.354434967, -24.1301345825, 34.3974304199, -28.089641571, -17.4704666138, 5.88198041916, 156.59828186, 19.5929470062], [-286.94744873, 269.117919922, -58.0002326965, -11.9849615097, 8.46960926056, -42.1758880615, 40.8442955017, -50.0619316101, 25.2806472778, -24.3089084625, -6.39298820496, 19.5929470062, 130.206573486]],
        "icov": [[8.0814184912e-05, -7.51859770389e-05, 2.00458689505e-05, -3.48113571818e-05, 1.20382992463e-05, -8.11421778053e-05, 0.000182196105015, -0.000208367840969, 0.000239042958128, -0.00025454632123, 0.000195477783564, -0.00021165671933, 0.00012240059732], [-7.51859770389e-05, 0.000623391359113, -7.02603792888e-05, 0.000220002024435, -0.000426598766353, 0.000362253224012, -0.000670898356475, 0.000659173005261, -0.000686316634528, 0.000861248234287, -0.000820384302642, 0.000769930309616, -0.00071830995148], [2.00458689505e-05, -7.02603792888e-05, 0.000788906472735, -2.24759933189e-05, 1.6113392121e-05, -0.000688525557052, -0.000335700897267, -0.000231009253184, 0.000252700730925, -0.000326799257891, 0.000389729975723, -0.00043031029054, 0.000304968329147], [-3.48113571818e-05, 0.000220002024435, -2.24759933189e-05, 0.00228254450485, -0.000190798062249, -0.000832948950119, -0.00096566719003, 0.000328243768308, -0.000681126664858, 0.000771692895796, -0.000388455577195, 0.000389968772652, 3.89498272853e-05], [1.20382992463e-05, -0.000426598766353, 1.6113392121e-05, -0.000190798062249, 0.00254898844287, -0.000922302366234, 0.000380770361517, -0.00117514259182, -0.00062280765269, -4.40426520072e-05, -0.000864221830852, 0.000512412982062, -0.000144791061757], [-8.11421778053e-05, 0.000362253224012, -0.000688525557052, -0.000832948950119, -0.000922302366234, 0.00539225852117, -0.00172116956674, 0.00148926000111, -3.4875174606e-05, -0.0014377363259, 0.00167550542392, -0.00181958684698, 0.00170263729524], [0.000182196105015, -0.000670898356475, -0.000335700897267, -0.00096566719003, 0.000380770361517, -0.00172116956674, 0.00651298230514, -0.00244384305552, 0.000816660467535, 0.000152942462591, -0.00199454161339, 0.0014898958616, -0.00246732262895], [-0.000208367840969, 0.000659173005261, -0.000231009253184, 0.000328243768308, -0.00117514259182, 0.00148926000111, -0.00244384305552, 0.00638929707929, -0.00239754305221, 0.00152395502664, 0.000980805023573, -0.00161482335534, 0.002928865375], [0.000239042958128, -0.000686316634528, 0.000252700730925, -0.000681126664858, -0.00062280765269, -3.4875174606e-05, 0.000816660467535, -0.00239754305221, 0.00718471081927, -0.00323798065074, 0.00167473615147, -0.000215388790821, -0.00103843037505], [-0.00025454632123, 0.000861248234287, -0.000326799257891, 0.000771692895796, -4.40426520072e-05, -0.0014377363259, 0.000152942462591, 0.00152395502664, -0.00323798065074, 0.00863947160542, -0.0037762215361, 0.00278783659451, -0.00070374988718], [0.000195477783564, -0.000820384302642, 0.000389729975723, -0.000388455577195, -0.000864221830852, 0.00167550542392, -0.00199454161339, 0.000980805023573, 0.00167473615147, -0.0037762215361, 0.00982220191509, -0.00413952721283, 0.00394094921649], [-0.00021165671933, 0.000769930309616, -0.00043031029054, 0.000389968772652, 0.000512412982062, -0.00181958684698, 0.0014898958616, -0.00161482335534, -0.000215388790821, 0.00278783659451, -0.00413952721283, 0.0106155294925, -0.00516285235062], [0.00012240059732, -0.00071830995148, 0.000304968329147, 3.89498272853e-05, -0.000144791061757, 0.00170263729524, -0.00246732262895, 0.002928865375, -0.00103843037505, -0.00070374988718, 0.00394094921649, -0.00516285235062, 0.0130755277351]]
    },
    "melbands": {
        "dmean": [0.00275770528242, 0.00197448744439, 0.000350385322236, 0.000444518751465, 0.000373375951312, 0.000212506536627, 0.000146989754285, 0.000160489915288, 7.07778599462e-05, 9.68787135207e-05, 9.89506515907e-05, 2.82743021671e-05, 3.5033266613e-05, 2.32371057791e-05, 2.31287376664e-05, 1.94900421775e-05, 3.56445925718e-05, 1.06618326754e-05, 1.53052442329e-05, 9.95136815618e-06, 3.32800277647e-06, 2.21888967644e-06, 3.16859313898e-06, 4.78243418911e-06, 5.1485185395e-06, 2.02389719561e-06, 1.93282153305e-06, 9.99113353828e-07, 1.09265886294e-06, 1.54690087584e-06, 1.27996656829e-06, 9.2593984391e-07, 9.88027068161e-07, 8.55460314142e-07, 7.38503786124e-07, 8.16004842363e-07, 9.13323958684e-07, 8.96905305581e-07, 8.95176754057e-07, 7.01178748841e-07],
        "dmean2": [0.00472979620099, 0.00333380070515, 0.000622732099146, 0.000787199125625, 0.000630176917184, 0.000338048674166, 0.000222129936446, 0.000227412820095, 0.000104188213299, 0.000151554413605, 0.000145109879668, 4.36751906818e-05, 5.23223097844e-05, 3.53520736098e-05, 3.66520034731e-05, 3.20217259286e-05, 5.46761184523e-05, 1.77157398866e-05, 2.40877870965e-05, 1.52105758389e-05, 5.27393513039e-06, 3.45738635588e-06, 4.93923698741e-06, 7.75908756623e-06, 8.23389746074e-06, 3.19606897392e-06, 3.03242086375e-06, 1.55895099851e-06, 1.75391380708e-06, 2.52065001405e-06, 1.94471090254e-06, 1.43536146879e-06, 1.40715553698e-06, 1.24913231048e-06, 1.11497558919e-06, 1.19059052395e-06, 1.33430592086e-06, 1.35527955081e-06, 1.36549488161e-06, 1.08653875941e-06],
        "dvar": [7.80435802881e-05, 4.16119255533e-05, 7.32979742679e-07, 2.4380560717e-06, 1.38282132411e-06, 2.81891601617e-07, 1.70463195559e-07, 2.47297975875e-07, 4.05683557858e-08, 1.44536315361e-07, 1.74060360791e-07, 1.16880691792e-08, 1.40733371623e-08, 5.11608311271e-09, 4.140973342e-09, 6.13482908918e-09, 1.5620019056e-08, 8.28873525371e-10, 4.7780002177e-09, 2.1705803821e-09, 2.21608675854e-10, 9.64550800342e-11, 1.85019277676e-10, 3.34430705351e-10, 2.92606827657e-10, 8.09439112959e-11, 8.68272120869e-11, 1.20606094556e-11, 1.23602812013e-11, 2.60497717147e-11, 1.41684164401e-11, 4.91092453161e-12, 4.53340923828e-12, 3.84428730169e-12, 2.8165672919e-12, 2.87418873424e-12, 3.37664705224e-12, 3.95486811702e-12, 3.82328673929e-12, 2.30167035604e-12],
        "dvar2": [0.000211721417145, 0.000111060355266, 2.0680211037e-06, 6.83611506247e-06, 3.64206857739e-06, 6.63144248847e-07, 3.63213871424e-07, 4.72741561452e-07, 8.19372374394e-08, 3.32392971814e-07, 3.5097244222e-07, 2.21537490575e-08, 2.90953199311e-08, 1.13487876874e-08, 1.02775974398e-08, 1.52221488747e-08, 3.59757486024e-08, 2.13774842273e-09, 1.01970680788e-08, 5.10274755783e-09, 5.20169796125e-10, 2.06440795014e-10, 4.17523876584e-10, 8.37740654624e-10, 6.43822273272e-10, 1.41390968378e-10, 1.91828275486e-10, 2.93422196262e-11, 3.24561558185e-11, 7.06588121346e-11, 3.47181380866e-11, 1.16231893901e-11, 9.62129768217e-12, 7.55288106363e-12, 6.16083746519e-12, 5.83899942286e-12, 7.22062774156e-12, 9.20631019335e-12, 9.03800645435e-12, 5.16421497579e-12],
        "max": [0.088732264936, 0.0583692416549, 0.0162219591439, 0.0282640755177, 0.0160507895052, 0.0154093457386, 0.0134051823989, 0.01250827685, 0.00434582494199, 0.0115358904004, 0.0180707406253, 0.00366061297245, 0.00459300866351, 0.00215840502642, 0.00221572793089, 0.00310127972625, 0.00306285195984, 0.000581659842283, 0.00298297009431, 0.00173310074024, 0.000593729084358, 0.00064372032648, 0.000534856284503, 0.000467586476589, 0.000462072319351, 0.000725263787899, 0.000408352352679, 0.000159930161317, 6.37880584691e-05, 0.000174350090674, 0.000180032991921, 4.87136167067e-05, 5.17379012308e-05, 3.98322481487e-05, 1.80249662662e-05, 2.01646471396e-05, 2.58784129983e-05, 2.81151314994e-05, 3.00653173326e-05, 2.2396163331e-05],
        "mean": [0.00425553834066, 0.00280034611933, 0.000628841400612, 0.00070765579585, 0.000716498238035, 0.00053450075211, 0.000371852802346, 0.000504015362822, 0.000204953408684, 0.000216664455365, 0.000265881244559, 6.1177983298e-05, 6.44516549073e-05, 4.10158827435e-05, 3.68455985154e-05, 2.40926437982e-05, 5.77381906623e-05, 1.58429156727e-05, 2.63248202828e-05, 1.47666805788e-05, 4.74362877867e-06, 3.73585567104e-06, 5.06463265992e-06, 6.13751217315e-06, 6.71560064802e-06, 2.9312143397e-06, 2.82413884634e-06, 1.39934309118e-06, 1.25863152789e-06, 1.98160591935e-06, 1.83502550044e-06, 1.20872925891e-06, 1.28080296236e-06, 1.13488101761e-06, 8.95980576843e-07, 9.68748850028e-07, 1.02709213934e-06, 9.64340983955e-07, 9.37565118875e-07, 7.48685465624e-07],
        "median": [0.00320765236393, 0.00176907749847, 0.000302492408082, 0.00019780958246, 0.000225247698836, 0.000196699242224, 8.90781811904e-05, 6.6889806476e-05, 4.65585762868e-05, 3.41209670296e-05, 3.27204397763e-05, 8.16501869849e-06, 1.30846110551e-05, 8.63897457748e-06, 5.8113328123e-06, 2.92451932182e-06, 4.99399811815e-06, 2.51945971286e-06, 1.03879790458e-06, 1.0415574252e-06, 4.08436449106e-07, 2.5908869361e-07, 3.22546895859e-07, 3.99043187826e-07, 5.67412598684e-07, 3.56806680202e-07, 2.89097442874e-07, 2.18552770548e-07, 2.05863969427e-07, 3.48507001036e-07, 2.47121249686e-07, 1.60631529411e-07, 1.58064437983e-07, 1.19505841667e-07, 8.29737416552e-08, 8.58294697537e-08, 7.21281878668e-08, 5.64149438276e-08, 6.3166183395e-08, 4.30051549927e-08],
        "min": [2.42529388575e-24, 7.64878547626e-25, 2.86473693883e-24, 8.6570295853e-25, 1.98232955481e-24, 1.92660994249e-24, 1.82303644994e-24, 3.54577357451e-24, 2.53461521607e-24, 3.38420736694e-24, 3.99896035949e-24, 1.82414184128e-24, 3.25382206994e-24, 5.2405418329e-24, 5.20921892737e-24, 2.35681878702e-24, 4.60224962537e-24, 4.13620716864e-24, 4.45610525407e-24, 3.83364864035e-24, 6.15564848752e-24, 5.73019607981e-24, 6.55160420269e-24, 4.03413251181e-24, 5.45982149873e-24, 4.86120228941e-24, 5.95997548429e-24, 5.32680968935e-24, 4.7767598571e-24, 4.41570098179e-24, 5.91215828609e-24, 5.33870137306e-24, 6.73488183452e-24, 7.37032585976e-24, 6.88488846882e-24, 6.49430529084e-24, 8.0191237224e-24, 5.64053336046e-24, 4.80640485549e-24, 6.97517281056e-24],
        "var": [5.90807176195e-05, 3.20071121678e-05, 9.86545842352e-07, 2.95141762763e-06, 2.31896615333e-06, 9.99202029561e-07, 6.56682800582e-07, 1.33663888846e-06, 1.93356768818e-07, 5.04835952597e-07, 8.64754554186e-07, 4.92485874304e-08, 3.36603314111e-08, 1.09832756223e-08, 8.71701377747e-09, 7.82469022909e-09, 2.86442034536e-08, 1.18668974647e-09, 1.4551385874e-08, 3.24088711423e-09, 2.98729041504e-10, 2.7530336344e-10, 3.56934343193e-10, 4.09423744907e-10, 4.99077279503e-10, 2.13082204659e-10, 1.45958953257e-10, 1.81116354553e-11, 1.12983589498e-11, 2.40627379133e-11, 2.27068207986e-11, 6.92541033201e-12, 7.57624692149e-12, 6.46293522172e-12, 4.05916749865e-12, 4.17488699861e-12, 4.7117323064e-12, 4.93708112587e-12, 4.23211986289e-12, 2.74762244207e-12]
    },
    "mfcc": {
        "mean": [-724.737915039, 150.842071533, 32.883895874, 12.7857551575, -2.79242444038, 6.71157407761, 4.80091428757, -1.36906850338, -1.13465821743, 4.57074594498, 6.95435857773, -0.173062115908, -2.05570435524],
        "cov": [[10993.9726562, -970.191589355, -276.305114746, -38.1139144897, 244.178649902, -26.9658889771, -91.9801483154, 115.220016479, -29.0583324432, 10.9305238724, 20.2018070221, -103.90625, -55.8588447571], [-970.191589355, 3661.38574219, -196.172607422, 293.49697876, 183.014328003, 3.06207513809, 198.160842896, 34.5626945496, 71.9700393677, 70.9188232422, 48.2406196594, 41.3422660828, 34.7241744995], [-276.305114746, -196.172607422, 1332.78259277, 72.807800293, 26.4486656189, 257.974151611, 166.304016113, 87.9911422729, 81.1343002319, 19.591796875, 61.1948852539, 46.8812599182, 0.793529093266], [-38.1139144897, 293.49697876, 72.807800293, 391.589141846, 116.245384216, 66.1159286499, 96.6711883545, 89.0208358765, 57.5504188538, 48.4744606018, 38.519657135, 28.3838062286, 16.8160915375], [244.178649902, 183.014328003, 26.4486656189, 116.245384216, 362.02041626, 87.9947509766, 52.7557525635, 87.2023162842, 57.9471054077, 53.342754364, 51.8683280945, 33.7910804749, 37.3642120361], [-26.9658889771, 3.06207513809, 257.974151611, 66.1159286499, 87.9947509766, 373.032470703, 120.692138672, -15.5922851562, 37.288230896, 22.9850521088, 34.6742973328, 20.4184093475, 20.6818656921], [-91.9801483154, 198.160842896, 166.304016113, 96.6711883545, 52.7557525635, 120.692138672, 251.276290894, 76.3900299072, 1.09561061859, 33.9075965881, 40.5391769409, 15.433180809, 0.615094840527], [115.220016479, 34.5626945496, 87.9911422729, 89.0208358765, 87.2023162842, -15.5922851562, 76.3900299072, 248.30696106, 84.1716384888, -14.7207307816, 17.4253063202, 9.87179088593, 13.9058952332], [-29.0583324432, 71.9700393677, 81.1343002319, 57.5504188538, 57.9471054077, 37.288230896, 1.09561061859, 84.1716384888, 193.60319519, 56.6239128113, -5.91584682465, 11.348195076, 39.0631713867], [10.9305238724, 70.9188232422, 19.591796875, 48.4744606018, 53.342754364, 22.9850521088, 33.9075965881, -14.7207307816, 56.6239128113, 176.244659424, 68.8039855957, 14.7975072861, 1.15191292763], [20.2018070221, 48.2406196594, 61.1948852539, 38.519657135, 51.8683280945, 34.6742973328, 40.5391769409, 17.4253063202, -5.91584682465, 68.8039855957, 153.216308594, 61.4655685425, -12.304813385], [-103.90625, 41.3422660828, 46.8812599182, 28.3838062286, 33.7910804749, 20.4184093475, 15.433180809, 9.87179088593, 11.348195076, 14.7975072861, 61.4655685425, 129.606842041, 59.2145385742], [-55.8588447571, 34.7241744995, 0.793529093266, 16.8160915375, 37.3642120361, 20.6818656921, 0.615094840527, 13.9058952332, 39.0631713867, 1.15191292763, -12.304813385, 59.2145385742, 138.264160156]],
