{
"lowlevel": {
    "average_loudness": 0.740323364735,
    "barkbands_crest": {
        "dmean": 2.92062568665,
        "dmean2": 5.07857465744,
        "dvar": 6.95707416534,
        "dvar2": 20.4673633575,
        "max": 23.7861022949,
        "mean": 11.7490930557,
        "median": 11.4365253448,
        "min": 1.87595617771,
        "var": 16.5727462769
    },
    "barkbands_flatness_db": {
        "dmean": 0.031144157052,
        "dmean2": 0.0502698160708,
        "dvar": 0.000846671755426,
        "dvar2": 0.002109071007,
        "max": 0.461148917675,
        "mean": 0.19240860641,
        "median": 0.191577345133,
        "min": 0.0145230786875,
        "var": 0.00529893580824
    },
    "barkbands_kurtosis": {
        "dmean": 6.6462802887,
        "dmean2": 11.2618503571,
        "dvar": 60.2132034302,
        "dvar2": 169.838989258,
        "max": 134.552703857,
        "mean": 11.9749622345,
        "median": 9.29512882233,
        "min": -1.91159105301,
        "var": 154.407669067
    },
    "barkbands_skewness": {
        "dmean": 0.825376570225,
        "dmean2": 1.38834774494,
        "dvar": 0.603605866432,
        "dvar2": 1.72791683674,
        "max": 9.14473152161,
        "mean": 2.69456362724,
        "median": 2.81543016434,
        "min": -3.451212883,
        "var": 2.42032241821
    },
    "barkbands_spread": {
        "dmean": 5.89667987823,
        "dmean2": 9.83057117462,
        "dvar": 48.4693374634,
        "dvar2": 122.89250946,
        "max": 141.510894775,
        "mean": 17.9825878143,
        "median": 11.4915523529,
        "min": 0.549134671688,
        "var": 319.49017334
    },
    "dissonance": {
        "dmean": 0.0141649497673,
        "dmean2": 0.0233116969466,
        "dvar": 0.000209494974115,
        "dvar2": 0.000529699551407,
        "max": 0.499885976315,
        "mean": 0.461685985327,
        "median": 0.470626562834,
        "min": 0.155642911792,
        "var": 0.0014212516835
    },
    "dynamic_complexity": 4.28328704834,
    "erbbands_crest": {
        "dmean": 1.98455631733,
        "dmean2": 3.21328115463,
        "dvar": 3.97601008415,
        "dvar2": 9.92989635468,
        "max": 26.706823349,
        "mean": 7.84312295914,
        "median": 6.84251403809,
        "min": 1.97996234894,
        "var": 14.9575014114
    },
    "erbbands_flatness_db": {
        "dmean": 0.012757464312,
        "dmean2": 0.0185864567757,
        "dvar": 0.000212177925278,
        "dvar2": 0.000388488522731,
        "max": 0.419818550348,
        "mean": 0.168614059687,
        "median": 0.158843681216,
        "min": 0.0229300297797,
        "var": 0.00252155214548
    },
    "erbbands_kurtosis": {
        "dmean": 0.667240560055,
        "dmean2": 1.06025290489,
        "dvar": 1.60932207108,
        "dvar2": 3.94980359077,
        "max": 68.1135406494,
        "mean": 0.474113732576,
        "median": -0.659363031387,
        "min": -1.86513602734,
        "var": 14.593290329
    },
    "erbbands_skewness": {
        "dmean": 0.295617192984,
        "dmean2": 0.449962317944,
        "dvar": 0.0848084390163,
        "dvar2": 0.189659059048,
        "max": 6.95093822479,
        "mean": 0.282946228981,
        "median": 0.229629129171,
        "min": -3.92488384247,
        "var": 0.8213326931
    },
    "erbbands_spread": {
        "dmean": 8.55980682373,
        "dmean2": 13.7468452454,
        "dvar": 70.9966812134,
        "dvar2": 177.905166626,
        "max": 145.389129639,
        "mean": 51.5806922913,
        "median": 51.7694244385,
        "min": 1.63735759258,
        "var": 439.867553711
    },
    "hfc": {
        "dmean": 2.73729777336,
        "dmean2": 4.29883575439,
        "dvar": 11.5272684097,
        "dvar2": 25.8429737091,
        "max": 101.984046936,
        "mean": 13.8376054764,
        "median": 11.4756555557,
        "min": 1.08335401457e-16,
        "var": 184.578811646
    },
    "melbands_crest": {
        "dmean": 3.29690647125,
        "dmean2": 5.5640130043,
        "dvar": 7.60407924652,
        "dvar2": 21.41431427,
        "max": 32.33385849,
        "mean": 16.2081718445,
        "median": 16.3363037109,
        "min": 1.67975783348,
        "var": 20.160692215
    },
    "melbands_flatness_db": {
        "dmean": 0.0375845134258,
        "dmean2": 0.0607934556901,
        "dvar": 0.00121783593204,
        "dvar2": 0.00302878487855,
        "max": 0.576922416687,
        "mean": 0.267388015985,
        "median": 0.270817160606,
        "min": 0.00428882986307,
        "var": 0.0088220462203
    },
    "melbands_kurtosis": {
        "dmean": 18.1756687164,
        "dmean2": 31.191778183,
        "dvar": 451.05670166,
        "dvar2": 1358.25366211,
        "max": 241.134490967,
        "mean": 35.7848777771,
        "median": 28.3894767761,
        "min": -1.72262585163,
        "var": 994.170471191
    },
    "melbands_skewness": {
        "dmean": 1.19283735752,
        "dmean2": 2.02420639992,
        "dvar": 1.33966231346,
        "dvar2": 3.95052075386,
        "max": 12.6506004333,
        "mean": 4.47419071198,
        "median": 4.41184234619,
        "min": -1.40560591221,
        "var": 4.74014759064
    },
    "melbands_spread": {
        "dmean": 6.11849164963,
        "dmean2": 10.2076435089,
        "dvar": 76.1855392456,
        "dvar2": 194.64604187,
        "max": 220.681762695,
        "mean": 15.1672840118,
        "median": 7.5074634552,
        "min": 0.711850821972,
        "var": 350.426513672
    },
    "pitch_salience": {
        "dmean": 0.0883318260312,
        "dmean2": 0.151529639959,
        "dvar": 0.00629965728149,
        "dvar2": 0.0180662721395,
        "max": 0.988259911537,
        "mean": 0.50211417675,
        "median": 0.509817838669,
        "min": 0.119878076017,
        "var": 0.0166308898479
    },
    "silence_rate_20dB": {
        "dmean": 0,
        "dmean2": 0,
        "dvar": 0,
        "dvar2": 0,
        "max": 1,
        "mean": 1,
        "median": 1,
        "min": 1,
        "var": 0
    },
    "silence_rate_30dB": {
        "dmean": 0.021141346544,
        "dmean2": 0.0422857142985,
        "dvar": 0.0206948015839,
        "dvar2": 0.0523531846702,
        "max": 1,
        "mean": 0.980788469315,
        "median": 1,
        "min": 0,
        "var": 0.0188410654664
    },
    "silence_rate_60dB": {
        "dmean": 0.00114277552348,
        "dmean2": 0.00228571426123,
        "dvar": 0.00114112731535,
        "dvar2": 0.0025665932335,
        "max": 1,
        "mean": 0.07970289886,
        "median": 0,
        "min": 0,
        "var": 0.0733450427651
    },
    "spectral_centroid": {
        "dmean": 258.627502441,
        "dmean2": 410.072357178,
        "dvar": 85072.5546875,
        "dvar2": 197705.421875,
        "max": 10917.78125,
        "mean": 1262.28527832,
        "median": 1041.63549805,
        "min": 171.201339722,
        "var": 702988.75
    },
    "spectral_complexity": {
        "dmean": 2.91893434525,
        "dmean2": 4.73685693741,
        "dvar": 11.2692861557,
        "dvar2": 26.3310089111,
        "max": 57,
        "mean": 15.3609485626,
        "median": 14,
        "min": 0,
        "var": 99.8334732056
    },
    "spectral_decrease": {
        "dmean": 4.33195079808e-09,
        "dmean2": 7.48140127627e-09,
        "dvar": 2.61260066478e-17,
        "dvar2": 7.84959527378e-17,
        "max": 2.11279646655e-17,
        "mean": -9.73923874881e-09,
        "median": -7.66820562603e-09,
        "min": -5.29552437456e-08,
        "var": 6.39519867519e-17
    },
    "spectral_energy": {
        "dmean": 0.0164903625846,
        "dmean2": 0.0284674856812,
        "dvar": 0.000376990123186,
        "dvar2": 0.00113268452697,
        "max": 0.203248783946,
        "mean": 0.0380132123828,
        "median": 0.0303196255118,
        "min": 1.03250105776e-20,
        "var": 0.000945675070398
    },
    "spectral_energyband_high": {
        "dmean": 0.000248021649895,
        "dmean2": 0.000381301390007,
        "dvar": 1.93397241333e-07,
        "dvar2": 4.62756560182e-07,
        "max": 0.0100485691801,
        "mean": 0.000822553993203,
        "median": 0.000447727681603,
        "min": 6.80008379474e-21,
        "var": 1.63511401752e-06
    },
    "spectral_energyband_low": {
        "dmean": 0.0153509248048,
        "dmean2": 0.0269128698856,
        "dvar": 0.000355128984665,
        "dvar2": 0.00109218852594,
        "max": 0.184989824891,
        "mean": 0.0257219150662,
        "median": 0.0174822211266,
        "min": 1.84335226093e-23,
        "var": 0.000658004602883
    },
    "spectral_energyband_middle_high": {
        "dmean": 0.000577856437303,
        "dmean2": 0.000870044110343,
        "dvar": 7.12724272489e-07,
        "dvar2": 1.4683162135e-06,
        "max": 0.0236975252628,
        "mean": 0.00219279178418,
        "median": 0.00158300844487,
        "min": 1.55683327854e-21,
        "var": 7.01793396729e-06
    },
    "spectral_energyband_middle_low": {
        "dmean": 0.00436844211072,
        "dmean2": 0.00690628262237,
        "dvar": 6.81543460814e-05,
        "dvar2": 0.000170268962393,
        "max": 0.179843619466,
        "mean": 0.0119352554902,
        "median": 0.00706647709012,
        "min": 3.25732683695e-22,
        "var": 0.000220303278184
    },
    "spectral_entropy": {
        "dmean": 0.165526866913,
        "dmean2": 0.242819353938,
        "dvar": 0.0330396555364,
        "dvar2": 0.0662467777729,
        "max": 9.79293346405,
        "mean": 7.36470556259,
        "median": 7.52756547928,
        "min": 4.65406131744,
        "var": 0.366661995649
    },
    "spectral_flux": {
        "dmean": 0.0257708858699,
        "dmean2": 0.0434114634991,
        "dvar": 0.00071082386421,
        "dvar2": 0.00197605066933,
        "max": 0.379994869232,
        "mean": 0.0863132998347,
        "median": 0.0828739851713,
        "min": 1.01983851919e-10,
        "var": 0.00253744935617
    },
    "spectral_kurtosis": {
        "dmean": 2.06775164604,
        "dmean2": 3.58407783508,
        "dvar": 13.468126297,
        "dvar2": 38.5349235535,
        "max": 128.942871094,
        "mean": 4.27179336548,
        "median": 1.80905199051,
        "min": -1.17901074886,
        "var": 113.987281799
    },
    "spectral_rms": {
        "dmean": 0.00119419174735,
        "dmean2": 0.0020258591976,
        "dvar": 1.41171835821e-06,
        "dvar2": 4.16605780629e-06,
        "max": 0.0140816010535,
        "mean": 0.00550106354058,
        "median": 0.00543876131997,
        "min": 3.17382752024e-12,
        "var": 6.82411609887e-06
    },
    "spectral_rolloff": {
        "dmean": 384.184387207,
        "dmean2": 675.187927246,
        "dvar": 501601.46875,
        "dvar2": 1311662.25,
        "max": 19358.3496094,
        "mean": 1050.84436035,
        "median": 322.998046875,
        "min": 86.1328125,
        "var": 4107045
    },
    "spectral_skewness": {
        "dmean": 0.239997982979,
        "dmean2": 0.398396879435,
        "dvar": 0.0752163752913,
        "dvar2": 0.201857402921,
        "max": 9.28632831573,
        "mean": 1.14516270161,
        "median": 0.896794319153,
        "min": -0.0166691560298,
        "var": 1.00306963921
    },
    "spectral_spread": {
        "dmean": 304703.09375,
        "dmean2": 466504.03125,
        "dvar": 435777863680,
        "dvar2": 1.06073744998e+12,
        "max": 50439860,
        "mean": 3874791.75,
        "median": 3879260,
        "min": 645142.0625,
        "var": 1.93935363277e+12
    },
    "spectral_strongpeak": {
        "dmean": 0.267338693142,
        "dmean2": 0.459814280272,
        "dvar": 0.139945983887,
        "dvar2": 0.385797649622,
        "max": 7.26911830902,
        "mean": 0.479457616806,
        "median": 0.340963870287,
        "min": 0,
        "var": 0.203146725893
    },
    "zerocrossingrate": {
        "dmean": 0.00785117596388,
        "dmean2": 0.0100718820468,
        "dvar": 7.15855494491e-05,
        "dvar2": 0.0001085469994,
        "max": 0.5859375,
        "mean": 0.0459796898067,
        "median": 0.03173828125,
        "min": 0.00439453125,
        "var": 0.00231357570738
    },
    "barkbands": {
        "dmean": [0.000208419878618, 0.0103841573, 0.00543485069647, 0.0027479797136, 0.0020705841016, 0.000601827865466, 0.000305147026666, 0.00014600729628, 0.000208661978832, 0.000170277897269, 0.000159789749887, 9.97150491457e-05, 9.2447771749e-05, 9.31515678531e-05, 7.89580590208e-05, 0.000105006387457, 0.000107816442323, 0.000136036847834, 0.000111517896585, 0.00013143774413, 0.000137347989948, 6.85374179739e-05, 2.86238464469e-05, 9.69362554315e-06, 1.10070743631e-06, 8.3919547933e-07, 1.41549321597e-07],
        "dmean2": [0.000328662019456, 0.0187865104526, 0.00913784094155, 0.0045112259686, 0.0032585663721, 0.000922128674574, 0.000469940161565, 0.000235349056311, 0.000315969577059, 0.000256563769653, 0.000243452494033, 0.000159246847034, 0.000154591645696, 0.000155274305143, 0.000131006105221, 0.000169563776581, 0.000183907715837, 0.000219092486077, 0.000180922434083, 0.000211401798879, 0.000217713590246, 0.000109095897642, 4.51820924354e-05, 1.54055869643e-05, 1.7782768964e-06, 1.37064807859e-06, 2.34211412931e-07],
        "dvar": [1.61964408107e-07, 0.000200252688956, 5.8742465626e-05, 3.61702477676e-05, 2.03411455004e-05, 7.97983830125e-07, 2.42436414055e-07, 6.53358469549e-08, 1.06794523447e-07, 9.19415867884e-08, 1.3051192127e-07, 4.18945447223e-08, 2.77497402834e-08, 2.40824125086e-08, 1.76409749031e-08, 5.94153490852e-08, 4.50045689604e-08, 1.56773396043e-07, 4.26523349972e-08, 7.22233792771e-08, 7.58825748903e-08, 1.18120286885e-08, 2.41884579033e-09, 3.08220921008e-10, 4.64955157709e-12, 4.70980806438e-12, 1.20865923064e-13],
        "dvar2": [3.28294476049e-07, 0.000651521666441, 0.00015742854157, 9.3758564617e-05, 4.75575870951e-05, 1.6903230744e-06, 5.65154607557e-07, 1.65251364592e-07, 2.28702390359e-07, 1.89249220739e-07, 2.30576659987e-07, 9.27291949893e-08, 6.82785810113e-08, 6.14129831433e-08, 4.69246970169e-08, 1.20988858043e-07, 1.24182946593e-07, 3.85483758691e-07, 1.05794654814e-07, 1.80365034907e-07, 1.83527745889e-07, 2.97807254412e-08, 5.63060487124e-09, 7.52832296502e-10, 1.18658485815e-11, 1.17613219511e-11, 3.06456981103e-13],
        "max": [0.00515480712056, 0.169023796916, 0.104277953506, 0.145685479045, 0.102348782122, 0.0287937782705, 0.00948059093207, 0.00493942573667, 0.00732852937654, 0.0050833071582, 0.00956552941352, 0.004972695373, 0.00421651359648, 0.00308988941833, 0.00312004471198, 0.00645746663213, 0.00482329260558, 0.00932132918388, 0.00444234022871, 0.00608238391578, 0.00658962270245, 0.00192921201233, 0.000866677612066, 0.000330704642693, 5.06949872943e-05, 2.16489133891e-05, 8.16315878183e-06],
        "mean": [0.000506664742716, 0.0143958497792, 0.00826130900532, 0.00475432677194, 0.00438145175576, 0.00137361360248, 0.000582129752729, 0.000268709118245, 0.000406599167036, 0.000291897798888, 0.000247396907071, 0.000157551345183, 0.000129893029225, 0.000151868356625, 0.000135509326356, 0.000220978676225, 0.000197325498448, 0.000316999852657, 0.000257820182014, 0.000335866090609, 0.000369014975149, 0.000181275390787, 6.68014690746e-05, 1.94548829313e-05, 1.90931859834e-06, 9.14049735457e-07, 1.76734943125e-07],
        "median": [5.60131011298e-05, 0.00846290122718, 0.00446704030037, 0.00157680385746, 0.00165792857297, 0.000833786383737, 0.000334914133418, 0.000123279780382, 0.000235793500906, 0.000123251767945, 0.000107463914901, 8.53160527186e-05, 7.58969981689e-05, 8.85102708708e-05, 7.45525903767e-05, 7.47271842556e-05, 9.57824959187e-05, 9.82721176115e-05, 0.000122974946862, 0.000152752836584, 0.000162734737387, 0.000107138839667, 3.53553259629e-05, 8.95466382644e-06, 9.61376599662e-07, 1.96508153749e-07, 2.27778116368e-08],
        "min": [8.29305705224e-25, 1.03068960782e-23, 6.14608118246e-24, 8.77369836609e-24, 1.75148009996e-23, 3.52458129961e-23, 1.53556098159e-23, 3.49769344897e-23, 4.83388372072e-23, 5.95486169347e-23, 5.89264959813e-23, 1.80476923183e-22, 6.08274361927e-23, 7.54574675252e-23, 1.01707703982e-22, 1.99898262151e-22, 1.04713813078e-22, 1.504017337e-22, 2.71828492755e-22, 3.93434316925e-22, 3.48094227164e-22, 4.55324254093e-22, 5.53907179055e-22, 6.98815247546e-22, 1.18751389675e-21, 1.37451699679e-21, 2.02653918638e-21],
        "var": [8.20693401238e-07, 0.00030889219488, 0.000109342501673, 8.54092868394e-05, 6.54557588859e-05, 3.16614796247e-06, 5.35612912245e-07, 1.50913152197e-07, 2.96424019552e-07, 2.07295826726e-07, 2.6781157203e-07, 6.54318199622e-08, 3.74262540959e-08, 3.9219774095e-08, 3.61157610484e-08, 2.99857987329e-07, 1.12535062158e-07, 7.29522355414e-07, 1.65463006851e-07, 3.8376722955e-07, 4.31616996366e-07, 5.54554340226e-08, 8.71395577917e-09, 8.30052193646e-10, 7.15454518546e-12, 4.27513666829e-12, 1.61112998485e-13]
    },
    "erbbands": {
        "dmean": [0.215076819062, 2.69150161743, 6.52769994736, 7.37521266937, 8.49627971649, 7.22094297409, 4.23677206039, 5.1981344223, 4.62110567093, 4.52611398697, 3.0270717144, 4.94195461273, 6.06390762329, 3.80775618553, 5.97827482224, 4.18257713318, 4.47876167297, 4.72660207748, 3.15033197403, 5.18468475342, 5.51593208313, 4.98534631729, 7.69608688354, 4.8359003067, 6.07778072357, 6.43485784531, 6.75964307785, 4.30860519409, 2.6798813343, 1.50713849068, 0.713697612286, 0.301732122898, 0.0917273536325, 0.0182008203119, 0.00614731945097, 0.0036383101251, 0.0013938981574, 0.000385718885809, 2.69255051535e-05, 1.80409515451e-05],
        "dmean2": [0.396679013968, 4.83384656906, 11.1873807907, 11.9657354355, 13.6606988907, 11.5853748322, 6.57831859589, 8.01996040344, 7.38572216034, 6.64029932022, 4.83795070648, 7.43140697479, 9.10947322845, 5.83462142944, 9.0868768692, 6.71034049988, 7.42615461349, 7.8664317131, 5.26402378082, 8.46821784973, 8.76187229156, 8.42816543579, 12.6241083145, 7.97830152512, 9.86807727814, 10.4528427124, 10.8510818481, 6.78055810928, 4.29711294174, 2.38148903847, 1.11706161499, 0.481433421373, 0.141757324338, 0.0285108033568, 0.0100133568048, 0.00587729085237, 0.00229134829715, 0.000643306935672, 4.53407410532e-05, 3.11086332658e-05],
        "dvar": [0.10437541455, 12.9616765976, 73.9006576538, 200.694595337, 447.6277771, 241.218719482, 68.6274185181, 60.9099845886, 52.8744926453, 62.035484314, 29.3590927124, 70.5019454956, 107.527374268, 61.5194282532, 174.93788147, 60.9543647766, 68.0697860718, 65.9594497681, 29.0761909485, 87.2263412476, 175.71105957, 92.6933364868, 621.472106934, 82.5256500244, 155.598083496, 156.667572021, 213.096923828, 59.8853225708, 18.3928356171, 6.59433460236, 1.68864393234, 0.30555075407, 0.0259168390185, 0.000965212588198, 0.00020508626767, 8.31979850773e-05, 1.24383323055e-05, 1.02155627246e-06, 3.10734571407e-09, 4.45509212854e-10],
        "dvar2": [0.342651844025, 42.0442466736, 212.102279663, 535.160217285, 1077.96789551, 633.473449707, 150.272003174, 128.18699646, 130.816680908, 126.582481384, 74.0690078735, 149.469604492, 229.265411377, 120.82169342, 312.023010254, 138.39100647, 164.40246582, 169.889770508, 76.0585174561, 216.158309937, 353.718933105, 247.685302734, 1613.60998535, 206.703125, 389.606933594, 407.798370361, 524.823303223, 146.131317139, 46.7948646545, 16.3611240387, 3.94181442261, 0.750959455967, 0.0572118498385, 0.00226904428564, 0.000528007105459, 0.00020207457419, 3.13455602736e-05, 2.62118055616e-06, 8.15753420369e-09, 1.34117450479e-09],
        "max": [3.22804403305, 41.7002754211, 86.0590286255, 261.677856445, 537.077209473, 523.634765625, 321.790649414, 327.029815674, 132.102828979, 224.089355469, 111.576530457, 212.032363892, 196.955093384, 157.778045654, 368.227355957, 170.035644531, 233.402008057, 198.478317261, 104.399909973, 197.088043213, 384.92578125, 207.016815186, 584.050109863, 320.777557373, 268.94329834, 250.970794678, 346.274597168, 168.315490723, 76.2231369019, 46.8600997925, 21.8274803162, 11.4230871201, 1.83042061329, 0.517807602882, 0.391005188227, 0.105110436678, 0.0341900400817, 0.00999686215073, 0.00118344905786, 0.000224325893214],
        "mean": [0.314035445452, 3.52714085579, 9.62087535858, 13.7370672226, 15.9654512405, 14.9577951431, 9.12767219543, 11.9910039902, 8.67172050476, 9.55931472778, 5.89557123184, 9.72847938538, 11.3223609924, 6.88504648209, 9.81925678253, 7.10445737839, 7.00505638123, 7.80041074753, 5.84140396118, 9.54772090912, 12.6470117569, 10.8081026077, 18.4287242889, 12.2450361252, 14.9992828369, 16.0387382507, 16.3765983582, 12.1247749329, 6.96212911606, 3.80437541008, 1.70084309578, 0.64649283886, 0.188057303429, 0.0372193567455, 0.00908400304615, 0.00420356541872, 0.00155013857875, 0.0004376511788, 4.43907229055e-05, 4.38280294475e-05],
        "median": [0.169840544462, 2.05839085579, 5.85319948196, 6.51488494873, 4.77990913391, 5.96351337433, 5.00453186035, 6.85020160675, 5.50286436081, 4.33334636688, 3.36929512024, 5.63919067383, 5.65589523315, 3.89536142349, 4.88913059235, 4.3707447052, 4.41957378387, 4.72873067856, 3.68991327286, 4.82342720032, 4.50475740433, 5.09566545486, 5.64423179626, 5.94394207001, 6.74233436584, 7.5471663475, 7.17035150528, 5.90034866333, 4.11721658707, 2.10883140564, 0.887236118317, 0.31601190567, 0.0882143080235, 0.0192424282432, 0.00406609568745, 0.00120067677926, 0.000338756217388, 6.89720764058e-05, 2.46257986873e-05, 3.5531942558e-05],
        "min": [1.04609639262e-22, 2.82067538749e-21, 1.01170998615e-20, 1.75273335634e-20, 7.88846090287e-20, 6.59735992118e-20, 4.43299066663e-19, 1.51257936619e-19, 1.61802111285e-19, 6.28916638361e-19, 9.73155966985e-19, 1.21849659929e-18, 1.95239522699e-18, 1.85302415885e-18, 4.93794937882e-18, 6.69458652358e-18, 3.12235762423e-18, 5.17876729773e-18, 4.12336672699e-18, 6.4818625534e-18, 1.00323740326e-17, 6.86439264127e-18, 1.04679913314e-17, 1.1906510529e-17, 1.42623655813e-17, 1.77757639479e-17, 1.3186082836e-17, 1.62155276047e-17, 1.73857913025e-17, 1.5953954897e-17, 1.53429910248e-17, 1.48820347023e-17, 1.22272903433e-17, 1.24281115981e-17, 8.4677842378e-18, 4.20291544573e-18, 2.63752245859e-18, 1.21224052892e-18, 2.79086912965e-19, 3.10511226555e-20],
        "var": [0.155366227031, 18.6180038452, 123.436447144, 435.403625488, 1170.5760498, 706.132263184, 165.299026489, 291.946258545, 105.902648926, 209.163665771, 68.5610733032, 189.730133057, 255.462646484, 125.645774841, 358.244354248, 98.2413406372, 96.2526626587, 102.267738342, 50.1678962708, 251.544219971, 966.537109375, 386.87197876, 2698.66040039, 384.280944824, 683.672180176, 772.598083496, 919.48638916, 412.569885254, 82.5158996582, 28.3480300903, 5.75179386139, 0.943057894707, 0.0661552548409, 0.00231249956414, 0.000222838280024, 7.94817387941e-05, 1.14412814582e-05, 9.78244543148e-07, 4.3204133604e-09, 1.18467557986e-09]
    },
    "gfcc": {
        "mean": [-55.5786590576, 130.597747803, -118.701499939, 66.6128997803, -50.644367218, 2.03950738907, -11.001326561, -9.48848056793, -10.9001836777, -6.09187459946, -9.51471805573, -4.44970369339, -7.12691164017],
        "cov": [[17176.0546875, 558.635009766, -1696.71105957, 2032.30957031, -593.974975586, 829.985290527, 157.325515747, 157.881149292, 292.376525879, -204.117172241, -63.2752304077, -78.5089187622, 107.727203369], [558.635009766, 1831.71533203, 218.246368408, -72.6625976562, 349.197143555, -350.936157227, 223.860580444, -287.35635376, 86.0050201416, -74.559928894, 118.942436218, -124.936439514, 47.4465560913], [-1696.71105957, 218.246368408, 937.335266113, -38.1608428955, 133.824630737, -89.0425491333, -76.9400100708, -57.1272583008, -17.1185321808, 0.485960960388, -3.19736814499, 3.31734490395, -23.335943222], [2032.30957031, -72.6625976562, -38.1608428955, 543.341247559, -27.8866558075, 167.494888306, 25.1894245148, 56.4293251038, 91.6472244263, -50.2199325562, 6.48939180374, -19.2513465881, 30.3842086792], [-593.974975586, 349.197143555, 133.824630737, -27.8866558075, 327.486358643, -27.7041683197, 117.368690491, -30.5241241455, 32.7954025269, 2.86202764511, 29.8967781067, -33.9438171387, -8.03759288788], [829.985290527, -350.936157227, -89.0425491333, 167.494888306, -27.7041683197, 279.528625488, 38.0617370605, 105.032714844, 15.1453676224, 7.28866481781, -16.5439662933, 10.9170370102, -2.46965312958], [157.325515747, 223.860580444, -76.9400100708, 25.1894245148, 117.368690491, 38.0617370605, 160.296020508, 12.463139534, 41.7897872925, -0.090473741293, 28.1069335938, -22.2004737854, 13.1303453445], [157.881149292, -287.35635376, -57.1272583008, 56.4293251038, -30.5241241455, 105.032714844, 12.463139534, 129.236557007, 34.5692443848, 24.2908382416, -5.21629714966, 19.5105190277, -4.56118583679], [292.376525879, 86.0050201416, -17.1185321808, 91.6472244263, 32.7954025269, 15.1453676224, 41.7897872925, 34.5692443848, 105.820709229, 28.6446495056, 43.6894836426, -6.4470500946, 12.2270317078], [-204.117172241, -74.559928894, 0.485960960388, -50.2199325562, 2.86202764511, 7.28866481781, -0.090473741293, 24.2908382416, 28.6446495056, 102.716705322, 42.4582443237, 32.0370330811, -9.27409648895], [-63.2752304077, 118.942436218, -3.19736814499, 6.48939180374, 29.8967781067, -16.5439662933, 28.1069335938, -5.21629714966, 43.6894836426, 42.4582443237, 86.5966033936, 23.6183280945, 16.562953949], [-78.5089187622, -124.936439514, 3.31734490395, -19.2513465881, -33.9438171387, 10.9170370102, -22.2004737854, 19.5105190277, -6.4470500946, 32.0370330811, 23.6183280945, 69.7389450073, 15.8726406097], [107.727203369, 47.4465560913, -23.335943222, 30.3842086792, -8.03759288788, -2.46965312958, 13.1303453445, -4.56118583679, 12.2270317078, -9.27409648895, 16.562953949, 15.8726406097, 55.6797142029]],
        "icov": [[0.000356140255462, -0.000950576271862, 0.000704076664988, -0.00124692986719, 0.000582973938435, -0.00101186952088, 0.000857852515765, -0.00051983963931, 0.000254442275036, -0.000640790793113, 0.00134464574512, -0.00110282702371, 0.000642680097371], [-0.000950576271862, 0.00468323612586, -0.00225599179976, 0.00335870287381, -0.00184922746848, 0.00418393174186, -0.00489549944177, 0.00476297177374, -0.00213833875023, 0.00293053430505, -0.00535489618778, 0.00469082314521, -0.00225329934619], [0.000704076664988, -0.00225599179976, 0.00280866282992, -0.00257137743756, 0.000186062272405, -0.00210946821608, 0.0034293748904, -0.00136131909676, 0.000642153958324, -0.0014417237835, 0.00310269417241, -0.00291034765542, 0.00167912908364], [-0.00124692986719, 0.00335870287381, -0.00257137743756, 0.00776150031015, -0.00174885115121, 0.00120609637816, -0.00220171222463, 0.00268378830515, -0.0047081685625, 0.004964817781, -0.00508566852659, 0.004078224767, -0.00301147345454], [0.000582973938435, -0.00184922746848, 0.000186062272405, -0.00174885115121, 0.00640057912096, -0.00162514671683, -0.00258613657206, -0.000354919582605, 5.28941236553e-05, -0.00120501860511, 0.00179527327418, -0.00111758126877, 0.00248507340439], [-0.00101186952088, 0.00418393174186, -0.00210946821608, 0.00120609637816, -0.00162514671683, 0.0110489819199, -0.00644215149805, -0.00111609010492, 0.00168292562012, 0.000969091430306, -0.00406247470528, 0.00398111855611, -0.00160116038751], [0.000857852515765, -0.00489549944177, 0.0034293748904, -0.00220171222463, -0.00258613657206, -0.00644215149805, 0.0174596272409, -0.00596871692687, 0.000272514356766, -0.00172967743129, 0.00253921910189, -0.00145517580677, -0.000803142611403], [-0.00051983963931, 0.00476297177374, -0.00136131909676, 0.00268378830515, -0.000354919582605, -0.00111609010492, -0.00596871692687, 0.0210968051106, -0.0100052878261, 0.00195697904564, 0.000194076637854, -0.00110207917169, 0.000726532482076], [0.000254442275036, -0.00213833875023, 0.000642153958324, -0.0047081685625, 5.28941236553e-05, 0.00168292562012, 0.000272514356766, -0.0100052878261, 0.0225215293467, -0.00694219302386, -0.00588691281155, 0.0056275613606, -0.00258838827722], [-0.000640790793113, 0.00293053430505, -0.0014417237835, 0.004964817781, -0.00120501860511, 0.000969091430306, -0.00172967743129, 0.00195697904564, -0.00694219302386, 0.0200491715223, -0.00992389861494, -0.00341969635338, 0.00465708458796], [0.00134464574512, -0.00535489618778, 0.00310269417241, -0.00508566852659, 0.00179527327418, -0.00406247470528, 0.00253921910189, 0.000194076637854, -0.00588691281155, -0.00992389861494, 0.0296361409128, -0.0134316831827, 0.000186143937754], [-0.00110282702371, 0.00469082314521, -0.00291034765542, 0.004078224767, -0.00111758126877, 0.00398111855611, -0.00145517580677, -0.00110207917169, 0.0056275613606, -0.00341969635338, -0.0134316831827, 0.0307257827371, -0.0116094825789], [0.000642680097371, -0.00225329934619, 0.00167912908364, -0.00301147345454, 0.00248507340439, -0.00160116038751, -0.000803142611403, 0.000726532482076, -0.00258838827722, 0.00465708458796, 0.000186143937754, -0.0116094825789, 0.0261184927076]]
    },
    "melbands": {
        "dmean": [0.00239595538005, 0.00352046894841, 0.00128789362498, 0.000525086768903, 0.000179768903763, 0.000116403200082, 6.80646626279e-05, 4.49461185781e-05, 2.68108979071e-05, 3.02506959997e-05, 3.03996239381e-05, 1.48549524965e-05, 2.45123010245e-05, 1.14502990982e-05, 1.05992348836e-05, 8.52728408063e-06, 9.42968290474e-06, 5.42880752619e-06, 6.01949932388e-06, 7.7120575952e-06, 6.72292753734e-06, 4.89063222631e-06, 8.19171691546e-06, 7.21593369235e-06, 4.29565170634e-06, 4.86646649733e-06, 4.57539454146e-06, 4.94753294333e-06, 4.89169360662e-06, 3.87710133509e-06, 2.48341416409e-06, 1.77694380454e-06, 1.28687281631e-06, 7.94713571395e-07, 5.1145332236e-07, 2.44357295287e-07, 1.67888060787e-07, 7.62018359524e-08, 3.24752242875e-08, 1.06425037671e-08],
        "dmean2": [0.0043767830357, 0.00611228728667, 0.00208134041168, 0.000834428879898, 0.000281561806332, 0.000179377515451, 0.000108035033918, 6.67729400448e-05, 4.2277679313e-05, 4.57540445495e-05, 4.56635170849e-05, 2.29630968533e-05, 3.71449023078e-05, 1.82191652129e-05, 1.73938515218e-05, 1.42260332723e-05, 1.57674749062e-05, 9.08897618501e-06, 9.90583066596e-06, 1.26089998957e-05, 1.08692820504e-05, 8.25619736133e-06, 1.3775129446e-05, 1.20042150229e-05, 7.14612588126e-06, 7.84233998274e-06, 7.3956784945e-06, 8.08313779999e-06, 7.91703951109e-06, 6.24232779955e-06, 3.95864071834e-06, 2.90005414172e-06, 2.08080200537e-06, 1.27940256789e-06, 8.09193579698e-07, 3.92949914385e-07, 2.69685131116e-07, 1.19644468555e-07, 5.07548776341e-08, 1.71081371292e-08],
        "dvar": [1.11750268843e-05, 1.99413843802e-05, 5.93908816882e-06, 1.32655338803e-06, 1.1321719029e-07, 2.86258821092e-08, 1.14375477978e-08, 5.93255577996e-09, 1.9088470804e-09, 2.3469111099e-09, 2.70824873638e-09, 1.09841780116e-09, 3.29101390584e-09, 7.20175086233e-10, 2.72535716217e-10, 2.00146482721e-10, 2.69647443263e-10, 8.32523078254e-11, 1.27796592753e-10, 2.72088490627e-10, 2.27685939547e-10, 7.52662376868e-11, 4.66610916572e-10, 4.86452989001e-10, 6.73038569321e-11, 1.1081498219e-10, 8.35105457009e-11, 1.12343648273e-10, 1.21199925096e-10, 5.95168150874e-11, 2.01500066632e-11, 8.06680243437e-12, 4.86001386704e-12, 1.86892862297e-12, 9.45957830296e-13, 1.81144948217e-13, 9.51705348643e-14, 1.78287933191e-14, 2.87714243469e-15, 3.76387110456e-16],
        "dvar2": [3.68211622117e-05, 6.07578331255e-05, 1.56463665917e-05, 3.1447029869e-06, 2.73415110996e-07, 6.1044453048e-08, 2.78802332332e-08, 1.25772050552e-08, 4.70275551834e-09, 5.07791320103e-09, 5.7611933002e-09, 2.1768093994e-09, 5.74039704659e-09, 1.56091017889e-09, 6.65767441177e-10, 4.95024465863e-10, 6.9558908633e-10, 2.19002121993e-10, 3.43421485693e-10, 6.0629434806e-10, 5.08040609581e-10, 1.96873059521e-10, 1.27879973277e-09, 1.29582244934e-09, 1.71647127067e-10, 2.56973969881e-10, 2.04861447251e-10, 2.89018448063e-10, 2.95947516493e-10, 1.48271353528e-10, 5.03818965714e-11, 2.085815895e-11, 1.27979241787e-11, 4.61852821612e-12, 2.28127998263e-12, 4.26269127418e-13, 2.35882006202e-13, 4.02761150982e-14, 6.344509709e-15, 9.79803244154e-16],
        "max": [0.0397202223539, 0.0426982007921, 0.0490085892379, 0.025939129293, 0.00931446626782, 0.00664683431387, 0.00207695225254, 0.00210236664861, 0.00075534399366, 0.00115963269491, 0.000980234704912, 0.00069133710349, 0.0015737535432, 0.000724444340449, 0.000296651240205, 0.000361346523277, 0.000407418963732, 0.000154124310939, 0.000310213421471, 0.000421145377913, 0.000403517769882, 0.00018226543034, 0.000550520780962, 0.000477876863442, 0.000292386859655, 0.000302557105897, 0.000194539170479, 0.000224045288633, 0.000217617998715, 0.000153909044457, 0.000102139063529, 4.13801935792e-05, 3.64552288374e-05, 2.24483919737e-05, 1.51586573338e-05, 8.39714903123e-06, 6.00708608545e-06, 1.59496926244e-06, 7.41121596093e-07, 4.77307594338e-07],
        "mean": [0.0034321967978, 0.0051567661576, 0.00252638058737, 0.00109386909753, 0.000403800950153, 0.000268522184342, 0.000130940883537, 9.28807348828e-05, 4.98677327414e-05, 5.92833457631e-05, 5.49603137188e-05, 2.53668822552e-05, 3.81315148843e-05, 1.78773170774e-05, 1.74420929397e-05, 1.28790870804e-05, 1.4752399693e-05, 8.90201317816e-06, 1.03010570456e-05, 1.48783892655e-05, 1.4272091903e-05, 9.45206465985e-06, 1.68670267158e-05, 1.52943484863e-05, 8.89604780241e-06, 1.06805418909e-05, 1.06619800135e-05, 1.06810302896e-05, 1.06419793156e-05, 8.81110736373e-06, 6.33236277281e-06, 4.04536376664e-06, 2.99546854876e-06, 1.75446416506e-06, 1.10634221073e-06, 5.30092222562e-07, 3.22541950482e-07, 1.43997453961e-07, 6.12072312833e-08, 1.9637457882e-08],
        "median": [0.00202768761665, 0.00326381390914, 0.00120890815742, 0.000396600691602, 0.000214427695028, 0.000160685362061, 8.49251664476e-05, 4.30456420872e-05, 2.76987302641e-05, 3.46554297721e-05, 2.5752295187e-05, 1.30289845401e-05, 1.67996186065e-05, 9.26302254811e-06, 1.18196867334e-05, 8.09711764305e-06, 8.22790843813e-06, 5.37386858923e-06, 5.27365909875e-06, 5.82773100177e-06, 4.90012007504e-06, 4.76295826957e-06, 5.07449203724e-06, 4.67598692921e-06, 4.37327071268e-06, 4.48116406915e-06, 4.75554224977e-06, 4.62859316031e-06, 4.28531711805e-06, 3.73142734134e-06, 3.05057756123e-06, 2.36757341554e-06, 1.60383729053e-06, 9.20643742575e-07, 5.38927679372e-07, 2.69083898274e-07, 1.44286786963e-07, 6.49193978575e-08, 2.74315645754e-08, 1.04344008989e-08],
        "min": [1.75524312425e-24, 4.95302057118e-24, 9.41487819897e-24, 4.45848248641e-24, 1.21358661426e-23, 3.74908354017e-24, 2.61632325927e-24, 6.83778400644e-24, 8.39973096536e-24, 7.49827042111e-24, 9.42411576017e-24, 7.28196870521e-24, 1.19484809121e-23, 2.35953377016e-23, 9.93389818751e-24, 4.99558237803e-24, 9.30209869966e-24, 6.22835819159e-24, 5.76954525063e-24, 1.10256059497e-23, 1.09603529533e-23, 5.94425821961e-24, 9.44609500271e-24, 7.06524258213e-24, 9.55380133754e-24, 8.576408198e-24, 1.07661511757e-23, 1.14677577539e-23, 9.07221674326e-24, 6.3757189864e-24, 8.97999495914e-24, 8.91450214907e-24, 8.78164456199e-24, 8.90318593938e-24, 8.18818134755e-24, 9.76534858878e-24, 9.05441215263e-24, 8.71195027874e-24, 8.83659976809e-24, 1.01596969999e-23],
        "var": [1.71764113475e-05, 3.22679479723e-05, 1.42447297549e-05, 4.04321099268e-06, 3.47433484649e-07, 1.31396177494e-07, 2.35445867247e-08, 1.9293356246e-08, 4.66469218807e-09, 6.35214014721e-09, 6.48417852744e-09, 2.18264539775e-09, 6.67963773182e-09, 1.07374620306e-09, 4.39857789081e-10, 2.80634349092e-10, 4.04426242495e-10, 1.25003507545e-10, 2.69560790356e-10, 1.06156827773e-09, 1.12627418503e-09, 2.21288876112e-10, 1.9835613152e-09, 1.72120184772e-09, 1.86689941284e-10, 3.79594772282e-10, 3.7446853951e-10, 4.03486299927e-10, 4.44739023386e-10, 2.46704601192e-10, 1.16324720689e-10, 2.71931643869e-11, 1.83359438743e-11, 6.45466666227e-12, 2.709043493e-12, 6.05610830581e-13, 2.42961060342e-13, 4.08861719437e-14, 6.85018202576e-15, 7.10483083465e-16]
    },
    "mfcc": {
        "mean": [-683.060791016, 134.391677856, 2.52809166908, 59.4530067444, -7.20890712738, 22.212518692, 0.781714618206, 7.84888315201, 0.00402290793136, 3.34606075287, -2.38031816483, 2.54747962952, -2.5440890789],
        "cov": [[12930.2363281, -361.81262207, -823.852111816, 1097.2442627, -326.952362061, 753.789916992, -142.972824097, 727.823242188, 196.570678711, 344.098693848, -83.801864624, 97.749671936, -72.5789794922], [-361.81262207, 1983.4831543, 104.577125549, 289.906585693, 100.831573486, 47.4513397217, 126.080482483, -174.896377563, -26.004119873, -71.1256484985, 44.4957504272, -37.0326881409, 8.78791236877], [-823.852111816, 104.577125549, 662.714172363, 68.5805053711, 143.753631592, -35.7330360413, -44.7302742004, -34.599357605, -52.3602294922, -44.9538955688, -22.7160720825, -18.7222728729, 11.154050827], [1097.2442627, 289.906585693, 68.5805053711, 365.528076172, 82.8173599243, 102.933059692, 5.6428027153, 69.0675430298, 30.7597961426, 34.0464172363, -7.2786655426, 10.2949724197, 7.43540477753], [-326.952362061, 100.831573486, 143.753631592, 82.8173599243, 169.377746582, 35.6322174072, 26.340587616, 4.68574476242, 7.23483467102, 4.17987680435, 12.914525032, 10.6070566177, 16.4812755585], [753.789916992, 47.4513397217, -35.7330360413, 102.933059692, 35.6322174072, 162.978515625, 58.063293457, 75.5316696167, 36.0903701782, 41.0279426575, 12.0665712357, 11.5570983887, -1.09058320522], [-142.972824097, 126.080482483, -44.7302742004, 5.6428027153, 26.340587616, 58.063293457, 110.880706787, 26.1650104523, 27.7752819061, 8.65800666809, 20.9330806732, 6.91743564606, 5.34929323196], [727.823242188, -174.896377563, -34.599357605, 69.0675430298, 4.68574476242, 75.5316696167, 26.1650104523, 148.729614258, 53.6232643127, 44.1626777649, -0.884591758251, 6.41152858734, -3.21819877625], [196.570678711, -26.004119873, -52.3602294922, 30.7597961426, 7.23483467102, 36.0903701782, 27.7752819061, 53.6232643127, 73.4085998535, 42.5425720215, 12.6761293411, 7.47876834869, 3.86570930481], [344.098693848, -71.1256484985, -44.9538955688, 34.0464172363, 4.17987680435, 41.0279426575, 8.65800666809, 44.1626777649, 42.5425720215, 71.9572296143, 31.2734470367, 19.574092865, 7.61706256866], [-83.801864624, 44.4957504272, -22.7160720825, -7.2786655426, 12.914525032, 12.0665712357, 20.9330806732, -0.884591758251, 12.6761293411, 31.2734470367, 70.1904067993, 37.0982513428, 16.4273529053], [97.749671936, -37.0326881409, -18.7222728729, 10.2949724197, 10.6070566177, 11.5570983887, 6.91743564606, 6.41152858734, 7.47876834869, 19.574092865, 37.0982513428, 70.6996383667, 38.0716819763], [-72.5789794922, 8.78791236877, 11.154050827, 7.43540477753, 16.4812755585, -1.09058320522, 5.34929323196, -3.21819877625, 3.86570930481, 7.61706256866, 16.4273529053, 38.0716819763, 62.217956543]],
