{
"lowlevel": {
    "average_loudness": 0.696794271469,
    "barkbands_crest": {
        "dmean": 2.56311964989,
        "dmean2": 4.37323760986,
        "dvar": 4.92995262146,
        "dvar2": 13.6534605026,
        "max": 26.6040420532,
        "mean": 12.0677881241,
        "median": 11.4418296814,
        "min": 4.03631782532,
        "var": 11.7878360748
    },
    "barkbands_flatness_db": {
        "dmean": 0.0370215810835,
        "dmean2": 0.0609558001161,
        "dvar": 0.00165292038582,
        "dvar2": 0.00414388114586,
        "max": 0.678397893906,
        "mean": 0.403018504381,
        "median": 0.43489459157,
        "min": 0.0592006221414,
        "var": 0.0134313916788
    },
    "barkbands_kurtosis": {
        "dmean": 5.36605024338,
        "dmean2": 8.74479961395,
        "dvar": 146.45123291,
        "dvar2": 308.331787109,
        "max": 797.899291992,
        "mean": 9.77976799011,
        "median": 6.63269805908,
        "min": -1.78458154202,
        "var": 318.173980713
    },
    "barkbands_skewness": {
        "dmean": 0.622337400913,
        "dmean2": 0.999451100826,
        "dvar": 0.526174128056,
        "dvar2": 1.29720532894,
        "max": 21.4244747162,
        "mean": 1.86171066761,
        "median": 1.79058003426,
        "min": -3.86699604988,
        "var": 1.72047758102
    },
    "barkbands_spread": {
        "dmean": 1.36087012291,
        "dmean2": 2.2673432827,
        "dvar": 11.3011960983,
        "dvar2": 30.1978187561,
        "max": 64.0337524414,
        "mean": 3.43976020813,
        "median": 2.10011053085,
        "min": 0.0776462554932,
        "var": 20.0842552185
    },
    "dissonance": {
        "dmean": 0.0394575409591,
        "dmean2": 0.0653388127685,
        "dvar": 0.00120689545292,
        "dvar2": 0.00321443658322,
        "max": 0.500000119209,
        "mean": 0.384578108788,
        "median": 0.392190933228,
        "min": 0.0908093452454,
        "var": 0.00416964385659
    },
    "dynamic_complexity": 3.05152392387,
    "erbbands_crest": {
        "dmean": 2.57881450653,
        "dmean2": 4.24231243134,
        "dvar": 6.0797085762,
        "dvar2": 16.0177688599,
        "max": 30.6098613739,
        "mean": 12.0734968185,
        "median": 11.1373023987,
        "min": 2.57734489441,
        "var": 20.8264484406
    },
    "erbbands_flatness_db": {
        "dmean": 0.0248062126338,
        "dmean2": 0.0384909361601,
        "dvar": 0.000798595079686,
        "dvar2": 0.00165495940018,
        "max": 0.569944441319,
        "mean": 0.354233831167,
        "median": 0.382312297821,
        "min": 0.0331141836941,
        "var": 0.00858801230788
    },
    "erbbands_kurtosis": {
        "dmean": 2.05997180939,
        "dmean2": 3.21362376213,
        "dvar": 12.2258996964,
        "dvar2": 25.8907146454,
        "max": 114.571548462,
        "mean": 4.0891046524,
        "median": 1.39956331253,
        "min": -1.74654471874,
        "var": 75.0841369629
    },
    "erbbands_skewness": {
        "dmean": 0.454059928656,
        "dmean2": 0.722041487694,
        "dvar": 0.204154357314,
        "dvar2": 0.491883099079,
        "max": 8.14981269836,
        "mean": 1.24960410595,
        "median": 1.14532589912,
        "min": -3.31993818283,
        "var": 1.25379502773
    },
    "erbbands_spread": {
        "dmean": 3.99296045303,
        "dmean2": 6.1265873909,
        "dvar": 48.3994903564,
        "dvar2": 100.537055969,
        "max": 113.725036621,
        "mean": 13.8742523193,
        "median": 10.8220348358,
        "min": 0.463907986879,
        "var": 129.257019043
    },
    "hfc": {
        "dmean": 3.44259762764,
        "dmean2": 5.63611412048,
        "dvar": 41.7393913269,
        "dvar2": 104.395111084,
        "max": 96.8311920166,
        "mean": 7.51704120636,
        "median": 5.15400695801,
        "min": 1.07035047065e-16,
        "var": 71.5250244141
    },
    "melbands_crest": {
        "dmean": 3.12852406502,
        "dmean2": 5.1667470932,
        "dvar": 7.28906202316,
        "dvar2": 18.8410282135,
        "max": 33.994808197,
        "mean": 15.4149417877,
        "median": 15.2849664688,
        "min": 1.00080060959,
        "var": 16.0512199402
    },
    "melbands_flatness_db": {
        "dmean": 0.0424659624696,
        "dmean2": 0.0695375353098,
        "dvar": 0.00230083428323,
        "dvar2": 0.00563443964347,
        "max": 0.861697375774,
        "mean": 0.528172016144,
        "median": 0.569885134697,
        "min": -2.847450844e-07,
        "var": 0.0206260867417
    },
    "melbands_kurtosis": {
        "dmean": 7.64785194397,
        "dmean2": 12.569601059,
        "dvar": 172.582092285,
        "dvar2": 438.979003906,
        "max": 187.801757812,
        "mean": 14.0866632462,
        "median": 9.8258972168,
        "min": -1.81721675396,
        "var": 247.194168091
    },
    "melbands_skewness": {
        "dmean": 0.704359531403,
        "dmean2": 1.12450289726,
        "dvar": 0.661134421825,
        "dvar2": 1.58540928364,
        "max": 10.858962059,
        "mean": 2.3221886158,
        "median": 2.23800563812,
        "min": -2.73571562767,
        "var": 1.98563325405
    },
    "melbands_spread": {
        "dmean": 1.62471532822,
        "dmean2": 2.72887539864,
        "dvar": 16.792470932,
        "dvar2": 45.3679466248,
        "max": 164.553207397,
        "mean": 5.37538766861,
        "median": 2.67764568329,
        "min": 0.314540743828,
        "var": 215.671188354
    },
    "pitch_salience": {
        "dmean": 0.0869804471731,
        "dmean2": 0.146073877811,
        "dvar": 0.00727313524112,
        "dvar2": 0.0194273460656,
        "max": 0.99608784914,
        "mean": 0.558547496796,
        "median": 0.573074698448,
        "min": 0.058632504195,
        "var": 0.0122538544238
    },
    "silence_rate_20dB": {
        "dmean": 0,
        "dmean2": 0,
        "dvar": 0,
        "dvar2": 0,
        "max": 1,
        "mean": 1,
        "median": 1,
        "min": 1,
        "var": 0
    },
    "silence_rate_30dB": {
        "dmean": 0.0380199216306,
        "dmean2": 0.0760456249118,
        "dvar": 0.036569070071,
        "dvar2": 0.0862290635705,
        "max": 1,
        "mean": 0.958409368992,
        "median": 1,
        "min": 0,
        "var": 0.0398636832833
    },
    "silence_rate_60dB": {
        "dmean": 0.00897270161659,
        "dmean2": 0.0179467685521,
        "dvar": 0.00889305770397,
        "dvar2": 0.0200573746115,
        "max": 1,
        "mean": 0.0460006073117,
        "median": 0,
        "min": 0,
        "var": 0.0438863411546
    },
    "spectral_centroid": {
        "dmean": 74.9991531372,
        "dmean2": 123.407737732,
        "dvar": 44397.734375,
        "dvar2": 105532.554688,
        "max": 11898.0830078,
        "mean": 446.625457764,
        "median": 275.2734375,
        "min": 141.508071899,
        "var": 1422521.5
    },
    "spectral_complexity": {
        "dmean": 1.56429171562,
        "dmean2": 2.64197707176,
        "dvar": 9.92522239685,
        "dvar2": 22.9467372894,
        "max": 48,
        "mean": 7.62667274475,
        "median": 7,
        "min": 0,
        "var": 18.1588420868
    },
    "spectral_decrease": {
        "dmean": 4.72083083736e-09,
        "dmean2": 7.97332422309e-09,
        "dvar": 7.24225676873e-17,
        "dvar2": 1.90110205499e-16,
        "max": 3.46423563655e-20,
        "mean": -8.5030995578e-09,
        "median": -5.74843683765e-09,
        "min": -1.10825894239e-07,
        "var": 8.9159224041e-17
    },
    "spectral_energy": {
        "dmean": 0.0181144420058,
        "dmean2": 0.0305712558329,
        "dvar": 0.00106231821701,
        "dvar2": 0.00278627267107,
        "max": 0.423588782549,
        "mean": 0.0327745117247,
        "median": 0.0221735108644,
        "min": 1.00929274468e-20,
        "var": 0.00131634192076
    },
    "spectral_energyband_high": {
        "dmean": 4.2522980948e-05,
        "dmean2": 7.64766664361e-05,
        "dvar": 1.06752644058e-07,
        "dvar2": 2.99163929185e-07,
        "max": 0.00568221509457,
        "mean": 2.85381556751e-05,
        "median": 7.67470282881e-08,
        "min": 7.11850067075e-21,
        "var": 6.53729728128e-08
    },
    "spectral_energyband_low": {
        "dmean": 0.0147738531232,
        "dmean2": 0.0254685077816,
        "dvar": 0.000875290657859,
        "dvar2": 0.00232248660177,
        "max": 0.390658527613,
        "mean": 0.017082715407,
        "median": 0.00700468849391,
        "min": 1.2857083803e-23,
        "var": 0.000842075445689
    },
    "spectral_energyband_middle_high": {
        "dmean": 0.000350604037521,
        "dmean2": 0.000547427567653,
        "dvar": 1.56013231845e-06,
        "dvar2": 3.94937796955e-06,
        "max": 0.0339107848704,
        "mean": 0.000678100157529,
        "median": 0.000235582177993,
        "min": 1.07977998334e-21,
        "var": 2.39528708335e-06
    },
    "spectral_energyband_middle_low": {
        "dmean": 0.00957203377038,
        "dmean2": 0.0158937647939,
        "dvar": 0.000221009438974,
        "dvar2": 0.000560468935873,
        "max": 0.28315153718,
        "mean": 0.0205269623548,
        "median": 0.0140874441713,
        "min": 1.54097717435e-22,
        "var": 0.000474492378999
    },
    "spectral_entropy": {
        "dmean": 0.245051026344,
        "dmean2": 0.383409738541,
        "dvar": 0.0976176559925,
        "dvar2": 0.205887317657,
        "max": 9.82659626007,
        "mean": 5.50431394577,
        "median": 5.22984695435,
        "min": 3.68661952019,
        "var": 0.82837253809
    },
    "spectral_flux": {
        "dmean": 0.0399530269206,
        "dmean2": 0.0665642023087,
        "dvar": 0.00318832928315,
        "dvar2": 0.00677645485848,
        "max": 0.509505689144,
        "mean": 0.0819074288011,
        "median": 0.0616518221796,
        "min": 6.39313255113e-11,
        "var": 0.00448552891612
    },
    "spectral_kurtosis": {
        "dmean": 52.9865760803,
        "dmean2": 91.2080230713,
        "dvar": 3942.93579102,
        "dvar2": 11803.5019531,
        "max": 675.754150391,
        "mean": 160.812667847,
        "median": 145.680038452,
        "min": -1.274117589,
        "var": 17661.7734375
    },
    "spectral_rms": {
        "dmean": 0.00132354779635,
        "dmean2": 0.00215149181895,
        "dvar": 3.41228974321e-06,
        "dvar2": 8.44912210596e-06,
        "max": 0.0203287322074,
        "mean": 0.00502655375749,
        "median": 0.00465109571815,
        "min": 3.13795452296e-12,
        "var": 6.70893405186e-06
    },
    "spectral_rolloff": {
        "dmean": 96.7718429565,
        "dmean2": 171.169342041,
        "dvar": 104727.195312,
        "dvar2": 251370.765625,
        "max": 19724.4140625,
        "mean": 580.681396484,
        "median": 279.931640625,
        "min": 150.732421875,
        "var": 4205636
    },
    "spectral_skewness": {
        "dmean": 1.71258985996,
        "dmean2": 2.86868286133,
        "dvar": 2.94306969643,
        "dvar2": 7.82460212708,
        "max": 20.8699131012,
        "mean": 8.8765668869,
        "median": 9.46280670166,
        "min": -0.0972284600139,
        "var": 23.9961452484
    },
    "spectral_spread": {
        "dmean": 462030.25,
        "dmean2": 767991.5,
        "dvar": 391799898112,
        "dvar2": 840414593024,
        "max": 42593620,
        "mean": 1698810.875,
        "median": 914913.375,
        "min": 124293.242188,
        "var": 1.94310611927e+13
    },
    "spectral_strongpeak": {
        "dmean": 0.309821516275,
        "dmean2": 0.515809893608,
        "dvar": 0.151313737035,
        "dvar2": 0.3758431077,
        "max": 7.24600791931,
        "mean": 0.690221905708,
        "median": 0.484019994736,
        "min": 0,
        "var": 0.522787988186
    },
    "zerocrossingrate": {
        "dmean": 0.00250021833926,
        "dmean2": 0.00351176341064,
        "dvar": 3.76106399926e-05,
        "dvar2": 6.93887413945e-05,
        "max": 0.52880859375,
        "mean": 0.0201934669167,
        "median": 0.0126953125,
        "min": 0.0029296875,
        "var": 0.00294688344002
    },
    "barkbands": {
        "dmean": [1.94180720428e-05, 0.00106661336031, 0.0092562129721, 0.0071719288826, 0.00338672683574, 0.000902713101823, 0.000419348099967, 0.000271906552371, 8.98232319742e-05, 8.80063671502e-05, 0.000114325026516, 3.71470196114e-05, 3.56177260983e-05, 2.30831174122e-05, 2.8001206374e-05, 2.56799448834e-05, 1.51387366714e-05, 2.09793233807e-05, 3.59381483577e-05, 1.82855583262e-05, 1.60870058608e-05, 1.07882833618e-05, 2.74366561825e-06, 1.24215046071e-06, 5.95778317347e-07, 2.01380800036e-07, 3.18760733364e-08],
        "dmean2": [3.19921782648e-05, 0.00179586431477, 0.016243847087, 0.0123557634652, 0.00566655024886, 0.00117801700253, 0.000484507938381, 0.000406868261052, 0.000138599643833, 0.000137622802868, 0.000165479839779, 6.39776844764e-05, 5.78913350182e-05, 3.63308208762e-05, 4.61741183244e-05, 4.36395275756e-05, 2.39674136537e-05, 3.52333227056e-05, 6.39510762994e-05, 3.24411921611e-05, 2.87100428977e-05, 1.97209465114e-05, 5.03030378241e-06, 2.32375009546e-06, 1.10731468794e-06, 3.67522630995e-07, 5.48481686735e-08],
        "dvar": [8.32832292019e-09, 6.69131941322e-06, 0.000358404271537, 0.000158256108989, 2.44480379479e-05, 1.73615553649e-05, 7.01515818946e-06, 3.10338077725e-06, 2.02269973215e-07, 4.44261019084e-07, 1.28307561909e-07, 1.2362088242e-08, 1.66816942482e-08, 8.9005931514e-09, 1.96658600515e-08, 2.17190994078e-08, 6.30881302754e-09, 1.86446378336e-08, 6.79965310724e-08, 1.79740258233e-08, 1.87578272914e-08, 8.03879718347e-09, 3.94045213126e-10, 9.21987902691e-11, 1.65806327002e-11, 1.62638045392e-12, 3.93712298007e-14],
        "dvar2": [1.85461903612e-08, 1.66492536664e-05, 0.000955456402153, 0.000428030238254, 5.9158046497e-05, 2.03236995731e-05, 9.3387961897e-06, 5.20889352629e-06, 4.47523262892e-07, 1.06098423203e-06, 2.98047154956e-07, 3.37900942782e-08, 4.40807177426e-08, 2.27736638436e-08, 5.08249122788e-08, 5.88045381278e-08, 1.5465202452e-08, 4.88745897087e-08, 1.91080957279e-07, 4.96690226726e-08, 5.28171284486e-08, 2.28356995535e-08, 1.12534870311e-09, 2.68280092586e-10, 4.81328622792e-11, 4.64110520848e-12, 9.25063045371e-14],
        "max": [0.0038581402041, 0.0725907385349, 0.230634838343, 0.151386290789, 0.235988497734, 0.242095917463, 0.161635532975, 0.105375789106, 0.0224645342678, 0.0297875162214, 0.0157223772258, 0.00210877438076, 0.00284370151348, 0.00437241047621, 0.00242146500386, 0.00284144608304, 0.00174510932993, 0.00254111574031, 0.00425282632932, 0.00215956708416, 0.00225169025362, 0.00166720990092, 0.00039178825682, 0.000242130336119, 9.25665153773e-05, 2.87257025775e-05, 9.52292612055e-06],
        "mean": [2.18919012696e-05, 0.00217281910591, 0.00935809873044, 0.00775340572, 0.00749397743493, 0.00275419838727, 0.0016073739389, 0.000699130003341, 0.000195694810827, 0.000188920035725, 0.000247541058343, 5.3420306358e-05, 4.65547273052e-05, 3.05590583594e-05, 2.96710186376e-05, 2.52255140367e-05, 1.79727485374e-05, 1.84435866686e-05, 2.59806438407e-05, 1.28675137603e-05, 1.07506384666e-05, 6.86133671479e-06, 1.7866508415e-06, 7.87293402027e-07, 4.18575751837e-07, 1.45179541278e-07, 2.90062533992e-08],
        "median": [6.22252514404e-07, 0.000122955942061, 0.00384540623054, 0.00360609730706, 0.00522081926465, 0.000603726541158, 0.000661034602672, 0.000298630795442, 7.4907526141e-05, 2.77627841569e-05, 0.00010175776697, 1.89744896488e-05, 1.7312095224e-05, 4.83371468363e-06, 1.79139306056e-06, 1.05971935227e-06, 1.4194540654e-07, 5.04717938554e-08, 4.69638870015e-08, 3.42420243271e-08, 1.36632740677e-08, 4.21818269203e-09, 3.04808756013e-09, 2.91261037511e-09, 5.85173420831e-09, 2.39384601031e-09, 2.11780171178e-09],
        "min": [6.50505302764e-25, 1.97375345347e-24, 5.04830796739e-25, 1.55751671608e-24, 2.66610393226e-24, 5.70360436756e-24, 5.32748929302e-24, 7.80517596743e-24, 1.54764790838e-23, 1.18714778325e-23, 9.42561932906e-24, 1.57561586737e-23, 2.16120672329e-23, 3.05173838856e-23, 2.62272427387e-23, 4.13153750652e-23, 5.6259231043e-23, 8.19101793359e-23, 1.35994659703e-22, 1.25828249497e-22, 1.59899858812e-22, 2.71538166698e-22, 3.24842318479e-22, 5.16312365475e-22, 8.74519940905e-22, 1.20411991106e-21, 2.00744052308e-21],
        "var": [9.93692861329e-09, 2.53305606748e-05, 0.000292171462206, 0.000144377889228, 7.48493548599e-05, 9.45606589084e-05, 4.2035120714e-05, 1.23735526358e-05, 4.36144546256e-07, 1.04339949303e-06, 2.87618860284e-07, 1.50647654351e-08, 1.58015733831e-08, 1.03404325102e-08, 1.67514251359e-08, 1.61966333678e-08, 6.25895202333e-09, 1.39561739942e-08, 4.288585842e-08, 1.15426121994e-08, 1.13818448e-08, 4.70031524813e-09, 2.27491844806e-10, 5.06811294321e-11, 9.49953570667e-12, 1.01491460635e-12, 4.68889589157e-14]
    },
    "erbbands": {
        "dmean": [0.0200145691633, 0.389064133167, 6.7409157753, 23.0931873322, 11.9379987717, 15.2549333572, 10.9078216553, 6.91206121445, 6.58507680893, 6.27738332748, 4.83313369751, 2.12137889862, 1.5141749382, 3.69488334656, 4.20232439041, 1.60382556915, 1.62312436104, 1.12832605839, 1.34541380405, 1.55676484108, 1.10014486313, 0.914454817772, 1.04382956028, 1.78367972374, 1.54697668552, 0.957106471062, 0.547435939312, 0.765298187733, 0.408812880516, 0.173358038068, 0.0800572782755, 0.0382068157196, 0.0128574417904, 0.00797321647406, 0.00346128735691, 0.00129874702543, 0.000281548855128, 5.73044198973e-05, 1.20537952171e-05, 1.99500573217e-05],
        "dmean2": [0.033285304904, 0.668038010597, 11.9463224411, 39.5249290466, 19.4775161743, 26.2748947144, 16.6467151642, 9.12173748016, 7.32562446594, 8.67600345612, 7.55449104309, 3.2077331543, 2.42209839821, 5.58881521225, 6.20565414429, 2.73850345612, 2.64902424812, 1.67037916183, 2.21374869347, 2.64189600945, 1.83409869671, 1.47067606449, 1.72943079472, 3.14396381378, 2.75614285469, 1.71176850796, 0.979018747807, 1.36846780777, 0.743599116802, 0.316161096096, 0.148201063275, 0.0715481564403, 0.02369020693, 0.0148164434358, 0.00642299279571, 0.00241359160282, 0.000509984500241, 9.849620983e-05, 2.02292249014e-05, 3.35601143888e-05],
        "dvar": [0.00272107776254, 0.659154713154, 189.999404907, 1937.03796387, 280.12487793, 498.294281006, 580.873291016, 1012.71539307, 1882.49316406, 1492.29406738, 418.243988037, 142.1199646, 25.0530643463, 646.495727539, 246.648483276, 25.8832378387, 30.2161140442, 18.7079753876, 40.5688018799, 76.3259429932, 35.6795959473, 24.5536575317, 39.4191741943, 166.048690796, 128.836395264, 50.1835250854, 20.0611362457, 41.581703186, 11.399892807, 2.02982997894, 0.334655225277, 0.0744693726301, 0.0105590969324, 0.00347567629069, 0.000459425791632, 7.27333681425e-05, 2.93871516988e-06, 1.36815174301e-07, 1.12864195767e-09, 1.27417332241e-09],
        "dvar2": [0.00643535703421, 1.69156289101, 508.409667969, 5157.65234375, 761.177062988, 1311.60131836, 810.47052002, 1219.01013184, 2330.30493164, 2775.59643555, 983.990783691, 312.284210205, 61.2041130066, 1537.89221191, 551.956481934, 69.3407440186, 81.1281204224, 44.4359893799, 103.061225891, 205.437103271, 94.1403579712, 61.9502563477, 100.467308044, 465.354003906, 360.041534424, 139.440078735, 56.7077484131, 116.531028748, 32.2359733582, 5.77258682251, 0.962550342083, 0.216523960233, 0.0305604133755, 0.0100909816101, 0.00133121910039, 0.00021164190548, 8.28105385153e-06, 3.2158041563e-07, 2.93735524792e-09, 3.33079008819e-09],
        "max": [1.37360644341, 18.8155708313, 161.514678955, 573.307983398, 209.008804321, 975.1484375, 1116.10681152, 1843.42016602, 2582.55688477, 2208.52783203, 1068.14221191, 622.046081543, 204.946609497, 1163.33520508, 797.334716797, 95.4616546631, 116.500862122, 210.849899292, 115.393714905, 171.119308472, 129.722702026, 82.2779922485, 109.874649048, 231.058334351, 176.12878418, 116.208900452, 77.5910491943, 107.256568909, 62.2047576904, 26.3218402863, 11.365237236, 6.65455627441, 2.62809491158, 1.38227593899, 0.474059075117, 0.207985162735, 0.0336136184633, 0.0187973435968, 0.00107835175004, 0.000459980830783],
        "mean": [0.0461135655642, 0.663441359997, 6.7159743309, 25.3659915924, 19.3713722229, 28.8162479401, 25.1053791046, 20.5874004364, 23.3665523529, 22.7507133484, 13.0957241058, 5.28117322922, 3.52069187164, 8.62521934509, 8.95907115936, 2.62974023819, 2.3301794529, 1.67133557796, 1.50027656555, 1.52388727665, 1.21437978745, 1.02158486843, 0.976458966732, 1.35828077793, 1.08622956276, 0.662779450417, 0.376121163368, 0.502393305302, 0.262696832418, 0.112733282149, 0.050344157964, 0.0234542526305, 0.00882506556809, 0.00561281153932, 0.00244931434281, 0.000907818612177, 0.000212586179259, 5.09716119268e-05, 1.88529884326e-05, 3.62313912774e-05],
        "median": [0.00276896962896, 0.110193841159, 2.75526046753, 10.9577884674, 12.3133773804, 19.5147438049, 11.7833881378, 4.75188875198, 3.54358816147, 14.4454040527, 6.17089700699, 2.35000944138, 1.44051837921, 1.87184524536, 3.59715080261, 1.0823302269, 1.01564490795, 0.334047049284, 0.114602208138, 0.0925957858562, 0.0649198889732, 0.0119087640196, 0.00354244140908, 0.002794632921, 0.00187809602357, 0.00163615925703, 0.00107250199653, 0.000385381106753, 0.000174897868419, 0.000123025907669, 0.000102411700936, 8.14943923615e-05, 7.05359561834e-05, 0.000101043267932, 4.85996788484e-05, 2.62057437794e-05, 1.36171820486e-05, 2.6363966299e-06, 1.13236237667e-05, 2.45145456574e-05],
        "min": [8.41908140783e-23, 3.51517151429e-22, 2.21405351877e-21, 6.81884722371e-21, 8.35390299353e-21, 6.63114507932e-21, 2.34291250623e-20, 6.49152927038e-20, 7.55449900901e-20, 1.75131390148e-19, 2.27450887009e-19, 3.8881286066e-19, 3.97586506923e-19, 4.10398397238e-19, 6.66713622476e-19, 1.13994101428e-18, 1.34160526948e-18, 2.08530929615e-18, 1.59196802548e-18, 2.0911568427e-18, 3.38081806484e-18, 3.51542247758e-18, 4.64569695582e-18, 5.97925685987e-18, 7.7080047831e-18, 6.27217226812e-18, 8.21014642831e-18, 9.62108328839e-18, 9.99356933567e-18, 9.30204055331e-18, 9.08028004853e-18, 1.02844937202e-17, 7.55402924797e-18, 8.69141334358e-18, 5.59731613819e-18, 3.76991989587e-18, 2.20807344561e-18, 9.45864693637e-19, 2.35383316439e-19, 2.78191955241e-20],
        "var": [0.0116845788434, 1.83355879784, 149.234436035, 1784.29345703, 428.16305542, 1322.53527832, 3039.33544922, 5613.00585938, 12287.3681641, 5880.80371094, 988.692260742, 318.011688232, 65.704536438, 1522.28393555, 533.858398438, 33.6592063904, 29.2605457306, 27.0194129944, 36.610824585, 56.4015579224, 29.7800006866, 21.7814979553, 31.7462615967, 106.684562683, 81.2514724731, 31.7684688568, 12.1780376434, 25.3537349701, 6.74820184708, 1.18483138084, 0.189098894596, 0.040775410831, 0.00602155225351, 0.00198333105072, 0.000265583657892, 4.06303333875e-05, 1.95958614313e-06, 1.71451759456e-07, 1.13371678712e-09, 1.59612145723e-09]
    },
    "gfcc": {
        "mean": [-213.009384155, 234.187683105, -62.1427726746, -27.0035972595, -28.3162631989, -11.1505212784, -29.0028419495, -23.7367839813, -25.2618427277, -17.3614807129, -12.4011831284, -17.9298782349, -4.99517583847],
        "cov": [[19419.8632812, 41.7777023315, -3089.4855957, 1800.73815918, -1276.45739746, -476.90536499, -317.722259521, 172.421112061, -287.82623291, -90.9619903564, -303.698059082, 82.796875, -449.006164551], [41.7777023315, 2773.68139648, 862.710571289, -1665.55212402, 300.389038086, -63.1285629272, -32.9892349243, -290.938446045, 17.0794467926, -124.417617798, 50.0172195435, -321.006072998, 206.045227051], [-3089.4855957, 862.710571289, 1588.29260254, -607.8125, 433.474487305, 341.166290283, 27.4934158325, -121.231025696, 115.571907043, -27.3156433105, 104.449241638, -90.3884048462, 100.512962341], [1800.73815918, -1665.55212402, -607.8125, 1801.31835938, 28.342912674, 91.3902359009, 174.759735107, 196.284194946, 35.6699562073, 80.9320373535, -46.5599098206, 199.027267456, -167.321975708], [-1276.45739746, 300.389038086, 433.474487305, 28.342912674, 507.886199951, 184.005325317, 91.6279754639, -7.09981107712, 45.8482131958, -24.7202186584, 18.5286140442, -68.3172836304, 71.2198104858], [-476.90536499, -63.1285629272, 341.166290283, 91.3902359009, 184.005325317, 303.314697266, 25.4325046539, 33.5792732239, 8.88324642181, -15.3095750809, 2.84308934212, -8.11771774292, 12.2532329559], [-317.722259521, -32.9892349243, 27.4934158325, 174.759735107, 91.6279754639, 25.4325046539, 211.501403809, 57.6772613525, 23.629360199, 5.36172056198, -7.7759437561, -21.5665149689, 21.0630683899], [172.421112061, -290.938446045, -121.231025696, 196.284194946, -7.09981107712, 33.5792732239, 57.6772613525, 159.645385742, 5.06727552414, -10.6551160812, -18.1787052155, 14.9632434845, 2.81975436211], [-287.82623291, 17.0794467926, 115.571907043, 35.6699562073, 45.8482131958, 8.88324642181, 23.629360199, 5.06727552414, 94.0195388794, 24.7492637634, 4.47861051559, 2.26488876343, -13.2368164062], [-90.9619903564, -124.417617798, -27.3156433105, 80.9320373535, -24.7202186584, -15.3095750809, 5.36172056198, -10.6551160812, 24.7492637634, 71.8390808105, 29.4015235901, 18.2848720551, -14.7696018219], [-303.698059082, 50.0172195435, 104.449241638, -46.5599098206, 18.5286140442, 2.84308934212, -7.7759437561, -18.1787052155, 4.47861051559, 29.4015235901, 76.2510528564, 28.3018932343, 19.5542449951], [82.796875, -321.006072998, -90.3884048462, 199.027267456, -68.3172836304, -8.11771774292, -21.5665149689, 14.9632434845, 2.26488876343, 18.2848720551, 28.3018932343, 130.795532227, -4.6700296402], [-449.006164551, 206.045227051, 100.512962341, -167.321975708, 71.2198104858, 12.2532329559, 21.0630683899, 2.81975436211, -13.2368164062, -14.7696018219, 19.5542449951, -4.6700296402, 107.377983093]],
        "icov": [[0.000299357488984, -0.000954943126999, 0.000443967321189, -0.000947934109718, 0.000862708082423, -0.000506713811774, 0.000791994156316, -0.000679635966662, 0.000469071324915, -0.000153185668751, 0.000334540120093, -0.000197423200007, 0.000506850425154], [-0.000954943126999, 0.00451492890716, -0.00135469972156, 0.0038550097961, -0.00305691477843, 0.00188966561109, -0.00303990254179, 0.00383800617419, -0.00266536371782, 0.00266330316663, -0.0024731894955, 0.00258401641622, -0.00247362162918], [0.000443967321189, -0.00135469972156, 0.00241816486232, -0.000863157270942, 0.000861144741066, -0.00255205528811, 0.000753907952458, 0.000166777681443, -0.00155517621897, 0.00122016097885, -0.00175568880513, 3.7057652662e-05, 0.000712639535777], [-0.000947934109718, 0.0038550097961, -0.000863157270942, 0.00505550764501, -0.00389805226587, 0.0012360450346, -0.00392395397648, 0.00222654966637, -0.00175447470974, 0.000220376197831, -0.000745804223698, -0.000914205622394, 0.000390322762541], [0.000862708082423, -0.00305691477843, 0.000861144741066, -0.00389805226587, 0.00681778462604, -0.00305280834436, 0.00197800365277, -0.000956829753704, -0.00049913971452, 0.00146909069736, -0.000619512691628, 0.00216562417336, -0.00159588526003], [-0.000506713811774, 0.00188966561109, -0.00255205528811, 0.0012360450346, -0.00305280834436, 0.00730142695829, -0.000612030853517, -0.000839326821733, 0.00181457237341, -0.000509400269948, 0.00137656298466, -9.7408061265e-05, -0.000197496672627], [0.000791994156316, -0.00303990254179, 0.000753907952458, -0.00392395397648, 0.00197800365277, -0.000612030853517, 0.00920181255788, -0.0041797189042, 0.000764428055845, -0.001779094222, 0.00158838531934, 0.00137683108915, -0.000992453657091], [-0.000679635966662, 0.00383800617419, 0.000166777681443, 0.00222654966637, -0.000956829753704, -0.000839326821733, -0.0041797189042, 0.0129617890343, -0.00519103324041, 0.00640161568299, -0.0034864328336, 0.00363632594235, -0.00464960327372], [0.000469071324915, -0.00266536371782, -0.00155517621897, -0.00175447470974, -0.00049913971452, 0.00181457237341, 0.000764428055845, -0.00519103324041, 0.0184888541698, -0.010060778819, 0.00679541565478, -0.00486453156918, 0.0053544328548], [-0.000153185668751, 0.00266330316663, 0.00122016097885, 0.000220376197831, 0.00146909069736, -0.000509400269948, -0.001779094222, 0.00640161568299, -0.010060778819, 0.0276031121612, -0.0148336868733, 0.00631383620203, -0.00175280938856], [0.000334540120093, -0.0024731894955, -0.00175568880513, -0.000745804223698, -0.000619512691628, 0.00137656298466, 0.00158838531934, -0.0034864328336, 0.00679541565478, -0.0148336868733, 0.0262916367501, -0.00966156739742, 0.000249003147474], [-0.000197423200007, 0.00258401641622, 3.7057652662e-05, -0.000914205622394, 0.00216562417336, -9.7408061265e-05, 0.00137683108915, 0.00363632594235, -0.00486453156918, 0.00631383620203, -0.00966156739742, 0.0175344534218, -0.00624320283532], [0.000506850425154, -0.00247362162918, 0.000712639535777, 0.000390322762541, -0.00159588526003, -0.000197496672627, -0.000992453657091, -0.00464960327372, 0.0053544328548, -0.00175280938856, 0.000249003147474, -0.00624320283532, 0.0176199320704]]
    },
    "melbands": {
        "dmean": [0.000228523043916, 0.00259268912487, 0.00344032724388, 0.000727479287889, 0.00051816389896, 0.000159901363077, 9.7878408269e-05, 6.4472144004e-05, 3.62896389561e-05, 1.20812819659e-05, 7.90492595115e-06, 1.52482443809e-05, 1.64482025866e-05, 4.80045036966e-06, 5.09345773025e-06, 2.59558260041e-06, 2.09224458558e-06, 2.12700524571e-06, 2.09103450288e-06, 1.93919640878e-06, 1.24524115108e-06, 9.65035837908e-07, 7.15161490916e-07, 1.19832020573e-06, 1.48902972796e-06, 1.25984752231e-06, 7.82867402904e-07, 6.453768151e-07, 2.98341120697e-07, 4.07691885584e-07, 4.49690958249e-07, 2.49696569199e-07, 1.43590270341e-07, 7.2518794525e-08, 4.98179382191e-08, 3.35445839994e-08, 1.73848828666e-08, 8.60535109837e-09, 7.5390360621e-09, 6.517200557e-09],
        "dmean2": [0.00037781544961, 0.00457002548501, 0.00587764196098, 0.00121938623488, 0.000830297300126, 0.000208445679164, 0.000109551168862, 9.04637781787e-05, 5.69581789023e-05, 1.84802593139e-05, 1.27150060507e-05, 2.32044785662e-05, 2.37470849243e-05, 8.03517923487e-06, 8.86993075255e-06, 3.86368083127e-06, 3.15728357236e-06, 3.53062478098e-06, 3.44355657944e-06, 3.35218055625e-06, 2.06594677366e-06, 1.55563930093e-06, 1.14144143026e-06, 2.01909938369e-06, 2.63928882305e-06, 2.2708418328e-06, 1.37948109113e-06, 1.16270405215e-06, 5.3226909813e-07, 7.31598788661e-07, 8.09990524431e-07, 4.54713728004e-07, 2.61981398353e-07, 1.31972996087e-07, 9.23811711573e-08, 6.28725800311e-08, 3.24721618483e-08, 1.58843409537e-08, 1.38988927034e-08, 1.21209486892e-08],
        "dvar": [3.49952273382e-07, 2.77372637356e-05, 4.03502417612e-05, 1.01199805158e-06, 8.76296383012e-07, 5.63540254461e-07, 4.1245445459e-07, 1.9615019653e-07, 2.29913243999e-08, 4.07494393784e-09, 7.71527008947e-10, 1.24880497054e-08, 2.47672660159e-09, 3.4270283833e-10, 4.0662162526e-10, 6.51107917582e-11, 7.38283739699e-11, 9.96450422175e-11, 1.14235919335e-10, 1.28414487377e-10, 4.56404497529e-11, 2.6594500907e-11, 1.44386828882e-11, 6.37700794948e-11, 1.17154480561e-10, 8.83761605563e-11, 3.24940456486e-11, 2.33220092544e-11, 5.50416396489e-12, 1.3339253313e-11, 1.3799671475e-11, 4.18237406513e-12, 1.43335061702e-12, 3.46581894043e-13, 1.51956870481e-13, 5.2710484225e-14, 1.72464496975e-14, 5.15153918872e-15, 3.50364463665e-15, 2.22153067494e-15],
        "dvar2": [8.28439169709e-07, 7.40105751902e-05, 0.000107400788693, 2.82316841549e-06, 1.51108054069e-06, 6.63484058805e-07, 5.15255294431e-07, 3.47086967167e-07, 5.81588821547e-08, 8.90601370429e-09, 1.91872473465e-09, 2.97023632356e-08, 5.73872549481e-09, 7.74691588656e-10, 1.17371501407e-09, 1.47409306983e-10, 1.80152504026e-10, 2.55894333501e-10, 2.9529159673e-10, 3.54085788468e-10, 1.19531856635e-10, 6.71660435603e-11, 3.45971758187e-11, 1.66565192194e-10, 3.30420940609e-10, 2.50648501954e-10, 8.92459856017e-11, 6.52158049785e-11, 1.54903295052e-11, 3.80428188951e-11, 3.86835286026e-11, 1.18333780275e-11, 4.05687419422e-12, 9.85965974663e-13, 4.38271706253e-13, 1.53306973236e-13, 5.01216398301e-14, 1.49224640348e-14, 1.01317295414e-14, 6.45952873642e-15],
        "max": [0.0171251185238, 0.0642029568553, 0.0803969651461, 0.0273439846933, 0.0483581461012, 0.042894102633, 0.0383844152093, 0.0257640387863, 0.0085330279544, 0.00337924668565, 0.0011430074228, 0.00508312229067, 0.00218643760309, 0.000919605430681, 0.000360459816875, 0.000184277829248, 0.000484579068143, 0.000179513328476, 0.0001897237089, 0.00022615652415, 0.00017747747188, 8.65261390572e-05, 0.000119816962979, 0.000149888946908, 0.000196569773834, 0.000146937381942, 9.82149285846e-05, 8.03027287475e-05, 4.14965070377e-05, 6.09834023635e-05, 6.4121770265e-05, 3.76468706236e-05, 2.20011370402e-05, 1.10988075903e-05, 8.08617460279e-06, 5.37588994121e-06, 3.30670218318e-06, 1.85475767012e-06, 1.48847425407e-06, 1.06630454866e-06],
        "mean": [0.00053814786952, 0.00277094193734, 0.0040940893814, 0.00160860503092, 0.00105747336056, 0.000483313691802, 0.000352546427166, 0.000220826288569, 9.30134046939e-05, 2.73672485491e-05, 1.71791380126e-05, 3.45848238794e-05, 3.60165831808e-05, 7.58594205763e-06, 6.48412878945e-06, 4.07750894738e-06, 2.90939533443e-06, 2.28787394008e-06, 2.14252008846e-06, 1.86310398931e-06, 1.36641085646e-06, 1.0423365211e-06, 8.47702949613e-07, 9.87079147308e-07, 1.12498162252e-06, 8.8143025323e-07, 5.52947824417e-07, 4.39271218511e-07, 2.10891471397e-07, 2.69512554496e-07, 2.90537144565e-07, 1.60231593327e-07, 9.20702944995e-08, 4.79043329449e-08, 3.11768246775e-08, 2.03550527544e-08, 1.08090265627e-08, 5.86378900991e-09, 5.34080957237e-09, 4.52915260851e-09],
        "median": [2.25699623115e-05, 0.00113914487883, 0.002077546902, 0.00115004298277, 0.000563104520552, 0.000103091588244, 7.80577902333e-05, 0.000135117094032, 3.95778552047e-05, 1.09339853225e-05, 6.51163918519e-06, 6.4648006628e-06, 1.50210871652e-05, 2.05994729185e-06, 2.77456001641e-06, 1.50490063788e-06, 4.57587475466e-07, 1.56554150976e-07, 1.26918791921e-07, 8.0216445042e-08, 6.75564848507e-08, 9.33082766608e-09, 2.8349909087e-09, 2.16847850787e-09, 2.08555084313e-09, 1.42647682555e-09, 9.83227943507e-10, 1.08395159515e-09, 7.02100322325e-10, 3.05568459424e-10, 1.39705746971e-10, 9.13233377808e-11, 7.35498884019e-11, 5.50003931288e-11, 5.24750590203e-11, 3.97043092848e-11, 3.60775506691e-11, 3.18493009743e-11, 5.16765796821e-11, 6.85064921457e-11],
        "min": [8.41312957062e-25, 1.31810236172e-24, 1.43163108168e-24, 9.78067418401e-25, 7.38203314724e-25, 1.45294590613e-24, 1.46702953847e-24, 1.81639463555e-24, 1.42547490979e-24, 2.61164728625e-24, 1.90891658124e-24, 1.10964991043e-24, 2.52548000957e-24, 1.73842954013e-24, 2.70180974898e-24, 2.79321821751e-24, 2.79219467049e-24, 2.21245467757e-24, 2.39393883413e-24, 2.90010413701e-24, 2.94263655879e-24, 3.06524053182e-24, 2.46379562274e-24, 3.73873999598e-24, 4.09628015722e-24, 3.89043282046e-24, 4.00509493632e-24, 3.22697318903e-24, 4.06031125538e-24, 3.2070378851e-24, 4.23892869142e-24, 4.92871773884e-24, 5.48274895208e-24, 4.99680747902e-24, 5.42232023458e-24, 4.55482094117e-24, 5.23952341347e-24, 3.95411795577e-24, 6.18235537347e-24, 6.29058314536e-24],
        "var": [1.59888440976e-06, 2.38173834077e-05, 3.79539196729e-05, 2.3018385491e-06, 3.86246983908e-06, 3.16804039358e-06, 2.66166784968e-06, 7.86189332302e-07, 4.3787906634e-08, 9.17526499222e-09, 1.85394000152e-09, 2.93589543787e-08, 5.74901193318e-09, 6.69881317084e-10, 2.88273294125e-10, 9.43947836562e-11, 1.00816341386e-10, 8.72327210466e-11, 9.63826310429e-11, 9.1086242715e-11, 3.94467479514e-11, 2.30959435604e-11, 1.5623143404e-11, 4.72613961855e-11, 7.43885161802e-11, 5.38920123805e-11, 2.12062329502e-11, 1.45161851289e-11, 3.40174546518e-12, 7.8808955889e-12, 8.37189866043e-12, 2.47324361512e-12, 8.4507943178e-13, 2.02417279444e-13, 8.52285771255e-14, 2.88423934259e-14, 9.45901682176e-15, 2.91336791626e-15, 2.04518116818e-15, 1.2652796054e-15]
    },
    "mfcc": {
        "mean": [-838.678955078, 239.40864563, 45.9899787903, 3.06915307045, 3.38466048241, 10.4714431763, 0.0607583262026, -8.33532047272, -8.77503108978, -10.1222267151, -12.4715051651, -7.9259185791, -1.76496446133],
        "cov": [[6833.94433594, -81.4922943115, -1992.72143555, 1095.80737305, -214.750411987, -421.718963623, -256.485198975, 142.84135437, -69.89012146, -24.0243930817, 141.678390503, -55.1603507996, -55.2910041809], [-81.4922943115, 2309.88623047, 852.973693848, -805.31652832, -152.830490112, -30.4713993073, -68.8762664795, -199.17515564, 5.71992111206, -16.1327991486, -136.017105103, 9.16344928741, 64.3102798462], [-1992.72143555, 852.973693848, 1384.51696777, -536.832092285, 60.0113868713, 293.880523682, 98.4072418213, -77.6124267578, 21.550157547, 17.793132782, -69.6527633667, 31.811882019, 50.005317688], [1095.80737305, -805.31652832, -536.832092285, 914.496948242, 235.733291626, 76.1583404541, 86.4110794067, 171.197174072, 30.5696220398, 35.2793045044, 152.262176514, 13.1895284653, -28.4080123901], [-214.750411987, -152.830490112, 60.0113868713, 235.733291626, 383.746734619, 184.665328979, 134.531570435, 111.478927612, 66.0371932983, 46.3880462646, 50.1734313965, 19.7543392181, -8.71259593964], [-421.718963623, -30.4713993073, 293.880523682, 76.1583404541, 184.665328979, 295.981536865, 124.331237793, 51.0012397766, 46.9950180054, 41.1040992737, 25.9264831543, 15.1375646591, 4.77765703201], [-256.485198975, -68.8762664795, 98.4072418213, 86.4110794067, 134.531570435, 124.331237793, 158.206375122, 94.2950897217, 52.8265190125, 32.0713577271, 16.1444740295, 9.21713733673, 1.46289265156], [142.84135437, -199.17515564, -77.6124267578, 171.197174072, 111.478927612, 51.0012397766, 94.2950897217, 163.72114563, 93.7631149292, 32.1577987671, 20.7556037903, 3.23778605461, 6.74926519394], [-69.89012146, 5.71992111206, 21.550157547, 30.5696220398, 66.0371932983, 46.9950180054, 52.8265190125, 93.7631149292, 130.845291138, 61.1556549072, -11.3008699417, 5.46122789383, 22.6536655426], [-24.0243930817, -16.1327991486, 17.793132782, 35.2793045044, 46.3880462646, 41.1040992737, 32.0713577271, 32.1577987671, 61.1556549072, 78.7054824829, 29.2976932526, 6.6560087204, 1.72772777081], [141.678390503, -136.017105103, -69.6527633667, 152.262176514, 50.1734313965, 25.9264831543, 16.1444740295, 20.7556037903, -11.3008699417, 29.2976932526, 99.9483337402, 28.0521068573, -21.8536548615], [-55.1603507996, 9.16344928741, 31.811882019, 13.1895284653, 19.7543392181, 15.1375646591, 9.21713733673, 3.23778605461, 5.46122789383, 6.6560087204, 28.0521068573, 54.7015190125, 21.6887016296], [-55.2910041809, 64.3102798462, 50.005317688, -28.4080123901, -8.71259593964, 4.77765703201, 1.46289265156, 6.74926519394, 22.6536655426, 1.72772777081, -21.8536548615, 21.6887016296, 62.0067825317]],
