{
"lowlevel": {
    "average_loudness": 0.806995928288,
    "barkbands_crest": {
        "dmean": 1.66794896126,
        "dmean2": 2.46210956573,
        "dvar": 2.2865986824,
        "dvar2": 5.15971422195,
        "max": 25.2995357513,
        "mean": 10.8682594299,
        "median": 10.2573299408,
        "min": 3.04064917564,
        "var": 14.0105218887
    },
    "barkbands_flatness_db": {
        "dmean": 0.0112400203943,
        "dmean2": 0.0164330974221,
        "dvar": 9.76056981017e-05,
        "dvar2": 0.000208106546779,
        "max": 0.489566624165,
        "mean": 0.210558697581,
        "median": 0.205719098449,
        "min": 0.0422157011926,
        "var": 0.00207807449624
    },
    "barkbands_kurtosis": {
        "dmean": 2.05614900589,
        "dmean2": 3.03541016579,
        "dvar": 20.5676345825,
        "dvar2": 30.8294181824,
        "max": 504.186401367,
        "mean": 5.98857164383,
        "median": 2.85739135742,
        "min": -1.76646852493,
        "var": 427.402282715
    },
    "barkbands_skewness": {
        "dmean": 0.327058911324,
        "dmean2": 0.491739809513,
        "dvar": 0.0926180034876,
        "dvar2": 0.199227839708,
        "max": 16.0302562714,
        "mean": 1.69308316708,
        "median": 1.58502101898,
        "min": -2.13115239143,
        "var": 1.42209470272
    },
    "barkbands_spread": {
        "dmean": 2.42587542534,
        "dmean2": 3.68667793274,
        "dvar": 5.88311195374,
        "dvar2": 13.4028787613,
        "max": 63.0967903137,
        "mean": 14.3629236221,
        "median": 12.6155614853,
        "min": 0.195696637034,
        "var": 72.2033309937
    },
    "dissonance": {
        "dmean": 0.0202620644122,
        "dmean2": 0.0337264724076,
        "dvar": 0.000334788433975,
        "dvar2": 0.000901274266653,
        "max": 0.499999880791,
        "mean": 0.439868360758,
        "median": 0.444578647614,
        "min": 0.207228109241,
        "var": 0.000992468558252
    },
    "dynamic_complexity": 2.95598340034,
    "erbbands_crest": {
        "dmean": 2.28891944885,
        "dmean2": 3.53731012344,
        "dvar": 4.47526550293,
        "dvar2": 10.9804201126,
        "max": 29.9996910095,
        "mean": 10.7584028244,
        "median": 9.65875339508,
        "min": 2.71214580536,
        "var": 20.8008670807
    },
    "erbbands_flatness_db": {
        "dmean": 0.0102229984477,
        "dmean2": 0.0151672242209,
        "dvar": 7.72845960455e-05,
        "dvar2": 0.000176260800799,
        "max": 0.402645736933,
        "mean": 0.224355399609,
        "median": 0.222055777907,
        "min": 0.0664356648922,
        "var": 0.00115792849101
    },
    "erbbands_kurtosis": {
        "dmean": 0.818191468716,
        "dmean2": 1.24766790867,
        "dvar": 1.92302572727,
        "dvar2": 3.55356764793,
        "max": 150.501800537,
        "mean": 0.615590572357,
        "median": -0.553428173065,
        "min": -1.72807765007,
        "var": 33.7031593323
    },
    "erbbands_skewness": {
        "dmean": 0.31712192297,
        "dmean2": 0.48589476943,
        "dvar": 0.0686020776629,
        "dvar2": 0.15995426476,
        "max": 8.81756496429,
        "mean": 0.446832418442,
        "median": 0.383509963751,
        "min": -2.99183487892,
        "var": 0.968837022781
    },
    "erbbands_spread": {
        "dmean": 4.3755865097,
        "dmean2": 6.77961540222,
        "dvar": 14.0439386368,
        "dvar2": 35.1108016968,
        "max": 68.4278640747,
        "mean": 30.5191822052,
        "median": 31.3862056732,
        "min": 1.21810138226,
        "var": 103.98941803
    },
    "hfc": {
        "dmean": 2.60808134079,
        "dmean2": 3.92931008339,
        "dvar": 8.39732551575,
        "dvar2": 20.5610351562,
        "max": 57.3014526367,
        "mean": 14.3943710327,
        "median": 13.3554677963,
        "min": 1.05510950242e-16,
        "var": 77.3469467163
    },
    "melbands_crest": {
        "dmean": 1.9630112648,
        "dmean2": 2.87051057816,
        "dvar": 3.60650682449,
        "dvar2": 8.00762176514,
        "max": 32.1798362732,
        "mean": 13.71484375,
        "median": 12.9369602203,
        "min": 1.55580246449,
        "var": 19.6618518829
    },
    "melbands_flatness_db": {
        "dmean": 0.0118882022798,
        "dmean2": 0.0172058884054,
        "dvar": 0.000112651316158,
        "dvar2": 0.000236119536567,
        "max": 0.607883155346,
        "mean": 0.275103181601,
        "median": 0.269249528646,
        "min": 0.00330099370331,
        "var": 0.00380363012664
    },
    "melbands_kurtosis": {
        "dmean": 3.33031821251,
        "dmean2": 4.98247909546,
        "dvar": 30.2501773834,
        "dvar2": 50.4853973389,
        "max": 554.931091309,
        "mean": 11.4747934341,
        "median": 8.11251544952,
        "min": -1.74763727188,
        "var": 454.860809326
    },
    "melbands_skewness": {
        "dmean": 0.378804147243,
        "dmean2": 0.558507084846,
        "dvar": 0.118725307286,
        "dvar2": 0.251783162355,
        "max": 14.7676200867,
        "mean": 2.45052194595,
        "median": 2.3255777359,
        "min": -0.852771043777,
        "var": 1.31726455688
    },
    "melbands_spread": {
        "dmean": 3.1509718895,
        "dmean2": 4.86210346222,
        "dvar": 15.8226661682,
        "dvar2": 36.3732223511,
        "max": 153.952346802,
        "mean": 16.1181697845,
        "median": 13.0233602524,
        "min": 0.382333934307,
        "var": 157.476257324
    },
    "pitch_salience": {
        "dmean": 0.042336024344,
        "dmean2": 0.0647601336241,
        "dvar": 0.00134416518267,
        "dvar2": 0.00322513259016,
        "max": 0.842103660107,
        "mean": 0.499853521585,
        "median": 0.496185362339,
        "min": 0.126658335328,
        "var": 0.0082701863721
    },
    "silence_rate_20dB": {
        "dmean": 0,
        "dmean2": 0,
        "dvar": 0,
        "dvar2": 0,
        "max": 1,
        "mean": 1,
        "median": 1,
        "min": 1,
        "var": 0
    },
    "silence_rate_30dB": {
        "dmean": 0.00194080546498,
        "dmean2": 0.00388192478567,
        "dvar": 0.00193707540166,
        "dvar2": 0.00451398687437,
        "max": 1,
        "mean": 0.997897624969,
        "median": 1,
        "min": 0,
        "var": 0.00209768582135
    },
    "silence_rate_60dB": {
        "dmean": 0.00420507835224,
        "dmean2": 0.00841083750129,
        "dvar": 0.00418778229505,
        "dvar2": 0.00979530159384,
        "max": 1,
        "mean": 0.0329101644456,
        "median": 0,
        "min": 0,
        "var": 0.0318274386227
    },
    "spectral_centroid": {
        "dmean": 121.158744812,
        "dmean2": 184.605056763,
        "dvar": 20871.1953125,
        "dvar2": 42798.0703125,
        "max": 11525.4121094,
        "mean": 947.99029541,
        "median": 802.602294922,
        "min": 188.618743896,
        "var": 550409.9375
    },
    "spectral_complexity": {
        "dmean": 1.70968782902,
        "dmean2": 2.8700363636,
        "dvar": 2.07197022438,
        "dvar2": 5.55314922333,
        "max": 27,
        "mean": 14.8689250946,
        "median": 16,
        "min": 0,
        "var": 22.5455970764
    },
    "spectral_decrease": {
        "dmean": 1.14800291495e-09,
        "dmean2": 1.56415980168e-09,
        "dvar": 1.69515394721e-18,
        "dvar2": 3.29209053643e-18,
        "max": 1.33554755514e-28,
        "mean": -7.44673833708e-09,
        "median": -6.49005649223e-09,
        "min": -3.5919953234e-08,
        "var": 2.26487858525e-17
    },
    "spectral_energy": {
        "dmean": 0.00452076597139,
        "dmean2": 0.00618498120457,
        "dvar": 2.56893436017e-05,
        "dvar2": 4.99234010931e-05,
        "max": 0.13920609653,
        "mean": 0.0294112246484,
        "median": 0.0257966611534,
        "min": 1.00561114472e-20,
        "var": 0.000344952597516
    },
    "spectral_energyband_high": {
        "dmean": 3.25987093674e-05,
        "dmean2": 5.51946905034e-05,
        "dvar": 3.52401197112e-09,
        "dvar2": 1.00187627083e-08,
        "max": 0.00115114578512,
        "mean": 9.88575266092e-05,
        "median": 6.73393224133e-05,
        "min": 7.26984968125e-21,
        "var": 1.28192834126e-08
    },
    "spectral_energyband_low": {
        "dmean": 0.00106251623947,
        "dmean2": 0.00140670244582,
        "dvar": 2.04583420782e-06,
        "dvar2": 5.29165981789e-06,
        "max": 0.0382784381509,
        "mean": 0.00701417727396,
        "median": 0.00516093755141,
        "min": 1.92898721427e-23,
        "var": 4.21228214691e-05
    },
    "spectral_energyband_middle_high": {
        "dmean": 0.00116948550567,
        "dmean2": 0.00183108495548,
        "dvar": 2.41943598667e-06,
        "dvar2": 5.96636300543e-06,
        "max": 0.0409173034132,
        "mean": 0.00408955710009,
        "median": 0.00322337704711,
        "min": 1.25963602882e-21,
        "var": 1.40150896186e-05
    },
    "spectral_energyband_middle_low": {
        "dmean": 0.00404293136671,
        "dmean2": 0.00539327831939,
        "dvar": 2.37020340137e-05,
        "dvar2": 4.50804072898e-05,
        "max": 0.132056102157,
        "mean": 0.0190904177725,
        "median": 0.014526931569,
        "min": 1.72125385308e-22,
        "var": 0.000243872345891
    },
    "spectral_entropy": {
        "dmean": 0.0912333056331,
        "dmean2": 0.13400490582,
        "dvar": 0.00627203052863,
        "dvar2": 0.01361162588,
        "max": 9.81228923798,
        "mean": 6.74297475815,
        "median": 6.79203939438,
        "min": 4.18856716156,
        "var": 0.154969185591
    },
    "spectral_flux": {
        "dmean": 0.0109572540969,
        "dmean2": 0.0184777118266,
        "dvar": 0.000122890938655,
        "dvar2": 0.000344111904269,
        "max": 0.175457656384,
        "mean": 0.0509159639478,
        "median": 0.0503204800189,
        "min": 6.44246878068e-11,
        "var": 0.000428310595453
    },
    "spectral_kurtosis": {
        "dmean": 4.12192964554,
        "dmean2": 7.29537439346,
        "dvar": 18.204498291,
        "dvar2": 54.882183075,
        "max": 115.269355774,
        "mean": 9.26955604553,
        "median": 7.0405664444,
        "min": -1.29272007942,
        "var": 74.6759872437
    },
    "spectral_rms": {
        "dmean": 0.000399532698793,
        "dmean2": 0.000549007731024,
        "dvar": 1.44353663245e-07,
        "dvar2": 2.95563438613e-07,
        "max": 0.0116537902504,
        "mean": 0.00505888229236,
        "median": 0.00501671945676,
        "min": 3.1322262492e-12,
        "var": 3.10160817207e-06
    },
    "spectral_rolloff": {
        "dmean": 196.222671509,
        "dmean2": 339.69342041,
        "dvar": 137848.015625,
        "dvar2": 289620.8125,
        "max": 19293.75,
        "mean": 951.761535645,
        "median": 602.9296875,
        "min": 150.732421875,
        "var": 1459864.125
    },
    "spectral_skewness": {
        "dmean": 0.358376920223,
        "dmean2": 0.627600371838,
        "dvar": 0.100199408829,
        "dvar2": 0.30491745472,
        "max": 9.0608997345,
        "mean": 1.85887908936,
        "median": 1.66911840439,
        "min": -0.0717486962676,
        "var": 0.691523492336
    },
    "spectral_spread": {
        "dmean": 182323.5,
        "dmean2": 311725.5625,
        "dvar": 108177285120,
        "dvar2": 220362014720,
        "max": 43295512,
        "mean": 2752519,
        "median": 2638594.75,
        "min": 832603.625,
        "var": 5.05673311846e+12
    },
    "spectral_strongpeak": {
        "dmean": 0.375818789005,
        "dmean2": 0.621190428734,
        "dvar": 0.427082777023,
        "dvar2": 1.03433847427,
        "max": 7.60348892212,
        "mean": 1.04772818089,
        "median": 0.74274623394,
        "min": 0,
        "var": 0.877750098705
    },
    "zerocrossingrate": {
        "dmean": 0.00374724064022,
        "dmean2": 0.00491546979174,
        "dvar": 3.73229595425e-05,
        "dvar2": 6.02286309004e-05,
        "max": 0.51220703125,
        "mean": 0.0366612076759,
        "median": 0.033203125,
        "min": 0.00537109375,
        "var": 0.000945350446273
    },
    "barkbands": {
        "dmean": [2.29121701523e-06, 0.000494707084727, 0.000396660849219, 0.000839493761305, 0.00207809312269, 0.00139464077074, 0.00103024451528, 0.000574708275963, 0.000213036313653, 0.000185483208043, 0.000348612928065, 0.000135289737955, 0.000277428451227, 0.000334634503815, 0.000401425932068, 0.000319385842886, 0.000242842725129, 0.000106679428427, 9.91657216218e-05, 5.46425217181e-05, 1.24092584883e-05, 3.28732653543e-06, 1.47591504174e-06, 4.90599347813e-07, 1.77629402742e-07, 8.12360738678e-08, 4.28503241778e-08],
        "dmean2": [3.9087199184e-06, 0.000574834644794, 0.000530191056896, 0.00126414676197, 0.00272858515382, 0.00191110861488, 0.00127170712221, 0.00071025750367, 0.000290680676699, 0.000276214355836, 0.000499912770465, 0.000201211150852, 0.00042875870713, 0.000552359793801, 0.00068344612373, 0.00053995923372, 0.000417525792727, 0.000176318149897, 0.000168137892615, 9.30522364797e-05, 2.1140818717e-05, 5.48690150026e-06, 2.41379598265e-06, 7.90736748968e-07, 2.78627567241e-07, 1.33363201371e-07, 6.27559444411e-08],
        "dvar": [1.28414666054e-11, 3.93206789795e-07, 4.91061769026e-07, 4.3300769903e-06, 1.21611528812e-05, 3.64586662727e-06, 4.41804058937e-06, 2.04181310437e-06, 2.02088429546e-07, 1.22913704104e-07, 6.13353392964e-07, 1.03706128129e-07, 2.80302771216e-07, 6.93562753895e-07, 4.97517362419e-07, 3.51799911869e-07, 1.69253794979e-07, 3.58959795221e-08, 2.60327439605e-08, 1.01079145054e-08, 4.15154438604e-10, 1.98301635529e-11, 1.19727769365e-11, 1.20130359653e-12, 3.74008143249e-13, 3.19007786766e-13, 7.208233576e-13],
        "dvar2": [3.67832084236e-11, 9.00701479623e-07, 1.15018610813e-06, 9.96742437565e-06, 2.37746844505e-05, 7.56253075451e-06, 6.10127699474e-06, 2.70337613983e-06, 3.62203024906e-07, 2.72998448736e-07, 9.93597495835e-07, 2.18869161017e-07, 6.09181881828e-07, 1.88607862128e-06, 1.39960854995e-06, 9.92146510725e-07, 4.76496154533e-07, 8.68394565146e-08, 7.18729680216e-08, 2.88113852775e-08, 1.2113311465e-09, 5.33210940679e-11, 3.08337071153e-11, 3.03985417567e-12, 9.28070229174e-13, 8.14351570119e-13, 1.4787184064e-12],
        "max": [8.48061827128e-05, 0.0368537530303, 0.0159342065454, 0.0623742900789, 0.112377211452, 0.043040368706, 0.0722589120269, 0.0476484969258, 0.0153118642047, 0.00835021771491, 0.0269652940333, 0.0121741546318, 0.0147824035957, 0.0163446385413, 0.0116325812414, 0.00908756721765, 0.00518666114658, 0.00709752785042, 0.00270865508355, 0.00186889083125, 0.00048802542733, 0.000107327803562, 0.000128492669319, 5.81268541282e-05, 4.4329008233e-05, 3.8666108594e-05, 0.000101068988442],
        "mean": [5.0125031521e-06, 0.00451193796471, 0.00167108583264, 0.00226807617582, 0.00711780553684, 0.00436423718929, 0.00314788380638, 0.00163611711469, 0.000454237946542, 0.000328279158566, 0.000643346342258, 0.000261098757619, 0.000469146121759, 0.000530977151357, 0.000571423035581, 0.000485221768031, 0.000390357716242, 0.000194165215362, 0.000194316657144, 0.000117955569294, 3.06543333863e-05, 1.02321337181e-05, 4.89676631332e-06, 1.7601636273e-06, 7.49067623929e-07, 2.68872184961e-07, 8.64617106799e-08],
        "median": [2.0110423975e-06, 0.00234480737709, 0.000586468260735, 0.000341603474226, 0.00406462326646, 0.00246466393583, 0.00104680773802, 0.000196206732653, 0.000147777580423, 0.000140974952956, 0.000122876983369, 7.27748483769e-05, 0.000167132995557, 9.077838331e-05, 0.000275362341199, 0.000224698364036, 0.000186815610505, 0.000102553072793, 0.000113006630272, 6.5327854827e-05, 1.9321221771e-05, 7.54885286369e-06, 2.6460816116e-06, 9.14098620797e-07, 3.54240597744e-07, 1.31703984607e-07, 3.22718598511e-08],
        "min": [8.55315829776e-25, 5.30635137063e-24, 1.1500541827e-24, 1.7114414376e-26, 1.06739159809e-23, 1.14501440676e-23, 1.91268792802e-23, 6.87698960457e-24, 1.58099873864e-23, 1.64876914792e-23, 1.66215879961e-23, 3.42590111125e-23, 3.94951984332e-23, 4.79453218332e-23, 6.44375855502e-23, 6.17149299546e-23, 8.00144960936e-23, 1.07353240692e-22, 1.36647760802e-22, 1.51181115652e-22, 2.57594766209e-22, 4.44002522382e-22, 4.00416202942e-22, 5.87183679687e-22, 8.4937847685e-22, 1.34812436147e-21, 2.05814612917e-21],
        "var": [7.93788507147e-11, 3.59132682206e-05, 5.52070150661e-06, 2.45263527177e-05, 7.52117339289e-05, 2.84085417661e-05, 3.11598450935e-05, 1.56055084517e-05, 9.64317564467e-07, 3.02131951457e-07, 3.09561164613e-06, 3.23336109886e-07, 8.18257888113e-07, 1.4298213955e-06, 7.89449927652e-07, 5.40957103112e-07, 2.99797875414e-07, 8.72613270531e-08, 5.56299930565e-08, 2.53721879062e-08, 1.35890498854e-09, 1.02687941483e-10, 6.63256047306e-11, 6.61356082746e-12, 2.05407392484e-12, 6.09579444213e-13, 1.50351389325e-12]
    },
    "erbbands": {
        "dmean": [0.00721201859415, 0.136160552502, 0.43115735054, 1.58176422119, 4.3046708107, 8.77632427216, 10.0116224289, 12.5607585907, 14.8074474335, 12.53373909, 9.33906745911, 6.41124296188, 3.3378663063, 7.76582717896, 14.1128473282, 7.40566730499, 12.1691808701, 14.2636890411, 19.4449005127, 20.9319210052, 14.8135375977, 9.3169631958, 5.70274543762, 6.7282204628, 4.43224954605, 2.4332242012, 0.882805287838, 0.291715741158, 0.137297168374, 0.070495814085, 0.0392217151821, 0.0150041822344, 0.00580037944019, 0.00275682029314, 0.00124694639817, 0.000479922804516, 0.000136805319926, 3.25473047269e-05, 1.0138592188e-05, 5.26936719325e-06],
        "dmean2": [0.00909976474941, 0.15672904253, 0.542028009892, 2.44213747978, 6.02419996262, 11.1775913239, 13.1876735687, 17.278465271, 17.8729877472, 15.2861557007, 12.245932579, 8.73556423187, 4.67367267609, 11.7786912918, 19.9370632172, 10.9275083542, 18.8789463043, 23.1405334473, 33.0582275391, 35.6104469299, 25.1441249847, 16.0065460205, 9.60164546967, 11.2505903244, 7.56533098221, 4.12609863281, 1.49491667747, 0.496143639088, 0.230899631977, 0.114384926856, 0.0643883049488, 0.024586385116, 0.00923950877041, 0.00439326744527, 0.00192031438928, 0.000771668215748, 0.000224601346417, 5.55084952794e-05, 1.38890427479e-05, 7.24865867596e-06],
        "dvar": [0.000125675651361, 0.0280548371375, 0.412095040083, 13.3962717056, 54.5651931763, 312.188140869, 253.653244019, 374.486816406, 843.863891602, 833.14465332, 418.63684082, 161.164672852, 55.3984909058, 184.480545044, 1246.68334961, 275.918121338, 596.604736328, 999.160339355, 1222.0670166, 2043.72412109, 668.112976074, 287.765472412, 68.9999771118, 184.186553955, 54.0224571228, 18.1391849518, 2.34670758247, 0.219882130623, 0.0375882573426, 0.0171075109392, 0.0118884053081, 0.00090281968005, 0.000264092173893, 0.000117174211482, 1.74284214154e-05, 6.68109396429e-06, 1.82379426406e-06, 2.69766474048e-07, 4.07429325833e-08, 4.26604203352e-11],
        "dvar2": [0.000234241160797, 0.0656112954021, 0.877815723419, 33.3906478882, 120.276985168, 571.647827148, 483.792510986, 764.494812012, 1087.87597656, 1079.84313965, 766.383117676, 287.028259277, 114.345451355, 410.963195801, 1884.36010742, 575.920410156, 1317.8815918, 2657.10693359, 3362.46362305, 5874.72558594, 1941.25268555, 814.722839355, 187.162002563, 430.965179443, 159.68586731, 51.1117553711, 6.52085447311, 0.631348907948, 0.107416130602, 0.0414810404181, 0.0314482674003, 0.00227597495541, 0.000648299523164, 0.000272084085736, 3.77654323529e-05, 1.59260016517e-05, 4.71611065223e-06, 6.27146391707e-07, 7.74569599571e-08, 8.32744290191e-11],
        "max": [0.996062994003, 8.51313400269, 15.5273590088, 106.438079834, 148.149337769, 647.002563477, 385.553161621, 484.537445068, 1124.71118164, 921.630065918, 698.094665527, 435.430389404, 195.442779541, 306.83416748, 1350.66577148, 617.338562012, 700.842102051, 721.786865234, 511.247131348, 871.659240723, 451.174530029, 259.329162598, 123.870002747, 429.107208252, 148.762039185, 106.955856323, 48.083656311, 11.8278017044, 4.74245929718, 3.91675806046, 5.43881225586, 0.7655377388, 1.25833892822, 0.774543821812, 0.177508309484, 0.165011450648, 0.0981388241053, 0.0479952208698, 0.0234539359808, 0.000377188407583],
        "mean": [0.07197009027, 1.20927715302, 2.42424464226, 4.37985134125, 13.7274389267, 28.2324733734, 30.2365932465, 39.0869064331, 48.7364807129, 40.7861175537, 23.4425544739, 14.2151975632, 7.27721691132, 13.5486812592, 27.7935943604, 15.2975177765, 21.5478610992, 24.4629478455, 30.1624889374, 33.3584899902, 24.6779098511, 16.4704666138, 11.759677887, 12.0931119919, 8.81044101715, 5.47484493256, 2.24028992653, 0.819148421288, 0.422155529261, 0.228262349963, 0.130409479141, 0.05341026932, 0.0213491171598, 0.0105093205348, 0.00464149843901, 0.00163268181495, 0.000428644940257, 8.94233889994e-05, 3.06450056087e-05, 3.40886399499e-05],
        "median": [0.0267305094749, 0.700323939323, 1.52902007103, 1.27895247936, 6.57959413528, 13.2297906876, 17.9595127106, 18.1197414398, 20.6000957489, 8.30638408661, 6.68581295013, 5.60383749008, 3.55947041512, 6.83245611191, 6.06958007812, 5.38962125778, 7.86850976944, 9.21966171265, 14.4448432922, 15.9301557541, 13.464384079, 8.47040748596, 7.44814586639, 6.66993188858, 5.15339136124, 3.3143055439, 1.40248155594, 0.547707378864, 0.31333309412, 0.135877639055, 0.0709030106664, 0.0284836869687, 0.011698207818, 0.00509962998331, 0.00206984975375, 0.000741581607144, 0.000217708817217, 4.62622774648e-05, 2.04377738555e-05, 3.02046610159e-05],
        "min": [1.89965203311e-22, 9.76888994315e-22, 1.91219237191e-21, 3.8259441893e-21, 1.64785460948e-20, 1.84982012644e-20, 6.49667588476e-20, 1.12915336417e-19, 2.67362532511e-19, 1.38396169898e-19, 3.15467893118e-19, 4.62970300509e-19, 6.59994537758e-19, 7.61713144479e-19, 1.12889174245e-18, 1.27508330122e-18, 1.56491539374e-18, 1.97374124308e-18, 2.83352745423e-18, 3.06025311063e-18, 4.26543334284e-18, 4.26642761393e-18, 5.54367926573e-18, 6.80289920735e-18, 8.53595053772e-18, 7.79888215392e-18, 9.7421899747e-18, 1.03969671224e-17, 1.4251651938e-17, 1.30770629128e-17, 1.31268542226e-17, 1.17647516243e-17, 9.18964325168e-18, 7.60745932528e-18, 6.39596522346e-18, 4.8051442907e-18, 2.50992902192e-18, 9.38306123995e-19, 2.6784340879e-19, 2.80142227406e-20],
        "var": [0.016328247264, 2.23562550545, 6.74872159958, 64.1539077759, 350.389953613, 1649.69482422, 1320.2689209, 3220.9777832, 6430.53613281, 6624.83447266, 1932.17919922, 784.368347168, 200.911575317, 388.531036377, 7018.45361328, 908.093444824, 1736.34399414, 1958.69372559, 2202.36303711, 3535.7434082, 1064.0032959, 506.678253174, 191.291213989, 367.18057251, 111.723373413, 45.4135437012, 7.77614212036, 0.805266857147, 0.182216256857, 0.099101908505, 0.0513733811677, 0.00533844484016, 0.00137723900843, 0.000444325181888, 8.83695465745e-05, 1.62559626915e-05, 2.62272487817e-06, 5.55885037556e-07, 8.01158250852e-08, 4.58211940613e-10]
    },
    "gfcc": {
        "mean": [-56.0462112427, 158.485671997, -138.546035767, 34.6628723145, -37.8253746033, -16.596824646, -35.494972229, -9.80165863037, -15.0926923752, -1.4447106123, -4.00293827057, -4.66435480118, -1.76836633682],
        "cov": [[12688.8076172, 583.350219727, -1887.93688965, 771.400512695, 38.9298248291, 266.830078125, 61.4959259033, 285.955291748, 208.185333252, 273.498504639, 227.236297607, 63.66223526, 39.9963340759], [583.350219727, 689.497436523, 80.7324752808, -138.545608521, 88.4563598633, -79.0852737427, 68.831703186, -132.366714478, -11.4204568863, -72.5753707886, -19.8763122559, -77.9185180664, -13.4385414124], [-1887.93688965, 80.7324752808, 701.893188477, -83.6974182129, 33.6617202759, 4.63589572906, -12.1564207077, -15.7446680069, -31.8409023285, -72.8764877319, -65.1068267822, -48.0066146851, -42.4561347961], [771.400512695, -138.545608521, -83.6974182129, 280.017944336, 27.7266654968, 49.5340385437, 13.6000146866, 92.3461303711, 49.4117355347, 50.3788261414, 41.0684776306, 26.0088367462, 24.688955307], [38.9298248291, 88.4563598633, 33.6617202759, 27.7266654968, 197.504562378, 80.1929321289, 53.2726135254, 9.07820510864, 21.9217205048, 9.57397079468, 3.63478040695, 14.1143789291, 8.56282711029], [266.830078125, -79.0852737427, 4.63589572906, 49.5340385437, 80.1929321289, 192.802993774, 68.4256896973, 62.1231231689, -3.85615730286, 33.3129882812, 21.761472702, 39.5708007812, 15.6059770584], [61.4959259033, 68.831703186, -12.1564207077, 13.6000146866, 53.2726135254, 68.4256896973, 127.25415802, 38.235660553, 7.19401168823, 14.2889251709, 24.4548454285, 19.8278026581, 23.24077034], [285.955291748, -132.366714478, -15.7446680069, 92.3461303711, 9.07820510864, 62.1231231689, 38.235660553, 178.16343689, 84.9822387695, 56.473449707, 25.7756671906, 31.7789154053, 6.16750240326], [208.185333252, -11.4204568863, -31.8409023285, 49.4117355347, 21.9217205048, -3.85615730286, 7.19401168823, 84.9822387695, 137.049087524, 73.4574966431, 18.5331344604, -5.49046993256, -14.0324716568], [273.498504639, -72.5753707886, -72.8764877319, 50.3788261414, 9.57397079468, 33.3129882812, 14.2889251709, 56.473449707, 73.4574966431, 111.874816895, 60.9565887451, 22.2697410583, 0.94044137001], [227.236297607, -19.8763122559, -65.1068267822, 41.0684776306, 3.63478040695, 21.761472702, 24.4548454285, 25.7756671906, 18.5331344604, 60.9565887451, 106.776527405, 59.9866638184, 28.137796402], [63.66223526, -77.9185180664, -48.0066146851, 26.0088367462, 14.1143789291, 39.5708007812, 19.8278026581, 31.7789154053, -5.49046993256, 22.2697410583, 59.9866638184, 110.116416931, 63.4506225586], [39.9963340759, -13.4385414124, -42.4561347961, 24.688955307, 8.56282711029, 15.6059770584, 23.24077034, 6.16750240326, -14.0324716568, 0.94044137001, 28.137796402, 63.4506225586, 92.8873443604]],
        "icov": [[0.000384439830668, -0.00122658663895, 0.00104455638211, -0.00105861877091, 0.000538921565749, -0.00102968898136, 0.00120529695414, -0.0009322638507, 0.000625349231996, -0.000581285159569, 0.000476632092614, -0.000478074915009, 0.00058200879721], [-0.00122658663895, 0.00695267319679, -0.00340735632926, 0.00433447863907, -0.00309651694261, 0.00429134676233, -0.00613552425057, 0.00496280845255, -0.00412719929591, 0.00468123471364, -0.00404074741527, 0.00430494826287, -0.00279289763421], [0.00104455638211, -0.00340735632926, 0.0044998950325, -0.00244572246447, 0.00107943674084, -0.00304543226957, 0.00363065232523, -0.00309219770133, 0.00181632069871, -0.000574363803025, 0.00135327863973, -0.00096539320657, 0.00200287997723], [-0.00105861877091, 0.00433447863907, -0.00244572246447, 0.00812627095729, -0.00271244696341, 0.00254620960914, -0.00271181110293, 0.000579190149438, -0.00226245261729, 0.00246385973878, -0.0038154150825, 0.00405406812206, -0.00371281243861], [0.000538921565749, -0.00309651694261, 0.00107943674084, -0.00271244696341, 0.008813675493, -0.00517321610823, 0.000562640314456, 0.000848259020131, -0.00198362953961, -0.000511052901857, 0.00244027236477, -0.00323953060433, 0.00157304154709], [-0.00102968898136, 0.00429134676233, -0.00304543226957, 0.00254620960914, -0.00517321610823, 0.0131289372221, -0.00707932841033, -0.000286980037345, 0.00335974199697, -0.00270955311134, 0.000645861320663, -0.000466694968054, -0.000284949870547], [0.00120529695414, -0.00613552425057, 0.00363065232523, -0.00271181110293, 0.000562640314456, -0.00707932841033, 0.0172155313194, -0.0070438333787, 0.00376427127048, -0.00215164781548, -0.000453347078292, 5.98382175667e-05, -0.00104166055098], [-0.0009322638507, 0.00496280845255, -0.00309219770133, 0.000579190149438, 0.000848259020131, -0.000286980037345, -0.0070438333787, 0.0162127651274, -0.0110308788717, 0.00400858186185, -0.000875843979884, -0.0016872137785, -8.11371646705e-05], [0.000625349231996, -0.00412719929591, 0.00181632069871, -0.00226245261729, -0.00198362953961, 0.00335974199697, 0.00376427127048, -0.0110308788717, 0.0217725578696, -0.0150061948225, 0.00560100981966, -0.000534634978976, 0.0020837741904], [-0.000581285159569, 0.00468123471364, -0.000574363803025, 0.00246385973878, -0.000511052901857, -0.00270955311134, -0.00215164781548, 0.00400858186185, -0.0150061948225, 0.028207026422, -0.0154981436208, 0.00558943115175, -0.000891221105121], [0.000476632092614, -0.00404074741527, 0.00135327863973, -0.0038154150825, 0.00244027236477, 0.000645861320663, -0.000453347078292, -0.000875843979884, 0.00560100981966, -0.0154981436208, 0.0248188786209, -0.0141806239262, 0.00385244330391], [-0.000478074915009, 0.00430494826287, -0.00096539320657, 0.00405406812206, -0.00323953060433, -0.000466694968054, 5.98382175667e-05, -0.0016872137785, -0.000534634978976, 0.00558943115175, -0.0141806239262, 0.0270136669278, -0.0145105607808], [0.00058200879721, -0.00279289763421, 0.00200287997723, -0.00371281243861, 0.00157304154709, -0.000284949870547, -0.00104166055098, -8.11371646705e-05, 0.0020837741904, -0.000891221105121, 0.00385244330391, -0.0145105607808, 0.0212511122227]]
    },
    "melbands": {
        "dmean": [0.00010302328883, 0.000211291669984, 0.000322853127727, 0.000500884430949, 0.00033713618177, 0.000269009906333, 0.000229996498092, 0.000134525747853, 6.93467372912e-05, 3.64287297998e-05, 1.633363172e-05, 3.07615773636e-05, 4.63081341877e-05, 2.36178057094e-05, 1.99637870537e-05, 2.71959997917e-05, 2.97507376672e-05, 3.42871353496e-05, 2.32943330047e-05, 3.1780829886e-05, 1.7393984308e-05, 1.12404459287e-05, 9.5343166322e-06, 5.0400208238e-06, 6.10532060819e-06, 3.32596869157e-06, 2.92214622277e-06, 1.66374809396e-06, 8.21625405933e-07, 3.58802452638e-07, 1.791965758e-07, 9.88237118804e-08, 5.41727480652e-08, 4.24706882995e-08, 3.0608376278e-08, 1.59588431359e-08, 8.68213678729e-09, 5.16905851455e-09, 3.37764061165e-09, 2.53372633985e-09],
        "dmean2": [0.000120967117255, 0.000255214836216, 0.000483939278638, 0.000640990678221, 0.000449304236099, 0.000369225133909, 0.0002803587995, 0.000163800796145, 9.16894932743e-05, 4.97652035847e-05, 2.29924953601e-05, 4.69097140012e-05, 6.64554463583e-05, 3.37457895512e-05, 3.06088477373e-05, 4.19827483711e-05, 4.86649587401e-05, 5.79957195441e-05, 3.95562201447e-05, 5.41125009477e-05, 2.95541285595e-05, 1.93731939362e-05, 1.61218740686e-05, 8.4231778601e-06, 1.02148596852e-05, 5.67857705391e-06, 5.02287093695e-06, 2.85181499748e-06, 1.39777921504e-06, 6.17368357325e-07, 3.0684375929e-07, 1.67151100072e-07, 9.00808956317e-08, 6.88372665536e-08, 5.08360820106e-08, 2.60776999994e-08, 1.42238665291e-08, 8.3541156215e-09, 5.41776579155e-09, 4.07085742893e-09],
        "dvar": [2.00710967846e-08, 7.17869852451e-08, 5.35231606591e-07, 7.55856262913e-07, 2.83330933826e-07, 1.55573729899e-07, 2.06142260595e-07, 1.08941826227e-07, 2.20226699099e-08, 5.46805845048e-09, 1.39204381355e-09, 3.26187699073e-09, 1.1435736802e-08, 2.49148857101e-09, 1.8687336123e-09, 2.89096813155e-09, 5.18133269622e-09, 4.6947521426e-09, 2.26642349332e-09, 3.57017393426e-09, 9.43257139063e-10, 4.21832013764e-10, 3.21388665681e-10, 6.44000547334e-11, 1.53898713218e-10, 2.66613727623e-11, 3.51617381045e-11, 9.19467713772e-12, 2.40967901015e-12, 3.56342315681e-13, 1.11939788222e-13, 1.78799541091e-14, 6.06039325915e-15, 8.49393289265e-15, 8.53413815853e-15, 1.21511196152e-15, 2.88761155016e-16, 2.54504627999e-16, 1.56183359588e-16, 1.14882258073e-16],
        "dvar2": [4.26407638088e-08, 1.5715492907e-07, 1.23311315292e-06, 1.38689802043e-06, 5.86500277677e-07, 3.21504757039e-07, 2.73762651659e-07, 1.35857163741e-07, 4.12497662694e-08, 9.80838521514e-09, 2.89204304948e-09, 7.30998328535e-09, 1.87694908504e-08, 4.30937774354e-09, 3.86621490378e-09, 6.47125864006e-09, 1.40012419436e-08, 1.27621007096e-08, 6.45138609201e-09, 1.00756087917e-08, 2.7335411712e-09, 1.20573839801e-09, 8.81655026763e-10, 1.67619709779e-10, 3.6261002534e-10, 7.72027233809e-11, 1.0406207146e-10, 2.61646069394e-11, 6.55766413393e-12, 1.04884579754e-12, 3.13937162941e-13, 5.0391707815e-14, 1.61917208835e-14, 1.98840086513e-14, 2.3097390767e-14, 2.45441476049e-15, 7.45893084067e-16, 6.63818767851e-16, 2.64064083024e-16, 2.88858669684e-16],
        "max": [0.0103442836553, 0.00704073207453, 0.021547973156, 0.0281081665307, 0.0113078923896, 0.00941933318973, 0.0169841963798, 0.0113994991407, 0.00531355664134, 0.00235310243443, 0.000971547269728, 0.00136756908614, 0.0036128135398, 0.0016224058345, 0.00147838820703, 0.00135216617491, 0.00166010123212, 0.00120749487542, 0.000823140260763, 0.000884590379428, 0.000492977153044, 0.000379303586669, 0.000300226616673, 0.000219729205128, 0.000376354611944, 6.93699912517e-05, 0.000115236223792, 6.6494802013e-05, 4.98293993587e-05, 1.03446054709e-05, 8.14038958197e-06, 3.0478267945e-06, 1.48798528699e-06, 2.90351090371e-06, 4.61438276034e-06, 1.34109791361e-06, 4.64423123958e-07, 1.4347075421e-06, 9.40187419474e-07, 8.79927029018e-07],
        "mean": [0.00101251841988, 0.00143359345384, 0.000994881032966, 0.00161230261438, 0.0010939524509, 0.000830758304801, 0.000739124370739, 0.000433661654824, 0.000165768389706, 7.75537700974e-05, 3.34446849592e-05, 5.0998693041e-05, 8.6589519924e-05, 4.85586388095e-05, 3.60813828593e-05, 4.6188091801e-05, 4.8055244406e-05, 5.13711020176e-05, 3.43373176293e-05, 4.83100448037e-05, 2.62716785073e-05, 1.76413323061e-05, 1.54519348143e-05, 9.03375621419e-06, 9.91206252365e-06, 6.03197850069e-06, 5.51448511033e-06, 3.30177454089e-06, 1.70214389072e-06, 7.36736353701e-07, 3.91206526729e-07, 2.59832376059e-07, 1.45507399907e-07, 1.18032154717e-07, 8.28941821851e-08, 4.74091308433e-08, 2.56000518561e-08, 1.56046553457e-08, 1.06662145782e-08, 8.15822431832e-09],
        "median": [0.000446751946583, 0.00107494264375, 0.000298144994304, 0.000866477901582, 0.00064481300069, 0.000414323236328, 0.000284533656668, 8.29279088066e-05, 4.86617536808e-05, 2.71941207757e-05, 1.46758229675e-05, 2.29546039918e-05, 1.64306547958e-05, 1.29377867779e-05, 1.10620749183e-05, 1.66581048688e-05, 1.15700595416e-05, 2.03876734304e-05, 1.48823492054e-05, 2.30693931371e-05, 1.22255405586e-05, 8.32090972835e-06, 7.15166288501e-06, 5.22778600498e-06, 4.69174392492e-06, 3.72135127691e-06, 2.84822044705e-06, 1.94748167814e-06, 9.54535039455e-07, 4.1615300006e-07, 2.5190357178e-07, 1.90466593608e-07, 9.58740216106e-08, 5.86426871507e-08, 4.23994528376e-08, 2.47632527817e-08, 1.34003101948e-08, 8.1814173214e-09, 5.61260105059e-09, 3.61366647716e-09],
        "min": [2.34094375017e-24, 1.19093127848e-24, 7.18639761489e-25, 2.50326825028e-24, 2.2855771531e-24, 2.42211556516e-24, 4.73421106646e-24, 1.2408767248e-24, 2.58146290422e-24, 2.64798754436e-24, 2.78940072238e-24, 2.49675975338e-24, 3.37063501507e-24, 3.49047955265e-24, 3.02802483532e-24, 3.68174519001e-24, 3.51847307073e-24, 3.92052510298e-24, 4.51683097769e-24, 3.85462366296e-24, 4.46365701951e-24, 3.46474059903e-24, 3.43688710376e-24, 5.35098985381e-24, 4.47691106601e-24, 5.48353071323e-24, 5.21155868881e-24, 4.30256886165e-24, 5.28613365449e-24, 5.93690445825e-24, 5.72279222579e-24, 7.55853387225e-24, 6.93233687454e-24, 6.41638871037e-24, 6.69582927541e-24, 6.52383432668e-24, 6.41521646307e-24, 5.60440589759e-24, 6.58785157243e-24, 5.77899028224e-24],
        "var": [2.32741058426e-06, 1.64042319284e-06, 3.1590332128e-06, 4.56914040114e-06, 1.64670336744e-06, 1.28761610085e-06, 1.53927351221e-06, 8.99618839867e-07, 9.71216707057e-08, 2.48983216267e-08, 4.98322672016e-09, 6.68059163544e-09, 5.6757105682e-08, 1.21878818149e-08, 6.41830144588e-09, 7.55124140994e-09, 1.00871249131e-08, 8.76883543555e-09, 3.77911257843e-09, 5.59757129537e-09, 1.43848921663e-09, 6.25019758171e-10, 6.36861174907e-10, 1.50584267278e-10, 2.92762342147e-10, 4.90127660679e-11, 6.48759379551e-11, 1.83872275045e-11, 5.96859454222e-12, 8.07285174039e-13, 2.41952914952e-13, 7.11003250633e-14, 2.57251749606e-14, 3.97082845392e-14, 2.75864451589e-14, 5.3396855351e-15, 1.2727493772e-15, 9.54100982282e-16, 6.76320444757e-16, 3.2062791092e-16]
    },
    "mfcc": {
        "mean": [-687.862609863, 177.385116577, -30.6490535736, 48.3587150574, 7.53527641296, 3.1507897377, -9.12567996979, -7.74917221069, -8.89990711212, -0.253138542175, -6.13283586502, -1.23506009579, 3.93708062172],
        "cov": [[5558.49511719, 474.520690918, -720.492980957, 561.099487305, 22.4531879425, 150.081954956, -12.4710016251, 94.3522949219, 18.0133075714, 191.915176392, 46.5557441711, 175.180801392, 193.450805664], [474.520690918, 1071.0065918, 9.4079875946, 4.37527561188, 25.2132740021, 57.0538482666, 18.7791652679, -53.7984275818, -9.42611885071, -34.0005378723, 20.7100791931, -36.0188789368, -75.8452072144], [-720.492980957, 9.4079875946, 407.894378662, -26.7112293243, 35.2717437744, -28.3126792908, 21.7572154999, 22.9587650299, 15.960319519, -0.623482227325, 0.322541385889, -21.1391849518, -24.2305850983], [561.099487305, 4.37527561188, -26.7112293243, 217.557327271, 38.9642753601, -1.87961876392, -9.79056072235, 21.3966369629, 21.6190357208, 37.3849029541, 7.76081800461, 25.5324192047, 39.7275047302], [22.4531879425, 25.2132740021, 35.2717437744, 38.9642753601, 146.736297607, 42.1341972351, 5.87654829025, 35.7926673889, 27.8433208466, 36.5261878967, 26.3750095367, 1.68034815788, -9.40678787231], [150.081954956, 57.0538482666, -28.3126792908, -1.87961876392, 42.1341972351, 143.274871826, 71.500617981, 9.38647460938, 3.22145843506, 1.53598225117, 8.16892910004, 5.9527463913, -3.35638833046], [-12.4710016251, 18.7791652679, 21.7572154999, -9.79056072235, 5.87654829025, 71.500617981, 149.127822876, 51.6163482666, 6.09509134293, -12.9996099472, -16.2144527435, 5.06669330597, 26.0077915192], [94.3522949219, -53.7984275818, 22.9587650299, 21.3966369629, 35.7926673889, 9.38647460938, 51.6163482666, 113.580825806, 48.0634307861, 16.690410614, 1.63130891323, 10.2670431137, 23.1694145203], [18.0133075714, -9.42611885071, 15.960319519, 21.6190357208, 27.8433208466, 3.22145843506, 6.09509134293, 48.0634307861, 104.134803772, 48.5110778809, 16.1066493988, 21.4228496552, 14.4754972458], [191.915176392, -34.0005378723, -0.623482227325, 37.3849029541, 36.5261878967, 1.53598225117, -12.9996099472, 16.690410614, 48.5110778809, 117.025695801, 58.2476158142, 14.204864502, 5.26546573639], [46.5557441711, 20.7100791931, 0.322541385889, 7.76081800461, 26.3750095367, 8.16892910004, -16.2144527435, 1.63130891323, 16.1066493988, 58.2476158142, 102.318565369, 44.9689331055, -2.93903803825], [175.180801392, -36.0188789368, -21.1391849518, 25.5324192047, 1.68034815788, 5.9527463913, 5.06669330597, 10.2670431137, 21.4228496552, 14.204864502, 44.9689331055, 126.323852539, 77.0159378052], [193.450805664, -75.8452072144, -24.2305850983, 39.7275047302, -9.40678787231, -3.35638833046, 26.0077915192, 23.1694145203, 14.4754972458, 5.26546573639, -2.93903803825, 77.0159378052, 127.190368652]],
