{
"lowlevel": {
    "average_loudness": 0.317931354046,
    "barkbands_crest": {
        "dmean": 1.65604889393,
        "dmean2": 2.69082212448,
        "dvar": 3.08156228065,
        "dvar2": 7.64848136902,
        "max": 26.8724117279,
        "mean": 12.0543575287,
        "median": 11.3220129013,
        "min": 3.71846866608,
        "var": 17.7492790222
    },
    "barkbands_flatness_db": {
        "dmean": 0.0158089585602,
        "dmean2": 0.0267700348049,
        "dvar": 0.00022936964524,
        "dvar2": 0.000596481200773,
        "max": 0.578418195248,
        "mean": 0.359286934137,
        "median": 0.36199131608,
        "min": 0.0637765824795,
        "var": 0.00230198167264
    },
    "barkbands_kurtosis": {
        "dmean": 1.45393908024,
        "dmean2": 2.25878548622,
        "dvar": 35.1757164001,
        "dvar2": 56.1615791321,
        "max": 489.215667725,
        "mean": 3.4485707283,
        "median": 1.88105678558,
        "min": -1.89814114571,
        "var": 159.464706421
    },
    "barkbands_skewness": {
        "dmean": 0.309980660677,
        "dmean2": 0.494620293379,
        "dvar": 0.147383004427,
        "dvar2": 0.333347320557,
        "max": 12.4209156036,
        "mean": 0.691162526608,
        "median": 0.760118424892,
        "min": -5.77850723267,
        "var": 1.02176439762
    },
    "barkbands_spread": {
        "dmean": 0.873814225197,
        "dmean2": 1.39015352726,
        "dvar": 1.96727526188,
        "dvar2": 4.42753124237,
        "max": 86.9847335815,
        "mean": 5.59928560257,
        "median": 4.65690469742,
        "min": 0.0615407042205,
        "var": 29.4545173645
    },
    "dissonance": {
        "dmean": 0.0380356870592,
        "dmean2": 0.0652698799968,
        "dvar": 0.00144961767364,
        "dvar2": 0.0039777639322,
        "max": 0.499999940395,
        "mean": 0.378353565931,
        "median": 0.38284611702,
        "min": 0.12660446763,
        "var": 0.00358450482599
    },
    "dynamic_complexity": 4.40525388718,
    "erbbands_crest": {
        "dmean": 2.0647342205,
        "dmean2": 3.22975707054,
        "dvar": 5.86596775055,
        "dvar2": 12.6876344681,
        "max": 34.5585136414,
        "mean": 15.8165006638,
        "median": 14.8377590179,
        "min": 2.86303329468,
        "var": 39.4960708618
    },
    "erbbands_flatness_db": {
        "dmean": 0.0124039137736,
        "dmean2": 0.0202106125653,
        "dvar": 0.000160300623975,
        "dvar2": 0.000365458341548,
        "max": 0.618190824986,
        "mean": 0.394486516714,
        "median": 0.398437410593,
        "min": 0.0693477094173,
        "var": 0.00304848467931
    },
    "erbbands_kurtosis": {
        "dmean": 1.18893921375,
        "dmean2": 1.78491234779,
        "dvar": 5.56596755981,
        "dvar2": 10.3095750809,
        "max": 89.0998840332,
        "mean": 2.9213950634,
        "median": 1.35971975327,
        "min": -1.70727884769,
        "var": 30.7056732178
    },
    "erbbands_skewness": {
        "dmean": 0.27905896306,
        "dmean2": 0.432030558586,
        "dvar": 0.114461518824,
        "dvar2": 0.236888587475,
        "max": 6.05093479156,
        "mean": 0.523439526558,
        "median": 0.579728782177,
        "min": -6.70266103745,
        "var": 1.01554715633
    },
    "erbbands_spread": {
        "dmean": 1.43227565289,
        "dmean2": 2.23219132423,
        "dvar": 3.33287835121,
        "dvar2": 7.35863447189,
        "max": 84.237197876,
        "mean": 9.53631591797,
        "median": 8.52935695648,
        "min": 0.253028988838,
        "var": 36.5562438965
    },
    "hfc": {
        "dmean": 2.98868155479,
        "dmean2": 4.12374687195,
        "dvar": 85.3287963867,
        "dvar2": 148.812393188,
        "max": 283.068725586,
        "mean": 10.7447252274,
        "median": 5.34085702896,
        "min": 1.25520330146e-16,
        "var": 300.724578857
    },
    "melbands_crest": {
        "dmean": 2.33804488182,
        "dmean2": 3.91417241096,
        "dvar": 6.41116666794,
        "dvar2": 17.5575618744,
        "max": 34.0154571533,
        "mean": 14.6575260162,
        "median": 13.6163949966,
        "min": 1.70787835121,
        "var": 27.2423229218
    },
    "melbands_flatness_db": {
        "dmean": 0.0179683230817,
        "dmean2": 0.0306252799928,
        "dvar": 0.00035009306157,
        "dvar2": 0.000896919053048,
        "max": 0.651199102402,
        "mean": 0.461034208536,
        "median": 0.467726528645,
        "min": 0.00469533260912,
        "var": 0.00362595054321
    },
    "melbands_kurtosis": {
        "dmean": 1.34325897694,
        "dmean2": 2.19201469421,
        "dvar": 5.40467977524,
        "dvar2": 12.9451398849,
        "max": 129.583847046,
        "mean": 3.27606868744,
        "median": 1.9288854599,
        "min": -1.87992596626,
        "var": 39.7816085815
    },
    "melbands_skewness": {
        "dmean": 0.307706087828,
        "dmean2": 0.496967464685,
        "dvar": 0.121012084186,
        "dvar2": 0.291702330112,
        "max": 5.03740215302,
        "mean": 0.790484964848,
        "median": 0.835009276867,
        "min": -4.99993228912,
        "var": 0.895984232426
    },
    "melbands_spread": {
        "dmean": 1.35651004314,
        "dmean2": 2.159542799,
        "dvar": 5.09849691391,
        "dvar2": 11.2086591721,
        "max": 145.403015137,
        "mean": 8.65918540955,
        "median": 7.42820358276,
        "min": 0.256032288074,
        "var": 39.7412490845
    },
    "pitch_salience": {
        "dmean": 0.0454600118101,
        "dmean2": 0.0758092477918,
        "dvar": 0.00248865038157,
        "dvar2": 0.00650399457663,
        "max": 0.909001886845,
        "mean": 0.532764256001,
        "median": 0.544267296791,
        "min": 0.0460061095655,
        "var": 0.0112621299922
    },
    "silence_rate_20dB": {
        "dmean": 0,
        "dmean2": 0,
        "dvar": 0,
        "dvar2": 0,
        "max": 1,
        "mean": 1,
        "median": 1,
        "min": 1,
        "var": 0
    },
    "silence_rate_30dB": {
        "dmean": 0.0082918740809,
        "dmean2": 0.0165851227939,
        "dvar": 0.00822302699089,
        "dvar2": 0.0191291216761,
        "max": 1,
        "mean": 0.988392353058,
        "median": 1,
        "min": 0,
        "var": 0.0114744687453
    },
    "silence_rate_60dB": {
        "dmean": 0.0222222227603,
        "dmean2": 0.0444481298327,
        "dvar": 0.021725544706,
        "dvar2": 0.0484455749393,
        "max": 1,
        "mean": 0.0985822081566,
        "median": 0,
        "min": 0,
        "var": 0.0888557583094
    },
    "spectral_centroid": {
        "dmean": 38.3794631958,
        "dmean2": 59.9792938232,
        "dvar": 8702.57226562,
        "dvar2": 13405.1796875,
        "max": 10822.3417969,
        "mean": 557.131469727,
        "median": 506.034820557,
        "min": 182.670928955,
        "var": 45688.5117188
    },
    "spectral_complexity": {
        "dmean": 1.17330014706,
        "dmean2": 1.93714237213,
        "dvar": 1.5503269434,
        "dvar2": 3.44536209106,
        "max": 27,
        "mean": 10.3585109711,
        "median": 10,
        "min": 0,
        "var": 16.2781143188
    },
    "spectral_decrease": {
        "dmean": 1.13149856151e-09,
        "dmean2": 1.68604119555e-09,
        "dvar": 5.65003897607e-18,
        "dvar2": 1.05851184518e-17,
        "max": 1.20439927031e-18,
        "mean": -4.66045158021e-09,
        "median": -2.93319413203e-09,
        "min": -7.31971141477e-08,
        "var": 2.91262966087e-17
    },
    "spectral_energy": {
        "dmean": 0.00453003495932,
        "dmean2": 0.00671988539398,
        "dvar": 9.46145446505e-05,
        "dvar2": 0.000175402412424,
        "max": 0.291932821274,
        "mean": 0.0185641963035,
        "median": 0.011607022956,
        "min": 1.10316360782e-20,
        "var": 0.000475572887808
    },
    "spectral_energyband_high": {
        "dmean": 1.53083669829e-06,
        "dmean2": 2.29723127632e-06,
        "dvar": 1.22939852742e-10,
        "dvar2": 3.07605108052e-10,
        "max": 0.000703237601556,
        "mean": 2.23240112973e-06,
        "median": 7.31444913527e-08,
        "min": 7.95783372972e-21,
        "var": 1.33292682447e-10
    },
    "spectral_energyband_low": {
        "dmean": 0.00100547319744,
        "dmean2": 0.00180949922651,
        "dvar": 6.31107286608e-06,
        "dvar2": 2.17757406062e-05,
        "max": 0.0537495091558,
        "mean": 0.00213362183422,
        "median": 0.000486525095766,
        "min": 1.24654273008e-22,
        "var": 1.67571997736e-05
    },
    "spectral_energyband_middle_high": {
        "dmean": 0.00168211490382,
        "dmean2": 0.00230209412985,
        "dvar": 4.60256087536e-05,
        "dvar2": 8.42330991873e-05,
        "max": 0.176604300737,
        "mean": 0.00433080177754,
        "median": 0.00102399208117,
        "min": 1.54036610376e-21,
        "var": 0.0001318143768
    },
    "spectral_energyband_middle_low": {
        "dmean": 0.00281977653503,
        "dmean2": 0.00417222455144,
        "dvar": 3.65011546819e-05,
        "dvar2": 6.760150427e-05,
        "max": 0.277354747057,
        "mean": 0.0128045585006,
        "median": 0.00823638495058,
        "min": 4.38063523103e-22,
        "var": 0.000233139027841
    },
    "spectral_entropy": {
        "dmean": 0.112493522465,
        "dmean2": 0.184497982264,
        "dvar": 0.0214966405183,
        "dvar2": 0.0520544797182,
        "max": 9.79859638214,
        "mean": 5.74868392944,
        "median": 5.74459934235,
        "min": 3.53864049911,
        "var": 0.161745935678
    },
    "spectral_flux": {
        "dmean": 0.0156599655747,
        "dmean2": 0.0254680085927,
        "dvar": 0.000698432966601,
        "dvar2": 0.00172530557029,
        "max": 0.354842334986,
        "mean": 0.0362486727536,
        "median": 0.0272626597434,
        "min": 1.05031594533e-10,
        "var": 0.00111135060433
    },
    "spectral_kurtosis": {
        "dmean": 33.7180671692,
        "dmean2": 59.629989624,
        "dvar": 992.460449219,
        "dvar2": 2811.94433594,
        "max": 370.91619873,
        "mean": 109.412727356,
        "median": 103.938529968,
        "min": -1.15849626064,
        "var": 3977.18334961
    },
    "spectral_rms": {
        "dmean": 0.000441710901214,
        "dmean2": 0.000660866906401,
        "dvar": 4.5715873398e-07,
        "dvar2": 8.44347425755e-07,
        "max": 0.0168763883412,
        "mean": 0.00374884228222,
        "median": 0.0033651040867,
        "min": 3.28063596254e-12,
        "var": 4.0577378968e-06
    },
    "spectral_rolloff": {
        "dmean": 76.1945495605,
        "dmean2": 136.709701538,
        "dvar": 227885.640625,
        "dvar2": 566758.5,
        "max": 18970.7519531,
        "mean": 766.51953125,
        "median": 667.529296875,
        "min": 150.732421875,
        "var": 826610.8125
    },
    "spectral_skewness": {
        "dmean": 1.79206943512,
        "dmean2": 3.21724009514,
        "dvar": 2.36792111397,
        "dvar2": 6.83932447433,
        "max": 15.5895404816,
        "mean": 7.02415513992,
        "median": 6.9174041748,
        "min": -0.0124981720001,
        "var": 7.7348074913
    },
    "spectral_spread": {
        "dmean": 262200.5625,
        "dmean2": 470178.1875,
        "dvar": 132602609664,
        "dvar2": 241359765504,
        "max": 39709748,
        "mean": 967464.25,
        "median": 828523,
        "min": 218080.78125,
        "var": 1.27824088269e+12
    },
    "spectral_strongpeak": {
        "dmean": 0.450507134199,
        "dmean2": 0.708546996117,
        "dvar": 0.911502897739,
        "dvar2": 1.81998825073,
        "max": 26.6391410828,
        "mean": 1.5787050724,
        "median": 1.03663802147,
        "min": 0,
        "var": 3.37222886086
    },
    "zerocrossingrate": {
        "dmean": 0.00209936639294,
        "dmean2": 0.00264620990492,
        "dvar": 1.70375151356e-05,
        "dvar2": 1.74633187271e-05,
        "max": 0.51708984375,
        "mean": 0.0283330641687,
        "median": 0.02490234375,
        "min": 0.00390625,
        "var": 0.000524895032868
    },
    "barkbands": {
        "dmean": [2.17185814222e-07, 0.000196498556761, 0.000742925563827, 0.000428734056186, 0.000682024692651, 0.000511714781169, 0.000867503753398, 0.000930446491111, 0.000565398135222, 0.000657805649098, 0.00041759054875, 0.000378107186407, 0.000262860616203, 0.000183294541785, 6.2744547904e-05, 3.5045803088e-05, 1.26876975628e-05, 3.63545700566e-06, 3.88562557418e-06, 1.57677663992e-06, 2.80426547761e-07, 1.46382987509e-07, 5.0676483454e-08, 8.96028851116e-09, 2.96806468292e-09, 9.84249237668e-10, 9.44273104153e-10],
        "dmean2": [3.78143454327e-07, 0.00033233652357, 0.00136522890534, 0.000728671846446, 0.00114816427231, 0.000826930452604, 0.00131835776847, 0.00141770020127, 0.000683417310938, 0.000886086956598, 0.000638755271211, 0.000547527859453, 0.000362188759027, 0.000240613691858, 8.8128115749e-05, 4.83263829665e-05, 1.93505020434e-05, 5.68550331081e-06, 5.96548898102e-06, 2.38979123424e-06, 4.33319513604e-07, 2.3148567152e-07, 8.55397530586e-08, 1.48530769906e-08, 5.15112619226e-09, 1.80054116061e-09, 1.71744318767e-09],
        "dvar": [6.68567631812e-13, 4.90831268962e-07, 4.02071100325e-06, 1.27521764171e-06, 1.71314206909e-06, 1.59988212545e-06, 5.88199873164e-06, 9.15395048651e-06, 7.26422695152e-06, 1.13580417747e-05, 6.65783454679e-06, 1.42686267282e-05, 5.40224118595e-06, 7.40766699892e-06, 5.56935844997e-07, 7.10670562398e-08, 8.66158789137e-09, 4.73044770022e-10, 1.70699121504e-09, 1.50804826959e-10, 5.99328009096e-12, 1.57916442509e-12, 1.75603794201e-13, 6.2626969142e-15, 1.05784409535e-15, 1.93592126335e-17, 4.69064884544e-18],
        "dvar2": [1.95698969183e-12, 1.47836669839e-06, 1.45980284287e-05, 4.03412559535e-06, 5.19658942721e-06, 4.37134485765e-06, 1.18192365335e-05, 1.67205325852e-05, 1.04040982478e-05, 2.01078346436e-05, 1.42757717185e-05, 2.73132809525e-05, 1.02439253169e-05, 1.14373106044e-05, 1.00771922007e-06, 1.38079244039e-07, 1.77098140597e-08, 1.11811193637e-09, 4.30963353892e-09, 3.7837932787e-10, 1.41473499582e-11, 3.76534480678e-12, 4.60768901332e-13, 1.63120571602e-14, 2.8481819547e-15, 5.76581018199e-17, 1.45454234782e-17],
        "max": [4.26002079621e-05, 0.0221935752779, 0.0312057584524, 0.0345951393247, 0.0238689985126, 0.065666012466, 0.111600980163, 0.232224494219, 0.108911655843, 0.133272171021, 0.0740721076727, 0.162844002247, 0.1359603405, 0.175280332565, 0.054797783494, 0.0171520430595, 0.00734480889514, 0.00156666757539, 0.00324504449964, 0.000782175280619, 0.000130570435431, 4.5640503231e-05, 1.57952017616e-05, 3.24257621287e-06, 2.22378162107e-06, 2.70694357596e-07, 9.74923963781e-08],
        "mean": [2.54532750432e-07, 0.000390743865864, 0.00131537416019, 0.000913171912543, 0.00149946822785, 0.00173624418676, 0.00319259706885, 0.00316189602017, 0.00172952795401, 0.002080057282, 0.000691112829372, 0.000689601409249, 0.000545376446098, 0.000381782650948, 0.000126605853438, 7.12118417141e-05, 2.22257513087e-05, 7.28480154066e-06, 6.53567531117e-06, 2.46419836003e-06, 4.30809365071e-07, 1.86680722436e-07, 5.95694871208e-08, 1.05200648193e-08, 3.38766126262e-09, 1.59049995396e-09, 2.09768757919e-09],
        "median": [8.45767686997e-08, 3.31483715854e-05, 0.000140704825753, 0.00043339189142, 0.000879931496456, 0.00083067646483, 0.00123074417934, 0.000754270120524, 0.000410082400776, 0.000378444237867, 9.55940122367e-05, 7.58841342758e-05, 5.06374708493e-05, 4.33117347711e-05, 1.53529254021e-05, 1.11278359327e-05, 3.92292304241e-06, 8.61503394844e-07, 4.24103063779e-07, 1.07735722565e-07, 1.25848140797e-08, 2.65495225804e-09, 1.22424304028e-09, 6.95053903321e-10, 6.37527919345e-10, 8.69273653059e-10, 1.35497968401e-09],
        "min": [5.29803654003e-23, 4.67235340632e-23, 1.79230633393e-23, 8.69610979399e-23, 4.82475028916e-23, 5.50880881431e-23, 4.84493313764e-23, 7.56937029673e-23, 6.45929532832e-23, 1.03923683684e-22, 3.82132458197e-23, 4.64524846116e-23, 1.18298149327e-22, 7.32872291334e-23, 1.49248835575e-22, 1.7157486137e-22, 2.28418095608e-22, 2.31034993355e-22, 2.02413415774e-22, 3.79337561875e-22, 4.07405788241e-22, 3.75623150349e-22, 5.50010281914e-22, 7.39266116256e-22, 1.31108934883e-21, 1.87970453023e-21, 2.66632825117e-21],
        "var": [5.92626045893e-13, 1.04718799321e-06, 8.4745715867e-06, 2.70679265668e-06, 3.43736928698e-06, 6.18558078713e-06, 4.18347663071e-05, 5.61673768971e-05, 3.34319520334e-05, 4.55755980511e-05, 1.23017880469e-05, 2.89500021609e-05, 1.24270063679e-05, 2.11825772567e-05, 1.51314702634e-06, 1.33783885303e-07, 1.24645831434e-08, 6.93921697881e-10, 1.56592983025e-09, 1.66833116766e-10, 6.53169185405e-12, 1.63791105245e-12, 1.54723171666e-13, 6.07327705379e-15, 8.16009412649e-16, 1.45973257529e-17, 2.49473139796e-17]
    },
    "erbbands": {
        "dmean": [0.00155011564493, 0.0656591802835, 0.667549669743, 1.13718247414, 1.21082878113, 3.28157544136, 3.06547665596, 4.623524189, 8.15524673462, 23.0737953186, 13.8289585114, 15.116985321, 13.4628353119, 21.8779754639, 15.663351059, 17.7492465973, 12.5296888351, 11.1751661301, 4.74648427963, 2.65413141251, 1.28061449528, 0.495799481869, 0.337153047323, 0.137686565518, 0.198844283819, 0.0876861438155, 0.0252810828388, 0.00795754510909, 0.00568334711716, 0.00245897658169, 0.00118193647359, 0.00033421444823, 0.000130960601382, 4.56355446659e-05, 1.7529418983e-05, 5.79532843403e-06, 2.7035448511e-06, 8.14593420273e-07, 2.2714334591e-06, 5.1940000958e-06],
        "dmean2": [0.00259473687038, 0.113271400332, 1.22902464867, 2.00682783127, 2.02151823044, 5.57955694199, 4.9699883461, 7.5212097168, 12.0350008011, 37.2603034973, 18.9625701904, 17.7335529327, 17.8240013123, 29.8743000031, 24.3740253448, 25.6930274963, 17.38722229, 14.47955513, 6.45692205429, 3.62945556641, 1.79199194908, 0.757855415344, 0.525525987148, 0.206200480461, 0.308037251234, 0.133184686303, 0.0379579290748, 0.0122805722058, 0.00893352553248, 0.00407609483227, 0.00196594465524, 0.000559425330721, 0.000226933480008, 7.70823753555e-05, 3.00746451103e-05, 9.61993555393e-06, 4.40096710008e-06, 1.32426839627e-06, 3.32778654411e-06, 7.66355151427e-06],
        "dvar": [2.76917817246e-05, 0.0464820452034, 3.23437523842, 7.07270622253, 6.44846487045, 48.7109107971, 35.6908302307, 155.503707886, 856.57244873, 3493.8125, 4578.56494141, 5082.55126953, 5612.03027344, 14722.2861328, 8511.39941406, 33712.5585938, 10034.3066406, 21081.7304688, 2248.56494141, 894.628540039, 64.5882034302, 9.83859634399, 7.06008625031, 0.83416479826, 7.91651201248, 0.662893235683, 0.0224791336805, 0.00523851905018, 0.00245133345015, 0.000533101789188, 0.000100898345408, 6.3994575612e-06, 1.4251901348e-06, 1.49832857232e-07, 7.19206880717e-08, 7.72748420808e-10, 1.2928112747e-10, 5.05197880057e-12, 2.63854545851e-11, 1.31203894971e-10],
        "dvar2": [7.23144476069e-05, 0.144130602479, 11.6572294235, 22.5143642426, 19.0818080902, 149.825485229, 92.6624069214, 435.207061768, 1597.01379395, 8680.7734375, 6815.46728516, 6909.71582031, 8850.71484375, 26408.0429688, 20154.9082031, 64862.0703125, 19439, 33181.640625, 3787.73071289, 1511.03588867, 129.280914307, 19.3719348907, 14.993221283, 1.77841663361, 20.3682785034, 1.70263648033, 0.0508152991533, 0.0124039994553, 0.00589436804876, 0.00146859046072, 0.000248280673986, 1.65063756867e-05, 3.99665123041e-06, 3.87104961419e-07, 2.01744128958e-07, 2.1081514312e-09, 3.57804591511e-10, 1.24751597941e-11, 4.76051351117e-11, 2.40541087049e-10],
        "max": [0.166183710098, 6.78920936584, 31.9894104004, 75.4435958862, 66.9716491699, 127.818000793, 230.041595459, 646.96875, 1548.00756836, 1495.84619141, 6399.10205078, 3034.32446289, 5248.84130859, 4008.17895508, 3580.74169922, 8360.171875, 5635.99365234, 9016.90429688, 3262.82714844, 2642.45678711, 552.276855469, 245.527908325, 228.237594604, 69.3901062012, 233.909805298, 54.3679046631, 5.37794494629, 3.89342784882, 1.65835273266, 1.17104530334, 0.378891676664, 0.0859627127647, 0.0476579219103, 0.0185127668083, 0.0212105531245, 0.00144182355143, 0.000741867348552, 0.000121023673273, 0.000143219338497, 0.000332432682626],
        "mean": [0.00331941689365, 0.138418570161, 1.31348752975, 2.32191777229, 2.96093225479, 6.82531881332, 9.1266078949, 16.0318126678, 34.2808113098, 74.7754821777, 49.9459152222, 48.1234359741, 44.6306915283, 61.5729064941, 30.3995761871, 31.3265800476, 26.9488620758, 23.6099739075, 10.1894779205, 5.50896692276, 2.69250845909, 0.979521751404, 0.624155879021, 0.282387048006, 0.315590858459, 0.130070239305, 0.0384644716978, 0.0124442074448, 0.00740764383227, 0.00296438275836, 0.00142856489401, 0.000409736938309, 0.00015401863493, 6.43980674795e-05, 2.97741462418e-05, 1.60282706929e-05, 9.03142336028e-06, 2.60816023001e-06, 9.40881909628e-06, 2.11666956602e-05],
        "median": [0.000444961653557, 0.0136687476188, 0.149731084704, 1.06746852398, 1.64677083492, 3.2770793438, 5.19142723083, 7.79844331741, 10.8318490982, 31.2734661102, 13.2996578217, 11.1511993408, 15.0826663971, 7.57199239731, 6.00745868683, 3.34248447418, 3.08454632759, 3.00873160362, 1.30720841885, 0.992846429348, 0.505268335342, 0.211759924889, 0.078271523118, 0.0324669331312, 0.0192348901182, 0.00605101557449, 0.00140078389086, 0.000386444356991, 0.000131333057652, 6.54054674669e-05, 3.95410170313e-05, 2.53007128777e-05, 1.92953357327e-05, 1.54304179887e-05, 1.23996405819e-05, 9.25864060264e-06, 5.55671795155e-06, 1.52922689267e-06, 5.87445538258e-06, 1.311800861e-05],
        "min": [1.53693772689e-21, 1.00749015334e-20, 2.98543280185e-20, 1.48756930187e-19, 2.67215630404e-19, 9.01777440404e-20, 3.7745011323e-19, 3.71094703638e-19, 7.27747816057e-19, 1.50416125249e-18, 8.93228192731e-19, 1.03681671751e-18, 4.39210240517e-18, 1.85546061934e-18, 1.26948742437e-18, 2.55299969603e-18, 4.32534975692e-18, 3.27072818352e-18, 6.88178411365e-18, 7.7425296475e-18, 9.91746044751e-18, 1.36249956224e-17, 1.16349446523e-17, 1.09642144993e-17, 1.45399442338e-17, 1.36583715329e-17, 1.42474994913e-17, 1.80889659607e-17, 1.28291304134e-17, 1.43596717998e-17, 1.64592729158e-17, 1.52733308367e-17, 1.35939225826e-17, 1.41915523034e-17, 9.5463367667e-18, 7.03285086815e-18, 3.22206825001e-18, 1.39858053949e-18, 3.47923772018e-19, 4.48908398117e-20],
        "var": [8.74393081176e-05, 0.106506757438, 8.19038677216, 16.5133686066, 17.7100372314, 97.8302612305, 130.581665039, 521.034240723, 7572.47314453, 14877.1679688, 26948.4414062, 24693.1582031, 20386.6640625, 56178.8359375, 13975.4208984, 68481.0703125, 23204.4472656, 58879.40625, 6818.84179688, 1740.92541504, 120.764190674, 15.6283063889, 9.57556533813, 1.30844545364, 6.52560806274, 0.622200608253, 0.0304837301373, 0.00568911619484, 0.00251378724352, 0.000409097410738, 9.98248360702e-05, 6.26369228485e-06, 1.1365411865e-06, 1.38513726711e-07, 4.72685535158e-08, 8.13902001351e-10, 1.64832800187e-10, 1.34512713468e-11, 1.24439028526e-10, 6.39337249808e-10]
    },
    "gfcc": {
        "mean": [-208.685302734, 246.096069336, -132.522674561, -61.763217926, -25.6525421143, -33.8841667175, -25.1073913574, -13.5642995834, -11.8742733002, -13.4660682678, -8.85521316528, -17.6185722351, -6.66520595551],
        "cov": [[8069.13769531, 461.151489258, -2066.62451172, 1396.65356445, 96.1357269287, -301.994995117, 666.574279785, -253.671020508, 106.94140625, -66.6114654541, 137.078872681, -159.651046753, 55.6609077454], [461.151489258, 957.704589844, 72.8844146729, -264.115600586, 256.02835083, -92.5803070068, -126.159049988, -30.0421333313, -26.8376064301, -58.5675201416, 5.2311296463, -56.1565437317, -4.51380252838], [-2066.62451172, 72.8844146729, 969.957946777, -223.268981934, 79.3733901978, 172.896957397, -172.20854187, 104.136390686, 6.42331838608, 19.2381572723, -47.6111946106, 23.4890003204, -48.960521698], [1396.65356445, -264.115600586, -223.268981934, 814.072692871, 59.3291893005, 79.927696228, 279.405975342, -31.4413089752, 53.759262085, 21.6937675476, -15.8528966904, 1.35845804214, 5.2877240181], [96.1357269287, 256.02835083, 79.3733901978, 59.3291893005, 242.704498291, 60.3319549561, 14.4778175354, 18.6934814453, -12.1366434097, -8.52052021027, -16.4932441711, -13.491651535, 1.87155747414], [-301.994995117, -92.5803070068, 172.896957397, 79.927696228, 60.3319549561, 241.291473389, 78.3214263916, 14.3978061676, 17.5205745697, 3.73398661613, -19.6869735718, 17.902765274, -15.9419660568], [666.574279785, -126.159049988, -172.20854187, 279.405975342, 14.4778175354, 78.3214263916, 255.980789185, 47.4108848572, 12.6261482239, 9.98753833771, -2.71687364578, -0.31810644269, 11.9905157089], [-253.671020508, -30.0421333313, 104.136390686, -31.4413089752, 18.6934814453, 14.3978061676, 47.4108848572, 126.644767761, 32.6988525391, 3.51644515991, -1.14558339119, 1.02553474903, 4.67639398575], [106.94140625, -26.8376064301, 6.42331838608, 53.759262085, -12.1366434097, 17.5205745697, 12.6261482239, 32.6988525391, 99.1260604858, 46.2409515381, 4.61820173264, -8.16642475128, -14.2357130051], [-66.6114654541, -58.5675201416, 19.2381572723, 21.6937675476, -8.52052021027, 3.73398661613, 9.98753833771, 3.51644515991, 46.2409515381, 89.1801528931, 28.7229804993, -9.2870759964, -18.6760177612], [137.078872681, 5.2311296463, -47.6111946106, -15.8528966904, -16.4932441711, -19.6869735718, -2.71687364578, -1.14558339119, 4.61820173264, 28.7229804993, 79.6424713135, 28.6834220886, -13.6009120941], [-159.651046753, -56.1565437317, 23.4890003204, 1.35845804214, -13.491651535, 17.902765274, -0.31810644269, 1.02553474903, -8.16642475128, -9.2870759964, 28.6834220886, 79.3413925171, 31.0617351532], [55.6609077454, -4.51380252838, -48.960521698, 5.2877240181, 1.87155747414, -15.9419660568, 11.9905157089, 4.67639398575, -14.2357130051, -18.6760177612, -13.6009120941, 31.0617351532, 88.3009109497]],
        "icov": [[0.000918861420359, -0.000669756496791, 0.00104061083402, -0.00106659182347, 5.65415903111e-05, 0.000447988219094, -0.00123471219558, 0.00137984380126, -0.0019009510288, 0.00228700297885, -0.00275133782998, 0.00238330871798, -0.000883237458766], [-0.000669756496791, 0.00423373095691, -0.00249843997881, 0.00320491148159, -0.00530409999192, 0.00331709953025, -0.00293599138968, 0.00496086804196, -0.00416252762079, 0.00452325260267, -0.00254277279601, 0.00197722576559, -0.000892961747013], [0.00104061083402, -0.00249843997881, 0.00490152323619, -0.00296661863104, 0.00258477916941, -0.00382626615465, 0.00459047220647, -0.00574854388833, 0.00335640599951, -0.0032432556618, 0.00200186646543, -0.00105650688056, 0.00158240064047], [-0.00106659182347, 0.00320491148159, -0.00296661863104, 0.00564674288034, -0.00442832661793, 0.00310232792981, -0.00547626195475, 0.00589477876201, -0.00441919313744, 0.00245699752122, 0.000519189517945, -0.00108332070522, 0.000206770171644], [5.65415903111e-05, -0.00530409999192, 0.00258477916941, -0.00442832661793, 0.0124100949615, -0.00690180528909, 0.00698976032436, -0.0102652674541, 0.00972490105778, -0.00881010200828, 0.0057883434929, -0.00307662296109, 0.00115529308096], [0.000447988219094, 0.00331709953025, -0.00382626615465, 0.00310232792981, -0.00690180528909, 0.012306496501, -0.0109116025269, 0.0117163183168, -0.0105174668133, 0.00930812489241, -0.00481461361051, 0.00208447384648, -0.000392588204704], [-0.00123471219558, -0.00293599138968, 0.00459047220647, -0.00547626195475, 0.00698976032436, -0.0109116025269, 0.0210721772164, -0.0196887440979, 0.0160863306373, -0.0147966472432, 0.0106015978381, -0.00696520647034, 0.00311156734824], [0.00137984380126, 0.00496086804196, -0.00574854388833, 0.00589477876201, -0.0102652674541, 0.0117163183168, -0.0196887440979, 0.0308850817382, -0.0226774476469, 0.0201761107892, -0.0155332237482, 0.0112136630341, -0.00651175808161], [-0.0019009510288, -0.00416252762079, 0.00335640599951, -0.00441919313744, 0.00972490105778, -0.0105174668133, 0.0160863306373, -0.0226774476469, 0.032845877111, -0.0256742313504, 0.016990210861, -0.0116576785222, 0.00660577928647], [0.00228700297885, 0.00452325260267, -0.0032432556618, 0.00245699752122, -0.00881010200828, 0.00930812489241, -0.0147966472432, 0.0201761107892, -0.0256742313504, 0.0375480055809, -0.0252822749317, 0.0184018295258, -0.00691289734095], [-0.00275133782998, -0.00254277279601, 0.00200186646543, 0.000519189517945, 0.0057883434929, -0.00481461361051, 0.0106015978381, -0.0155332237482, 0.016990210861, -0.0252822749317, 0.0388144589961, -0.0262169148773, 0.0136670749635], [0.00238330871798, 0.00197722576559, -0.00105650688056, -0.00108332070522, -0.00307662296109, 0.00208447384648, -0.00696520647034, 0.0112136630341, -0.0116576785222, 0.0184018295258, -0.0262169148773, 0.0343630835414, -0.015242186375], [-0.000883237458766, -0.000892961747013, 0.00158240064047, 0.000206770171644, 0.00115529308096, -0.000392588204704, 0.00311156734824, -0.00651175808161, 0.00660577928647, -0.00691289734095, 0.0136670749635, -0.015242186375, 0.0195977631956]]
    },
    "melbands": {
        "dmean": [3.24385982822e-05, 0.000258283107542, 0.000203457777388, 0.000140236676089, 0.000127033854369, 0.000100664801721, 0.000136750531965, 0.000248162163189, 0.000105734281533, 8.8858694653e-05, 6.71978632454e-05, 9.14954216569e-05, 5.30793295184e-05, 4.87477591378e-05, 2.75358579529e-05, 3.01436793961e-05, 2.08080582524e-05, 8.11208883533e-06, 3.53225777872e-06, 3.61360230272e-06, 1.16829244234e-06, 5.22421373716e-07, 5.87886177073e-07, 1.5336111403e-07, 1.12587478895e-07, 1.50790384623e-07, 8.75912036236e-08, 5.96331659608e-08, 1.83116153352e-08, 1.06829265434e-08, 2.68451016971e-09, 3.95558386046e-09, 1.8532460011e-09, 1.29752131262e-09, 7.26132487472e-10, 4.78128592274e-10, 1.11423113791e-10, 1.12056648682e-10, 4.6530269221e-11, 3.52465522047e-11],
        "dmean2": [5.44252252439e-05, 0.000471215404104, 0.000358635094017, 0.000236643463722, 0.000209757476114, 0.000163709875778, 0.000203468967811, 0.000400168792112, 0.000139714873512, 0.000105585531855, 9.01292805793e-05, 0.000125029037008, 8.3126615209e-05, 7.13660992915e-05, 4.05302416766e-05, 4.03202866437e-05, 2.70185519184e-05, 1.10345090434e-05, 4.92341723657e-06, 4.89633566758e-06, 1.67860719102e-06, 7.96159099536e-07, 9.33980402351e-07, 2.31719795352e-07, 1.68368359255e-07, 2.34519205833e-07, 1.35867537665e-07, 9.04728665319e-08, 2.75287490581e-08, 1.67637850268e-08, 4.1377221649e-09, 6.1936127338e-09, 3.018731487e-09, 2.19431806059e-09, 1.19114784702e-09, 8.2739748386e-10, 1.85238671624e-10, 1.95683358406e-10, 8.01860938759e-11, 6.08256778278e-11],
        "dvar": [1.31321709063e-08, 4.88210105232e-07, 1.9985257893e-07, 6.57026433259e-08, 5.65068880576e-08, 6.77600411336e-08, 2.11919299886e-07, 3.95027683453e-07, 2.83524485667e-07, 1.82209973332e-07, 1.40282978123e-07, 2.68686648042e-07, 1.0047246235e-07, 1.90736130889e-07, 5.2378322124e-08, 9.31853278985e-08, 1.0487340063e-07, 5.94704063772e-09, 1.50291135093e-09, 1.18397369686e-09, 3.8683143494e-11, 1.06871178573e-11, 3.91617606399e-11, 1.10848895167e-12, 7.9574725715e-13, 3.12318465361e-12, 1.50634821457e-12, 3.10921075128e-13, 1.80215763238e-14, 1.42837181834e-14, 3.97926999486e-16, 1.28623361233e-15, 5.01584959277e-16, 1.49572439488e-16, 5.04357231939e-17, 1.87128917531e-17, 9.51649788046e-19, 1.29749813806e-18, 1.53194844646e-19, 1.20649371747e-19],
        "dvar2": [3.7633927974e-08, 1.72917009422e-06, 6.40339919755e-07, 1.98080144287e-07, 1.62164539574e-07, 1.88549250879e-07, 4.00097547981e-07, 9.80286813501e-07, 4.27611126952e-07, 2.55085410572e-07, 2.22914977144e-07, 4.86406577238e-07, 2.34234732943e-07, 3.6872248188e-07, 1.07559657181e-07, 1.69859234234e-07, 1.6260506186e-07, 9.69636726467e-09, 2.75320699572e-09, 2.11064410394e-09, 7.92779800141e-11, 2.28565534555e-11, 7.87059722951e-11, 2.62216203611e-12, 1.67455632694e-12, 8.04385030806e-12, 3.86224776119e-12, 7.97125007061e-13, 3.99050265759e-14, 3.46142656638e-14, 8.49155770639e-16, 2.96283718148e-15, 1.33831131551e-15, 4.11823157321e-16, 1.17898833566e-16, 5.17174693315e-17, 2.39084768735e-18, 3.68231526515e-18, 4.07898657427e-19, 3.11559387176e-19],
        "max": [0.00373867060989, 0.0143506545573, 0.0135278087109, 0.00577784888446, 0.00683178380132, 0.0134422564879, 0.0243746265769, 0.015597733669, 0.0489580631256, 0.016809348017, 0.0260308422148, 0.0176760759205, 0.0107501354069, 0.0176387764513, 0.00963388103992, 0.0188398882747, 0.0207519046962, 0.00468847481534, 0.00242627412081, 0.00267930119298, 0.000370945694158, 0.000175866443897, 0.000619770551566, 7.99952176749e-05, 7.18103328836e-05, 0.000139235053211, 0.000103218146251, 3.82185644412e-05, 6.32466117167e-06, 6.87334977556e-06, 8.30476324154e-07, 1.5143065184e-06, 1.0737728644e-06, 4.46789812258e-07, 3.32072886522e-07, 1.31216310706e-07, 3.73579993607e-08, 5.27177803633e-08, 1.4847000962e-08, 1.68181486515e-08],
        "mean": [6.59525976516e-05, 0.000509678444359, 0.00044301035814, 0.000319724349538, 0.00034926875378, 0.000343393156072, 0.000558140513021, 0.000819398439489, 0.000371283706045, 0.000279129686533, 0.000219141089474, 0.0002607696224, 9.42945844145e-05, 9.13861003937e-05, 5.01034774061e-05, 6.1962811742e-05, 4.32709348388e-05, 1.7064743588e-05, 7.2976527008e-06, 7.08408833816e-06, 2.36790992858e-06, 9.78446109912e-07, 9.43358486438e-07, 3.12186756446e-07, 2.15431825268e-07, 2.46171538265e-07, 1.39079489259e-07, 8.10942921703e-08, 2.58259831298e-08, 1.48547929513e-08, 4.22827683977e-09, 5.04861796813e-09, 2.12661599441e-09, 1.46750611663e-09, 8.6709373015e-10, 5.03664498996e-10, 1.35422950631e-10, 1.15101844722e-10, 5.16730894184e-11, 3.95066930559e-11],
        "median": [6.26526934866e-06, 5.67738316022e-05, 0.000225147712626, 0.000189818310901, 0.000222807269893, 0.000164814526215, 0.000185802899068, 0.000323714397382, 8.62008382683e-05, 6.28280249657e-05, 7.05975689925e-05, 2.9266688216e-05, 1.78679747478e-05, 1.00070265034e-05, 5.48596017325e-06, 5.43346095583e-06, 4.72938609164e-06, 1.90129946986e-06, 1.09180052732e-06, 1.02693388726e-06, 4.0430185777e-07, 1.85488815418e-07, 9.62590078757e-08, 2.73441500553e-08, 1.76670749141e-08, 1.25186732092e-08, 6.85953427393e-09, 1.96307836653e-09, 5.06510944298e-10, 3.28319565979e-10, 1.17155091184e-10, 6.25176577174e-11, 3.19157512918e-11, 2.60323967244e-11, 1.72020800382e-11, 1.27044199813e-11, 8.63076971003e-12, 7.80886206392e-12, 6.25142949559e-12, 5.64016108123e-12],
        "min": [1.59377418323e-23, 1.40546330328e-23, 3.17878759279e-23, 1.1873471284e-23, 1.02748604368e-23, 9.62938525632e-24, 1.01535588731e-23, 1.80310363091e-23, 6.1390200885e-24, 8.05645972018e-24, 2.22237326239e-23, 7.4063570816e-24, 4.64803353459e-24, 4.37046611977e-24, 1.03048765943e-23, 9.51980774342e-24, 5.38282788552e-24, 9.78974332341e-24, 1.3803366635e-23, 1.00078128766e-23, 1.06836173923e-23, 1.53035244858e-23, 1.01682987392e-23, 1.23357674403e-23, 8.11892014893e-24, 8.87649956382e-24, 1.34166543975e-23, 8.09738345736e-24, 9.58332445692e-24, 1.00111544914e-23, 9.84286600563e-24, 7.41866962261e-24, 6.79856815312e-24, 7.89697334439e-24, 8.70493020554e-24, 1.09919689207e-23, 8.53643977138e-24, 9.71411128412e-24, 9.47379190909e-24, 1.2658091273e-23],
        "var": [3.3051030357e-08, 1.19444700886e-06, 4.97129292398e-07, 1.58147088314e-07, 1.57562723757e-07, 2.40969683318e-07, 1.81028758561e-06, 1.85156250154e-06, 1.5804407667e-06, 8.77298930391e-07, 5.08171694946e-07, 1.05359413283e-06, 1.64054000606e-07, 3.8013385506e-07, 1.0672266626e-07, 2.13766270463e-07, 2.96668872579e-07, 1.84210708909e-08, 3.61603547105e-09, 2.22289608942e-09, 7.5193629101e-11, 1.66096754406e-11, 5.30472332727e-11, 1.62803505486e-12, 1.1965761498e-12, 2.7082830336e-12, 1.2710793789e-12, 2.95196403129e-13, 2.48238285667e-14, 1.37725363408e-14, 5.41499216394e-16, 1.42028748178e-15, 4.01143395345e-16, 1.15927073213e-16, 5.29233001413e-17, 1.40561577264e-17, 9.82965398472e-19, 1.0112347095e-18, 1.33225114922e-19, 1.08453860235e-19]
    },
    "mfcc": {
        "mean": [-818.885253906, 247.97618103, -6.6910405159, -27.7284355164, -3.00711512566, -13.1577215195, -14.5445184708, -9.58310317993, -4.80028581619, -1.54810082912, -5.30079603195, -5.99632024765, -2.75775742531],
        "cov": [[4642.87207031, 1543.61669922, -1583.45617676, 612.593811035, 191.588165283, -147.1118927, 296.103424072, 73.5831985474, -53.55128479, 126.368034363, 23.540933609, -16.3578395844, 110.026824951], [1543.61669922, 1041.21020508, -278.558624268, -62.0333061218, 152.367721558, -41.857925415, -3.73565173149, 6.64837360382, -40.6336898804, -8.35539627075, -6.40755748749, -25.2123985291, -2.07850885391], [-1583.45617676, -278.558624268, 824.106994629, -204.041931152, -10.5487222672, 128.217147827, -123.347999573, -20.9973316193, 37.777759552, -46.538646698, -0.66825813055, 10.3356275558, -53.9550857544], [612.593811035, -62.0333061218, -204.041931152, 502.871032715, 135.069610596, 24.3650474548, 174.684310913, 72.8419494629, 49.61378479, 89.406288147, 36.8263511658, 20.5485057831, 51.0587692261], [191.588165283, 152.367721558, -10.5487222672, 135.069610596, 228.419509888, 71.526802063, 42.0681686401, 50.5283737183, 10.6791696548, 8.81334114075, 12.7726249695, -3.20056939125, -1.47134101391], [-147.1118927, -41.857925415, 128.217147827, 24.3650474548, 71.526802063, 186.719314575, 66.7478103638, 20.3039588928, 32.1427154541, 1.19525182247, 11.9122123718, 13.9918088913, -21.8462524414], [296.103424072, -3.73565173149, -123.347999573, 174.684310913, 42.0681686401, 66.7478103638, 202.431091309, 97.9866409302, 35.9252243042, 52.135597229, 18.5268001556, 11.3393173218, 23.1758346558], [73.5831985474, 6.64837360382, -20.9973316193, 72.8419494629, 50.5283737183, 20.3039588928, 97.9866409302, 125.849235535, 52.6838111877, 15.1372718811, 6.16639471054, -0.397613942623, 7.02602148056], [-53.55128479, -40.6336898804, 37.777759552, 49.61378479, 10.6791696548, 32.1427154541, 35.9252243042, 52.6838111877, 110.238868713, 60.1796684265, -3.29881381989, -5.95246219635, -7.1215763092], [126.368034363, -8.35539627075, -46.538646698, 89.406288147, 8.81334114075, 1.19525182247, 52.135597229, 15.1372718811, 60.1796684265, 132.126754761, 61.1442565918, -13.9693775177, 4.34345245361], [23.540933609, -6.40755748749, -0.66825813055, 36.8263511658, 12.7726249695, 11.9122123718, 18.5268001556, 6.16639471054, -3.29881381989, 61.1442565918, 118.17591095, 44.3381538391, -14.818980217], [-16.3578395844, -25.2123985291, 10.3356275558, 20.5485057831, -3.20056939125, 13.9918088913, 11.3393173218, -0.397613942623, -5.95246219635, -13.9693775177, 44.3381538391, 104.714233398, 42.7509651184], [110.026824951, -2.07850885391, -53.9550857544, 51.0587692261, -1.47134101391, -21.8462524414, 23.1758346558, 7.02602148056, -7.1215763092, 4.34345245361, -14.818980217, 42.7509651184, 121.975227356]],
