{
"lowlevel": {
    "average_loudness": 0.776298582554,
    "barkbands_crest": {
        "dmean": 2.10873126984,
        "dmean2": 3.33336567879,
        "dvar": 5.31703138351,
        "dvar2": 12.401515007,
        "max": 24.9257984161,
        "mean": 12.448138237,
        "median": 11.8413038254,
        "min": 3.06891560555,
        "var": 15.1884250641
    },
    "barkbands_flatness_db": {
        "dmean": 0.0488362796605,
        "dmean2": 0.0680858194828,
        "dvar": 0.00295130209997,
        "dvar2": 0.006323187612,
        "max": 0.65955632925,
        "mean": 0.279848754406,
        "median": 0.254838019609,
        "min": 0.048340678215,
        "var": 0.0159393120557
    },
    "barkbands_kurtosis": {
        "dmean": 10.8853931427,
        "dmean2": 17.5328044891,
        "dvar": 456.596435547,
        "dvar2": 1191.66723633,
        "max": 438.150085449,
        "mean": 15.8555183411,
        "median": 8.24971199036,
        "min": -1.77238833904,
        "var": 614.891784668
    },
    "barkbands_skewness": {
        "dmean": 1.00055480003,
        "dmean2": 1.52682733536,
        "dvar": 1.4587842226,
        "dvar2": 3.31235170364,
        "max": 16.4629745483,
        "mean": 2.53658461571,
        "median": 2.23161077499,
        "min": -2.33213829994,
        "var": 3.20790839195
    },
    "barkbands_spread": {
        "dmean": 4.89285087585,
        "dmean2": 7.76532697678,
        "dvar": 77.9225921631,
        "dvar2": 163.016723633,
        "max": 115.963378906,
        "mean": 9.28344726562,
        "median": 5.01540994644,
        "min": 0.21580503881,
        "var": 158.145950317
    },
    "dissonance": {
        "dmean": 0.0386913269758,
        "dmean2": 0.0635301023722,
        "dvar": 0.00167435652111,
        "dvar2": 0.00401600636542,
        "max": 0.499995917082,
        "mean": 0.376741707325,
        "median": 0.411499887705,
        "min": 0.062825165689,
        "var": 0.00955369137228
    },
    "dynamic_complexity": 3.07732367516,
    "erbbands_crest": {
        "dmean": 2.298350811,
        "dmean2": 3.59183120728,
        "dvar": 7.81067037582,
        "dvar2": 17.002784729,
        "max": 30.6380405426,
        "mean": 12.4725284576,
        "median": 11.7333230972,
        "min": 2.29182291031,
        "var": 26.717672348
    },
    "erbbands_flatness_db": {
        "dmean": 0.0475762858987,
        "dmean2": 0.0622470863163,
        "dvar": 0.00264339568093,
        "dvar2": 0.00516865309328,
        "max": 0.552809715271,
        "mean": 0.220138251781,
        "median": 0.199849322438,
        "min": 0.0339705199003,
        "var": 0.0126682706177
    },
    "erbbands_kurtosis": {
        "dmean": 3.61372876167,
        "dmean2": 5.84650468826,
        "dvar": 33.3740882874,
        "dvar2": 79.6374664307,
        "max": 88.8100585938,
        "mean": 5.25725698471,
        "median": 2.52545690536,
        "min": -1.85163092613,
        "var": 65.2832336426
    },
    "erbbands_skewness": {
        "dmean": 0.635071516037,
        "dmean2": 0.976368248463,
        "dvar": 0.547561109066,
        "dvar2": 1.22549986839,
        "max": 7.56631660461,
        "mean": 1.32480609417,
        "median": 1.10591137409,
        "min": -2.42366623878,
        "var": 1.37052285671
    },
    "erbbands_spread": {
        "dmean": 15.6084899902,
        "dmean2": 23.653131485,
        "dvar": 605.235900879,
        "dvar2": 1286.88024902,
        "max": 180.217544556,
        "mean": 29.0759887695,
        "median": 18.1819572449,
        "min": 1.12092030048,
        "var": 955.24017334
    },
    "hfc": {
        "dmean": 14.871383667,
        "dmean2": 22.4184131622,
        "dvar": 1287.89135742,
        "dvar2": 2824.88916016,
        "max": 385.275268555,
        "mean": 21.5606956482,
        "median": 9.43100547791,
        "min": 1.14978727185e-16,
        "var": 1606.01049805
    },
    "melbands_crest": {
        "dmean": 2.69706487656,
        "dmean2": 4.29487514496,
        "dvar": 9.08861732483,
        "dvar2": 21.9114341736,
        "max": 37.4631462097,
        "mean": 16.876077652,
        "median": 16.102935791,
        "min": 2.1075463295,
        "var": 33.0766067505
    },
    "melbands_flatness_db": {
        "dmean": 0.0535010844469,
        "dmean2": 0.0752136036754,
        "dvar": 0.00368872797117,
        "dvar2": 0.0079254200682,
        "max": 0.851696312428,
        "mean": 0.399616658688,
        "median": 0.373181194067,
        "min": 0.00721009029076,
        "var": 0.021919708699
    },
    "melbands_kurtosis": {
        "dmean": 20.6408576965,
        "dmean2": 32.5773429871,
        "dvar": 1789.73632812,
        "dvar2": 4316.56396484,
        "max": 850.452270508,
        "mean": 29.4149150848,
        "median": 12.6639766693,
        "min": -1.56531322002,
        "var": 2396.4934082
    },
    "melbands_skewness": {
        "dmean": 1.20702898502,
        "dmean2": 1.81315481663,
        "dvar": 2.75578522682,
        "dvar2": 5.93666982651,
        "max": 21.1496772766,
        "mean": 3.15941548347,
        "median": 2.51208233833,
        "min": -1.08260309696,
        "var": 5.76870727539
    },
    "melbands_spread": {
        "dmean": 2.02312898636,
        "dmean2": 3.22639226913,
        "dvar": 11.1587352753,
        "dvar2": 24.6506824493,
        "max": 170.640670776,
        "mean": 6.8855638504,
        "median": 4.41227388382,
        "min": 0.132453501225,
        "var": 107.887519836
    },
    "pitch_salience": {
        "dmean": 0.0645346865058,
        "dmean2": 0.103374026716,
        "dvar": 0.00506011024117,
        "dvar2": 0.0126586752012,
        "max": 0.850104868412,
        "mean": 0.478482186794,
        "median": 0.478689819574,
        "min": 0.0646394193172,
        "var": 0.0153050916269
    },
    "silence_rate_20dB": {
        "dmean": 0.0288920421153,
        "dmean2": 0.057787809521,
        "dvar": 0.0280532669276,
        "dvar2": 0.0748181864619,
        "max": 1,
        "mean": 0.981298744678,
        "median": 1,
        "min": 0,
        "var": 0.0183481164277
    },
    "silence_rate_30dB": {
        "dmean": 0.084225460887,
        "dmean2": 0.16846178472,
        "dvar": 0.0771224796772,
        "dvar2": 0.156047672033,
        "max": 1,
        "mean": 0.859676301479,
        "median": 1,
        "min": 0,
        "var": 0.120616838336
    },
    "silence_rate_60dB": {
        "dmean": 0.00141880568117,
        "dmean2": 0.00277329888195,
        "dvar": 0.0014168015914,
        "dvar2": 0.00366859231144,
        "max": 1,
        "mean": 0.0152189331129,
        "median": 0,
        "min": 0,
        "var": 0.0149872377515
    },
    "spectral_centroid": {
        "dmean": 104.102615356,
        "dmean2": 159.469497681,
        "dvar": 36333.3945312,
        "dvar2": 70162.9375,
        "max": 10554.9306641,
        "mean": 483.745941162,
        "median": 360.288085938,
        "min": 93.6868667603,
        "var": 165818.140625
    },
    "spectral_complexity": {
        "dmean": 2.4177737236,
        "dmean2": 3.9589164257,
        "dvar": 25.2055492401,
        "dvar2": 60.6626052856,
        "max": 61,
        "mean": 11.0295352936,
        "median": 9,
        "min": 0,
        "var": 47.7783660889
    },
    "spectral_decrease": {
        "dmean": 7.22815229892e-09,
        "dmean2": 1.14386535799e-08,
        "dvar": 2.98215075028e-16,
        "dvar2": 6.91490169568e-16,
        "max": 5.6731454393e-17,
        "mean": -1.54780543937e-08,
        "median": -9.85254544617e-09,
        "min": -1.98157096065e-07,
        "var": 3.78230598256e-16
    },
    "spectral_energy": {
        "dmean": 0.0283170081675,
        "dmean2": 0.0446867831051,
        "dvar": 0.00446249451488,
        "dvar2": 0.010291618295,
        "max": 0.753140449524,
        "mean": 0.060373172164,
        "median": 0.0385905206203,
        "min": 1.08968193708e-20,
        "var": 0.00570895476267
    },
    "spectral_energyband_high": {
        "dmean": 0.00112805480603,
        "dmean2": 0.00169939128682,
        "dvar": 8.80906827661e-06,
        "dvar2": 1.84885302588e-05,
        "max": 0.0326294898987,
        "mean": 0.00104967330117,
        "median": 4.62945354229e-05,
        "min": 7.73066036827e-21,
        "var": 1.08668200482e-05
    },
    "spectral_energyband_low": {
        "dmean": 0.0240197535604,
        "dmean2": 0.0383053831756,
        "dvar": 0.00383623037487,
        "dvar2": 0.00904189888388,
        "max": 0.740261018276,
        "mean": 0.0412215739489,
        "median": 0.0197359472513,
        "min": 1.25908448252e-22,
        "var": 0.00452511524782
    },
    "spectral_energyband_middle_high": {
        "dmean": 0.000783571158536,
        "dmean2": 0.00127686036285,
        "dvar": 4.08495225201e-06,
        "dvar2": 9.48444812821e-06,
        "max": 0.0395325422287,
        "mean": 0.00163674878422,
        "median": 0.000444872508524,
        "min": 1.86804403009e-21,
        "var": 1.05943327071e-05
    },
    "spectral_energyband_middle_low": {
        "dmean": 0.00628143083304,
        "dmean2": 0.00998749304563,
        "dvar": 0.000153379267431,
        "dvar2": 0.000376766023692,
        "max": 0.189675614238,
        "mean": 0.017990745604,
        "median": 0.0139713827521,
        "min": 2.72776135583e-22,
        "var": 0.000247231073445
    },
    "spectral_entropy": {
        "dmean": 0.465190023184,
        "dmean2": 0.660694777966,
        "dvar": 0.321959078312,
        "dvar2": 0.666695475578,
        "max": 9.80971050262,
        "mean": 6.43482112885,
        "median": 6.56300830841,
        "min": 4.05051803589,
        "var": 1.22523081303
    },
    "spectral_flux": {
        "dmean": 0.046771582216,
        "dmean2": 0.0740186050534,
        "dvar": 0.00589435128495,
        "dvar2": 0.0130634512752,
        "max": 0.751897573471,
        "mean": 0.092923566699,
        "median": 0.0613845922053,
        "min": 1.04387831712e-10,
        "var": 0.00958296097815
    },
    "spectral_kurtosis": {
        "dmean": 32.7742576599,
        "dmean2": 51.3873901367,
        "dvar": 6702.60986328,
        "dvar2": 15547.5605469,
        "max": 1201.1875,
        "mean": 64.3675537109,
        "median": 9.07520294189,
        "min": -1.19573354721,
        "var": 24740.0761719
    },
    "spectral_rms": {
        "dmean": 0.00139478419442,
        "dmean2": 0.00213642092422,
        "dvar": 5.47856325284e-06,
        "dvar2": 1.19181322589e-05,
        "max": 0.0271066632122,
        "mean": 0.00679740449414,
        "median": 0.00613590190187,
        "min": 3.26052791537e-12,
        "var": 1.26958539113e-05
    },
    "spectral_rolloff": {
        "dmean": 166.704452515,
        "dmean2": 297.12588501,
        "dvar": 624648,
        "dvar2": 1516321.875,
        "max": 19702.8808594,
        "mean": 554.343444824,
        "median": 344.53125,
        "min": 43.06640625,
        "var": 2319440
    },
    "spectral_skewness": {
        "dmean": 1.38251256943,
        "dmean2": 2.0128929615,
        "dvar": 4.70162200928,
        "dvar2": 9.52476882935,
        "max": 27.0111293793,
        "mean": 4.3980717659,
        "median": 2.60481286049,
        "min": 0.037120141089,
        "var": 23.0701160431
    },
    "spectral_spread": {
        "dmean": 2223952.75,
        "dmean2": 3088902,
        "dvar": 6.25813173043e+12,
        "dvar2": 1.21066938696e+13,
        "max": 39958256,
        "mean": 4785039,
        "median": 3856989.5,
        "min": 80242.8984375,
        "var": 1.32607702467e+13
    },
    "spectral_strongpeak": {
        "dmean": 0.361313164234,
        "dmean2": 0.620337307453,
        "dvar": 0.371004879475,
        "dvar2": 0.920574247837,
        "max": 7.24807405472,
        "mean": 0.7641954422,
        "median": 0.53808683157,
        "min": 0,
        "var": 0.599251508713
    },
    "zerocrossingrate": {
        "dmean": 0.0104251168668,
        "dmean2": 0.0127915516496,
        "dvar": 0.000241577858105,
        "dvar2": 0.000295944599202,
        "max": 0.64111328125,
        "mean": 0.0296192467213,
        "median": 0.01806640625,
        "min": 0.0009765625,
        "var": 0.001958521083
    },
    "barkbands": {
        "dmean": [0.00253639835864, 0.0187872983515, 0.005242315121, 0.00190754642244, 0.00246130442247, 0.00161630334333, 0.00110573659185, 0.000781954207923, 0.000559912063181, 0.000382690050174, 0.000219790090341, 0.000109100212285, 7.1178736107e-05, 7.88352335803e-05, 8.70638687047e-05, 5.99560080445e-05, 4.20836477133e-05, 2.85532005364e-05, 4.92421386298e-05, 3.99754135287e-05, 5.45050534129e-05, 0.000104333055788, 0.000221664231503, 0.000155993096996, 0.000208217999898, 0.000268755509751, 0.000117914656585],
        "dmean2": [0.00409189099446, 0.0299301035702, 0.00860523898154, 0.00332656875253, 0.00393088487908, 0.00258393213153, 0.0017798487097, 0.00121958903037, 0.000872448610608, 0.000566155475099, 0.000337716395734, 0.000185111741303, 0.000122206678498, 0.000138706483995, 0.00015697805793, 0.000104654653114, 7.20328171155e-05, 4.66942801722e-05, 8.06031530374e-05, 6.5299027483e-05, 8.03560542408e-05, 0.000158662791364, 0.00034233511542, 0.000238416876527, 0.000314564647852, 0.000404428574257, 0.000188847378013],
        "dvar": [4.14070273109e-05, 0.0031498586759, 7.77980967541e-05, 1.75192089955e-05, 3.56240489054e-05, 1.51961112351e-05, 6.67120366415e-06, 4.41163865617e-06, 2.59113721768e-06, 1.7937956045e-06, 1.22265851132e-06, 1.16953621898e-07, 2.97628020007e-08, 5.20856282549e-08, 7.53757873895e-08, 3.77900235549e-08, 1.5506390838e-08, 7.11656067409e-09, 2.40252919781e-08, 1.59700128677e-08, 2.6368917716e-08, 8.27926669444e-08, 3.43634155797e-07, 1.66243566468e-07, 2.87409449129e-07, 5.44840872863e-07, 1.6597756769e-07],
        "dvar2": [9.34062918532e-05, 0.00752159068361, 0.000217784763663, 4.93026054755e-05, 8.76439517015e-05, 4.02052610298e-05, 1.58472666953e-05, 9.50093635765e-06, 5.4944821386e-06, 3.0880560189e-06, 2.21767345465e-06, 3.21073969189e-07, 8.20226020437e-08, 1.47703730136e-07, 2.17255347934e-07, 1.04243277121e-07, 4.14314023089e-08, 1.74660019781e-08, 5.97562319626e-08, 4.11927274513e-08, 5.35253299461e-08, 1.57496288011e-07, 7.41577366625e-07, 3.47524377275e-07, 6.02598959176e-07, 1.19371190976e-06, 4.13496564988e-07],
        "max": [0.0837578326464, 0.69528311491, 0.146340057254, 0.0700762867928, 0.11126947403, 0.103323355317, 0.0644444823265, 0.0606123693287, 0.0426941104233, 0.0277199596167, 0.0353196598589, 0.00936193671077, 0.00258509884588, 0.00287930015475, 0.00317721744068, 0.0034754248336, 0.00158037338406, 0.00122119823936, 0.00211808993481, 0.00183852855116, 0.00281609129161, 0.0037876656279, 0.0072413100861, 0.00512628955767, 0.00648342911154, 0.00778717501089, 0.00477671902627],
        "mean": [0.00379798957147, 0.024972435087, 0.0111700408161, 0.00290979119018, 0.00541302794591, 0.00407036347315, 0.00231451494619, 0.00166991061997, 0.00105685123708, 0.000735905603506, 0.000491967890412, 0.000174436121597, 0.000109904096462, 0.000102901809441, 0.000105775921838, 6.97778523318e-05, 5.16028740094e-05, 3.4133776353e-05, 5.16514701303e-05, 4.22394914494e-05, 6.12483272562e-05, 0.000104218102933, 0.000194931693841, 0.000152096603415, 0.000186451579793, 0.000236973515712, 9.20217426028e-05],
        "median": [0.000140636358992, 0.00812667328864, 0.00658972328529, 0.00177684682421, 0.00356060778722, 0.00170772545971, 0.000616327917669, 0.000553645717446, 0.00021871298668, 0.000135861380841, 5.71438504267e-05, 2.92770164378e-05, 2.87229668174e-05, 1.29107729663e-05, 1.536650052e-05, 9.39888832363e-06, 8.64037428983e-06, 5.90148420088e-06, 4.90551838084e-06, 3.3816929772e-06, 4.85714735987e-06, 6.43153180135e-06, 6.49899948257e-06, 6.01048714088e-06, 3.79339167011e-06, 2.42793703364e-06, 5.34130208507e-07],
        "min": [3.77202045985e-23, 3.8052908263e-23, 7.11082249192e-23, 3.59818707077e-24, 1.31313770506e-23, 4.00735660054e-23, 2.27331584861e-23, 3.52439512843e-23, 1.30775492845e-22, 5.59797660232e-23, 8.0691351372e-23, 1.0907740033e-22, 2.24128131166e-22, 1.67684590661e-22, 1.58917114829e-22, 1.09749421469e-22, 1.52119380502e-22, 1.69880577472e-22, 4.43212702222e-22, 3.16728133074e-22, 4.5890303203e-22, 4.00174394986e-22, 7.18718725677e-22, 9.01097964845e-22, 1.63920691682e-21, 1.63045003065e-21, 2.09896111083e-21],
        "var": [8.80759835127e-05, 0.00321103841998, 0.000173127118615, 1.73300450115e-05, 4.79430418636e-05, 3.0288920243e-05, 1.74697288458e-05, 1.39137300721e-05, 7.5758107414e-06, 4.96965367347e-06, 4.93450488648e-06, 1.28748780526e-07, 3.59252503301e-08, 4.80408388626e-08, 5.72673677368e-08, 3.14050225825e-08, 1.50268082422e-08, 7.11328729253e-09, 2.27014655962e-08, 1.5040422241e-08, 3.58655327659e-08, 1.12540796238e-07, 3.97853114009e-07, 2.19933710355e-07, 3.48953875573e-07, 6.18243632289e-07, 1.38924193038e-07]
    },
    "erbbands": {
        "dmean": [0.864499926567, 3.19909954071, 5.79337310791, 5.85829162598, 8.73631191254, 7.66253566742, 8.531001091, 14.7459278107, 17.6719818115, 17.9609127045, 12.1067314148, 13.9620723724, 14.5165271759, 5.8387670517, 8.83521080017, 4.29169130325, 3.24822044373, 3.58442115784, 4.36677074432, 4.47583293915, 2.75398206711, 2.29329800606, 1.70744037628, 1.53401744366, 2.81372261047, 1.79851579666, 2.27307009697, 2.27510118484, 3.59153580666, 5.22803115845, 6.82350587845, 3.6181075573, 2.44380664825, 1.95012390614, 1.6814147234, 1.08348083496, 0.54792112112, 0.136494740844, 0.0199257172644, 0.000971317989752],
        "dmean2": [1.40241038799, 5.07103776932, 9.52107524872, 9.90687465668, 14.396818161, 12.900598526, 13.7151098251, 24.2344074249, 27.5179080963, 28.2654361725, 19.6409244537, 21.412946701, 21.5006427765, 9.22144699097, 13.5049552917, 7.09108924866, 5.58340787888, 6.25250244141, 7.9436416626, 7.96136140823, 4.72225999832, 3.93678164482, 2.81674361229, 2.4775428772, 4.68102788925, 2.9022731781, 3.4513604641, 3.38588213921, 5.46583747864, 7.97062206268, 10.7525224686, 5.60497713089, 3.73441410065, 2.92411565781, 2.5611011982, 1.63843333721, 0.859761178493, 0.21014341712, 0.0319162644446, 0.00156403717119],
        "dvar": [7.72243022919, 81.9343795776, 105.601211548, 116.607887268, 533.780639648, 382.463928223, 375.542541504, 1307.44909668, 1714.31298828, 2146.12475586, 1053.63427734, 1691.31958008, 2644.6965332, 311.026916504, 2028.3248291, 109.319488525, 63.0224380493, 96.9837646484, 214.943634033, 188.239715576, 69.926902771, 53.3634414673, 25.6780757904, 21.7869682312, 79.5539550781, 33.4182815552, 49.3342056274, 44.5218048096, 105.749351501, 204.923202515, 308.243774414, 92.7409210205, 40.2802467346, 28.9245872498, 17.0637245178, 8.20099449158, 2.55066275597, 0.172559782863, 0.00501450896263, 1.11557528726e-05],
        "dvar2": [18.4807605743, 208.820495605, 280.681335449, 361.743469238, 1226.40722656, 1069.88330078, 978.887329102, 3522.20092773, 4003.6003418, 4677.87597656, 2591.28588867, 3445.2409668, 4520.34228516, 697.67779541, 3639.47119141, 274.600708008, 173.727233887, 269.98828125, 618.251525879, 540.835693359, 186.633453369, 142.939788818, 65.120880127, 49.5842132568, 204.960281372, 84.9161834717, 117.480789185, 83.0893325806, 197.459259033, 453.299346924, 658.147155762, 203.599105835, 82.263381958, 62.5053520203, 34.8283081055, 17.5903148651, 6.0553021431, 0.39316084981, 0.0125344283879, 2.76549271803e-05],
        "max": [30.9975814819, 117.217720032, 142.756011963, 184.761734009, 322.77722168, 322.256256104, 434.089263916, 912.689086914, 980.796386719, 1141.94274902, 652.191833496, 1305.5489502, 1063.43908691, 438.498352051, 1391.5715332, 169.84312439, 124.197128296, 134.244400024, 154.63067627, 195.91027832, 124.495857239, 97.9444274902, 71.5162582397, 71.2441253662, 113.642356873, 93.4686203003, 113.75138855, 114.508735657, 139.629318237, 168.675323486, 198.968811035, 122.623756409, 79.0089492798, 70.8637237549, 42.0473709106, 30.4648284912, 18.9099731445, 4.45686101913, 0.889351308346, 0.0372501499951],
        "mean": [0.976890027523, 4.6539683342, 12.0580024719, 12.2747268677, 15.8835172653, 15.1921033859, 20.007648468, 34.4355545044, 41.2993202209, 40.8429527283, 23.6992645264, 28.389131546, 29.8492965698, 11.7638463974, 20.0395183563, 7.64487457275, 5.28889894485, 5.34388923645, 5.11226987839, 5.63145065308, 3.47992825508, 2.75493550301, 2.06785321236, 1.79025113583, 2.87251496315, 1.98116898537, 2.41021728516, 2.57117176056, 3.68341827393, 4.76711750031, 5.83483123779, 3.37802791595, 2.36636304855, 1.80432856083, 1.49389410019, 0.961372971535, 0.46561935544, 0.114647813141, 0.0156144211069, 0.000790475227404],
        "median": [0.187237203121, 1.6987452507, 5.65279483795, 8.75908279419, 7.96403598785, 9.51487922668, 10.5243778229, 14.5282316208, 14.073299408, 11.8400163651, 8.86023616791, 6.59033632278, 6.02794694901, 2.63232183456, 2.61834383011, 1.62645161152, 1.47946417332, 0.698183596134, 0.902024328709, 0.835761427879, 0.674471914768, 0.499013274908, 0.376803040504, 0.22825948894, 0.233349516988, 0.162774026394, 0.168278068304, 0.204913526773, 0.228036165237, 0.202770590782, 0.203681468964, 0.137159705162, 0.0840905159712, 0.0473185181618, 0.0259799920022, 0.011317611672, 0.00437689758837, 0.000933067174628, 0.00011833471217, 6.62071688566e-05],
        "min": [1.94138926259e-21, 7.2585163375e-21, 6.05309834257e-20, 4.96698790319e-20, 1.9607610409e-20, 4.32361070015e-20, 2.40002965064e-19, 3.39168814866e-19, 3.32586085702e-19, 4.77221691885e-19, 1.14302722514e-18, 3.00659452468e-18, 2.2250720072e-18, 2.38983666584e-18, 3.4178834077e-18, 4.53267844155e-18, 9.59245456739e-18, 6.60354040792e-18, 9.62404790371e-18, 9.85070118181e-18, 5.13265735525e-18, 8.80452284772e-18, 9.5679468602e-18, 1.10464197086e-17, 2.8207586807e-17, 1.54172255217e-17, 1.27049143552e-17, 2.21686918793e-17, 1.29674292216e-17, 2.03959710347e-17, 1.90671384679e-17, 1.85525973853e-17, 1.5824312534e-17, 1.74861332739e-17, 1.15542622826e-17, 5.94351355842e-18, 3.32115021853e-18, 1.04488576098e-18, 2.74042868987e-19, 3.29529530554e-20],
        "var": [7.66634464264, 80.186050415, 251.520065308, 154.002532959, 693.613891602, 413.839141846, 769.450622559, 2289.84155273, 4519.29492188, 7099.86962891, 2189.58276367, 5505.54345703, 8014.18994141, 791.21673584, 7987.30126953, 202.723693848, 77.7068481445, 111.65209198, 152.682998657, 159.193878174, 66.1299438477, 48.0588912964, 24.7138957977, 23.4414539337, 70.9697952271, 32.9707984924, 54.3921775818, 65.1406860352, 145.919418335, 236.911315918, 349.888092041, 112.185012817, 53.1579780579, 33.9923171997, 21.5280666351, 9.73757743835, 2.53810024261, 0.174615517259, 0.00413956819102, 9.25412859942e-06]
    },
    "gfcc": {
        "mean": [-77.1114730835, 141.310684204, -36.8186187744, 9.61759090424, -55.0517272949, 7.81552839279, -28.4029693604, 1.44824767113, -13.0537910461, -1.46795654297, -14.1835231781, -2.42883419991, -10.7700548172],
        "cov": [[21184.8496094, -6230.98339844, -1716.74914551, 2403.54907227, -582.172668457, 1403.58679199, -369.579772949, 1028.25146484, 44.5732917786, 1170.49047852, -127.275184631, 848.24041748, -242.916778564], [-6230.98339844, 5544.44824219, 98.3041763306, -1488.81738281, 412.38369751, -739.450256348, 343.038116455, -572.946777344, 218.692169189, -536.933166504, 296.320220947, -550.597473145, 213.674423218], [-1716.74914551, 98.3041763306, 2190.37255859, -456.586151123, -443.445220947, -63.1379623413, -244.395614624, -122.540641785, -133.570739746, -95.1683731079, -139.176986694, 3.84230327606, -123.862060547], [2403.54907227, -1488.81738281, -456.586151123, 1106.47351074, -30.9482707977, 116.608894348, -61.5233955383, 163.44367981, 9.08477115631, 183.991043091, -8.03420639038, 161.412002563, 2.56401896477], [-582.172668457, 412.38369751, -443.445220947, -30.9482707977, 475.535766602, -21.3685703278, 102.607643127, -17.5214118958, 80.6163711548, -26.4768447876, 74.1201019287, -39.788105011, 64.4420318604], [1403.58679199, -739.450256348, -63.1379623413, 116.608894348, -21.3685703278, 299.53213501, 17.1379528046, 135.699752808, -0.0970943942666, 108.502456665, -20.419549942, 97.7758026123, -33.0321121216], [-369.579772949, 343.038116455, -244.395614624, -61.5233955383, 102.607643127, 17.1379528046, 219.437042236, 34.110496521, 62.6087112427, -14.9477834702, 55.9784698486, -41.6817245483, 44.4593048096], [1028.25146484, -572.946777344, -122.540641785, 163.44367981, -17.5214118958, 135.699752808, 34.110496521, 169.999160767, 29.9718055725, 95.474899292, -14.3246622086, 70.1164169312, -18.7056369781], [44.5732917786, 218.692169189, -133.570739746, 9.08477115631, 80.6163711548, -0.0970943942666, 62.6087112427, 29.9718055725, 112.415153503, 41.6319274902, 59.2322731018, -19.3723716736, 24.2086639404], [1170.49047852, -536.933166504, -95.1683731079, 183.991043091, -26.4768447876, 108.502456665, -14.9477834702, 95.474899292, 41.6319274902, 166.788757324, 41.4706687927, 72.6067428589, -19.4942245483], [-127.275184631, 296.320220947, -139.176986694, -8.03420639038, 74.1201019287, -20.419549942, 55.9784698486, -14.3246622086, 59.2322731018, 41.4706687927, 128.074295044, 11.9521818161, 31.5106372833], [848.24041748, -550.597473145, 3.84230327606, 161.412002563, -39.788105011, 97.7758026123, -41.6817245483, 70.1164169312, -19.3723716736, 72.6067428589, 11.9521818161, 129.48979187, 7.4057135582], [-242.916778564, 213.674423218, -123.862060547, 2.56401896477, 64.4420318604, -33.0321121216, 44.4593048096, -18.7056369781, 24.2086639404, -19.4942245483, 31.5106372833, 7.4057135582, 75.306350708]],
        "icov": [[0.000136586517328, -0.00011248166993, 0.00013262288121, -0.000147620754433, 0.000128454426886, -0.000325263041304, 0.000149210914969, -5.15285573783e-05, -8.28810334497e-06, -0.000680446682964, 0.000536652922165, -0.000517307373229, 0.000282260414679], [-0.00011248166993, 0.00128778070211, -0.000181143244845, 0.000846289971378, 5.82203065278e-05, 0.000719774165191, 7.45149054637e-06, 0.000459638831671, -0.00134214758873, 0.0027978240978, -0.00324168684892, 0.00302079180256, -0.00175279076211], [0.00013262288121, -0.000181143244845, 0.00090818782337, 0.000163136457559, 0.000638377852738, -0.000190980994375, 0.000368773675291, 0.000588840048295, -0.000525758019648, -0.000539774599019, 0.00128870864864, -0.00170329469256, 0.00138603930827], [-0.000147620754433, 0.000846289971378, 0.000163136457559, 0.00206134445034, 3.0643754144e-05, 0.00125381792895, 6.92271933076e-05, 5.63679459447e-05, -0.000956421310548, 0.000905272725504, -0.00125635764562, 0.000577857485041, -0.00117175257765], [0.000128454426886, 5.82203065278e-05, 0.000638377852738, 3.0643754144e-05, 0.00333146192133, -0.000837522849906, 0.000305185909383, 0.000296112673823, -0.00174511654768, 0.00094768521376, -0.000771091901697, 0.00027450939524, -0.000924742023926], [-0.000325263041304, 0.000719774165191, -0.000190980994375, 0.00125381792895, -0.000837522849906, 0.00819538813084, -0.00280224299058, -0.00103087676689, -0.000479662499856, -0.000487970159156, 0.000912703515496, -0.00316470954567, 0.00221870257519], [0.000149210914969, 7.45149054637e-06, 0.000368773675291, 6.92271933076e-05, 0.000305185909383, -0.00280224299058, 0.0103970021009, -0.00640446739271, 0.000430698186392, 0.00313002802432, -0.00581256998703, 0.00715636415407, -0.00575476139784], [-5.15285573783e-05, 0.000459638831671, 0.000588840048295, 5.63679459447e-05, 0.000296112673823, -0.00103087676689, -0.00640446739271, 0.019173419103, -0.00784384924918, -0.00402403296903, 0.00841645896435, -0.00941967498511, 0.00621873652562], [-8.28810334497e-06, -0.00134214758873, -0.000525758019648, -0.000956421310548, -0.00174511654768, -0.000479662499856, 0.000430698186392, -0.00784384924918, 0.0218711271882, -0.00733437715098, -0.00474451994523, 0.00791516993195, -0.00569303147495], [-0.000680446682964, 0.0027978240978, -0.000539774599019, 0.000905272725504, 0.00094768521376, -0.000487970159156, 0.00313002802432, -0.00402403296903, -0.00733437715098, 0.0246289484203, -0.0151277156547, 0.00560037884861, -0.00041201885324], [0.000536652922165, -0.00324168684892, 0.00128870864864, -0.00125635764562, -0.000771091901697, 0.000912703515496, -0.00581256998703, 0.00841645896435, -0.00474451994523, -0.0151277156547, 0.0282564517111, -0.0183771029115, 0.00726685626432], [-0.000517307373229, 0.00302079180256, -0.00170329469256, 0.000577857485041, 0.00027450939524, -0.00316470954567, 0.00715636415407, -0.00941967498511, 0.00791516993195, 0.00560037884861, -0.0183771029115, 0.0339333675802, -0.0179911255836], [0.000282260414679, -0.00175279076211, 0.00138603930827, -0.00117175257765, -0.000924742023926, 0.00221870257519, -0.00575476139784, 0.00621873652562, -0.00569303147495, -0.00041201885324, 0.00726685626432, -0.0179911255836, 0.02864135243]]
    },
    "melbands": {
        "dmean": [0.00622754823416, 0.0032186745666, 0.00108985579573, 0.000558778177947, 0.000313920027111, 0.000335389253451, 0.000255359278526, 0.000194814696442, 9.53706985456e-05, 8.65918045747e-05, 7.13956105756e-05, 2.34839371842e-05, 3.11075964419e-05, 1.49857633005e-05, 8.93222568266e-06, 6.69055816616e-06, 6.950736406e-06, 7.31108184482e-06, 6.25213669991e-06, 5.12055748914e-06, 3.09605024995e-06, 2.45144178734e-06, 2.11816882256e-06, 1.28671013044e-06, 1.1443536323e-06, 2.33315063269e-06, 1.51131814619e-06, 1.14642762128e-06, 1.299563678e-06, 1.55524287493e-06, 1.28181534365e-06, 1.94097447093e-06, 2.34460821957e-06, 3.29920885633e-06, 4.6600944188e-06, 2.31374338e-06, 2.14034776036e-06, 1.71542592398e-06, 1.56409851115e-06, 1.69961640495e-06],
        "dmean2": [0.00998684577644, 0.00522349402308, 0.00183618953452, 0.000911277893465, 0.000506071897689, 0.000542001973372, 0.000398898642743, 0.000303588429233, 0.000154119552462, 0.000133016146719, 0.000105866842205, 3.78128497687e-05, 4.79928130517e-05, 2.39480286837e-05, 1.51210188051e-05, 1.15631883091e-05, 1.21106086226e-05, 1.3255167687e-05, 1.13316928037e-05, 9.07283447305e-06, 5.25068526258e-06, 4.18809622715e-06, 3.62532000509e-06, 2.0635650344e-06, 1.87533908047e-06, 3.91078219764e-06, 2.45563433054e-06, 1.86866077456e-06, 2.05940568776e-06, 2.31601256928e-06, 1.90970513358e-06, 3.00342912851e-06, 3.57891826752e-06, 5.05591651745e-06, 7.37604614187e-06, 3.56084206032e-06, 3.35719391842e-06, 2.64749132839e-06, 2.38722441281e-06, 2.57127908299e-06],
        "dvar": [0.000368316395907, 4.36532354797e-05, 4.17773435402e-06, 2.08184997064e-06, 4.5505748858e-07, 6.46409034744e-07, 3.51838167489e-07, 2.60717087031e-07, 6.4130084354e-08, 6.62738841584e-08, 6.54517933185e-08, 5.15286702196e-09, 2.52711469528e-08, 3.12145154169e-09, 4.73785566335e-10, 2.7009042225e-10, 3.64302893407e-10, 5.7373306106e-10, 4.32175212284e-10, 2.40663294848e-10, 9.60525478599e-11, 5.53527189362e-11, 4.62677778035e-11, 1.37940579098e-11, 1.26930670835e-11, 5.75274133885e-11, 1.97477208197e-11, 1.46114526728e-11, 1.55494228604e-11, 2.56340192129e-11, 1.31201403908e-11, 3.44654547957e-11, 4.30153100639e-11, 8.75918573784e-11, 1.50280635158e-10, 3.31791122354e-11, 3.52891951771e-11, 1.9507067836e-11, 1.86451930284e-11, 2.26956318322e-11],
        "dvar2": [0.000876158650499, 0.000115189584903, 1.16761939353e-05, 5.05542357132e-06, 1.20443041851e-06, 1.70610678651e-06, 8.17619650206e-07, 5.56125485218e-07, 1.59499379038e-07, 1.34631932269e-07, 1.12826690213e-07, 1.21172956113e-08, 4.67994247799e-08, 6.04015415462e-09, 1.30611643723e-09, 7.53535567277e-10, 1.01233732508e-09, 1.64904911948e-09, 1.2502902047e-09, 6.92727097906e-10, 2.51137777241e-10, 1.46519282818e-10, 1.22962612314e-10, 3.12230068189e-11, 2.91446172751e-11, 1.47184250898e-10, 5.02600044916e-11, 3.7301262773e-11, 3.969844245e-11, 5.57920515343e-11, 2.378754832e-11, 6.49367087879e-11, 9.11951139604e-11, 2.00595220989e-10, 3.24155147169e-10, 7.07110620057e-11, 7.78174052973e-11, 4.02463687377e-11, 3.86507145733e-11, 5.02117167289e-11],
        "max": [0.225157529116, 0.0856699198484, 0.0262149143964, 0.0267024673522, 0.0138430818915, 0.0200369711965, 0.0150073012337, 0.014255697839, 0.00514699332416, 0.00815110001713, 0.0053037093021, 0.00193571939599, 0.00559596624225, 0.00162878644187, 0.000264267611783, 0.00025962566724, 0.000268902454991, 0.000254976359429, 0.000230402496527, 0.000262423563981, 0.000124697762658, 9.24477135413e-05, 9.6330200904e-05, 4.52872482128e-05, 5.93612057855e-05, 9.5793431683e-05, 6.18410776951e-05, 6.25062020845e-05, 5.35450781172e-05, 9.29352463572e-05, 6.05946552241e-05, 9.42351398407e-05, 8.1664766185e-05, 0.000118497620861, 0.000142956123454, 7.34901987016e-05, 7.97266911832e-05, 5.43610512977e-05, 5.88565817452e-05, 6.03759690421e-05],
        "mean": [0.00784347299486, 0.00631556287408, 0.0022950922139, 0.00111536541954, 0.000735862529837, 0.000816525018308, 0.00059429963585, 0.000441651645815, 0.000177900030394, 0.000172111758729, 0.000142046250403, 4.11921937484e-05, 7.06200153218e-05, 2.70308573818e-05, 1.43568113344e-05, 1.04037426354e-05, 9.90642001852e-06, 8.29684449855e-06, 7.38008611734e-06, 6.5135004661e-06, 3.69166014025e-06, 2.9399172945e-06, 2.38025631916e-06, 1.53760606736e-06, 1.31541708015e-06, 2.31011495089e-06, 1.6175682731e-06, 1.23521488149e-06, 1.34025799525e-06, 1.65037749866e-06, 1.44937610003e-06, 2.05759283745e-06, 2.13035468732e-06, 2.99006183013e-06, 3.92086394641e-06, 2.13879070543e-06, 2.00445606424e-06, 1.64997447882e-06, 1.52123084263e-06, 1.53664109348e-06],
        "median": [0.0021854469087, 0.00307297846302, 0.0017198540736, 0.000677616917528, 0.000424336991273, 0.000342928775353, 0.00018928895588, 0.000121176846733, 6.4258594648e-05, 3.51458256773e-05, 2.60719534708e-05, 8.48372474138e-06, 8.74684337759e-06, 3.58377201337e-06, 3.7822669583e-06, 2.55164763985e-06, 1.17681906886e-06, 1.29971772367e-06, 1.08912752239e-06, 6.65368759201e-07, 7.0296357535e-07, 4.39615348569e-07, 4.09655626754e-07, 1.84598377473e-07, 1.59266903665e-07, 1.74405727194e-07, 1.27993530441e-07, 9.92651791876e-08, 8.45038812258e-08, 1.24208909824e-07, 1.09815481153e-07, 1.21519477148e-07, 1.24684234493e-07, 1.04179335381e-07, 1.25003609242e-07, 8.90588012226e-08, 7.80351285812e-08, 6.2401667833e-08, 4.34406182137e-08, 3.79973563724e-08],
        "min": [1.55712181231e-23, 2.39296285542e-23, 8.78624440993e-24, 1.74126628394e-24, 7.39327224577e-24, 7.74026849215e-24, 4.7209148159e-24, 5.75586324709e-24, 1.09619164756e-23, 1.97831579108e-23, 1.0824530827e-23, 8.93850876413e-24, 1.12271575444e-23, 1.07029973382e-23, 1.79801200709e-23, 1.99984806503e-23, 1.14322818901e-23, 1.78196121202e-23, 1.19445997164e-23, 1.13342887996e-23, 4.87165587969e-24, 8.93608696116e-24, 9.64066754498e-24, 8.75797163509e-24, 7.08719658113e-24, 2.20370266026e-23, 1.58362564546e-23, 8.47879139415e-24, 7.07886542111e-24, 9.55217628408e-24, 1.39052495986e-23, 7.22076966504e-24, 6.87758677228e-24, 1.396957805e-23, 1.10826019389e-23, 1.0720965223e-23, 1.10761356461e-23, 1.02934420554e-23, 1.37533496981e-23, 1.4407727174e-23],
        "var": [0.00037945996155, 6.70734880259e-05, 5.06211881657e-06, 2.60315187006e-06, 8.54144502682e-07, 1.26186751004e-06, 9.58444957178e-07, 8.96170433862e-07, 1.30142154831e-07, 2.14791171516e-07, 1.94960520616e-07, 1.08184972092e-08, 1.01228067706e-07, 7.74497976863e-09, 5.88036563887e-10, 3.21550036597e-10, 4.13804546184e-10, 4.11795653132e-10, 3.10983516716e-10, 2.07696582155e-10, 9.01504634832e-11, 5.40501636503e-11, 3.95635815775e-11, 1.60198278254e-11, 1.34387379697e-11, 5.02732022678e-11, 1.97152988379e-11, 1.39791598436e-11, 1.54863951524e-11, 3.04347866353e-11, 2.01324582005e-11, 4.70239784611e-11, 5.0725545292e-11, 9.69532717998e-11, 1.65957622644e-10, 4.18827646176e-11, 4.20231106857e-11, 2.53720135179e-11, 2.38516550261e-11, 2.56090652156e-11]
    },
    "mfcc": {
        "mean": [-736.873657227, 174.259765625, 67.0330352783, 20.274477005, 3.82859897614, 7.1066069603, -3.4902920723, 3.57400155067, 0.35133510828, 3.34941005707, -0.185949355364, 0.0726422145963, 0.854048073292],
        "cov": [[14727.671875, -3319.97705078, -2399.11816406, -33.9793701172, 446.864624023, 663.794799805, 54.5076332092, 369.858184814, 398.190917969, 501.566864014, 286.296386719, 303.768890381, 467.902862549], [-3319.97705078, 3195.43481445, 175.040252686, -190.080291748, -263.399078369, -202.833755493, 25.783914566, -134.627792358, -81.4468765259, -83.5667877197, 0.442674189806, -8.80950069427, -90.9351348877], [-2399.11816406, 175.040252686, 2012.46533203, -116.423912048, -167.526397705, -207.429946899, -107.461219788, -82.4963912964, -147.84526062, -132.799026489, -75.0055389404, -81.4205093384, -136.519012451], [-33.9793701172, -190.080291748, -116.423912048, 429.050170898, 108.134605408, 24.0236549377, -23.304479599, -8.37606430054, 3.88118386269, -7.20048046112, -17.1733036041, -7.62613916397, 13.5745506287], [446.864624023, -263.399078369, -167.526397705, 108.134605408, 281.081695557, 90.2440719604, -17.2967338562, 13.8585805893, 21.9750957489, 7.50282239914, 0.247379243374, 16.294052124, 52.8719596863], [663.794799805, -202.833755493, -207.429946899, 24.0236549377, 90.2440719604, 129.755874634, 44.8757591248, 37.2110939026, 33.8271865845, 30.9951572418, 20.6925373077, 24.845664978, 41.0792427063], [54.5076332092, 25.783914566, -107.461219788, -23.304479599, -17.2967338562, 44.8757591248, 110.208930969, 49.6577033997, 28.2244281769, 22.9377269745, 25.5254936218, 16.6157913208, 9.43382740021], [369.858184814, -134.627792358, -82.4963912964, -8.37606430054, 13.8585805893, 37.2110939026, 49.6577033997, 105.521011353, 52.064781189, 25.3123779297, 14.191608429, 8.25573825836, 2.65273118019], [398.190917969, -81.4468765259, -147.84526062, 3.88118386269, 21.9750957489, 33.8271865845, 28.2244281769, 52.064781189, 93.8647918701, 56.6983108521, 24.6946754456, 11.1161174774, 8.39803123474], [501.566864014, -83.5667877197, -132.799026489, -7.20048046112, 7.50282239914, 30.9951572418, 22.9377269745, 25.3123779297, 56.6983108521, 89.6377639771, 54.5226135254, 32.7172851562, 30.5722522736], [286.296386719, 0.442674189806, -75.0055389404, -17.1733036041, 0.247379243374, 20.6925373077, 25.5254936218, 14.191608429, 24.6946754456, 54.5226135254, 78.1483230591, 52.6067886353, 30.0348434448], [303.768890381, -8.80950069427, -81.4205093384, -7.62613916397, 16.294052124, 24.845664978, 16.6157913208, 8.25573825836, 11.1161174774, 32.7172851562, 52.6067886353, 73.8303451538, 52.2558898926], [467.902862549, -90.9351348877, -136.519012451, 13.5745506287, 52.8719596863, 41.0792427063, 9.43382740021, 2.65273118019, 8.39803123474, 30.5722522736, 30.0348434448, 52.2558898926, 82.6538772583]],
