{
"lowlevel": {
    "average_loudness": 0.663890421391,
    "barkbands_crest": {
        "dmean": 2.79970693588,
        "dmean2": 4.43892860413,
        "dvar": 6.82262849808,
        "dvar2": 16.3062896729,
        "max": 26.1988182068,
        "mean": 12.242436409,
        "median": 11.5610561371,
        "min": 2.54410266876,
        "var": 22.0721740723
    },
    "barkbands_flatness_db": {
        "dmean": 0.0291515942663,
        "dmean2": 0.0411163009703,
        "dvar": 0.000909299764317,
        "dvar2": 0.0016814986011,
        "max": 0.355580925941,
        "mean": 0.14713267982,
        "median": 0.143614172935,
        "min": 0.0226777326316,
        "var": 0.00331669626758
    },
    "barkbands_kurtosis": {
        "dmean": 2.95140385628,
        "dmean2": 4.55001497269,
        "dvar": 26.5786533356,
        "dvar2": 55.8044700623,
        "max": 137.14680481,
        "mean": 4.81757497787,
        "median": 2.37288308144,
        "min": -1.84694159031,
        "var": 70.0741195679
    },
    "barkbands_skewness": {
        "dmean": 0.561826765537,
        "dmean2": 0.840836346149,
        "dvar": 0.32539537549,
        "dvar2": 0.678913712502,
        "max": 9.84069061279,
        "mean": 1.39285242558,
        "median": 1.35146093369,
        "min": -3.48218131065,
        "var": 1.81716632843
    },
    "barkbands_spread": {
        "dmean": 7.96978521347,
        "dmean2": 11.2593593597,
        "dvar": 103.434494019,
        "dvar2": 189.146560669,
        "max": 89.932762146,
        "mean": 22.3810253143,
        "median": 17.5305862427,
        "min": 0.635637700558,
        "var": 249.315155029
    },
    "dissonance": {
        "dmean": 0.0283842049539,
        "dmean2": 0.0468901768327,
        "dvar": 0.000781923125032,
        "dvar2": 0.00207765749656,
        "max": 0.5,
        "mean": 0.439406394958,
        "median": 0.449811458588,
        "min": 0.223727926612,
        "var": 0.00193057581782
    },
    "dynamic_complexity": 3.22049093246,
    "erbbands_crest": {
        "dmean": 3.12506341934,
        "dmean2": 4.55244588852,
        "dvar": 11.2375869751,
        "dvar2": 21.0840816498,
        "max": 34.292514801,
        "mean": 14.6276130676,
        "median": 13.3832540512,
        "min": 2.45392417908,
        "var": 65.6893615723
    },
    "erbbands_flatness_db": {
        "dmean": 0.0284437127411,
        "dmean2": 0.036751832813,
        "dvar": 0.00101635896135,
        "dvar2": 0.0016278695548,
        "max": 0.409339904785,
        "mean": 0.167638987303,
        "median": 0.157415702939,
        "min": 0.0468629598618,
        "var": 0.00509873498231
    },
    "erbbands_kurtosis": {
        "dmean": 2.48847198486,
        "dmean2": 3.53418898582,
        "dvar": 17.4309978485,
        "dvar2": 32.3000488281,
        "max": 83.6662521362,
        "mean": 4.09583759308,
        "median": 0.84459900856,
        "min": -1.82272326946,
        "var": 69.6574783325
    },
    "erbbands_skewness": {
        "dmean": 0.508233845234,
        "dmean2": 0.740596473217,
        "dvar": 0.259838789701,
        "dvar2": 0.524493575096,
        "max": 6.76649284363,
        "mean": 0.788609862328,
        "median": 0.702269852161,
        "min": -4.59989690781,
        "var": 1.697275877
    },
    "erbbands_spread": {
        "dmean": 11.1415586472,
        "dmean2": 15.3410625458,
        "dvar": 176.418701172,
        "dvar2": 296.011871338,
        "max": 171.565307617,
        "mean": 36.961730957,
        "median": 32.3207206726,
        "min": 1.22219133377,
        "var": 721.197692871
    },
    "hfc": {
        "dmean": 11.5479230881,
        "dmean2": 15.804558754,
        "dvar": 286.842285156,
        "dvar2": 523.740722656,
        "max": 195.734680176,
        "mean": 25.8628387451,
        "median": 16.9999198914,
        "min": 1.36791683758e-07,
        "var": 711.657775879
    },
    "melbands_crest": {
        "dmean": 3.28936386108,
        "dmean2": 5.39579820633,
        "dvar": 9.12964725494,
        "dvar2": 23.9954204559,
        "max": 33.4354705811,
        "mean": 15.2931404114,
        "median": 14.6255073547,
        "min": 3.68159484863,
        "var": 24.2699375153
    },
    "melbands_flatness_db": {
        "dmean": 0.0324418991804,
        "dmean2": 0.0469307489693,
        "dvar": 0.00112238631118,
        "dvar2": 0.00212521501817,
        "max": 0.460038810968,
        "mean": 0.221331000328,
        "median": 0.222494870424,
        "min": 0.0535506978631,
        "var": 0.00396166415885
    },
    "melbands_kurtosis": {
        "dmean": 6.99705696106,
        "dmean2": 11.1177425385,
        "dvar": 174.889648438,
        "dvar2": 419.929138184,
        "max": 412.130340576,
        "mean": 13.6660966873,
        "median": 7.98312854767,
        "min": -1.90561914444,
        "var": 472.837005615
    },
    "melbands_skewness": {
        "dmean": 0.780207276344,
        "dmean2": 1.17538535595,
        "dvar": 0.720681011677,
        "dvar2": 1.66616261005,
        "max": 17.1177558899,
        "mean": 2.30183076859,
        "median": 2.19927787781,
        "min": -4.0048995018,
        "var": 3.64895009995
    },
    "melbands_spread": {
        "dmean": 6.08592748642,
        "dmean2": 9.45139503479,
        "dvar": 55.4827613831,
        "dvar2": 122.059272766,
        "max": 90.8173828125,
        "mean": 21.1676597595,
        "median": 18.1051158905,
        "min": 0.758070588112,
        "var": 182.707809448
    },
    "pitch_salience": {
        "dmean": 0.0687471106648,
        "dmean2": 0.111384287477,
        "dvar": 0.00450797285885,
        "dvar2": 0.0116071375087,
        "max": 0.947326242924,
        "mean": 0.454342961311,
        "median": 0.446549683809,
        "min": 0.0838313996792,
        "var": 0.0116817411035
    },
    "silence_rate_20dB": {
        "dmean": 0,
        "dmean2": 0,
        "dvar": 0,
        "dvar2": 0,
        "max": 1,
        "mean": 1,
        "median": 1,
        "min": 1,
        "var": 0
    },
    "silence_rate_30dB": {
        "dmean": 0.00488997576758,
        "dmean2": 0.00978083722293,
        "dvar": 0.00486615207046,
        "dvar2": 0.0113161560148,
        "max": 1,
        "mean": 0.991216957569,
        "median": 1,
        "min": 0,
        "var": 0.00870540551841
    },
    "silence_rate_60dB": {
        "dmean": 0.0157565884292,
        "dmean2": 0.0315160304308,
        "dvar": 0.0155075285584,
        "dvar2": 0.0345132239163,
        "max": 1,
        "mean": 0.0450018122792,
        "median": 0,
        "min": 0,
        "var": 0.0429721623659
    },
    "spectral_centroid": {
        "dmean": 240.246902466,
        "dmean2": 341.233154297,
        "dvar": 82200.296875,
        "dvar2": 146531.5625,
        "max": 3434.46801758,
        "mean": 1197.79748535,
        "median": 1058.57995605,
        "min": 233.069992065,
        "var": 307718.5
    },
    "spectral_complexity": {
        "dmean": 4.02789115906,
        "dmean2": 6.00815057755,
        "dvar": 29.3586921692,
        "dvar2": 51.4996833801,
        "max": 48,
        "mean": 14.0329589844,
        "median": 12,
        "min": 0,
        "var": 67.1614837646
    },
    "spectral_decrease": {
        "dmean": 2.05587569191e-09,
        "dmean2": 3.16192916294e-09,
        "dvar": 6.07279196199e-18,
        "dvar2": 1.42610156225e-17,
        "max": -2.19122675438e-17,
        "mean": -7.20683157596e-09,
        "median": -6.23831253321e-09,
        "min": -3.38743149086e-08,
        "var": 2.54984693849e-17
    },
    "spectral_energy": {
        "dmean": 0.00854670908302,
        "dmean2": 0.0129585536197,
        "dvar": 0.000105363200419,
        "dvar2": 0.000239176690229,
        "max": 0.139253869653,
        "mean": 0.0295459460467,
        "median": 0.0254015251994,
        "min": 9.51094966672e-11,
        "var": 0.000436453236034
    },
    "spectral_energyband_high": {
        "dmean": 0.00101467489731,
        "dmean2": 0.00143180426676,
        "dvar": 3.1497334021e-06,
        "dvar2": 5.64609626963e-06,
        "max": 0.0164880491793,
        "mean": 0.00125043571461,
        "median": 0.000283684872556,
        "min": 7.92385601578e-12,
        "var": 4.69627912025e-06
    },
    "spectral_energyband_low": {
        "dmean": 0.00473802955821,
        "dmean2": 0.0081541845575,
        "dvar": 5.90218660363e-05,
        "dvar2": 0.000168901853613,
        "max": 0.0771162435412,
        "mean": 0.00938885938376,
        "median": 0.00751648191363,
        "min": 1.36880385498e-11,
        "var": 8.12374128145e-05
    },
    "spectral_energyband_middle_high": {
        "dmean": 0.00232728919946,
        "dmean2": 0.00307365623303,
        "dvar": 2.58658164967e-05,
        "dvar2": 4.06698090956e-05,
        "max": 0.107654206455,
        "mean": 0.00675224885345,
        "median": 0.00250008073635,
        "min": 2.6126047506e-11,
        "var": 0.000134091285872
    },
    "spectral_energyband_middle_low": {
        "dmean": 0.00384614197537,
        "dmean2": 0.00572937261313,
        "dvar": 2.8185577321e-05,
        "dvar2": 5.96037425566e-05,
        "max": 0.128460034728,
        "mean": 0.0136710042134,
        "median": 0.00890870392323,
        "min": 4.7895631905e-11,
        "var": 0.000201363232918
    },
    "spectral_entropy": {
        "dmean": 0.268584281206,
        "dmean2": 0.354376196861,
        "dvar": 0.0915796980262,
        "dvar2": 0.153063938022,
        "max": 8.56427383423,
        "mean": 7.36882638931,
        "median": 7.39584350586,
        "min": 5.37665605545,
        "var": 0.335996538401
    },
    "spectral_flux": {
        "dmean": 0.0253536216915,
        "dmean2": 0.0383637621999,
        "dvar": 0.000847450748552,
        "dvar2": 0.00166814320255,
        "max": 0.250558793545,
        "mean": 0.0722831487656,
        "median": 0.0609951168299,
        "min": 0.000266846560407,
        "var": 0.00189349672291
    },
    "spectral_kurtosis": {
        "dmean": 1.86984789371,
        "dmean2": 2.872600317,
        "dvar": 5.4315700531,
        "dvar2": 12.8875598907,
        "max": 34.9480857849,
        "mean": 4.46744918823,
        "median": 3.4600315094,
        "min": -0.303240299225,
        "var": 13.6834878922
    },
    "spectral_rms": {
        "dmean": 0.000770399346948,
        "dmean2": 0.0011493714992,
        "dvar": 7.06355308466e-07,
        "dvar2": 1.54503163685e-06,
        "max": 0.0116557898,
        "mean": 0.00501182535663,
        "median": 0.00497815012932,
        "min": 3.04614104607e-07,
        "var": 3.7071213228e-06
    },
    "spectral_rolloff": {
        "dmean": 615.293640137,
        "dmean2": 1059.9822998,
        "dvar": 1588289.375,
        "dvar2": 3696251.5,
        "max": 9000.87890625,
        "mean": 1309.71655273,
        "median": 796.728515625,
        "min": 64.599609375,
        "var": 1801948.875
    },
    "spectral_skewness": {
        "dmean": 0.270044416189,
        "dmean2": 0.382013469934,
        "dvar": 0.0690913274884,
        "dvar2": 0.137576833367,
        "max": 4.51016712189,
        "mean": 1.600030303,
        "median": 1.55489253998,
        "min": 0.281984716654,
        "var": 0.31153896451
    },
    "spectral_spread": {
        "dmean": 957456.875,
        "dmean2": 1178200,
        "dvar": 1.26572114739e+12,
        "dvar2": 1.88848000205e+12,
        "max": 12835069,
        "mean": 5367834,
        "median": 4810215,
        "min": 1920425.75,
        "var": 4.29967251866e+12
    },
    "spectral_strongpeak": {
        "dmean": 0.776339709759,
        "dmean2": 1.20256531239,
        "dvar": 2.23980307579,
        "dvar2": 4.66528463364,
        "max": 20.1993274689,
        "mean": 2.18051862717,
        "median": 0.748508691788,
        "min": 0,
        "var": 8.3327627182
    },
    "zerocrossingrate": {
        "dmean": 0.0157738756388,
        "dmean2": 0.0171998199075,
        "dvar": 0.000287769449642,
        "dvar2": 0.000351925002178,
        "max": 0.216796875,
        "mean": 0.0613831058145,
        "median": 0.05322265625,
        "min": 0.0029296875,
        "var": 0.00109349482227
    },
    "barkbands": {
        "dmean": [0.000304498360492, 0.00366293522529, 0.00158199097496, 0.000574325444177, 0.00119824614376, 0.000928109511733, 0.00107956759166, 0.000751230749302, 0.000623785424978, 0.00070428440813, 0.000275934347883, 0.000667123997118, 0.000329820410116, 0.000638150377199, 0.000186939141713, 0.00014157165424, 0.000148890918354, 9.19940212043e-05, 0.000114117887279, 0.00018282669771, 0.000148664446897, 0.000162353171618, 0.000233271770412, 0.000158683702466, 0.000150117804878, 0.000134096408146, 1.98028537852e-05],
        "dmean2": [0.000514541578013, 0.00626522069797, 0.00284780445509, 0.00099636730738, 0.00204496528022, 0.00143834506162, 0.00164699740708, 0.00105282582808, 0.000788414443377, 0.000914289266802, 0.000386221567169, 0.000836001592688, 0.000435092952102, 0.000845967617352, 0.000277867191471, 0.000215011285036, 0.000223485461902, 0.000145771235111, 0.000175606677658, 0.000268543866696, 0.000227966462262, 0.000239397151745, 0.000328571215505, 0.000220997157157, 0.000220437694225, 0.000194535896298, 2.92296354019e-05],
        "dvar": [3.1346357332e-07, 3.91081703128e-05, 6.18986314294e-06, 7.26576558918e-07, 6.84933411321e-06, 2.76746823147e-06, 4.8669780881e-06, 2.684830406e-06, 6.36341246718e-06, 4.36455184172e-06, 1.12695897769e-06, 1.08107342385e-05, 3.24635107063e-06, 1.13650467028e-05, 8.90744559001e-07, 1.03674608454e-06, 6.31143990404e-08, 3.58063410033e-08, 4.12135570116e-08, 1.14907571458e-07, 8.8542840615e-08, 9.62463317933e-08, 2.01761693575e-07, 7.81933948701e-08, 1.16352680379e-07, 7.01382418811e-08, 2.12242934339e-09],
        "dvar2": [8.39035010358e-07, 0.000110111897811, 1.87211680895e-05, 2.14853162106e-06, 1.9203280317e-05, 5.50917957298e-06, 9.88320152828e-06, 4.27121904067e-06, 6.05689001532e-06, 6.09948301644e-06, 1.63139372944e-06, 1.59403207363e-05, 4.42499458586e-06, 1.50383548316e-05, 1.59025432822e-06, 2.27846589951e-06, 1.1798690025e-07, 7.34028304805e-08, 9.49491791857e-08, 2.45937116006e-07, 1.82884363653e-07, 1.74208949488e-07, 3.60600211025e-07, 1.4575934415e-07, 2.52624886343e-07, 1.46982841898e-07, 4.34959979145e-09],
        "max": [0.00674824882299, 0.0587284043431, 0.0200982838869, 0.0233572311699, 0.0414804816246, 0.0611119791865, 0.0639460161328, 0.0491837635636, 0.120079137385, 0.0678212940693, 0.0628567188978, 0.102707222104, 0.0824116840959, 0.100483380258, 0.0606144070625, 0.0367148369551, 0.00706493109465, 0.00366464955732, 0.00407587224618, 0.00548192998394, 0.00499687856063, 0.00435771839693, 0.00431773765013, 0.00209749280475, 0.00438435049728, 0.00188568758313, 0.000541949702892],
        "mean": [0.000404652877478, 0.00647963723168, 0.00187451252714, 0.00105883460492, 0.00182175543159, 0.00205900450237, 0.002536756685, 0.00233625946566, 0.00212065526284, 0.0022215617355, 0.000542525202036, 0.00153216707986, 0.000681809848174, 0.00147475453559, 0.000315833953209, 0.000176029163413, 0.000252166821156, 0.00013102486264, 0.00015539980086, 0.000235260187765, 0.000188384306966, 0.000202577924938, 0.000266125687631, 0.000179083741386, 0.000143494951772, 0.000137384675327, 1.83523134183e-05],
        "median": [0.000118173193187, 0.00528078200296, 0.00104232563172, 0.000543551752344, 0.00117660057731, 0.00100881548133, 0.000744154909626, 0.000407284358516, 0.000210362282814, 0.000266247458057, 9.32056354941e-05, 0.000165049597854, 5.02160910401e-05, 9.20358579606e-05, 8.23626614874e-05, 4.3041050958e-05, 9.69820539467e-05, 5.11540929438e-05, 6.17998884991e-05, 6.54700415907e-05, 4.27984195994e-05, 4.55078406958e-05, 3.75926829292e-05, 3.29734066327e-05, 1.31310353026e-05, 1.04049631773e-05, 1.1472782262e-06],
        "min": [4.08558126566e-12, 5.77853173298e-12, 3.93777718766e-12, 3.92519437092e-12, 9.73775140384e-12, 9.47269346296e-12, 8.60662843077e-12, 7.43728603009e-12, 7.29072704986e-12, 3.81545836592e-12, 1.16921468167e-12, 1.80751396381e-13, 1.97756091017e-12, 5.13853803258e-12, 5.51177072733e-12, 2.47343985571e-12, 1.89884327879e-12, 1.60186957015e-12, 1.90701122428e-12, 1.78338084317e-12, 2.74271360831e-12, 6.87566594371e-13, 8.97913362587e-13, 7.06230321619e-13, 7.18026983357e-13, 7.78961530695e-13, 8.02907599348e-13],
        "var": [5.32640626716e-07, 4.95687490911e-05, 5.8816112869e-06, 1.77183289907e-06, 6.08571508565e-06, 1.45864587466e-05, 2.95082845696e-05, 2.73872665275e-05, 9.37247386901e-05, 3.76258940378e-05, 4.22775519837e-06, 4.76670211356e-05, 1.39017629408e-05, 5.46530500287e-05, 3.59502155334e-06, 1.16885280477e-06, 1.95557944949e-07, 5.00868964082e-08, 6.05367560524e-08, 1.63465372793e-07, 1.28111366848e-07, 1.44205301922e-07, 2.90327790253e-07, 1.13165064874e-07, 1.30242582941e-07, 9.00286565297e-08, 2.43630648988e-09]
    },
    "erbbands": {
        "dmean": [0.117704987526, 0.846997857094, 1.887403965, 1.78662896156, 3.14113092422, 4.0655374527, 4.3205871582, 8.10739326477, 17.6399936676, 12.4654035568, 17.3091373444, 14.3401889801, 26.489900589, 10.7306232452, 8.67862987518, 33.0664176941, 13.7896614075, 25.7436161041, 16.6585559845, 9.35495376587, 6.93695020676, 7.5624666214, 4.95099115372, 6.16841554642, 6.47403764725, 8.1774930954, 5.65409994125, 6.58455181122, 5.92001152039, 6.11779260635, 6.32577037811, 3.53080153465, 2.50928473473, 1.68973445892, 1.16086649895, 0.687603116035, 0.234799593687, 0.0252875816077, 0.00407567759976, 0.000180694536539],
        "dmean2": [0.197467580438, 1.47081911564, 3.41119766235, 3.1149315834, 5.25050449371, 7.23136329651, 7.3839006424, 12.5183506012, 26.8336467743, 18.6286487579, 23.2378978729, 17.1527385712, 34.9383392334, 14.111623764, 13.2715072632, 40.6385917664, 18.5837631226, 34.4798126221, 22.8357048035, 14.0401163101, 10.5283889771, 11.1316680908, 7.65845394135, 9.56565380096, 10.0210285187, 12.0717020035, 8.43778133392, 9.93531131744, 8.68934631348, 8.86978816986, 9.00341892242, 4.88277053833, 3.67482185364, 2.44694662094, 1.72405874729, 1.04807698727, 0.330296188593, 0.0366703867912, 0.00603733770549, 0.000273235433269],
        "dvar": [0.033698014915, 2.50695514679, 11.7570543289, 5.8167052269, 39.2951126099, 85.7463226318, 60.8426246643, 224.839248657, 1615.71838379, 570.562194824, 1789.30041504, 4808.10009766, 4809.87646484, 2396.41699219, 317.22857666, 27904.1601562, 2419.0090332, 14178.1953125, 5410.54736328, 1888.90393066, 1406.70483398, 213.047836304, 90.7769775391, 148.49130249, 174.987609863, 227.560852051, 104.459915161, 198.756591797, 126.529800415, 127.416900635, 161.516098022, 42.1165657043, 21.3729496002, 13.2625246048, 7.31758260727, 1.89438486099, 0.227098762989, 0.00251736142673, 0.000100412034953, 1.65888820902e-07],
        "dvar2": [0.0945893675089, 7.12305641174, 35.4556045532, 17.3105506897, 107.765213013, 243.983856201, 166.910140991, 457.197113037, 3405.59277344, 1156.96228027, 2521.44189453, 4259.30761719, 7082.28125, 3740.19628906, 642.325195312, 41223.8945312, 3619.70654297, 19056.9804688, 8434.98535156, 3858.68359375, 3070.92089844, 358.223419189, 177.229553223, 340.167938232, 426.325439453, 480.093109131, 211.27255249, 419.319549561, 242.679855347, 216.812850952, 287.691162109, 80.2587203979, 44.6048240662, 28.831829071, 15.6384840012, 4.06035661697, 0.482548117638, 0.00515403831378, 0.000205720964004, 3.58719233873e-07],
        "max": [1.85629224777, 15.659040451, 31.3769321442, 43.2989349365, 99.3274688721, 138.018325806, 125.261283875, 526.055664062, 1145.19189453, 444.69418335, 1344.77709961, 3472.7253418, 1947.15490723, 2738.31176758, 631.286804199, 5184.48291016, 2006.92492676, 3382.93017578, 2130.36499023, 2356.08349609, 1374.0690918, 498.38684082, 158.582244873, 303.757965088, 173.589248657, 245.798309326, 196.407730103, 244.691696167, 167.069229126, 119.727592468, 126.620025635, 67.2964324951, 42.2464294434, 50.6359024048, 31.5673522949, 10.2952642441, 3.65462017059, 0.466676771641, 0.113802075386, 0.00467055803165],
        "mean": [0.206802025437, 1.35433185101, 2.40241122246, 3.17472648621, 5.37283468246, 5.13884782791, 6.63659334183, 17.8110179901, 41.1528053284, 32.0080070496, 61.5531463623, 54.346534729, 86.6291503906, 27.9383602142, 16.73254776, 78.6279220581, 30.7187576294, 61.7211875916, 38.1672782898, 15.984208107, 10.579955101, 12.9392900467, 7.46242523193, 8.85367679596, 8.17971420288, 10.6874017715, 7.86813116074, 7.84268093109, 7.26515436172, 7.61941862106, 7.33349275589, 4.16095113754, 2.57644820213, 1.65764832497, 1.09634888172, 0.700867891312, 0.238319024444, 0.0245440658182, 0.00381774199195, 0.00018884993915],
        "median": [0.14113292098, 1.08324563503, 1.36877775192, 1.98118078709, 3.75619459152, 2.82462978363, 3.05565881729, 7.95003700256, 13.7618198395, 8.43010902405, 10.8637685776, 6.04818248749, 9.46141624451, 5.60644865036, 4.96099662781, 8.28992080688, 4.57396364212, 6.62117290497, 5.29598903656, 4.66753911972, 4.4725651741, 4.50263547897, 3.1562371254, 3.53753328323, 3.06851506233, 3.0443918705, 1.98963439465, 1.63845133781, 1.60921168327, 1.30809545517, 1.11922824383, 0.791953980923, 0.416676282883, 0.180813983083, 0.0851664543152, 0.058188341558, 0.0140075404197, 0.00196447572671, 0.000230289748288, 4.70645027235e-05],
        "min": [2.11788725446e-10, 1.17390586141e-09, 4.04438038615e-09, 9.80078684876e-09, 2.00973797604e-08, 3.4668133253e-08, 5.66522260215e-08, 8.29032984484e-08, 1.15180753824e-07, 1.42564630323e-07, 1.67245190141e-07, 1.64734274222e-07, 1.43323759971e-07, 8.89146676286e-08, 3.02585618783e-08, 1.27435519914e-08, 8.44745500217e-08, 2.23195286253e-07, 3.05204309825e-07, 2.30668561585e-07, 1.13074925423e-07, 1.12673212982e-07, 1.01681145281e-07, 5.63673978604e-08, 1.30921534947e-07, 7.97350949711e-08, 1.27492711499e-07, 6.57375665014e-08, 3.0021148234e-08, 2.66182880182e-08, 2.05332320036e-08, 1.49842396269e-08, 1.16963230212e-08, 8.77895445228e-09, 5.3634159336e-09, 2.93994362188e-09, 1.43038059175e-09, 4.80386896928e-10, 1.14866026413e-10, 1.16317450463e-11],
        "var": [0.0550391301513, 2.53274607658, 10.0275650024, 12.0258665085, 42.8991127014, 66.0478515625, 96.2751464844, 1159.77648926, 7820.64697266, 3622.71777344, 22122.9882812, 70616.5, 51540.59375, 9017.97460938, 1210.36193848, 124524.015625, 11029.0058594, 71918.46875, 25070.9199219, 6342.20214844, 1659.87939453, 663.697998047, 134.527648926, 239.596343994, 189.946853638, 329.66973877, 187.796264648, 255.818389893, 186.067337036, 196.188247681, 232.379013062, 59.9771995544, 26.4597034454, 15.2271156311, 8.1932182312, 2.27880358696, 0.294328272343, 0.00304854405113, 0.000114962240332, 1.76908869776e-07]
    },
    "gfcc": {
        "mean": [-1.8971709013, 84.6831436157, -101.314376831, 26.538061142, -60.7763900757, 13.0696287155, -31.3297920227, 8.47881984711, -16.7653446198, 5.84596967697, -13.1160030365, 0.210652977228, -14.4161596298],
        "cov": [[5859.06738281, -1631.31896973, 1194.17199707, 289.811553955, 102.359809875, 544.08190918, 77.6147537231, 376.232330322, -5.04676246643, 298.403411865, -126.586364746, 186.900619507, -138.601150513], [-1631.31896973, 1406.95947266, -592.05267334, -19.2338676453, 153.101333618, -125.459671021, 157.05519104, -84.7867584229, 114.626243591, -104.666397095, 131.698577881, -71.5837783813, 148.119750977], [1194.17199707, -592.05267334, 1110.13769531, 212.299987793, 104.798477173, 283.899780273, 37.2628555298, 231.019134521, -10.2688903809, 125.633262634, -36.9436035156, 156.205917358, -76.3005065918], [289.811553955, -19.2338676453, 212.299987793, 499.642486572, 127.002456665, 54.3654518127, 68.0285644531, 35.686504364, 38.8685722351, 79.9016342163, 32.8272895813, 44.2839317322, 40.5122489929], [102.359809875, 153.101333618, 104.798477173, 127.002456665, 310.447570801, 170.466262817, 47.1170349121, 5.74083089828, 8.40604972839, 48.9641189575, 20.9130306244, 30.1752529144, 5.06971216202], [544.08190918, -125.459671021, 283.899780273, 54.3654518127, 170.466262817, 266.433837891, 77.8395843506, 75.2929153442, -14.5753631592, 42.0536994934, -26.5468444824, 43.4691162109, -29.5911006927], [77.6147537231, 157.05519104, 37.2628555298, 68.0285644531, 47.1170349121, 77.8395843506, 176.267684937, 89.6968460083, 26.9836921692, -21.3666057587, -6.3266415596, 15.5440750122, 37.3550453186], [376.232330322, -84.7867584229, 231.019134521, 35.686504364, 5.74083089828, 75.2929153442, 89.6968460083, 198.472381592, 50.0709342957, 23.5218696594, -36.1129570007, 32.8823280334, 0.718455135822], [-5.04676246643, 114.626243591, -10.2688903809, 38.8685722351, 8.40604972839, -14.5753631592, 26.9836921692, 50.0709342957, 135.23248291, 55.9187507629, 1.36043536663, -22.5501441956, 22.8226718903], [298.403411865, -104.666397095, 125.633262634, 79.9016342163, 48.9641189575, 42.0536994934, -21.3666057587, 23.5218696594, 55.9187507629, 145.194961548, 35.2948875427, -3.42926049232, -37.2484970093], [-126.586364746, 131.698577881, -36.9436035156, 32.8272895813, 20.9130306244, -26.5468444824, -6.3266415596, -36.1129570007, 1.36043536663, 35.2948875427, 135.64276123, 44.9581336975, 12.3900775909], [186.900619507, -71.5837783813, 156.205917358, 44.2839317322, 30.1752529144, 43.4691162109, 15.5440750122, 32.8823280334, -22.5501441956, -3.42926049232, 44.9581336975, 144.806655884, 34.615524292], [-138.601150513, 148.119750977, -76.3005065918, 40.5122489929, 5.06971216202, -29.5911006927, 37.3550453186, 0.718455135822, 22.8226718903, -37.2484970093, 12.3900775909, 34.615524292, 138.90083313]],
        "icov": [[0.000335568067385, 0.000368543929653, 2.30460973398e-05, -4.3740557885e-05, 3.12173215207e-05, -0.000407511222875, -0.000179330381798, -0.000212651779293, -8.8542852609e-05, -0.000281806889689, -7.66660305089e-05, -4.85903219669e-05, -0.000113444781164], [0.000368543929653, 0.00248111272231, 0.000284428067971, 0.000395464594476, -0.00196379749104, 0.000893143063877, -0.00211222982034, 0.000276301667327, -0.00206687697209, 0.00186779454816, -0.00245687877759, 0.00127255870029, -0.000666062172968], [2.30460973398e-05, 0.000284428067971, 0.00234070816077, -0.000783509516623, 0.000457516580354, -0.00181205826811, 0.00113980879541, -0.0020458640065, 0.000346521177562, -0.000632054987364, 0.000283366214717, -0.00159549189266, 0.000681219389662], [-4.3740557885e-05, 0.000395464594476, -0.000783509516623, 0.00314508099109, -0.00173654407263, 0.00198099878617, -0.00226402841508, 0.00106567470357, -0.00015359398094, -0.00134647416417, -0.000167506732396, 0.000159087343491, -0.00108483375516], [3.12173215207e-05, -0.00196379749104, 0.000457516580354, -0.00173654407263, 0.00833456963301, -0.0065621775575, 0.0024857101962, 0.000463726115413, 0.000999627285637, -0.00224976753816, 0.00118299236055, -0.00137244025245, -2.10448361031e-05], [-0.000407511222875, 0.000893143063877, -0.00181205826811, 0.00198099878617, -0.0065621775575, 0.0127366008237, -0.00589281925932, 0.00107124901842, 0.00135614466853, -0.00122731318697, 0.00161086092703, -0.000302419502987, 0.000979614211246], [-0.000179330381798, -0.00211222982034, 0.00113980879541, -0.00226402841508, 0.0024857101962, -0.00589281925932, 0.0137429907918, -0.00607835268602, 0.000346796034137, 0.00271522370167, -0.000495647720527, 0.000321044499287, -0.0010153449839], [-0.000212651779293, 0.000276301667327, -0.0020458640065, 0.00106567470357, 0.000463726115413, 0.00107124901842, -0.00607835268602, 0.0118485474959, -0.00405628979206, -0.000351997558028, 0.00236159330234, -0.00168681656942, 0.000625005690381], [-8.8542852609e-05, -0.00206687697209, 0.000346521177562, -0.00015359398094, 0.000999627285637, 0.00135614466853, 0.000346796034137, -0.00405628979206, 0.0149228116497, -0.00876312609762, 0.00321690319106, 0.000811566715129, -0.00276013580151], [-0.000281806889689, 0.00186779454816, -0.000632054987364, -0.00134647416417, -0.00224976753816, -0.00122731318697, 0.00271522370167, -0.000351997558028, -0.00876312609762, 0.0177654474974, -0.00784264039248, 0.00382433249615, 0.0028152752202], [-7.66660305089e-05, -0.00245687877759, 0.000283366214717, -0.000167506732396, 0.00118299236055, 0.00161086092703, -0.000495647720527, 0.00236159330234, 0.00321690319106, -0.00784264039248, 0.0148151237518, -0.00710329553112, 0.000986028229818], [-4.85903219669e-05, 0.00127255870029, -0.00159549189266, 0.000159087343491, -0.00137244025245, -0.000302419502987, 0.000321044499287, -0.00168681656942, 0.000811566715129, 0.00382433249615, -0.00710329553112, 0.0134316282347, -0.00424175523221], [-0.000113444781164, -0.000666062172968, 0.000681219389662, -0.00108483375516, -2.10448361031e-05, 0.000979614211246, -0.0010153449839, 0.000625005690381, -0.00276013580151, 0.0028152752202, 0.000986028229818, -0.00424175523221, 0.0111439619213]]
    },
    "melbands": {
        "dmean": [0.00100586703047, 0.00100057781674, 0.000311049079755, 0.000275936879916, 0.000153645887622, 0.000208647819818, 0.00024996715365, 0.000134545203764, 0.000140901116538, 9.36937212828e-05, 0.000132102082716, 4.22851117037e-05, 2.83157733065e-05, 5.82370084885e-05, 7.28751474526e-05, 2.70063210337e-05, 5.80834930588e-05, 3.6014826037e-05, 1.75467030203e-05, 1.26773893498e-05, 7.51340485294e-06, 8.77406364452e-06, 6.63340506435e-06, 3.67312441085e-06, 5.48338039152e-06, 4.19999832957e-06, 6.02533509664e-06, 5.30989154868e-06, 3.37177630172e-06, 4.48913078799e-06, 3.51801372744e-06, 3.24325606016e-06, 3.43173292094e-06, 3.79920516025e-06, 4.05979426432e-06, 2.80211361314e-06, 2.01457669391e-06, 1.93705864149e-06, 1.30300941237e-06, 1.49605148181e-06],
        "dmean2": [0.00170563522261, 0.00178566970862, 0.000537720159627, 0.000475321197882, 0.00026572032948, 0.000320923223626, 0.000376102572773, 0.000199524482014, 0.00018803718558, 0.000113002090075, 0.000174560336745, 5.59850195714e-05, 4.21999902755e-05, 7.3341310781e-05, 9.38834054978e-05, 3.52914976247e-05, 7.74609070504e-05, 4.76687418995e-05, 2.58013405983e-05, 1.96726559807e-05, 1.141231769e-05, 1.30242424348e-05, 1.01917494248e-05, 5.74563182454e-06, 8.6299241957e-06, 6.59307806927e-06, 9.24021787796e-06, 7.89131809142e-06, 5.05694788444e-06, 6.93855008649e-06, 5.30749321115e-06, 4.88373189e-06, 4.91283981319e-06, 5.48988100491e-06, 5.84653025726e-06, 4.08650475947e-06, 2.77099343293e-06, 2.87250827569e-06, 1.94628091776e-06, 2.16834428102e-06],
        "dvar": [2.48776336775e-06, 3.60700664714e-06, 1.74402629227e-07, 3.68394807992e-07, 8.3730789413e-08, 1.63914833706e-07, 2.87418828293e-07, 7.05463207851e-08, 1.28240941422e-07, 2.21024208713e-07, 1.21643822126e-07, 4.03127202731e-08, 6.23829210511e-09, 7.72102239921e-08, 8.68639347118e-08, 3.76584630146e-08, 8.25113133374e-08, 3.53039411038e-08, 1.09193445397e-08, 7.3345560736e-09, 8.36747560129e-10, 2.8111740713e-10, 1.92863364168e-10, 4.07321606999e-11, 1.27731270005e-10, 6.28224139376e-11, 1.62386520897e-10, 8.93208770836e-11, 3.73814555699e-11, 7.64945121134e-11, 6.40024283571e-11, 3.68132538342e-11, 5.04994344952e-11, 4.81972239896e-11, 6.70607389064e-11, 5.3902736441e-11, 1.20331028128e-11, 1.28945586847e-11, 6.8061988337e-12, 1.12705721492e-11],
        "dvar2": [6.84922724759e-06, 1.06920933831e-05, 5.07065863076e-07, 1.03886679881e-06, 2.31180706578e-07, 3.3573914493e-07, 5.93667266457e-07, 1.42911915191e-07, 1.79963777214e-07, 1.94320179503e-07, 1.78413003482e-07, 6.3048368304e-08, 1.01885628823e-08, 1.14408130969e-07, 1.36444739951e-07, 4.80779149825e-08, 1.0730293809e-07, 5.17438003556e-08, 1.91849363063e-08, 1.64470250752e-08, 1.80391857008e-09, 5.03648178718e-10, 3.70601799249e-10, 8.80610306897e-11, 2.99167857154e-10, 1.50119514042e-10, 3.92081755951e-10, 1.82768467027e-10, 8.25238280489e-11, 1.62479737997e-10, 1.39134481714e-10, 7.55488657744e-11, 8.91091089805e-11, 8.41877817459e-11, 1.11842396455e-10, 1.2807169214e-10, 2.17055175916e-11, 2.75360602375e-11, 1.44716946759e-11, 2.46979242613e-11],
        "max": [0.0138989510015, 0.0185620971024, 0.00786797422916, 0.0112097812817, 0.003666668199, 0.0142858121544, 0.0147431977093, 0.00582712655887, 0.00994507875293, 0.0235858634114, 0.00983603857458, 0.0117857223377, 0.00448423903435, 0.00850131548941, 0.00852792244405, 0.0091534210369, 0.0083467559889, 0.00566172972322, 0.00685644708574, 0.00305226421915, 0.00104056054261, 0.000549077929463, 0.000248031428782, 0.00012380478438, 0.000284016277874, 9.60629040492e-05, 0.00019655682263, 0.000150676234625, 0.000124558573589, 0.000153005079483, 0.000129954729346, 0.000100538811239, 8.79410290509e-05, 7.36146030249e-05, 8.74668257893e-05, 0.000110987515654, 2.81781176454e-05, 3.70274610759e-05, 2.96796497423e-05, 4.86287390231e-05],
        "mean": [0.0018371604383, 0.00147213460878, 0.000601374020334, 0.00039525720058, 0.000222193077207, 0.000460682320409, 0.000609010632616, 0.000349824986188, 0.000499588495586, 0.000336974015227, 0.000423066987423, 0.000103873506305, 5.17913540534e-05, 0.00013361920719, 0.000163858712767, 5.4675998399e-05, 0.00013608665904, 8.25892129797e-05, 2.92396543955e-05, 1.62868363986e-05, 1.1485349205e-05, 1.50382666106e-05, 8.58212024468e-06, 5.66872813579e-06, 7.50015169615e-06, 5.01630029248e-06, 7.25150675862e-06, 7.03378100297e-06, 4.58201793663e-06, 5.40243354408e-06, 4.03434569307e-06, 3.96562882088e-06, 4.14237274526e-06, 4.55981626146e-06, 4.7318039833e-06, 3.06873380396e-06, 2.34711387748e-06, 1.97373469746e-06, 1.28814758682e-06, 1.45019964748e-06],
        "median": [0.00144116766751, 0.00108889234252, 0.000445057899924, 0.000250364595558, 0.000103960876004, 0.000193665589904, 0.000194972468307, 6.90522574587e-05, 7.36981019145e-05, 3.22028645314e-05, 4.16688490077e-05, 1.77935507963e-05, 1.16503697427e-05, 1.90739629033e-05, 1.62304386322e-05, 3.6854494283e-06, 1.02144549601e-05, 7.25598010831e-06, 5.86728401686e-06, 4.28834982813e-06, 4.72319970868e-06, 5.27086285729e-06, 2.4455523544e-06, 2.51144751928e-06, 2.78812194665e-06, 1.78592881639e-06, 2.20352899305e-06, 1.82125722858e-06, 1.15650482257e-06, 1.11601957542e-06, 7.6946560057e-07, 8.54991299093e-07, 7.98239057076e-07, 6.76575155012e-07, 6.82607151248e-07, 4.52311780919e-07, 4.48399305242e-07, 3.10355545707e-07, 1.74748578274e-07, 1.23830716348e-07],
        "min": [1.94281439894e-12, 1.95269408282e-12, 1.97134951592e-12, 1.9639327057e-12, 1.93188694209e-12, 1.87397731881e-12, 1.76963847222e-12, 1.58017988885e-12, 1.35908211768e-12, 1.01855991089e-12, 7.05342088989e-13, 3.7595745744e-13, 1.30940627807e-13, 2.01707919844e-14, 7.83388517901e-14, 2.49372056208e-13, 4.33921887137e-13, 4.99229455518e-13, 3.93983131709e-13, 2.24995681266e-13, 1.10192047544e-13, 1.10000706189e-13, 1.1991079516e-13, 6.59368393219e-14, 3.74274619814e-14, 8.9991138456e-14, 9.19250434236e-14, 4.00900456766e-14, 7.16786791597e-14, 8.13072889181e-14, 2.23594336405e-14, 1.80419237493e-14, 1.04702538821e-14, 1.73902403166e-14, 1.04941181884e-14, 1.25178967398e-14, 8.66578063106e-15, 7.57686387319e-15, 8.74938362998e-15, 7.33913306511e-15],
        "var": [3.85049861507e-06, 3.17166200148e-06, 3.3017062151e-07, 3.13668664376e-07, 1.03140529006e-07, 8.35442790503e-07, 1.53241944645e-06, 4.26191320457e-07, 1.60374315783e-06, 3.23059430229e-06, 1.26607278617e-06, 1.53898795929e-07, 2.39854465178e-08, 3.55026259058e-07, 3.66588551515e-07, 1.59861755833e-07, 4.03418255246e-07, 1.63031430134e-07, 4.51249775324e-08, 8.28931678853e-09, 1.07862940801e-09, 8.85073903056e-10, 2.7542612635e-10, 7.06452119026e-11, 2.02651034842e-10, 7.14264342117e-11, 1.77933431877e-10, 1.41966632894e-10, 6.35705585394e-11, 1.07986890263e-10, 7.73589386993e-11, 5.37162953007e-11, 7.31625385275e-11, 7.22132770248e-11, 1.01109204342e-10, 5.27945603901e-11, 1.84184559965e-11, 1.55651030259e-11, 7.91373130221e-12, 1.27150911328e-11]
    },
    "mfcc": {
        "mean": [-653.968688965, 117.619445801, 15.0228281021, 21.3010044098, -2.00835514069, 5.61694860458, -3.85766482353, 4.25850486755, -1.20647335052, 5.74154424667, 1.05590975285, 3.34955072403, 2.65327191353],
        "cov": [[4968.72021484, -1087.45410156, 567.071472168, 95.6862030029, 116.282058716, 230.007537842, 151.553070068, 134.014266968, 160.187896729, 212.472061157, 187.791946411, 72.8293075562, 0.720771312714], [-1087.45410156, 990.108825684, -354.823059082, -11.1800107956, -22.0363311768, -16.6856403351, 16.2824287415, 49.3231163025, 32.481918335, -18.5655670166, -26.4736690521, 19.1621818542, 25.6822223663], [567.071472168, -354.823059082, 695.497558594, 71.7845535278, 151.254455566, 79.5544662476, 102.918907166, 124.087860107, 31.7058486938, 87.4135513306, 53.6177787781, 29.5338459015, 46.1053733826], [95.6862030029, -11.1800107956, 71.7845535278, 364.558776855, 71.5425338745, 88.3374023438, 43.4620323181, 17.977689743, 50.303981781, 29.2879009247, 26.291809082, 39.3076896667, 41.2671470642], [116.282058716, -22.0363311768, 151.254455566, 71.5425338745, 224.156433105, 132.409973145, 69.9732055664, 36.2871055603, -0.293406307697, 46.5302238464, 28.3183612823, 19.9646530151, 14.703004837], [230.007537842, -16.6856403351, 79.5544662476, 88.3374023438, 132.409973145, 210.035446167, 87.0388870239, 45.7812995911, 17.9091072083, 42.0421905518, 37.2685928345, 9.32299804688, -8.33214092255], [151.553070068, 16.2824287415, 102.918907166, 43.4620323181, 69.9732055664, 87.0388870239, 162.190048218, 90.0713882446, 20.1918449402, 19.8443775177, 20.9111461639, 20.1111698151, 2.02933573723], [134.014266968, 49.3231163025, 124.087860107, 17.977689743, 36.2871055603, 45.7812995911, 90.0713882446, 189.437286377, 79.7242355347, 19.9573040009, -3.8625330925, 6.86304807663, 2.00107741356], [160.187896729, 32.481918335, 31.7058486938, 50.303981781, -0.293406307697, 17.9091072083, 20.1918449402, 79.7242355347, 149.379379272, 85.0322952271, 9.75473594666, -28.2355651855, -22.1743659973], [212.472061157, -18.5655670166, 87.4135513306, 29.2879009247, 46.5302238464, 42.0421905518, 19.8443775177, 19.9573040009, 85.0322952271, 168.521636963, 69.8298110962, -20.502986908, -45.0550079346], [187.791946411, -26.4736690521, 53.6177787781, 26.291809082, 28.3183612823, 37.2685928345, 20.9111461639, -3.8625330925, 9.75473594666, 69.8298110962, 113.266387939, 44.9329338074, -10.336350441], [72.8293075562, 19.1621818542, 29.5338459015, 39.3076896667, 19.9646530151, 9.32299804688, 20.1111698151, 6.86304807663, -28.2355651855, -20.502986908, 44.9329338074, 147.683639526, 84.2131576538], [0.720771312714, 25.6822223663, 46.1053733826, 41.2671470642, 14.703004837, -8.33214092255, 2.02933573723, 2.00107741356, -22.1743659973, -45.0550079346, -10.336350441, 84.2131576538, 157.130813599]],
