{
"lowlevel": {
    "average_loudness": 0.683919072151,
    "barkbands_crest": {
        "dmean": 2.06238365173,
        "dmean2": 3.40251135826,
        "dvar": 5.30190753937,
        "dvar2": 14.6061973572,
        "max": 26.8911342621,
        "mean": 18.7411174774,
        "median": 19.4176845551,
        "min": 2.17556071281,
        "var": 32.6881446838
    },
    "barkbands_flatness_db": {
        "dmean": 0.0297268405557,
        "dmean2": 0.047378718853,
        "dvar": 0.00123944377992,
        "dvar2": 0.00307669397444,
        "max": 0.713105916977,
        "mean": 0.413717478514,
        "median": 0.441235005856,
        "min": 0.0106600699946,
        "var": 0.0190055985004
    },
    "barkbands_kurtosis": {
        "dmean": 43.6230926514,
        "dmean2": 74.6344604492,
        "dvar": 54409.6367188,
        "dvar2": 180989.71875,
        "max": 10692.2285156,
        "mean": 85.6684646606,
        "median": 17.5246295929,
        "min": -1.84494018555,
        "var": 95620.8671875
    },
    "barkbands_skewness": {
        "dmean": 1.41960012913,
        "dmean2": 2.34105324745,
        "dvar": 5.14396095276,
        "dvar2": 14.6431827545,
        "max": 55.6626663208,
        "mean": 2.15676808357,
        "median": 1.7580190897,
        "min": -19.783996582,
        "var": 23.1141891479
    },
    "barkbands_spread": {
        "dmean": 1.48260617256,
        "dmean2": 2.41588783264,
        "dvar": 18.0486850739,
        "dvar2": 45.3679237366,
        "max": 131.826889038,
        "mean": 8.04920291901,
        "median": 1.22919511795,
        "min": 0.00709462305531,
        "var": 549.148071289
    },
    "dissonance": {
        "dmean": 0.0479638911784,
        "dmean2": 0.082179620862,
        "dvar": 0.00314847379923,
        "dvar2": 0.00858014449477,
        "max": 0.500000119209,
        "mean": 0.305836230516,
        "median": 0.322856128216,
        "min": 0.0389910750091,
        "var": 0.0140811847523
    },
    "dynamic_complexity": 4.86999750137,
    "erbbands_crest": {
        "dmean": 2.17845535278,
        "dmean2": 3.52560997009,
        "dvar": 6.24546670914,
        "dvar2": 17.1164188385,
        "max": 33.445110321,
        "mean": 17.8618030548,
        "median": 17.5201740265,
        "min": 1.85198259354,
        "var": 54.9194564819
    },
    "erbbands_flatness_db": {
        "dmean": 0.0228490475565,
        "dmean2": 0.0360390208662,
        "dvar": 0.00082771689631,
        "dvar2": 0.00207938114181,
        "max": 0.637401819229,
        "mean": 0.392112255096,
        "median": 0.407177895308,
        "min": 0.0370604731143,
        "var": 0.0140788471326
    },
    "erbbands_kurtosis": {
        "dmean": 6.2422246933,
        "dmean2": 9.39748954773,
        "dvar": 135.339050293,
        "dvar2": 314.596832275,
        "max": 358.74621582,
        "mean": 21.278968811,
        "median": 6.77353286743,
        "min": -1.90526378155,
        "var": 1489.63647461
    },
    "erbbands_skewness": {
        "dmean": 0.566935122013,
        "dmean2": 0.868056237698,
        "dvar": 0.43930503726,
        "dvar2": 1.11004626751,
        "max": 13.5188150406,
        "mean": 2.02766060829,
        "median": 1.7216155529,
        "min": -4.13913631439,
        "var": 4.60873031616
    },
    "erbbands_spread": {
        "dmean": 2.69473099709,
        "dmean2": 4.35494565964,
        "dvar": 25.0902957916,
        "dvar2": 67.1131286621,
        "max": 84.3621063232,
        "mean": 10.3854389191,
        "median": 4.97533750534,
        "min": 0.193747669458,
        "var": 226.857513428
    },
    "hfc": {
        "dmean": 1.9183447361,
        "dmean2": 3.04448771477,
        "dvar": 9.98379135132,
        "dvar2": 26.0599498749,
        "max": 51.857208252,
        "mean": 5.94021892548,
        "median": 4.13768482208,
        "min": 1.15008585096e-16,
        "var": 34.6285400391
    },
    "melbands_crest": {
        "dmean": 2.23876953125,
        "dmean2": 3.54065847397,
        "dvar": 7.01671791077,
        "dvar2": 17.8892612457,
        "max": 35.274307251,
        "mean": 20.874912262,
        "median": 19.9152793884,
        "min": 1.89484810829,
        "var": 41.6239051819
    },
    "melbands_flatness_db": {
        "dmean": 0.0320947170258,
        "dmean2": 0.0507266372442,
        "dvar": 0.00159842602443,
        "dvar2": 0.00391459325328,
        "max": 0.802906572819,
        "mean": 0.506946563721,
        "median": 0.547424554825,
        "min": 0.00549372145906,
        "var": 0.0245130490512
    },
    "melbands_kurtosis": {
        "dmean": 8.83500099182,
        "dmean2": 14.0537662506,
        "dvar": 337.866973877,
        "dvar2": 868.083862305,
        "max": 543.037109375,
        "mean": 25.2761363983,
        "median": 11.6935377121,
        "min": -1.84964179993,
        "var": 2070.98217773
    },
    "melbands_skewness": {
        "dmean": 0.72477376461,
        "dmean2": 1.15118634701,
        "dvar": 0.855371236801,
        "dvar2": 2.20529699326,
        "max": 17.161151886,
        "mean": 1.9283066988,
        "median": 1.86198961735,
        "min": -6.00091171265,
        "var": 5.50934696198
    },
    "melbands_spread": {
        "dmean": 1.9235714674,
        "dmean2": 3.12125015259,
        "dvar": 28.7692661285,
        "dvar2": 78.4831237793,
        "max": 145.848114014,
        "mean": 7.22496080399,
        "median": 1.88901209831,
        "min": 0.128448143601,
        "var": 298.132904053
    },
    "pitch_salience": {
        "dmean": 0.0598397105932,
        "dmean2": 0.0972027555108,
        "dvar": 0.00408797431737,
        "dvar2": 0.0105966376141,
        "max": 0.811458349228,
        "mean": 0.389404445887,
        "median": 0.399673521519,
        "min": 0.0201955623925,
        "var": 0.0223734676838
    },
    "silence_rate_20dB": {
        "dmean": 0,
        "dmean2": 0,
        "dvar": 0,
        "dvar2": 0,
        "max": 1,
        "mean": 1,
        "median": 1,
        "min": 1,
        "var": 0
    },
    "silence_rate_30dB": {
        "dmean": 0.00281690130942,
        "dmean2": 0.00563422031701,
        "dvar": 0.00280887819827,
        "dvar2": 0.00678844051436,
        "max": 1,
        "mean": 0.997331559658,
        "median": 1,
        "min": 0,
        "var": 0.00266142841429
    },
    "silence_rate_60dB": {
        "dmean": 0.0252038538456,
        "dmean2": 0.0504114478827,
        "dvar": 0.0245723873377,
        "dvar2": 0.0515872500837,
        "max": 1,
        "mean": 0.219331413507,
        "median": 0,
        "min": 0,
        "var": 0.171218499541
    },
    "spectral_centroid": {
        "dmean": 54.0433654785,
        "dmean2": 89.2884292603,
        "dvar": 21154.8769531,
        "dvar2": 48987.5507812,
        "max": 11477.1904297,
        "mean": 561.322937012,
        "median": 379.429992676,
        "min": 210.705001831,
        "var": 399500.75
    },
    "spectral_complexity": {
        "dmean": 0.72008895874,
        "dmean2": 1.23611831665,
        "dvar": 0.918779492378,
        "dvar2": 2.21275281906,
        "max": 15,
        "mean": 4.45371007919,
        "median": 5,
        "min": 0,
        "var": 5.81155252457
    },
    "spectral_decrease": {
        "dmean": 1.74728398417e-09,
        "dmean2": 2.8081090786e-09,
        "dvar": 9.44908100618e-18,
        "dvar2": 2.50840717503e-17,
        "max": -2.34916538766e-29,
        "mean": -4.8124402241e-09,
        "median": -2.98364755125e-09,
        "min": -5.47973115772e-08,
        "var": 2.91381418351e-17
    },
    "spectral_energy": {
        "dmean": 0.00676463637501,
        "dmean2": 0.0108696240932,
        "dvar": 0.000141209398862,
        "dvar2": 0.000374721479602,
        "max": 0.211520984769,
        "mean": 0.0187019947916,
        "median": 0.011641538702,
        "min": 1.05202817477e-20,
        "var": 0.000436365284258
    },
    "spectral_energyband_high": {
        "dmean": 4.6077711886e-06,
        "dmean2": 8.55617417983e-06,
        "dvar": 4.73533434686e-10,
        "dvar2": 1.27824251184e-09,
        "max": 0.00114463781938,
        "mean": 3.46232354786e-06,
        "median": 2.44740817834e-07,
        "min": 7.53877950776e-21,
        "var": 4.32359453795e-10
    },
    "spectral_energyband_low": {
        "dmean": 0.000119727825222,
        "dmean2": 0.000201970950002,
        "dvar": 1.69992446786e-07,
        "dvar2": 5.08048799475e-07,
        "max": 0.0100475214422,
        "mean": 0.000219246911001,
        "median": 3.19458522426e-05,
        "min": 7.45072750985e-23,
        "var": 4.00358089792e-07
    },
    "spectral_energyband_middle_high": {
        "dmean": 0.000135204085382,
        "dmean2": 0.000166641359101,
        "dvar": 1.10839984302e-07,
        "dvar2": 2.38107830342e-07,
        "max": 0.0216779392213,
        "mean": 0.000452043634141,
        "median": 6.80619341438e-05,
        "min": 1.57923410097e-21,
        "var": 1.50336086335e-06
    },
    "spectral_energyband_middle_low": {
        "dmean": 0.00672237947583,
        "dmean2": 0.0108078308403,
        "dvar": 0.000140604854096,
        "dvar2": 0.000374089489924,
        "max": 0.210295721889,
        "mean": 0.0180909484625,
        "median": 0.0109315020964,
        "min": 2.93800503019e-22,
        "var": 0.000426303478889
    },
    "spectral_entropy": {
        "dmean": 0.259342759848,
        "dmean2": 0.416274815798,
        "dvar": 0.132403761148,
        "dvar2": 0.33786174655,
        "max": 9.80788612366,
        "mean": 5.00926733017,
        "median": 4.69057273865,
        "min": 2.5488884449,
        "var": 1.71006441116
    },
    "spectral_flux": {
        "dmean": 0.0163761712611,
        "dmean2": 0.0252379532903,
        "dvar": 0.00069103500573,
        "dvar2": 0.00155197316781,
        "max": 0.269762903452,
        "mean": 0.0380659401417,
        "median": 0.0249899625778,
        "min": 1.02568425975e-10,
        "var": 0.00161075685173
    },
    "spectral_kurtosis": {
        "dmean": 22.8230686188,
        "dmean2": 37.6943969727,
        "dvar": 559.954833984,
        "dvar2": 1392.39990234,
        "max": 283.503692627,
        "mean": 86.3611755371,
        "median": 87.866973877,
        "min": -1.15452992916,
        "var": 3577.9609375
    },
    "spectral_rms": {
        "dmean": 0.000633262039628,
        "dmean2": 0.000993653782643,
        "dvar": 8.4594597638e-07,
        "dvar2": 2.19500407184e-06,
        "max": 0.0143653033301,
        "mean": 0.00361619167961,
        "median": 0.00337010365911,
        "min": 3.20369924166e-12,
        "var": 5.16869249623e-06
    },
    "spectral_rolloff": {
        "dmean": 230.764663696,
        "dmean2": 387.8800354,
        "dvar": 903055.5,
        "dvar2": 2255388.75,
        "max": 18884.6191406,
        "mean": 1109.7557373,
        "median": 430.6640625,
        "min": 21.533203125,
        "var": 7031064
    },
    "spectral_skewness": {
        "dmean": 1.13912844658,
        "dmean2": 1.86275446415,
        "dvar": 1.4171243906,
        "dvar2": 3.42880153656,
        "max": 14.5894412994,
        "mean": 7.02693796158,
        "median": 7.78050804138,
        "min": -0.0368471667171,
        "var": 11.0692634583
    },
    "spectral_spread": {
        "dmean": 379405.125,
        "dmean2": 642967.4375,
        "dvar": 239001796608,
        "dvar2": 546902835200,
        "max": 39384488,
        "mean": 1868472,
        "median": 1204601,
        "min": 370003.90625,
        "var": 4.36367392768e+12
    },
    "spectral_strongpeak": {
        "dmean": 0.263664186001,
        "dmean2": 0.431335389614,
        "dvar": 0.126656487584,
        "dvar2": 0.334669679403,
        "max": 4.40510368347,
        "mean": 1.03166496754,
        "median": 0.944252192974,
        "min": 0,
        "var": 0.514487504959
    },
    "zerocrossingrate": {
        "dmean": 0.00363771338016,
        "dmean2": 0.00468889717013,
        "dvar": 0.000135760958074,
        "dvar2": 0.000223766444833,
        "max": 0.4912109375,
        "mean": 0.0337178260088,
        "median": 0.0185546875,
        "min": 0.00830078125,
        "var": 0.00364113622345
    },
    "barkbands": {
        "dmean": [6.43622479402e-05, 8.09948596725e-06, 5.0068985729e-05, 0.000241524336161, 0.00518737360835, 0.00164791382849, 0.000482168223243, 9.30204478209e-05, 9.11841125344e-05, 9.05781635083e-05, 3.38708400704e-06, 9.56525491347e-06, 4.98522558701e-06, 3.00884494209e-05, 2.93380412586e-06, 1.14032027341e-05, 9.60158558883e-06, 1.79480741735e-06, 3.22512960338e-06, 6.46352964395e-06, 9.03145405573e-07, 4.34317229292e-07, 3.41087229572e-07, 1.20190023267e-07, 7.93073837713e-08, 3.19996296128e-08, 8.98713192754e-09],
        "dmean2": [0.000112952555355, 1.34652109409e-05, 8.32311416161e-05, 0.000392854301026, 0.00874442793429, 0.00242965598591, 0.000671026296914, 0.00011817774066, 9.49696041062e-05, 0.000109168497147, 5.28782538822e-06, 9.86135000858e-06, 8.30711087474e-06, 2.70475029538e-05, 5.1840256674e-06, 2.11069327634e-05, 1.77272850124e-05, 3.11118742502e-06, 5.75166086492e-06, 1.22379451568e-05, 1.69316331267e-06, 8.06795981134e-07, 5.87829902088e-07, 2.10940214629e-07, 1.43999713487e-07, 5.2546241136e-08, 1.68719420657e-08],
        "dvar": [5.23951335651e-08, 8.51506976041e-10, 4.14845899854e-08, 5.08861035087e-07, 0.000110715023766, 2.9915225241e-05, 1.24301448068e-06, 6.3010460849e-08, 4.61598972379e-08, 9.34013399956e-08, 1.71534481064e-10, 3.72952474459e-10, 3.48983703047e-10, 6.23131057864e-09, 1.14432879839e-10, 3.92718924047e-09, 1.69570091302e-09, 6.7027015882e-11, 2.81168005545e-10, 1.45809953001e-09, 1.79343918189e-11, 3.51253661574e-12, 8.38813653953e-12, 1.73957571438e-12, 9.17365548759e-14, 1.64696164692e-13, 3.00086281982e-15],
        "dvar2": [1.62890813726e-07, 1.95219662658e-09, 1.12973545185e-07, 1.40544239002e-06, 0.000312315649353, 6.54457689961e-05, 2.78709512713e-06, 1.73527411107e-07, 8.29815576253e-08, 1.85779953199e-07, 3.96306959471e-10, 4.38311137385e-10, 8.62359406106e-10, 6.1190981171e-09, 3.18371856656e-10, 1.15259677358e-08, 4.93751795005e-09, 1.44418477177e-10, 8.05816025018e-10, 4.21242818405e-09, 5.25664060891e-11, 1.01334886662e-11, 1.76537777452e-11, 3.10350118e-12, 2.67774734677e-13, 3.15705984575e-13, 8.78319040897e-15],
        "max": [0.00340977404267, 0.00115888216533, 0.00689205247909, 0.0121309030801, 0.203990906477, 0.113251425326, 0.0473756380379, 0.00975332874805, 0.0139929046854, 0.0216313637793, 0.000337087811204, 0.000544288079254, 0.00044024901581, 0.00354622211307, 0.000148139413795, 0.000997526803985, 0.000440877396613, 0.000641898543108, 0.000699414289556, 0.00106177246198, 5.73840225115e-05, 4.05651589972e-05, 0.000224837684073, 0.000122670913697, 9.46333693719e-06, 2.72391262115e-05, 8.71065537922e-07],
        "mean": [6.00694111199e-05, 2.25219628192e-05, 0.000111935667519, 0.000463212287286, 0.0111763710156, 0.0030925499741, 0.00235050613992, 0.000543750647921, 0.000413374480559, 0.000316522666253, 5.0362014008e-06, 2.4883340302e-05, 4.62601974505e-06, 8.80430452526e-05, 2.46786476055e-06, 8.23898790259e-06, 6.76901026964e-06, 1.96217479242e-06, 3.36520906785e-06, 4.31955186286e-06, 6.00976136411e-07, 3.06142823092e-07, 3.82264119025e-07, 1.21795878272e-07, 7.91789886989e-08, 5.69604594602e-08, 1.43705181088e-08],
        "median": [3.85318980989e-06, 2.15299223782e-06, 5.12645692652e-06, 7.33470878913e-05, 0.00346440030262, 0.000207595425309, 0.000373676477466, 0.000113346482976, 1.81699979294e-05, 5.40619021194e-06, 3.73405072196e-07, 5.08546054334e-06, 1.7892091364e-07, 1.30120122321e-06, 5.23164338517e-08, 1.3239153418e-07, 2.60566519472e-08, 3.20102948592e-08, 7.67126877577e-08, 8.09588698303e-08, 2.33551311624e-08, 2.20399165585e-08, 2.04112868829e-08, 2.95574320575e-08, 2.52036649329e-08, 2.06722745588e-08, 9.81576242509e-09],
        "min": [6.99784782842e-24, 1.55304797682e-23, 3.02170582281e-23, 3.70197592235e-23, 3.07666765534e-23, 5.24396832913e-23, 1.30674911502e-23, 5.98200734385e-23, 9.8357582111e-23, 6.78778773777e-23, 5.22673171835e-23, 6.74961886064e-23, 5.65180594614e-23, 1.88295708579e-22, 1.94364989813e-22, 8.35195060697e-23, 2.17158589244e-22, 1.99091831735e-22, 2.29121103203e-22, 4.32827657638e-22, 3.98115051505e-22, 6.3088965355e-22, 5.07848304481e-22, 7.7662772993e-22, 1.40537481202e-21, 1.52460029574e-21, 2.4559139809e-21],
        "var": [4.94149041685e-08, 7.32888860711e-09, 1.9543675478e-07, 8.51001630053e-07, 0.000318417762173, 7.30110405129e-05, 2.50466564466e-05, 1.06157631308e-06, 9.58378564064e-07, 1.41368093409e-06, 4.02520738962e-10, 2.653334219e-09, 3.38664041255e-10, 7.52191837705e-08, 8.06134048403e-11, 2.35675523541e-09, 1.04995256933e-09, 1.5729005598e-10, 3.67645108801e-10, 9.80406977824e-10, 9.95440101875e-12, 2.25673733173e-12, 2.50108180694e-11, 2.47275702518e-12, 6.0315495003e-14, 3.72378722909e-13, 1.76211683913e-15]
    },
    "erbbands": {
        "dmean": [0.00050850212574, 0.00210671173409, 0.0391119010746, 0.397394090891, 4.7009062767, 27.286819458, 15.6591005325, 14.504734993, 7.86466836929, 2.87728881836, 2.45239782333, 1.49673354626, 3.317060709, 1.11071276665, 0.177495896816, 0.424229174852, 0.272525459528, 0.796089053154, 1.02588295937, 0.18136741221, 0.891075193882, 0.390411257744, 0.0852147862315, 0.194663956761, 0.158338010311, 0.350782155991, 0.0852460861206, 0.0185772702098, 0.0119116399437, 0.0162625554949, 0.0102569395676, 0.00296343583614, 0.00193215336185, 0.00113371363841, 0.000397550669732, 0.000130841406644, 5.84793997405e-05, 1.52736993186e-05, 4.32575097875e-06, 7.45796069168e-06],
        "dmean2": [0.000841525383294, 0.00340614910237, 0.0642670542002, 0.639166295528, 7.03024864197, 46.8007850647, 25.3120803833, 22.3493347168, 11.1698999405, 3.99313569069, 2.81816029549, 1.60687184334, 4.04790592194, 1.41811728477, 0.2329364568, 0.440492480993, 0.443495929241, 1.03127110004, 0.761978149414, 0.299550801516, 1.65615534782, 0.717665493488, 0.14241810143, 0.349105030298, 0.29071366787, 0.665788352489, 0.159234747291, 0.0344166047871, 0.0219456460327, 0.0301682576537, 0.0170984901488, 0.00499084452167, 0.00349582266062, 0.00203886721283, 0.000723820761777, 0.000228515913477, 9.54539136728e-05, 2.53091038758e-05, 7.23366974853e-06, 1.19626320156e-05],
        "dvar": [2.63453057414e-06, 6.27461195108e-05, 0.0223867129534, 1.45015406609, 124.796737671, 3093.23510742, 1158.62353516, 2315.76489258, 279.535858154, 38.6242904663, 40.2329673767, 11.8700313568, 106.940444946, 10.4719839096, 0.230765461922, 0.734909951687, 0.902471721172, 6.51820516586, 7.72617387772, 0.321211099625, 21.6149368286, 2.68231201172, 0.18421523273, 1.12456405163, 0.618730902672, 4.08423852921, 0.154371395707, 0.00563097232953, 0.00199043680914, 0.00769236451015, 0.015867061913, 0.000969091313891, 0.000198832101887, 1.96259588847e-05, 2.44233933699e-06, 7.14252848866e-07, 1.03519573713e-06, 3.81661067195e-08, 1.25840185494e-10, 1.69481706447e-10],
        "dvar2": [6.71692259857e-06, 0.000136662420118, 0.0588489621878, 4.16226911545, 243.096038818, 9475.37207031, 2838.75634766, 5902.66455078, 647.233032227, 82.2072982788, 82.8178787231, 20.3421096802, 230.91293335, 21.2562675476, 0.522148668766, 0.91534537077, 2.26992034912, 16.3217029572, 3.19698214531, 0.914839982986, 63.2674293518, 7.75308561325, 0.294738888741, 3.28263711929, 1.78275513649, 11.6754283905, 0.451590836048, 0.0164913497865, 0.00573318498209, 0.0223544891924, 0.0322167910635, 0.00182738620788, 0.000405835133279, 5.66327908018e-05, 7.02550460119e-06, 1.76335311153e-06, 1.88695628367e-06, 7.65663727975e-08, 3.5066141657e-10, 4.49363518618e-10],
        "max": [0.0252952668816, 0.362844228745, 5.72043514252, 24.0351352692, 215.815658569, 1020.17858887, 703.522216797, 735.133300781, 814.550292969, 229.61050415, 418.406280518, 213.484344482, 564.720275879, 233.163925171, 9.38765907288, 23.9749641418, 18.9082584381, 68.6959075928, 140.168685913, 8.15111732483, 72.8706512451, 20.1548576355, 43.2477455139, 50.4361114502, 19.5417766571, 71.5079650879, 5.28270244598, 0.979416131973, 1.23596036434, 1.64915704727, 10.3611936569, 2.79183578491, 1.14340519905, 0.151536718011, 0.0188497658819, 0.0558860823512, 0.0860581323504, 0.015605376102, 0.000235616869759, 0.00023231911473],
        "mean": [0.000682993268128, 0.00785710290074, 0.109390482306, 0.838089168072, 11.606347084, 53.2720336914, 32.0513648987, 28.2208042145, 40.7211608887, 11.7385282516, 13.8128795624, 6.77820301056, 11.6590223312, 3.75690078735, 0.412431061268, 1.10076463223, 0.30623754859, 1.61636054516, 3.37774944305, 0.232395365834, 0.636460781097, 0.286989599466, 0.108458228409, 0.206248790026, 0.127972736955, 0.231650993228, 0.0566429682076, 0.013294798322, 0.00911411363631, 0.0114851612598, 0.0133732231334, 0.00355463358574, 0.00178388983477, 0.00111450196709, 0.000421680160798, 0.000191554936464, 0.000106946805317, 2.95146965072e-05, 1.1382021512e-05, 2.08201599889e-05],
        "median": [0.000153011307702, 0.000867649330758, 0.0139124449342, 0.234194666147, 4.68640041351, 11.7378873825, 5.52206945419, 5.90216779709, 9.52704524994, 4.73397254944, 2.45560717583, 0.941015124321, 0.563241958618, 0.185914769769, 0.107099846005, 0.222701206803, 0.0808887407184, 0.0528558045626, 0.0567007437348, 0.0179100576788, 0.0139579763636, 0.00307385320775, 0.00211578654125, 0.00181620335206, 0.00467914575711, 0.00412970222533, 0.00198769918643, 0.000796979409643, 0.000837250554468, 0.000647141016088, 0.000644748390187, 0.000718919909559, 0.000426865473855, 0.000281272165012, 0.000184358548722, 0.000102299825812, 4.05176251661e-05, 1.13396899906e-05, 7.60055809224e-06, 1.30806174639e-05],
        "min": [3.89247573354e-22, 4.14745854974e-21, 2.66614447813e-20, 9.5521712076e-20, 9.57055723542e-20, 1.24853232867e-19, 3.49743181624e-19, 3.5946433743e-19, 1.68953139379e-19, 8.26709739989e-19, 1.07369594473e-18, 2.40905186468e-18, 1.71236261267e-18, 3.06643111583e-18, 2.00708964986e-18, 2.8071439082e-18, 2.80697950606e-18, 8.63246431723e-18, 1.14800923058e-17, 6.95591976246e-18, 5.44469428414e-18, 1.12352021767e-17, 1.29769906023e-17, 9.22084285002e-18, 1.56467003129e-17, 2.19914651244e-17, 1.92329914894e-17, 1.32410374072e-17, 2.34235811169e-17, 1.94368766212e-17, 1.37879063625e-17, 1.55137442643e-17, 1.32787957206e-17, 1.80110074967e-17, 8.60144173554e-18, 6.02089795908e-18, 2.56873970232e-18, 1.48253957846e-18, 2.83682108063e-19, 3.34067714813e-20],
        "var": [3.57215685654e-06, 0.000879650411662, 0.155853226781, 2.39446043968, 377.39755249, 7753.11523438, 3332.25488281, 4324.95556641, 7170.72216797, 341.765350342, 891.434143066, 222.963607788, 1090.00280762, 166.001022339, 0.602642714977, 5.05029726028, 0.853515207767, 21.2162761688, 116.073417664, 0.336589664221, 12.7582149506, 1.6958078146, 0.642534255981, 1.60286796093, 0.40685915947, 2.92936372757, 0.0893001183867, 0.00328788836487, 0.00147208501585, 0.00482568889856, 0.0500034540892, 0.00160124280956, 0.000236320804106, 1.34812489705e-05, 1.53721816787e-06, 6.49949754461e-07, 1.9882070319e-06, 1.18608006971e-07, 1.96879915149e-10, 5.31144461746e-10]
    },
    "gfcc": {
        "mean": [-278.163909912, 161.357070923, -66.0362625122, -26.8624382019, -76.0024795532, -36.1768531799, -47.0575523376, -18.8985996246, -21.7259616852, -6.58107662201, -7.84497928619, -14.2614974976, -2.99531006813],
        "cov": [[24740.171875, 6736.63525391, -1744.26953125, -1015.29602051, -418.998779297, -1150.73962402, -981.091125488, -1437.81555176, -804.365112305, -848.842529297, -476.160736084, -1137.15246582, 314.541625977], [6736.63525391, 3044.41967773, 562.038146973, -737.729064941, -337.835235596, -444.711975098, -243.752151489, -624.690124512, -311.674133301, -353.227722168, -53.6313705444, -347.571411133, 150.593032837], [-1744.26953125, 562.038146973, 2013.40710449, -9.32739257812, -300.314361572, -169.658538818, -42.6111755371, -463.586761475, -388.443817139, -219.450088501, 229.648956299, 240.838699341, 56.5382537842], [-1015.29602051, -737.729064941, -9.32739257812, 662.420471191, 138.2159729, -124.260322571, -32.5647850037, 40.0153274536, -95.3499145508, -18.8705615997, 96.9344024658, 188.094192505, -90.1913528442], [-418.998779297, -337.835235596, -300.314361572, 138.2159729, 457.194366455, 292.597869873, -30.5576496124, -100.271484375, -131.531600952, -31.2740879059, -135.086700439, -74.8655395508, -23.9224147797], [-1150.73962402, -444.711975098, -169.658538818, -124.260322571, 292.597869873, 641.961669922, 161.803588867, 20.2896652222, -59.7737388611, 17.4387130737, -198.191070557, -89.5848617554, -6.35646820068], [-981.091125488, -243.752151489, -42.6111755371, -32.5647850037, -30.5576496124, 161.803588867, 290.08493042, 219.423294067, 56.6041755676, 20.6182479858, 18.9926815033, 38.7419471741, -26.9563846588], [-1437.81555176, -624.690124512, -463.586761475, 40.0153274536, -100.271484375, 20.2896652222, 219.423294067, 601.605957031, 461.157592773, 217.106719971, 28.5333271027, 38.6180686951, -66.8508300781], [-804.365112305, -311.674133301, -388.443817139, -95.3499145508, -131.531600952, -59.7737388611, 56.6041755676, 461.157592773, 570.636962891, 285.376403809, 0.258413046598, -38.858669281, -1.73079669476], [-848.842529297, -353.227722168, -219.450088501, -18.8705615997, -31.2740879059, 17.4387130737, 20.6182479858, 217.106719971, 285.376403809, 257.409210205, 66.6841812134, -2.91350769997, -34.6183433533], [-476.160736084, -53.6313705444, 229.648956299, 96.9344024658, -135.086700439, -198.191070557, 18.9926815033, 28.5333271027, 0.258413046598, 66.6841812134, 294.468688965, 207.650344849, -54.3780250549], [-1137.15246582, -347.571411133, 240.838699341, 188.094192505, -74.8655395508, -89.5848617554, 38.7419471741, 38.6180686951, -38.858669281, -2.91350769997, 207.650344849, 312.740844727, 18.8154411316], [314.541625977, 150.593032837, 56.5382537842, -90.1913528442, -23.9224147797, -6.35646820068, -26.9563846588, -66.8508300781, -1.73079669476, -34.6183433533, -54.3780250549, 18.8154411316, 187.279037476]],
        "icov": [[0.000461250543594, -0.00116708921269, 0.000990099157207, -0.000987674458884, 0.0010597492801, -0.000646389322355, 0.00075001292862, 0.000225544252316, 0.000303710723529, 0.000347039458575, -0.000472857966088, 0.000540417968296, -0.000433515670011], [-0.00116708921269, 0.00425389409065, -0.00245814002119, 0.00345983845182, -0.00242647831328, 0.002167805098, -0.00206037191674, 0.0006774989306, -0.0018523123581, 0.00161585607566, -0.000631331990007, 0.000670530251227, 0.000687672931235], [0.000990099157207, -0.00245814002119, 0.00308361114003, -0.00235230126418, 0.00318736466579, -0.00182271993253, 0.00112926540896, 0.00202640122734, -0.000185672019143, 0.00159569806419, -0.0016487557441, 0.00089334778022, -0.000794123392552], [-0.000987674458884, 0.00345983845182, -0.00235230126418, 0.0064496807754, -0.00424842396751, 0.00416535558179, -0.00143795739859, -0.00136604125146, 0.00104030128568, -0.00114469334949, 0.00278661563061, -0.00317415501922, 0.00252311117947], [0.0010597492801, -0.00242647831328, 0.00318736466579, -0.00424842396751, 0.00834797602147, -0.00479637505487, 0.00301025505178, 0.00197591539472, 0.00024410628248, 0.00223651574925, -0.00255703972653, 0.00309996050783, -0.00143303640652], [-0.000646389322355, 0.002167805098, -0.00182271993253, 0.00416535558179, -0.00479637505487, 0.00753463665023, -0.00478398054838, 0.000301327760099, 0.00183334620669, -0.00493195326999, 0.0070351944305, -0.0041181514971, 0.00252250535414], [0.00075001292862, -0.00206037191674, 0.00112926540896, -0.00143795739859, 0.00301025505178, -0.00478398054838, 0.0117006776854, -0.00788125395775, 0.00488575873896, 0.00238212384284, -0.00474954675883, 0.00325554423034, -0.002763959812], [0.000225544252316, 0.0006774989306, 0.00202640122734, -0.00136604125146, 0.00197591539472, 0.000301327760099, -0.00788125395775, 0.0156899746507, -0.0119876116514, 0.00470780488104, -0.000244885653956, -0.00105101976078, 0.00332960463129], [0.000303710723529, -0.0018523123581, -0.000185672019143, 0.00104030128568, 0.00024410628248, 0.00183334620669, 0.00488575873896, -0.0119876116514, 0.0166946128011, -0.012293334119, 0.00565608637407, -0.00163821445312, -0.00225725257769], [0.000347039458575, 0.00161585607566, 0.00159569806419, -0.00114469334949, 0.00223651574925, -0.00493195326999, 0.00238212384284, 0.00470780488104, -0.012293334119, 0.0223437137902, -0.0151459630579, 0.0096283191815, -0.00212202523835], [-0.000472857966088, -0.000631331990007, -0.0016487557441, 0.00278661563061, -0.00255703972653, 0.0070351944305, -0.00474954675883, -0.000244885653956, 0.00565608637407, -0.0151459630579, 0.022818736732, -0.0158613473177, 0.00775441108271], [0.000540417968296, 0.000670530251227, 0.00089334778022, -0.00317415501922, 0.00309996050783, -0.0041181514971, 0.00325554423034, -0.00105101976078, -0.00163821445312, 0.0096283191815, -0.0158613473177, 0.0172849670053, -0.0074729397893], [-0.000433515670011, 0.000687672931235, -0.000794123392552, 0.00252311117947, -0.00143303640652, 0.00252250535414, -0.002763959812, 0.00332960463129, -0.00225725257769, -0.00212202523835, 0.00775441108271, -0.0074729397893, 0.0102520948276]]
    },
    "melbands": {
        "dmean": [5.59971022085e-06, 1.40762940646e-05, 0.000132914821734, 0.00111127085984, 0.00077157933265, 0.000312609481625, 0.00011642199388, 2.69285537797e-05, 2.08426135941e-05, 1.02069907371e-05, 1.73224852915e-05, 5.5277851061e-06, 4.64034741299e-07, 1.26940597056e-06, 6.44658598503e-07, 5.98497706505e-07, 1.77535366674e-06, 2.29148690778e-06, 2.12083264728e-07, 2.93261422257e-07, 1.35685479563e-06, 5.38080712431e-07, 7.09561831513e-08, 8.36408631244e-08, 1.78841801812e-07, 8.53453840932e-08, 1.95076069076e-07, 2.33741673128e-07, 5.60225998925e-08, 2.05540153786e-08, 7.89183918215e-09, 6.76416167522e-09, 7.89663268108e-09, 8.79284289823e-09, 6.60191412649e-09, 3.13506198779e-09, 1.34439648303e-09, 1.35860156458e-09, 1.35890509956e-09, 8.24023183021e-10],
        "dmean2": [9.23704646993e-06, 2.3335322112e-05, 0.000210286365473, 0.00181916134898, 0.00130340654869, 0.000471040490083, 0.000166140554938, 3.74335322704e-05, 2.18258101086e-05, 1.1458141671e-05, 2.10024700209e-05, 6.79229378875e-06, 7.1655733791e-07, 1.23672054997e-06, 9.02654676338e-07, 1.03916534044e-06, 2.11862698052e-06, 1.55898771936e-06, 3.76643242816e-07, 5.28333259808e-07, 2.53036591857e-06, 9.89962245512e-07, 1.19818096778e-07, 1.45309968502e-07, 3.21336870002e-07, 1.51609597765e-07, 3.67276669522e-07, 4.43602772293e-07, 1.03874924662e-07, 3.86045222456e-08, 1.45539704732e-08, 1.24794574674e-08, 1.45949181629e-08, 1.6362626809e-08, 1.11542357573e-08, 5.0626414172e-09, 2.31483432422e-09, 2.43366327091e-09, 2.49676190833e-09, 1.47836709541e-09],
        "dvar": [3.03498448595e-10, 3.06744629697e-09, 1.30829562295e-07, 5.31903560841e-06, 2.22257949645e-06, 1.07857556486e-06, 6.52460556694e-08, 3.19940474114e-09, 3.00360736283e-09, 6.19798268264e-10, 2.86137091798e-09, 2.75358236212e-10, 3.38340249914e-12, 7.00222952538e-12, 3.13221020301e-12, 4.62532182693e-12, 2.76744946404e-11, 4.22980192538e-11, 7.79074016671e-13, 1.3542525391e-12, 5.38484153101e-11, 5.41410449459e-12, 1.39486837879e-13, 1.16811006939e-13, 1.14616226666e-12, 2.05504246975e-13, 1.33396310491e-12, 1.81715276507e-12, 6.56834544979e-14, 7.81050351213e-15, 1.54275701101e-15, 7.96705320023e-16, 1.68728634868e-15, 2.08893465507e-15, 5.56585307289e-15, 1.29861236358e-15, 5.18659767065e-16, 1.98574910143e-16, 3.97278205335e-17, 1.06623200455e-17],
        "dvar2": [7.8424539085e-10, 8.01467781031e-09, 3.25900685993e-07, 1.39375461004e-05, 6.45823865852e-06, 2.59777448264e-06, 1.500612683e-07, 7.28256699389e-09, 4.7868367048e-09, 1.23974042143e-09, 6.10923311939e-09, 5.11510056533e-10, 7.91287781826e-12, 7.04973579513e-12, 7.37460786882e-12, 1.25698618181e-11, 6.17944376224e-11, 1.57343530566e-11, 2.1720726346e-12, 3.87506519928e-12, 1.57010113244e-10, 1.56344850261e-11, 2.4392581054e-13, 2.78808904132e-13, 3.36433398501e-12, 5.48680512916e-13, 3.89561126413e-12, 5.14006198715e-12, 1.92676278578e-13, 2.29790958397e-14, 4.50917693009e-15, 2.28136825871e-15, 4.92130589278e-15, 6.03219426178e-15, 1.15254383999e-14, 2.49565213601e-15, 9.54776914574e-16, 3.6216323028e-16, 1.15285604575e-16, 3.08107175773e-17],
        "max": [0.000248899654252, 0.00208333716728, 0.00626041181386, 0.0441507697105, 0.0234921667725, 0.0179473813623, 0.0113840298727, 0.00201599858701, 0.00422007078305, 0.00117540510837, 0.00308729801327, 0.00137541268487, 3.04839704768e-05, 7.39820679883e-05, 5.15539395565e-05, 2.39116998273e-05, 0.000166830111993, 0.000329024071107, 1.35097452585e-05, 1.60214422067e-05, 0.000114724316518, 2.70713007922e-05, 3.6281235225e-05, 2.14007577597e-05, 5.33267120773e-05, 2.84060424747e-05, 2.27918771998e-05, 5.54116923013e-05, 3.61129468729e-06, 1.10913902063e-06, 6.83916141497e-07, 1.00313229723e-06, 6.42956081265e-07, 1.61082573413e-06, 6.05664445175e-06, 2.83402118839e-06, 2.16439821088e-06, 1.31583442453e-06, 3.52710003426e-07, 5.48161338543e-08],
        "mean": [8.66121536092e-06, 3.76253847207e-05, 0.000326918321662, 0.00235080369748, 0.00156158790924, 0.000616246368736, 0.000569897063542, 0.000103360129287, 0.000116810144391, 4.20410906372e-05, 6.16903707851e-05, 2.03362906177e-05, 6.49610342407e-07, 3.34484479936e-06, 1.15658554023e-06, 4.85475879941e-07, 4.01188481192e-06, 7.81176458986e-06, 1.74014971321e-07, 2.47843956913e-07, 9.32872978865e-07, 3.83842404972e-07, 8.06093538586e-08, 9.0912521955e-08, 1.908026519e-07, 7.72733272925e-08, 1.34055142098e-07, 1.53307723849e-07, 3.73018274047e-08, 1.36803341988e-08, 5.71353853118e-09, 5.19060794346e-09, 5.49036771602e-09, 6.13814421513e-09, 7.97968269239e-09, 4.5985313335e-09, 1.48785406218e-09, 1.25596999467e-09, 1.15716980442e-09, 8.2034401494e-10],
        "median": [1.10999826575e-06, 1.77963170245e-06, 5.88612347201e-05, 0.00078340008622, 0.000305953086354, 0.000109556858661, 0.00012669757416, 4.26037368015e-05, 1.43840534292e-05, 2.18023387788e-06, 2.1093178475e-06, 4.82719997308e-07, 8.07933417946e-08, 5.30148668076e-07, 3.22001341146e-07, 1.89736066858e-08, 8.90966234124e-08, 1.03859377987e-07, 3.11725223412e-09, 7.51949080779e-09, 8.00392729872e-09, 1.80794756943e-09, 1.51753820621e-09, 1.5132316511e-09, 1.1599374794e-09, 2.89771850959e-09, 2.5631328171e-09, 3.04906278004e-09, 1.51280732386e-09, 5.36164446174e-10, 3.94271781889e-10, 4.33155844526e-10, 4.48848458401e-10, 3.09521547281e-10, 3.07772973773e-10, 4.33211161388e-10, 4.30932872719e-10, 2.85309692538e-10, 2.43499109764e-10, 2.1348162127e-10],
        "min": [4.82562702917e-24, 1.12980264415e-23, 1.62994108915e-23, 7.88358874141e-24, 9.81014247756e-24, 8.37299252498e-24, 2.28746075573e-24, 1.08488443089e-23, 9.28078841116e-24, 1.51210925128e-23, 7.82764272601e-24, 1.23911928075e-23, 6.44845432845e-24, 8.03904167139e-24, 5.70007500387e-24, 6.92271592694e-24, 1.67210160246e-23, 1.948796616e-23, 1.08947102597e-23, 6.87298140231e-24, 6.59712857667e-24, 1.08874574725e-23, 1.47956211251e-23, 8.83393026279e-24, 6.94136302102e-24, 1.05593670666e-23, 1.3189478234e-23, 1.44964487823e-23, 1.57647714571e-23, 5.57409312844e-24, 7.61646466168e-24, 1.34005395469e-23, 1.2767708229e-23, 9.69449546885e-24, 6.47610311431e-24, 1.04718563598e-23, 8.94893040555e-24, 9.17996252114e-24, 1.1280697534e-23, 1.6578276377e-23],
        "var": [5.70662794797e-10, 2.11729105359e-08, 3.40487133599e-07, 1.45284357131e-05, 6.59789930069e-06, 2.25421354116e-06, 1.40661688874e-06, 2.71156785914e-08, 8.11470215467e-08, 8.98293350815e-09, 3.20742081783e-08, 5.66993518802e-09, 5.4023209517e-12, 5.38146610607e-11, 5.42984407437e-12, 3.37666244792e-12, 1.36620006974e-10, 6.40096475824e-10, 5.30078151512e-13, 9.61719094118e-13, 3.13410478125e-11, 3.41085037818e-12, 4.50019605998e-13, 2.11867266895e-13, 1.69188881655e-12, 1.82183708766e-13, 8.28498131645e-13, 1.37089753612e-12, 3.70223430634e-14, 4.41320343849e-15, 8.71177197899e-16, 6.69733916559e-16, 9.83995739606e-16, 1.42484081327e-15, 1.64864832669e-14, 4.62461312124e-15, 7.04291166741e-16, 2.60548499246e-16, 2.641105805e-17, 7.03109724525e-18]
    },
    "mfcc": {
        "mean": [-918.593505859, 188.151992798, 49.334690094, 8.98949718475, -15.0907239914, -23.3856582642, -22.0030879974, -27.2861881256, -21.1353092194, -8.74218273163, -10.8500118256, -8.36499595642, -3.24471759796],
        "cov": [[8477.71875, 3819.90454102, -1374.96130371, -10.0427360535, -182.829284668, -186.408538818, -50.0030899048, -269.508270264, -27.5741329193, 375.653594971, -212.159912109, -599.852050781, -685.90838623], [3819.90454102, 3846.42016602, 971.809936523, -218.282928467, -278.552154541, -66.0734405518, -18.7358932495, -364.291595459, -319.914672852, -116.962654114, -276.823303223, -495.285888672, -516.344360352], [-1374.96130371, 971.809936523, 2009.74414062, 168.553939819, -166.298828125, 26.0496826172, -34.0132446289, -179.238754272, -397.135162354, -538.877380371, -294.167175293, -45.4357376099, 119.904533386], [-10.0427360535, -218.282928467, 168.553939819, 521.629211426, 116.36529541, -132.148788452, -98.6130523682, -59.4222068787, -174.500701904, -271.02166748, -161.431060791, 123.361877441, 250.855300903], [-182.829284668, -278.552154541, -166.298828125, 116.36529541, 215.036895752, 77.0290145874, 6.08036613464, -5.1275844574, -32.0076408386, -44.7835197449, -9.9499130249, 13.4377307892, 5.63084220886], [-186.408538818, -66.0734405518, 26.0496826172, -132.148788452, 77.0290145874, 310.418823242, 209.215103149, 39.5656242371, -20.9888305664, -16.772310257, -41.0004692078, -155.588378906, -214.647964478], [-50.0030899048, -18.7358932495, -34.0132446289, -98.6130523682, 6.08036613464, 209.215103149, 285.780303955, 131.491165161, -14.9038581848, -36.826084137, -43.1888961792, -108.393127441, -151.379608154], [-269.508270264, -364.291595459, -179.238754272, -59.4222068787, -5.1275844574, 39.5656242371, 131.491165161, 239.255691528, 147.376434326, 51.5388793945, 33.8004226685, 49.113445282, 60.4525222778], [-27.5741329193, -319.914672852, -397.135162354, -174.500701904, -32.0076408386, -20.9888305664, -14.9038581848, 147.376434326, 346.709533691, 317.754364014, 165.247055054, 33.9013214111, -6.71635246277], [375.653594971, -116.962654114, -538.877380371, -271.02166748, -44.7835197449, -16.772310257, -36.826084137, 51.5388793945, 317.754364014, 496.717315674, 293.210601807, -27.5460128784, -154.83354187], [-212.159912109, -276.823303223, -294.167175293, -161.431060791, -9.9499130249, -41.0004692078, -43.1888961792, 33.8004226685, 165.247055054, 293.210601807, 327.049713135, 163.783416748, 22.653011322], [-599.852050781, -495.285888672, -45.4357376099, 123.361877441, 13.4377307892, -155.588378906, -108.393127441, 49.113445282, 33.9013214111, -27.5460128784, 163.783416748, 443.519042969, 452.848968506], [-685.90838623, -516.344360352, 119.904533386, 250.855300903, 5.63084220886, -214.647964478, -151.379608154, 60.4525222778, -6.71635246277, -154.83354187, 22.653011322, 452.848968506, 632.441955566]],
