{
"lowlevel": {
    "average_loudness": 0.886470913887,
    "barkbands_crest": {
        "dmean": 3.78256726265,
        "dmean2": 5.95738935471,
        "dvar": 12.8250417709,
        "dvar2": 26.4211082458,
        "max": 26.8955860138,
        "mean": 15.7269573212,
        "median": 15.3200836182,
        "min": 2.50767374039,
        "var": 32.1496658325
    },
    "barkbands_flatness_db": {
        "dmean": 0.0573594383895,
        "dmean2": 0.0829992219806,
        "dvar": 0.003531786846,
        "dvar2": 0.00604795943946,
        "max": 0.888004660606,
        "mean": 0.28763449192,
        "median": 0.288223952055,
        "min": 0.0454386435449,
        "var": 0.0111138839275
    },
    "barkbands_kurtosis": {
        "dmean": 15.8829889297,
        "dmean2": 23.8912410736,
        "dvar": 5514.87207031,
        "dvar2": 10712.8691406,
        "max": 2627.078125,
        "mean": 19.904001236,
        "median": 4.80285453796,
        "min": -1.886469841,
        "var": 7484.02246094
    },
    "barkbands_skewness": {
        "dmean": 1.2067245245,
        "dmean2": 1.74731302261,
        "dvar": 2.53373360634,
        "dvar2": 4.44863462448,
        "max": 31.2018032074,
        "mean": 1.65858519077,
        "median": 1.23838114738,
        "min": -6.87248468399,
        "var": 7.8273730278
    },
    "barkbands_spread": {
        "dmean": 3.8210773468,
        "dmean2": 6.05248308182,
        "dvar": 37.4452133179,
        "dvar2": 89.9095077515,
        "max": 105.281761169,
        "mean": 7.77372217178,
        "median": 5.10356283188,
        "min": 0.0438130348921,
        "var": 84.6761245728
    },
    "dissonance": {
        "dmean": 0.0481679998338,
        "dmean2": 0.0747510194778,
        "dvar": 0.0021461872384,
        "dvar2": 0.00493882130831,
        "max": 0.500000059605,
        "mean": 0.385813385248,
        "median": 0.403672158718,
        "min": 0.0810210481286,
        "var": 0.00653644371778
    },
    "dynamic_complexity": 4.42514753342,
    "erbbands_crest": {
        "dmean": 3.98271656036,
        "dmean2": 6.14920282364,
        "dvar": 14.3444786072,
        "dvar2": 30.5699214935,
        "max": 33.1369171143,
        "mean": 16.0088729858,
        "median": 15.5023298264,
        "min": 2.7381696701,
        "var": 43.8228721619
    },
    "erbbands_flatness_db": {
        "dmean": 0.0448234677315,
        "dmean2": 0.0635144114494,
        "dvar": 0.00211190246046,
        "dvar2": 0.00379247544333,
        "max": 0.55859965086,
        "mean": 0.279654145241,
        "median": 0.274450957775,
        "min": 0.0448343008757,
        "var": 0.00775186810642
    },
    "erbbands_kurtosis": {
        "dmean": 6.55609130859,
        "dmean2": 10.3467817307,
        "dvar": 221.432846069,
        "dvar2": 428.906585693,
        "max": 381.886962891,
        "mean": 10.3551111221,
        "median": 4.13442707062,
        "min": -1.93730044365,
        "var": 564.739196777
    },
    "erbbands_skewness": {
        "dmean": 0.790908157825,
        "dmean2": 1.22812318802,
        "dvar": 0.801334500313,
        "dvar2": 1.80381405354,
        "max": 13.6610059738,
        "mean": 1.37172567844,
        "median": 1.19803225994,
        "min": -3.99315857887,
        "var": 2.76822900772
    },
    "erbbands_spread": {
        "dmean": 8.5277223587,
        "dmean2": 12.8397607803,
        "dvar": 127.658103943,
        "dvar2": 247.48046875,
        "max": 129.32371521,
        "mean": 17.1403675079,
        "median": 11.0611848831,
        "min": 0.442250013351,
        "var": 294.303344727
    },
    "hfc": {
        "dmean": 5.32501220703,
        "dmean2": 8.01783275604,
        "dvar": 101.64050293,
        "dvar2": 228.979141235,
        "max": 118.511672974,
        "mean": 9.03644561768,
        "median": 5.56569194794,
        "min": 1.18001933357e-16,
        "var": 150.396850586
    },
    "melbands_crest": {
        "dmean": 4.26111984253,
        "dmean2": 6.47300291061,
        "dvar": 14.8323907852,
        "dvar2": 29.4825458527,
        "max": 34.023273468,
        "mean": 18.7945652008,
        "median": 18.5501842499,
        "min": 1.80158472061,
        "var": 44.8034858704
    },
    "melbands_flatness_db": {
        "dmean": 0.065513074398,
        "dmean2": 0.0929997265339,
        "dvar": 0.00482907099649,
        "dvar2": 0.00816520955414,
        "max": 1,
        "mean": 0.354833513498,
        "median": 0.358706593513,
        "min": 0.00885174516588,
        "var": 0.0159579608589
    },
    "melbands_kurtosis": {
        "dmean": 14.1290798187,
        "dmean2": 21.2658653259,
        "dvar": 1327.90356445,
        "dvar2": 2604.47924805,
        "max": 815.095092773,
        "mean": 20.1820602417,
        "median": 6.10422372818,
        "min": -1.85638928413,
        "var": 3043.80078125
    },
    "melbands_skewness": {
        "dmean": 1.19595944881,
        "dmean2": 1.73791635036,
        "dvar": 2.19021821022,
        "dvar2": 3.9445271492,
        "max": 23.3091049194,
        "mean": 1.879961133,
        "median": 1.44790244102,
        "min": -4.30416727066,
        "var": 7.01420211792
    },
    "melbands_spread": {
        "dmean": 4.88103914261,
        "dmean2": 7.65398216248,
        "dvar": 111.944869995,
        "dvar2": 238.040145874,
        "max": 215.880599976,
        "mean": 10.4804239273,
        "median": 6.28970813751,
        "min": 0.177729964256,
        "var": 243.207809448
    },
    "pitch_salience": {
        "dmean": 0.0997649133205,
        "dmean2": 0.158458560705,
        "dvar": 0.00966997630894,
        "dvar2": 0.0212936028838,
        "max": 0.932255446911,
        "mean": 0.444502860308,
        "median": 0.451244413853,
        "min": 0.0241502150893,
        "var": 0.0225850027055
    },
    "silence_rate_20dB": {
        "dmean": 0,
        "dmean2": 0,
        "dvar": 0,
        "dvar2": 0,
        "max": 1,
        "mean": 1,
        "median": 1,
        "min": 1,
        "var": 0
    },
    "silence_rate_30dB": {
        "dmean": 0.0727001875639,
        "dmean2": 0.145411208272,
        "dvar": 0.0674220770597,
        "dvar2": 0.153457209468,
        "max": 1,
        "mean": 0.927379727364,
        "median": 1,
        "min": 0,
        "var": 0.0673387721181
    },
    "silence_rate_60dB": {
        "dmean": 0.0540782138705,
        "dmean2": 0.108164481819,
        "dvar": 0.0511583089828,
        "dvar2": 0.112566933036,
        "max": 1,
        "mean": 0.15432742238,
        "median": 0,
        "min": 0,
        "var": 0.130502089858
    },
    "spectral_centroid": {
        "dmean": 178.181381226,
        "dmean2": 276.230773926,
        "dvar": 105174.734375,
        "dvar2": 206035.21875,
        "max": 10794.8144531,
        "mean": 721.134521484,
        "median": 497.079467773,
        "min": 83.0062789917,
        "var": 421749.875
    },
    "spectral_complexity": {
        "dmean": 3.47456240654,
        "dmean2": 5.30438041687,
        "dvar": 39.7635574341,
        "dvar2": 71.4912261963,
        "max": 54,
        "mean": 8.1401014328,
        "median": 7,
        "min": 0,
        "var": 60.8407096863
    },
    "spectral_decrease": {
        "dmean": 3.89783805232e-09,
        "dmean2": 5.00019092797e-09,
        "dvar": 3.68289230634e-17,
        "dvar2": 5.33745701788e-17,
        "max": -7.38158392023e-29,
        "mean": -7.19299553253e-09,
        "median": -3.202804022e-09,
        "min": -7.67763452814e-08,
        "var": 1.0351396419e-16
    },
    "spectral_energy": {
        "dmean": 0.015035578981,
        "dmean2": 0.0194076299667,
        "dvar": 0.000543881440535,
        "dvar2": 0.00079565186752,
        "max": 0.292499065399,
        "mean": 0.0279677789658,
        "median": 0.0126458061859,
        "min": 1.09817168591e-20,
        "var": 0.00153351901099
    },
    "spectral_energyband_high": {
        "dmean": 0.000123073419672,
        "dmean2": 0.000194560765522,
        "dvar": 6.99470277254e-08,
        "dvar2": 1.56689466735e-07,
        "max": 0.00279328785837,
        "mean": 0.000112619949505,
        "median": 4.45033447249e-06,
        "min": 8.02489836724e-21,
        "var": 8.14693095208e-08
    },
    "spectral_energyband_low": {
        "dmean": 0.00958529580384,
        "dmean2": 0.0119022997096,
        "dvar": 0.000420128693804,
        "dvar2": 0.00060150452191,
        "max": 0.241581737995,
        "mean": 0.0133741386235,
        "median": 0.000539640313946,
        "min": 1.66411564797e-23,
        "var": 0.000900696730241
    },
    "spectral_energyband_middle_high": {
        "dmean": 0.00153163075447,
        "dmean2": 0.00247949571349,
        "dvar": 1.23423815239e-05,
        "dvar2": 2.96988782793e-05,
        "max": 0.0432731062174,
        "mean": 0.00164997961838,
        "median": 0.000337529461831,
        "min": 1.64295891599e-21,
        "var": 1.23644003907e-05
    },
    "spectral_energyband_middle_low": {
        "dmean": 0.00712494971231,
        "dmean2": 0.0111976126209,
        "dvar": 0.000174562155735,
        "dvar2": 0.00041313492693,
        "max": 0.190289288759,
        "mean": 0.013213461265,
        "median": 0.00786366127431,
        "min": 3.688532849e-22,
        "var": 0.000296311511192
    },
    "spectral_entropy": {
        "dmean": 0.52613979578,
        "dmean2": 0.759814560413,
        "dvar": 0.335001409054,
        "dvar2": 0.610514104366,
        "max": 9.79427719116,
        "mean": 6.35907363892,
        "median": 6.31837558746,
        "min": 2.53071570396,
        "var": 1.03008568287
    },
    "spectral_flux": {
        "dmean": 0.0409006923437,
        "dmean2": 0.0656087994576,
        "dvar": 0.00272301351652,
        "dvar2": 0.00596497859806,
        "max": 0.458337545395,
        "mean": 0.0758171081543,
        "median": 0.0524810291827,
        "min": 1.04793687616e-10,
        "var": 0.00502197025344
    },
    "spectral_kurtosis": {
        "dmean": 12.1655540466,
        "dmean2": 18.9449310303,
        "dvar": 220.263259888,
        "dvar2": 428.376464844,
        "max": 159.268280029,
        "mean": 23.3740577698,
        "median": 13.323767662,
        "min": -1.19193065166,
        "var": 675.606750488
    },
    "spectral_rms": {
        "dmean": 0.00125538988505,
        "dmean2": 0.00167403684463,
        "dvar": 2.17510250877e-06,
        "dvar2": 3.08323183162e-06,
        "max": 0.0168927479535,
        "mean": 0.00424983352423,
        "median": 0.00351245934144,
        "min": 3.27320484085e-12,
        "var": 9.22441176954e-06
    },
    "spectral_rolloff": {
        "dmean": 237.774902344,
        "dmean2": 409.528198242,
        "dvar": 388760.65625,
        "dvar2": 794646.4375,
        "max": 18604.6875,
        "mean": 811.43170166,
        "median": 473.73046875,
        "min": 64.599609375,
        "var": 1603177.125
    },
    "spectral_skewness": {
        "dmean": 1.03167974949,
        "dmean2": 1.54755520821,
        "dvar": 1.23753607273,
        "dvar2": 2.21393108368,
        "max": 10.858259201,
        "mean": 3.33435821533,
        "median": 2.84767723083,
        "min": 0.00274450262077,
        "var": 4.1612200737
    },
    "spectral_spread": {
        "dmean": 794691.375,
        "dmean2": 1231754.5,
        "dvar": 728347115520,
        "dvar2": 1.56024491213e+12,
        "max": 40366576,
        "mean": 2992740.5,
        "median": 2785678.5,
        "min": 571192.3125,
        "var": 1.84108109005e+12
    },
    "spectral_strongpeak": {
        "dmean": 0.423309147358,
        "dmean2": 0.688742160797,
        "dvar": 0.328671842813,
        "dvar2": 0.877631723881,
        "max": 6.90963888168,
        "mean": 0.985543608665,
        "median": 0.798245489597,
        "min": 0,
        "var": 0.671708345413
    },
    "zerocrossingrate": {
        "dmean": 0.00648681167513,
        "dmean2": 0.00753896916285,
        "dvar": 0.000131624110509,
        "dvar2": 0.000122305515106,
        "max": 0.5087890625,
        "mean": 0.0310483369976,
        "median": 0.0224609375,
        "min": 0.00244140625,
        "var": 0.00139821739867
    },
    "barkbands": {
        "dmean": [0.000141498952871, 0.00899081397802, 0.00106721743941, 0.000458599592093, 0.00218418333679, 0.00272015016526, 0.00269343541004, 0.000399781449232, 0.000428518047556, 0.000425244972575, 0.000292552926112, 0.000208092867979, 0.000105341438029, 0.000135373513331, 0.000127877385239, 9.7304720839e-05, 0.000125781414681, 0.00012448518828, 6.57112614135e-05, 5.01053473272e-05, 3.38885438396e-05, 3.55339761882e-05, 1.58274760906e-05, 7.86473901826e-06, 4.18989429818e-06, 7.77887635195e-07, 6.58465282299e-08],
        "dmean2": [0.000185431723366, 0.0117140272632, 0.00169336283579, 0.00080377800623, 0.0035611866042, 0.00457198824733, 0.0040794997476, 0.000602750282269, 0.00069235736737, 0.000725070829503, 0.000464735436253, 0.000340338534443, 0.00017538391694, 0.000222698334255, 0.000206224009162, 0.000158319133334, 0.000205352727789, 0.000208220604691, 0.000102488789707, 7.98990295152e-05, 5.29766548425e-05, 5.82237662456e-05, 2.51163328358e-05, 1.27523999254e-05, 7.30538704374e-06, 1.43690556342e-06, 1.24099400978e-07],
        "dvar": [1.05213928236e-07, 0.000441447715275, 7.06282708052e-06, 1.87002058283e-06, 7.85796728451e-05, 3.32040326612e-05, 3.49927177012e-05, 1.03705770016e-06, 2.27087889471e-06, 1.82223072898e-06, 4.27896424071e-07, 2.72832494375e-07, 1.29561783524e-07, 1.58214078283e-07, 1.64473277664e-07, 1.07999156285e-07, 2.19805656343e-07, 2.16038571921e-07, 3.02246014883e-08, 1.78155925568e-08, 7.50617523693e-09, 5.54746604209e-09, 1.08959918865e-09, 2.71865585599e-10, 9.78327141521e-11, 8.60487896215e-12, 1.01843887327e-13],
        "dvar2": [1.67938168261e-07, 0.000652028073091, 1.78095597221e-05, 4.9035847951e-06, 0.000210356374737, 8.17283216747e-05, 6.54389659758e-05, 2.31348417401e-06, 5.64822767046e-06, 4.66594337922e-06, 9.46828890847e-07, 6.46044668429e-07, 3.16121997912e-07, 3.9432134713e-07, 3.84020324873e-07, 2.5586032848e-07, 5.54043992906e-07, 5.64929507618e-07, 6.66301218644e-08, 4.06831688338e-08, 1.62235629375e-08, 1.35776758725e-08, 2.57367016587e-09, 6.75801359318e-10, 2.62894039871e-10, 2.45507815466e-11, 2.93570398026e-13],
        "max": [0.00230141589418, 0.229249402881, 0.0400765165687, 0.0506432242692, 0.149283766747, 0.0810865163803, 0.0771761834621, 0.0425405800343, 0.0250923521817, 0.0179475210607, 0.0150548545644, 0.0120649551973, 0.00856911018491, 0.0075793908909, 0.00561008695513, 0.00568673294038, 0.00531727448106, 0.00451475940645, 0.00305785122328, 0.00199471227825, 0.000897551944945, 0.000746960693505, 0.000430417945608, 0.000173879801878, 9.31300019147e-05, 3.30077746185e-05, 4.30003137808e-06],
        "mean": [0.000178346948815, 0.0116837015375, 0.00118367921095, 0.000524024595506, 0.00260262656957, 0.00354102533311, 0.00495930342004, 0.000823341310024, 0.000644495303277, 0.000396491028368, 0.000342994026141, 0.000245122966589, 0.000107108869997, 0.000122222845675, 0.000123711259221, 8.50886281114e-05, 0.000104784718133, 9.92833884084e-05, 6.19484053459e-05, 5.72413191549e-05, 2.95823629131e-05, 2.81568263745e-05, 1.34748861456e-05, 6.36793402009e-06, 3.00983356283e-06, 5.06126013988e-07, 4.5802305948e-08],
        "median": [1.76527078111e-06, 0.000304362154566, 6.1785656726e-05, 1.32377272166e-05, 0.000391511421185, 0.000710875610821, 0.000958181568421, 0.000186903344002, 0.000130659609567, 4.5141488954e-05, 8.16524261609e-05, 2.40717126871e-05, 4.62680327473e-06, 6.218348517e-06, 6.63303080728e-06, 2.22841254072e-06, 2.23880897465e-06, 2.26592419494e-06, 1.83040174306e-06, 1.62484479915e-06, 9.67316736933e-07, 1.15557793379e-06, 4.76872742183e-07, 2.81608748764e-07, 1.82610321531e-07, 3.77394187012e-08, 9.77760450382e-09],
        "min": [1.10071675093e-24, 4.92954130963e-24, 4.82387536353e-24, 1.00133696128e-23, 3.78245361864e-23, 6.88326451976e-23, 7.21448070813e-23, 2.38628924994e-23, 1.08223941183e-22, 1.05894378132e-22, 1.39354626557e-22, 4.75094067633e-23, 1.2218339657e-22, 1.78847553071e-22, 1.51649307755e-22, 1.98133094367e-22, 1.58839187994e-22, 2.26205927681e-22, 1.81400635127e-22, 4.14270140294e-22, 2.97550785628e-22, 6.08208627725e-22, 8.70696653953e-22, 9.46536756882e-22, 1.34298285639e-21, 1.66923957092e-21, 2.23041881059e-21],
        "var": [1.94379765617e-07, 0.000830088276416, 9.6583062259e-06, 4.44764282292e-06, 7.19663221389e-05, 5.63916146348e-05, 8.86010820977e-05, 3.48088565261e-06, 3.16601540362e-06, 1.74655588125e-06, 7.15424789632e-07, 4.77726871395e-07, 2.10286160041e-07, 2.02252820714e-07, 1.92848091274e-07, 1.09466093079e-07, 1.87642825722e-07, 1.70585536807e-07, 3.61552388028e-08, 2.9245466493e-08, 8.01709454379e-09, 5.01272356956e-09, 1.09540632121e-09, 2.46141135252e-10, 7.00742103232e-11, 5.01604964162e-12, 5.7067116874e-14]
    },
    "erbbands": {
        "dmean": [0.326191306114, 1.83349394798, 1.43935012817, 1.47895479202, 3.45631527901, 9.09553050995, 12.7883663177, 25.8980007172, 36.6324310303, 20.6016197205, 7.38725948334, 8.43549633026, 13.5633411407, 12.4905443192, 10.6014289856, 7.80347394943, 5.00500106812, 6.63757228851, 6.75951337814, 6.47588682175, 5.57744312286, 7.68172359467, 6.82187652588, 4.29372501373, 2.99096369743, 2.31877970695, 1.67215573788, 1.24899578094, 1.2467571497, 0.941940784454, 0.39280167222, 0.192175969481, 0.128564864397, 0.0665571242571, 0.0200353134423, 0.00455470941961, 0.00113373983186, 0.000272415141808, 1.66092177096e-05, 1.66768932104e-05],
        "dmean2": [0.441979378462, 2.43906021118, 2.3117609024, 2.60836362839, 5.29615974426, 15.3201370239, 20.4641151428, 45.1772727966, 54.1140899658, 32.3848838806, 11.1585626602, 13.4233827591, 23.066608429, 20.6204795837, 17.3629512787, 12.3584661484, 8.17972755432, 11.0348205566, 11.1265773773, 10.6470012665, 9.1194190979, 12.712726593, 11.3626813889, 6.84077835083, 4.71173429489, 3.71430754662, 2.64138197899, 1.95290076733, 2.06098389626, 1.55546784401, 0.620727002621, 0.299988180399, 0.212827578187, 0.115663841367, 0.0350393801928, 0.00817305687815, 0.00213083392009, 0.000517552660313, 2.7944559406e-05, 2.18861077883e-05],
        "dvar": [0.648136913776, 18.0822944641, 10.209774971, 17.3585529327, 157.36555481, 1681.4864502, 1081.1015625, 2907.59545898, 6789.18603516, 1440.90283203, 520.843444824, 846.578186035, 1674.5489502, 1261.6986084, 574.355407715, 384.406860352, 268.979156494, 359.637664795, 417.190429688, 580.297302246, 350.509979248, 839.458190918, 682.199035645, 183.622695923, 55.3978500366, 36.2205200195, 18.1627540588, 9.03238868713, 7.15424776077, 3.71058750153, 0.655058979988, 0.147129803896, 0.079211384058, 0.0229845549911, 0.00257921591401, 0.000174433764187, 2.48883043241e-05, 1.94588028535e-06, 4.16260492742e-09, 6.78200995363e-10],
        "dvar2": [1.01291024685, 29.4069824219, 20.8292789459, 46.8556137085, 343.908996582, 4741.65039062, 2648.22558594, 7818.75488281, 11908.5126953, 3243.39404297, 1161.61340332, 2057.00634766, 4297.7109375, 3109.37866211, 1434.52966309, 894.949645996, 656.573303223, 921.567321777, 1047.53393555, 1424.54443359, 838.881530762, 2158.11572266, 1776.7310791, 444.072662354, 123.048828125, 81.9493560791, 40.048538208, 19.5013656616, 17.5395870209, 8.98969173431, 1.53402090073, 0.343188285828, 0.204031258821, 0.0616525374353, 0.00697036739439, 0.000482479663333, 7.1890950494e-05, 5.65921845919e-06, 1.1959530255e-08, 1.03309172328e-09],
        "max": [7.82061672211, 52.7500114441, 50.7008590698, 128.641891479, 248.212371826, 738.884033203, 476.523712158, 815.283081055, 1138.94921875, 805.747192383, 866.426025391, 692.848266602, 679.196411133, 597.055969238, 463.362335205, 597.014465332, 423.081939697, 405.26473999, 321.215423584, 322.727233887, 273.913513184, 279.229522705, 268.248565674, 252.809814453, 83.5167922974, 95.5391387939, 48.1209907532, 37.2849349976, 27.5630970001, 19.5735206604, 11.3151187897, 3.57469320297, 3.43877005577, 1.3759560585, 0.596452593803, 0.14709417522, 0.0582847706974, 0.016121564433, 0.00100064987782, 0.000316646328429],
        "mean": [0.369937568903, 2.45201277733, 2.0606443882, 1.67854702473, 4.76880979538, 9.73018455505, 16.682641983, 34.4139671326, 73.3800430298, 38.2508430481, 13.9728803635, 14.898935318, 13.1885080338, 12.9099578857, 11.8311567307, 10.1885709763, 5.54629898071, 6.01565599442, 5.99777030945, 6.15034103394, 4.93250656128, 6.14380979538, 5.53874254227, 3.86166501045, 2.93787074089, 2.64601111412, 1.56049382687, 1.09712398052, 0.973111629486, 0.754840433598, 0.338712781668, 0.162381574512, 0.10091277957, 0.0480601377785, 0.0144069679081, 0.00322246388532, 0.00071225699503, 0.000167473903275, 2.11676288018e-05, 3.14238241117e-05],
        "median": [0.00602205190808, 0.0774919241667, 0.118330210447, 0.104757413268, 0.288823723793, 1.72439956665, 4.20326328278, 9.87718009949, 20.0041370392, 15.213681221, 5.19194316864, 3.43432641029, 2.13402318954, 3.38461709023, 2.6190032959, 1.0962677002, 0.360764801502, 0.41966933012, 0.283379852772, 0.373365193605, 0.169125974178, 0.132216840982, 0.129441857338, 0.116345442832, 0.0910172089934, 0.0797896012664, 0.0523301512003, 0.0389345139265, 0.0363103598356, 0.0318541526794, 0.0126796960831, 0.00622062012553, 0.00468499958515, 0.0028548494447, 0.000957767304499, 0.000251635559835, 6.04903725616e-05, 1.58399689099e-05, 8.75310615811e-06, 1.44427485793e-05],
        "min": [8.23182728594e-23, 1.36234657696e-21, 6.79960719653e-21, 2.26578857698e-20, 7.01090563725e-20, 1.80886008121e-19, 9.2307591946e-20, 6.14135644598e-19, 1.0068569595e-18, 1.07461607976e-18, 5.57468706157e-19, 2.35037477395e-18, 3.86399638771e-18, 5.29610493557e-18, 3.65664785074e-18, 2.35239268106e-18, 7.01147073085e-18, 9.44914883499e-18, 8.15458057066e-18, 9.57650735236e-18, 8.34383866763e-18, 8.46937821484e-18, 1.06322065353e-17, 1.25446696182e-17, 9.94641425049e-18, 1.90523170457e-17, 1.37724893702e-17, 1.48229574629e-17, 2.12048064357e-17, 2.25197754554e-17, 2.42361785352e-17, 1.86401627249e-17, 1.73072157617e-17, 1.46647872949e-17, 1.01483803232e-17, 5.9389276691e-18, 3.01370083332e-18, 1.13238482278e-18, 3.17278229588e-19, 3.37644043116e-20],
        "var": [1.02249741554, 34.0098495483, 19.0702571869, 31.921787262, 279.357147217, 1212.51574707, 1472.14941406, 4409.58007812, 17834.4296875, 3607.51831055, 1275.30493164, 1519.59204102, 1697.89038086, 1339.48059082, 823.213256836, 814.138305664, 454.568389893, 475.515197754, 435.498931885, 564.693786621, 352.941894531, 671.682983398, 540.100097656, 181.142471313, 72.0564727783, 62.0331268311, 20.6528072357, 9.88745689392, 6.37254858017, 3.40042877197, 0.676031053066, 0.153736680746, 0.0654330849648, 0.016666488722, 0.00181720859837, 0.000113954178232, 1.38888835863e-05, 1.05992342014e-06, 2.84644152693e-09, 1.88538940016e-09]
    },
    "gfcc": {
        "mean": [-150.531951904, 142.568328857, -101.550163269, 9.40200614929, -78.4080963135, -6.62890863419, -27.2358188629, 2.14130163193, -5.82807445526, 3.39259839058, 3.27407503128, 1.70469379425, 2.40851593018],
        "cov": [[17021.4042969, 1165.36706543, -1709.10803223, 1333.50073242, 150.537078857, 114.887176514, -471.532592773, -151.732711792, -325.316314697, -266.463928223, 109.887756348, 35.6087341309, 143.802474976], [1165.36706543, 2210.7199707, 992.742370605, -524.044799805, 293.099090576, -219.57119751, 263.516448975, -83.1606521606, 157.38684082, -23.4208316803, 182.07661438, -52.2146873474, 18.9154186249], [-1709.10803223, 992.742370605, 1847.52758789, 225.903411865, 216.285491943, -193.72467041, 295.995483398, 90.0611801147, 277.539825439, 73.5914459229, 81.8826751709, -120.346870422, -70.3899078369], [1333.50073242, -524.044799805, 225.903411865, 1442.98071289, 426.47064209, 377.138000488, 140.887695312, 252.519744873, 149.173522949, 68.0571212769, 6.3703212738, -54.2309265137, 33.6411094666], [150.537078857, 293.099090576, 216.285491943, 426.47064209, 652.101074219, 298.566955566, 225.090713501, 101.879348755, 105.053764343, 30.7073516846, 41.2463798523, -44.0843658447, 9.68766975403], [114.887176514, -219.57119751, -193.72467041, 377.138000488, 298.566955566, 627.663635254, 186.424530029, 91.6038513184, 49.9977836609, 80.2535018921, -8.66102790833, 54.5915603638, 82.5753173828], [-471.532592773, 263.516448975, 295.995483398, 140.887695312, 225.090713501, 186.424530029, 337.261291504, 155.328567505, 109.157783508, 68.1053771973, 88.7201385498, 28.731836319, 47.0389060974], [-151.732711792, -83.1606521606, 90.0611801147, 252.519744873, 101.879348755, 91.6038513184, 155.328567505, 252.96673584, 144.689361572, 75.4905700684, 44.3673286438, 56.9131698608, 44.1064834595], [-325.316314697, 157.38684082, 277.539825439, 149.173522949, 105.053764343, 49.9977836609, 109.157783508, 144.689361572, 276.12210083, 116.377784729, 59.5080490112, 19.9697399139, 52.8657989502], [-266.463928223, -23.4208316803, 73.5914459229, 68.0571212769, 30.7073516846, 80.2535018921, 68.1053771973, 75.4905700684, 116.377784729, 182.936401367, 61.940246582, 19.7917575836, 34.7450523376], [109.887756348, 182.07661438, 81.8826751709, 6.3703212738, 41.2463798523, -8.66102790833, 88.7201385498, 44.3673286438, 59.5080490112, 61.940246582, 150.262115479, 47.1823539734, 13.9727048874], [35.6087341309, -52.2146873474, -120.346870422, -54.2309265137, -44.0843658447, 54.5915603638, 28.731836319, 56.9131698608, 19.9697399139, 19.7917575836, 47.1823539734, 128.793731689, 70.7496871948], [143.802474976, 18.9154186249, -70.3899078369, 33.6411094666, 9.68766975403, 82.5753173828, 47.0389060974, 44.1064834595, 52.8657989502, 34.7450523376, 13.9727048874, 70.7496871948, 146.066543579]],
        "icov": [[0.00017658546858, -0.000465101358714, 0.000375140225515, -0.000520841858815, 0.000231435828027, 3.83869301004e-05, 0.000270312244538, -8.17912496132e-06, 0.000185426208191, -3.6452041968e-05, 2.40117333306e-05, -0.000183193580597, 9.34835552471e-05], [-0.000465101358714, 0.00236342311837, -0.00149010622408, 0.00203302362934, -0.00127471692394, 1.29111977003e-05, -0.000876633217558, 0.000413748115534, -0.000835037033539, 0.000925147673115, -0.00139254203532, 0.00128063198645, -0.00120479601901], [0.000375140225515, -0.00149010622408, 0.00208584335633, -0.00172725587618, 0.000779696682002, 0.000914560339879, -0.00100862630643, 0.000976466166321, -0.000678667041939, -0.000556121463887, 0.00124289630912, -0.000814944331069, 0.00134159962181], [-0.000520841858815, 0.00203302362934, -0.00172725587618, 0.00331305363216, -0.0014828100102, -0.00108640571125, 0.00062852865085, -0.00194619328249, -0.000229274635785, 0.0010140647646, -0.00180584308691, 0.0028498955071, -0.00161401275545], [0.000231435828027, -0.00127471692394, 0.000779696682002, -0.0014828100102, 0.00358169083484, -0.00107214972377, -0.000721245422028, -1.6654292267e-05, -0.000275939179119, 0.000501095782965, -6.16278193775e-05, 0.000920388381928, 0.000801100570243], [3.83869301004e-05, 1.29111977003e-05, 0.000914560339879, -0.00108640571125, -0.00107214972377, 0.00412168772891, -0.00311242835596, 0.00256862747483, -0.000457338581327, -0.0019241735572, 0.00304260314442, -0.00318151479587, 0.000492373423185], [0.000270312244538, -0.000876633217558, -0.00100862630643, 0.00062852865085, -0.000721245422028, -0.00311242835596, 0.0101170111448, -0.00635095778853, 0.00256057851948, 0.000945787294768, -0.00484486110508, 0.00313152465969, -0.0025214261841], [-8.17912496132e-06, 0.000413748115534, 0.000976466166321, -0.00194619328249, -1.6654292267e-05, 0.00256862747483, -0.00635095778853, 0.0121724260971, -0.00472485693172, -0.00144481740426, 0.00367566826753, -0.0066868099384, 0.00273289834149], [0.000185426208191, -0.000835037033539, -0.000678667041939, -0.000229274635785, -0.000275939179119, -0.000457338581327, 0.00256057851948, -0.00472485693172, 0.00868182908744, -0.00303298677318, -0.0012138672173, 0.00141005811747, -0.00245730835013], [-3.6452041968e-05, 0.000925147673115, -0.000556121463887, 0.0010140647646, 0.000501095782965, -0.0019241735572, 0.000945787294768, -0.00144481740426, -0.00303298677318, 0.0100107677281, -0.00507715763524, 0.00355242216028, -0.00191775581334], [2.40117333306e-05, -0.00139254203532, 0.00124289630912, -0.00180584308691, -6.16278193775e-05, 0.00304260314442, -0.00484486110508, 0.00367566826753, -0.0012138672173, -0.00507715763524, 0.0146334255114, -0.0088577112183, 0.0044434866868], [-0.000183193580597, 0.00128063198645, -0.000814944331069, 0.0028498955071, 0.000920388381928, -0.00318151479587, 0.00313152465969, -0.0066868099384, 0.00141005811747, 0.00355242216028, -0.0088577112183, 0.0197713021189, -0.00837092008442], [9.34835552471e-05, -0.00120479601901, 0.00134159962181, -0.00161401275545, 0.000801100570243, 0.000492373423185, -0.0025214261841, 0.00273289834149, -0.00245730835013, -0.00191775581334, 0.0044434866868, -0.00837092008442, 0.0125587880611]]
    },
    "melbands": {
        "dmean": [0.00274457689375, 0.00123199727386, 0.000268707051873, 0.000482311792439, 0.000453362707049, 0.000550803088117, 0.000587946269661, 0.000195012675249, 6.12437870586e-05, 5.54304206162e-05, 7.01021417626e-05, 5.30674260517e-05, 3.70872694475e-05, 2.51915917033e-05, 1.65986002685e-05, 9.20785896596e-06, 1.31488732222e-05, 1.06497227534e-05, 9.74005342869e-06, 7.413874755e-06, 6.42807844997e-06, 7.76276374381e-06, 8.14376744529e-06, 4.70655459139e-06, 3.37503797709e-06, 2.41378552346e-06, 1.88779245036e-06, 1.50711787228e-06, 1.21153709642e-06, 8.29726616303e-07, 6.61866920382e-07, 7.01751616816e-07, 6.87869146532e-07, 4.41374083948e-07, 2.27472597203e-07, 1.61154360967e-07, 1.0617216617e-07, 8.51452028883e-08, 8.4697099112e-08, 4.81972364241e-08],
        "dmean2": [0.00365806254558, 0.00159279210493, 0.000448492297437, 0.000781412178185, 0.000739212322515, 0.00094898417592, 0.000878675491549, 0.000307212758344, 9.29458838073e-05, 8.92192983883e-05, 0.000119446020108, 8.8180466264e-05, 5.98041406192e-05, 4.18189883931e-05, 2.59956286754e-05, 1.57048907568e-05, 2.19341272896e-05, 1.76298053702e-05, 1.58595394169e-05, 1.21974726426e-05, 1.05815879579e-05, 1.26950799313e-05, 1.40221245601e-05, 7.61290084483e-06, 5.40847440789e-06, 3.77751780434e-06, 3.09004121846e-06, 2.43482440965e-06, 1.96074233827e-06, 1.27768760194e-06, 1.04089997421e-06, 1.16503758818e-06, 1.15270563583e-06, 7.25344591501e-07, 3.61432029194e-07, 2.51044838251e-07, 1.71098093915e-07, 1.38490833024e-07, 1.47588210098e-07, 8.43734255795e-08],
        "dvar": [4.37642374891e-05, 6.19553520664e-06, 4.7093672606e-07, 3.57819612873e-06, 1.89661147942e-06, 1.32362458771e-06, 1.70236057784e-06, 1.18556158668e-07, 4.78421924299e-08, 3.45488615494e-08, 4.47275070314e-08, 2.54582559478e-08, 6.71006228359e-09, 3.88257292983e-09, 2.56561216716e-09, 9.78101377669e-10, 1.55243595756e-09, 1.04331510098e-09, 1.20064158615e-09, 7.51146034261e-10, 4.76787387349e-10, 8.3848977761e-10, 1.13447506944e-09, 2.51840492904e-10, 1.17254206344e-10, 3.61091261059e-11, 2.77078152089e-11, 1.50812921179e-11, 1.04297360679e-11, 4.71646723413e-12, 2.40564469386e-12, 2.38926500112e-12, 2.19962459705e-12, 8.12753510326e-13, 2.28216263162e-13, 1.02808075096e-13, 5.06373676985e-14, 3.57119729296e-14, 3.74195202005e-14, 1.29648853434e-14],
        "dvar2": [6.57925920677e-05, 1.09812590381e-05, 1.22001620184e-06, 9.16275075724e-06, 5.03772753291e-06, 3.44387808582e-06, 3.03699016513e-06, 2.7780106393e-07, 1.13922197897e-07, 8.52231067938e-08, 1.14866004708e-07, 6.39186978901e-08, 1.58000919015e-08, 9.22512644053e-09, 5.62489255174e-09, 2.5586466279e-09, 4.01118782634e-09, 2.66022603945e-09, 2.78242784368e-09, 1.88655424616e-09, 1.15013110147e-09, 2.12034856339e-09, 3.07922065623e-09, 6.13602779698e-10, 2.84498674619e-10, 8.08929451201e-11, 6.6934797982e-11, 3.42610974313e-11, 2.46027018203e-11, 1.023512438e-11, 5.34380482572e-12, 5.93935274226e-12, 5.5082236515e-12, 1.94722645126e-12, 5.40906566499e-13, 2.35221347608e-13, 1.23421157192e-13, 9.11715771238e-14, 1.00345635121e-13, 3.51283875578e-14],
        "max": [0.0694388598204, 0.0387244261801, 0.018551196903, 0.0261172372848, 0.0245141442865, 0.0168661139905, 0.0173810236156, 0.00754811102524, 0.00641351519153, 0.00463106157258, 0.00334315211512, 0.00264189112931, 0.00200417172164, 0.00165146111976, 0.00106759741902, 0.000703420431819, 0.00092786794994, 0.000475249282317, 0.00051049538888, 0.000474972213851, 0.000321329018334, 0.000303786800941, 0.000343488150975, 0.00017946738808, 0.000227025389904, 8.4059087385e-05, 8.3378268755e-05, 8.65227775648e-05, 3.87218206015e-05, 2.73781515716e-05, 1.79903036042e-05, 1.66297249962e-05, 1.54704393935e-05, 9.24349114939e-06, 7.40611767469e-06, 3.35663366968e-06, 2.39936184698e-06, 2.42900591729e-06, 1.9139588403e-06, 1.14740976187e-06],
        "mean": [0.00334271299653, 0.00185976491775, 0.000331156683387, 0.00057444430422, 0.000568735180423, 0.000714681227691, 0.0011303514475, 0.000359805271728, 0.000108712061774, 8.98105427041e-05, 6.55945332255e-05, 5.34420250915e-05, 4.23891033279e-05, 2.84405359707e-05, 2.18999957724e-05, 8.68870756676e-06, 1.16607880045e-05, 9.2665086413e-06, 9.37924869504e-06, 6.72126043355e-06, 5.54154894417e-06, 6.31767443338e-06, 6.06352568866e-06, 4.09631866205e-06, 3.00461124425e-06, 2.2636866106e-06, 1.85793442142e-06, 1.79867856787e-06, 1.12474663183e-06, 7.2914770044e-07, 5.74182593027e-07, 5.45450802747e-07, 5.31909620349e-07, 3.59322569921e-07, 1.94907414652e-07, 1.41136908383e-07, 8.57291411194e-08, 6.90489656563e-08, 6.08546386616e-08, 3.43735671038e-08],
        "median": [7.35776484362e-05, 8.44369351398e-05, 2.21357004193e-05, 7.73540086811e-05, 0.000148961582454, 0.00015574702411, 0.000270560005447, 0.000149883868289, 3.25021683238e-05, 1.98253073904e-05, 7.85162956163e-06, 1.26751820062e-05, 1.01428413473e-05, 2.82585006062e-06, 1.3306899973e-06, 4.2455067728e-07, 6.75994499488e-07, 3.94952962779e-07, 4.53184838989e-07, 3.50299387719e-07, 1.54610447112e-07, 1.25639502357e-07, 1.16277249163e-07, 9.80250760563e-08, 8.83432988985e-08, 6.22623446134e-08, 5.78065701973e-08, 4.58752040799e-08, 3.16523127708e-08, 2.30242740429e-08, 1.99128127321e-08, 1.90721447524e-08, 2.31344934321e-08, 1.39312739122e-08, 7.17263271e-09, 5.18876852595e-09, 2.94034974146e-09, 3.04615621616e-09, 3.17682813389e-09, 2.08887418474e-09],
        "min": [1.05733235937e-24, 2.7982434587e-24, 4.49483280249e-24, 9.77137706381e-24, 3.687405267e-24, 1.42969300821e-23, 1.69229107738e-23, 1.04495623618e-23, 4.20974202122e-24, 1.68053610326e-23, 1.79884646415e-23, 1.97218728848e-23, 1.48038694547e-23, 4.81974646555e-24, 1.17264157784e-23, 1.24857685526e-23, 1.83856308637e-23, 1.24364316139e-23, 9.92838957181e-24, 1.73675112022e-23, 7.77136933334e-24, 8.60721952724e-24, 9.01488706584e-24, 1.13387174647e-23, 1.02690118221e-23, 5.65828667514e-24, 1.00585011341e-23, 1.38725087156e-23, 9.16981698104e-24, 6.74898508979e-24, 9.79255403481e-24, 1.16527527359e-23, 1.22668951501e-23, 1.27337446116e-23, 1.36097912129e-23, 1.3670593456e-23, 1.06480003225e-23, 1.1592034112e-23, 1.23805408187e-23, 1.28643239683e-23],
        "var": [7.54119537305e-05, 1.43342067531e-05, 8.97843392522e-07, 3.84293480238e-06, 1.88340743534e-06, 2.09625090974e-06, 4.42527652922e-06, 3.09060567361e-07, 8.65867946231e-08, 6.0485987774e-08, 4.47781083324e-08, 2.53733354327e-08, 1.04631432407e-08, 6.43342445983e-09, 5.66047297923e-09, 1.46841927506e-09, 1.97787430878e-09, 1.11296694083e-09, 1.35778932542e-09, 7.09333203286e-10, 4.75193551175e-10, 7.05530023293e-10, 7.95199128767e-10, 2.47053377755e-10, 1.15481221807e-10, 4.63976981835e-11, 3.37569520947e-11, 3.39716831055e-11, 1.18619619335e-11, 5.05914667798e-12, 2.57600603175e-12, 2.07459938985e-12, 1.86490861816e-12, 7.64015803748e-13, 2.3180635471e-13, 1.10808057337e-13, 4.78054214595e-14, 3.04327553826e-14, 2.6836060365e-14, 9.15160654235e-15]
    },
    "mfcc": {
        "mean": [-792.408325195, 168.756912231, 22.1331939697, 14.8478736877, -18.5346870422, -9.60539531708, -11.9638357162, -2.77986550331, -3.44476699829, 0.371526241302, 1.53901827335, 1.51420795918, 10.5228509903],
        "cov": [[13968.5087891, -390.648223877, -1443.81750488, 933.106140137, 279.920349121, 596.204650879, 13.7916526794, 188.229721069, -174.117416382, -198.098205566, -288.246032715, -176.709594727, -108.738677979], [-390.648223877, 2642.56005859, 672.717468262, -204.083587646, -136.42640686, -141.597869873, -8.90053272247, -109.418357849, -19.8225135803, -64.3225021362, 43.3710365295, 14.1447954178, 131.214736938], [-1443.81750488, 672.717468262, 1217.5567627, 444.464691162, 105.600669861, -1.29259514809, 13.5371131897, 8.09175872803, 118.390632629, 129.266738892, 159.917648315, 106.941055298, 37.0364532471], [933.106140137, -204.083587646, 444.464691162, 904.524169922, 377.678253174, 142.433959961, 107.322792053, 144.612380981, 128.716903687, 165.933929443, 118.870506287, 137.51272583, 8.94322967529], [279.920349121, -136.42640686, 105.600669861, 377.678253174, 435.299102783, 284.533172607, 136.609085083, 124.806816101, 140.167648315, 116.533935547, 92.3310394287, 59.2212181091, -4.45435476303], [596.204650879, -141.597869873, -1.29259514809, 142.433959961, 284.533172607, 497.620269775, 242.321960449, 146.558914185, 160.672668457, 121.32257843, 64.2569732666, 11.0571050644, 50.0850753784], [13.7916526794, -8.90053272247, 13.5371131897, 107.322792053, 136.609085083, 242.321960449, 307.815307617, 167.588775635, 83.9454116821, 62.4053764343, 44.0938606262, 45.9432258606, 63.5032272339], [188.229721069, -109.418357849, 8.09175872803, 144.612380981, 124.806816101, 146.558914185, 167.588775635, 248.329101562, 143.750839233, 58.0508422852, 36.7180557251, 49.933921814, 50.8959121704], [-174.117416382, -19.8225135803, 118.390632629, 128.716903687, 140.167648315, 160.672668457, 83.9454116821, 143.750839233, 237.722625732, 151.333114624, 68.1388626099, 20.0715961456, 55.5252037048], [-198.098205566, -64.3225021362, 129.266738892, 165.933929443, 116.533935547, 121.32257843, 62.4053764343, 58.0508422852, 151.333114624, 194.549957275, 101.670249939, 47.8152694702, 52.1158828735], [-288.246032715, 43.3710365295, 159.917648315, 118.870506287, 92.3310394287, 64.2569732666, 44.0938606262, 36.7180557251, 68.1388626099, 101.670249939, 155.564849854, 88.5822525024, 39.1072120667], [-176.709594727, 14.1447954178, 106.941055298, 137.51272583, 59.2212181091, 11.0571050644, 45.9432258606, 49.933921814, 20.0715961456, 47.8152694702, 88.5822525024, 173.733078003, 47.6680679321], [-108.738677979, 131.214736938, 37.0364532471, 8.94322967529, -4.45435476303, 50.0850753784, 63.5032272339, 50.8959121704, 55.5252037048, 52.1158828735, 39.1072120667, 47.6680679321, 164.310501099]],
