{
"lowlevel": {
    "average_loudness": 0.931336939335,
    "barkbands_crest": {
        "dmean": 3.59069299698,
        "dmean2": 5.54519176483,
        "dvar": 13.7545442581,
        "dvar2": 27.1075191498,
        "max": 26.882850647,
        "mean": 15.6316661835,
        "median": 15.349032402,
        "min": 2.21138072014,
        "var": 43.6745491028
    },
    "barkbands_flatness_db": {
        "dmean": 0.046839825809,
        "dmean2": 0.0656631737947,
        "dvar": 0.00264370790683,
        "dvar2": 0.00481419451535,
        "max": 0.721842586994,
        "mean": 0.210927128792,
        "median": 0.19822512567,
        "min": 0.0282493066043,
        "var": 0.011682649143
    },
    "barkbands_kurtosis": {
        "dmean": 24.1903038025,
        "dmean2": 33.8213233948,
        "dvar": 4193.99560547,
        "dvar2": 8409.71679688,
        "max": 1997.77075195,
        "mean": 35.8029174805,
        "median": 7.10485363007,
        "min": -1.94651830196,
        "var": 8624.54492188
    },
    "barkbands_skewness": {
        "dmean": 1.53204119205,
        "dmean2": 2.10980844498,
        "dvar": 4.05490732193,
        "dvar2": 7.49966955185,
        "max": 39.6203804016,
        "mean": 3.33514761925,
        "median": 2.35267424583,
        "min": -6.18024539948,
        "var": 15.6326236725
    },
    "barkbands_spread": {
        "dmean": 9.87690925598,
        "dmean2": 14.748301506,
        "dvar": 243.147750854,
        "dvar2": 502.805999756,
        "max": 130.564804077,
        "mean": 19.725030899,
        "median": 9.98204612732,
        "min": 0.0426912903786,
        "var": 540.526733398
    },
    "dissonance": {
        "dmean": 0.0242878273129,
        "dmean2": 0.0392738468945,
        "dvar": 0.00069732486736,
        "dvar2": 0.00165052805096,
        "max": 0.500000119209,
        "mean": 0.45601823926,
        "median": 0.469044774771,
        "min": 0.178266212344,
        "var": 0.00180144363549
    },
    "dynamic_complexity": 4.35068798065,
    "erbbands_crest": {
        "dmean": 3.03073072433,
        "dmean2": 4.7929725647,
        "dvar": 11.2370767593,
        "dvar2": 23.7218837738,
        "max": 32.5191230774,
        "mean": 10.3785715103,
        "median": 8.46730136871,
        "min": 2.38364839554,
        "var": 36.8328170776
    },
    "erbbands_flatness_db": {
        "dmean": 0.0303303450346,
        "dmean2": 0.0432594716549,
        "dvar": 0.00124579062685,
        "dvar2": 0.0023569224868,
        "max": 0.500243127346,
        "mean": 0.167952999473,
        "median": 0.161947548389,
        "min": 0.0329053141177,
        "var": 0.00521351769567
    },
    "erbbands_kurtosis": {
        "dmean": 3.88566994667,
        "dmean2": 5.68229532242,
        "dvar": 103.607208252,
        "dvar2": 213.330596924,
        "max": 201.092559814,
        "mean": 4.33635187149,
        "median": 0.259575128555,
        "min": -1.92482542992,
        "var": 190.25843811
    },
    "erbbands_skewness": {
        "dmean": 0.715463042259,
        "dmean2": 1.01047539711,
        "dvar": 0.865879297256,
        "dvar2": 1.71346592903,
        "max": 11.4603853226,
        "mean": 0.784754037857,
        "median": 0.447251111269,
        "min": -4.55656242371,
        "var": 3.05781006813
    },
    "erbbands_spread": {
        "dmean": 14.6343746185,
        "dmean2": 21.3595333099,
        "dvar": 302.111724854,
        "dvar2": 592.657592773,
        "max": 183.190368652,
        "mean": 42.789352417,
        "median": 34.4816131592,
        "min": 0.645586490631,
        "var": 901.953369141
    },
    "hfc": {
        "dmean": 18.5844688416,
        "dmean2": 29.2246494293,
        "dvar": 1885.10375977,
        "dvar2": 4713.49072266,
        "max": 399.096405029,
        "mean": 18.7139530182,
        "median": 5.74713039398,
        "min": 1.19059004006e-16,
        "var": 1630.31640625
    },
    "melbands_crest": {
        "dmean": 4.17032957077,
        "dmean2": 6.58396577835,
        "dvar": 19.4908657074,
        "dvar2": 41.876701355,
        "max": 39.462600708,
        "mean": 19.6779136658,
        "median": 19.3844394684,
        "min": 1.75313162804,
        "var": 64.513092041
    },
    "melbands_flatness_db": {
        "dmean": 0.0561228767037,
        "dmean2": 0.0778071954846,
        "dvar": 0.00389832793735,
        "dvar2": 0.00705814175308,
        "max": 0.874405503273,
        "mean": 0.283188641071,
        "median": 0.282214820385,
        "min": 0.00527094490826,
        "var": 0.0184640921652
    },
    "melbands_kurtosis": {
        "dmean": 38.9090194702,
        "dmean2": 54.9244842529,
        "dvar": 10550.8818359,
        "dvar2": 19674.9707031,
        "max": 2635.48950195,
        "mean": 64.5732345581,
        "median": 19.2483081818,
        "min": -1.94602406025,
        "var": 24748.0976562
    },
    "melbands_skewness": {
        "dmean": 1.68295872211,
        "dmean2": 2.38369011879,
        "dvar": 4.80411434174,
        "dvar2": 9.19797039032,
        "max": 40.7658691406,
        "mean": 4.71226215363,
        "median": 3.66284942627,
        "min": -4.09927082062,
        "var": 18.1388320923
    },
    "melbands_spread": {
        "dmean": 12.6137771606,
        "dmean2": 19.4864692688,
        "dvar": 725.11114502,
        "dvar2": 1648.7355957,
        "max": 275.179107666,
        "mean": 23.8695011139,
        "median": 8.33296871185,
        "min": 0.0979723706841,
        "var": 1627.7833252
    },
    "pitch_salience": {
        "dmean": 0.115347400308,
        "dmean2": 0.17842066288,
        "dvar": 0.015811579302,
        "dvar2": 0.0338118672371,
        "max": 0.936887264252,
        "mean": 0.42565625906,
        "median": 0.433380007744,
        "min": 0.010078586638,
        "var": 0.040670465678
    },
    "silence_rate_20dB": {
        "dmean": 0,
        "dmean2": 0,
        "dvar": 0,
        "dvar2": 0,
        "max": 1,
        "mean": 1,
        "median": 1,
        "min": 1,
        "var": 0
    },
    "silence_rate_30dB": {
        "dmean": 0.0252441503108,
        "dmean2": 0.0504929497838,
        "dvar": 0.0246099475771,
        "dvar2": 0.0575355030596,
        "max": 1,
        "mean": 0.978443086147,
        "median": 1,
        "min": 0,
        "var": 0.0210901424289
    },
    "silence_rate_60dB": {
        "dmean": 0.105767458677,
        "dmean2": 0.211462274194,
        "dvar": 0.0945739001036,
        "dvar2": 0.197138771415,
        "max": 1,
        "mean": 0.199355140328,
        "median": 0,
        "min": 0,
        "var": 0.159615516663
    },
    "spectral_centroid": {
        "dmean": 351.883148193,
        "dmean2": 519.656799316,
        "dvar": 336911,
        "dvar2": 668180.5625,
        "max": 10680.4951172,
        "mean": 1155.00634766,
        "median": 712.802124023,
        "min": 68.1231765747,
        "var": 1203898.5
    },
    "spectral_complexity": {
        "dmean": 4.67182588577,
        "dmean2": 6.89339351654,
        "dvar": 46.5795631409,
        "dvar2": 97.4435272217,
        "max": 55,
        "mean": 9.4415473938,
        "median": 6,
        "min": 0,
        "var": 87.8797302246
    },
    "spectral_decrease": {
        "dmean": 3.88632948045e-09,
        "dmean2": 5.84562487305e-09,
        "dvar": 3.22547300813e-17,
        "dvar2": 7.57637288524e-17,
        "max": 5.11428401949e-19,
        "mean": -7.21903559153e-09,
        "median": -4.38223901611e-09,
        "min": -5.31385886404e-08,
        "var": 6.67040828243e-17
    },
    "spectral_energy": {
        "dmean": 0.0160570126027,
        "dmean2": 0.0241844598204,
        "dvar": 0.00049100886099,
        "dvar2": 0.0011552303331,
        "max": 0.201937898993,
        "mean": 0.0289437565953,
        "median": 0.0186957810074,
        "min": 1.07289970261e-20,
        "var": 0.000994642614387
    },
    "spectral_energyband_high": {
        "dmean": 0.00164047977887,
        "dmean2": 0.00262463162653,
        "dvar": 2.0741188564e-05,
        "dvar2": 5.18907618243e-05,
        "max": 0.0416769608855,
        "mean": 0.00138389389031,
        "median": 5.43922869838e-05,
        "min": 7.54770481888e-21,
        "var": 1.76173780346e-05
    },
    "spectral_energyband_low": {
        "dmean": 0.00806791335344,
        "dmean2": 0.0112429680303,
        "dvar": 0.000248166645179,
        "dvar2": 0.00049929053057,
        "max": 0.199091985822,
        "mean": 0.0145548377186,
        "median": 0.0036635142751,
        "min": 4.30623643378e-23,
        "var": 0.000543529517017
    },
    "spectral_energyband_middle_high": {
        "dmean": 0.00110016996041,
        "dmean2": 0.0017300772015,
        "dvar": 3.52582696905e-06,
        "dvar2": 8.48504896567e-06,
        "max": 0.0341869704425,
        "mean": 0.00142465403769,
        "median": 0.000430250103818,
        "min": 1.6379469608e-21,
        "var": 4.64592676508e-06
    },
    "spectral_energyband_middle_low": {
        "dmean": 0.0100582744926,
        "dmean2": 0.0163386166096,
        "dvar": 0.000390280329157,
        "dvar2": 0.000991860521026,
        "max": 0.182219818234,
        "mean": 0.0125469779596,
        "median": 0.00367040373385,
        "min": 2.82112033028e-22,
        "var": 0.000464402401121
    },
    "spectral_entropy": {
        "dmean": 0.385385125875,
        "dmean2": 0.542288482189,
        "dvar": 0.22910296917,
        "dvar2": 0.429838478565,
        "max": 9.79801368713,
        "mean": 7.32459259033,
        "median": 7.39989280701,
        "min": 4.16915464401,
        "var": 0.877608776093
    },
    "spectral_flux": {
        "dmean": 0.0467504151165,
        "dmean2": 0.0690949708223,
        "dvar": 0.00282331905328,
        "dvar2": 0.00582149345428,
        "max": 0.463375598192,
        "mean": 0.0888407230377,
        "median": 0.0632181912661,
        "min": 1.03580873045e-10,
        "var": 0.00622603436932
    },
    "spectral_kurtosis": {
        "dmean": 4.3217663765,
        "dmean2": 6.7424249649,
        "dvar": 72.8508071899,
        "dvar2": 155.13067627,
        "max": 274.4972229,
        "mean": 7.73760128021,
        "median": 4.41493034363,
        "min": -1.20434176922,
        "var": 125.537864685
    },
    "spectral_rms": {
        "dmean": 0.00144233938772,
        "dmean2": 0.00204018666409,
        "dvar": 2.68542225967e-06,
        "dvar2": 5.74468276682e-06,
        "max": 0.0140361171216,
        "mean": 0.00443261489272,
        "median": 0.00427080644295,
        "min": 3.23532281694e-12,
        "var": 8.58960356709e-06
    },
    "spectral_rolloff": {
        "dmean": 1031.76098633,
        "dmean2": 1739.58007812,
        "dvar": 5447939.5,
        "dvar2": 11216950,
        "max": 20004.3457031,
        "mean": 2116.44555664,
        "median": 366.064453125,
        "min": 21.533203125,
        "var": 15287129
    },
    "spectral_skewness": {
        "dmean": 0.501246452332,
        "dmean2": 0.739123523235,
        "dvar": 0.421684205532,
        "dvar2": 0.882213652134,
        "max": 14.3394594193,
        "mean": 1.92569637299,
        "median": 1.74951827526,
        "min": -0.0983286350965,
        "var": 1.20269143581
    },
    "spectral_spread": {
        "dmean": 1134004.375,
        "dmean2": 1633656.125,
        "dvar": 2.43923864781e+12,
        "dvar2": 4.25407623987e+12,
        "max": 41454136,
        "mean": 5517172.5,
        "median": 4781787.5,
        "min": 590041.3125,
        "var": 8.9171951616e+12
    },
    "spectral_strongpeak": {
        "dmean": 0.321626782417,
        "dmean2": 0.510820925236,
        "dvar": 0.494961678982,
        "dvar2": 1.28592336178,
        "max": 10.2893533707,
        "mean": 0.583699941635,
        "median": 0.323105365038,
        "min": 0,
        "var": 0.580706596375
    },
    "zerocrossingrate": {
        "dmean": 0.0224836114794,
        "dmean2": 0.0236396864057,
        "dvar": 0.00113898434211,
        "dvar2": 0.00115278735757,
        "max": 0.5341796875,
        "mean": 0.0679844468832,
        "median": 0.02685546875,
        "min": 0.00048828125,
        "var": 0.00937636848539
    },
    "barkbands": {
        "dmean": [0.000530843564775, 0.00686508743092, 0.00273613794707, 0.00262525817379, 0.00623524934053, 0.00112130120397, 0.000503906980157, 0.000384467100957, 0.000213910127059, 0.000263770431047, 0.00018614550936, 0.000196498556761, 0.000132637956995, 0.000134646936203, 0.000116536743008, 8.92781463335e-05, 5.88765506109e-05, 6.207300612e-05, 7.74721120251e-05, 7.74350337451e-05, 0.000150332271005, 0.000197279892745, 0.000265161332209, 0.000404995138524, 0.000373089133063, 0.000175792520167, 6.76259442116e-05],
        "dmean2": [0.000662932754494, 0.00974564068019, 0.00476813456044, 0.00485777296126, 0.010085536167, 0.00191034027375, 0.000846326409373, 0.000633149698842, 0.000350948248524, 0.000424244470196, 0.000302220898448, 0.000334517390002, 0.00022191752214, 0.000224193674512, 0.000194716689293, 0.000150182444486, 9.2463909823e-05, 0.000101066718344, 0.000123215810163, 0.000118313349958, 0.000250109151239, 0.000308768299874, 0.000418620882556, 0.000662834208924, 0.000623013009317, 0.000283082859823, 0.000109244545456],
        "dvar": [1.93447976926e-06, 0.000228530334425, 9.33207338676e-05, 8.43025409267e-05, 0.000186510747881, 7.11821212462e-06, 1.32061381919e-06, 9.39446522352e-07, 1.542409791e-07, 2.02598116061e-07, 1.25574089793e-07, 3.1353073382e-07, 7.81331479516e-08, 9.51247685066e-08, 1.96590150381e-07, 3.53570612788e-08, 1.44357557019e-08, 1.88482651708e-08, 4.63392986205e-08, 4.10015275065e-08, 1.83123106012e-07, 2.5816575544e-07, 4.59542576436e-07, 1.25925464545e-06, 1.55530699431e-06, 3.147690677e-07, 3.55745584102e-08],
        "dvar2": [3.79736184186e-06, 0.000473487918498, 0.000255628110608, 0.000241288769757, 0.000438041810412, 1.8104143237e-05, 3.30688499162e-06, 2.08321353057e-06, 4.04487849437e-07, 4.76146510664e-07, 3.03193502305e-07, 8.4587748006e-07, 2.01459130267e-07, 2.29914761007e-07, 5.37836683634e-07, 9.35751458542e-08, 3.42385035879e-08, 4.86316977799e-08, 1.17089207663e-07, 9.755153485e-08, 4.82013092551e-07, 6.14850250713e-07, 1.02481408248e-06, 3.21874358633e-06, 4.03711237595e-06, 7.99908377758e-07, 8.97545007206e-08],
        "max": [0.0199378915131, 0.195172980428, 0.110130771995, 0.0981342792511, 0.178333729506, 0.0645717978477, 0.0138579085469, 0.0248570777476, 0.00610370049253, 0.00564560247585, 0.00646365620196, 0.0150160873309, 0.00579009857029, 0.00809222180396, 0.0298669990152, 0.00259552965872, 0.00159812928177, 0.00267959246412, 0.00245550693944, 0.00498615670949, 0.00388602912426, 0.00523494323716, 0.0059597780928, 0.0106161031872, 0.0107771689072, 0.00574578577653, 0.00169297948014],
        "mean": [0.000832290796097, 0.0107464110479, 0.00207547727041, 0.00173557712696, 0.00817114859819, 0.00121621531434, 0.000502932758536, 0.000509387115017, 0.000247352320002, 0.000327774236212, 0.000220596251893, 0.00019339787832, 0.000143983430462, 0.000143090233905, 0.000113629088446, 0.000101275501947, 7.34925124561e-05, 6.69193832437e-05, 7.78715402703e-05, 0.000103195838165, 0.000131653476274, 0.000179520182428, 0.000241567016928, 0.000314174161758, 0.000280700362055, 0.000140466625453, 5.35206381755e-05],
        "median": [2.51152450801e-05, 0.00147881335579, 6.60863588564e-05, 8.30040225992e-05, 0.0010394603014, 0.000267295137746, 0.000105477207399, 9.60004035733e-05, 8.10694036772e-05, 6.10038950981e-05, 5.45124639757e-05, 3.00965857605e-05, 2.23402385018e-05, 2.4831500923e-05, 2.56919156527e-05, 1.75029526872e-05, 1.7107478925e-05, 1.31413125928e-05, 8.77266757016e-06, 1.03266611404e-05, 8.99692258827e-06, 9.55750056164e-06, 7.08291827323e-06, 4.76320974485e-06, 3.29023737322e-06, 1.23228232951e-06, 1.71484330735e-07],
        "min": [1.55221762183e-23, 1.16513383083e-23, 2.24176267458e-23, 8.0289221637e-24, 4.57237601509e-23, 6.56215079968e-23, 7.23069211528e-23, 5.47160424075e-23, 2.49521753031e-23, 1.05845367782e-22, 8.80325603758e-23, 1.16936285104e-22, 1.58422215052e-22, 9.82624391749e-23, 1.66200875827e-22, 2.03362131453e-22, 2.07449478549e-22, 1.68793741715e-22, 1.96940753197e-22, 2.6195137362e-22, 3.3466705725e-22, 4.88733333845e-22, 1.01158766601e-21, 7.99706897009e-22, 1.05445424138e-21, 1.62492643922e-21, 2.37320460343e-21],
        "var": [4.62561138193e-06, 0.000375408388209, 6.10002789472e-05, 4.85821401526e-05, 0.000293327553663, 7.21800643078e-06, 1.2620181451e-06, 2.14102033169e-06, 1.7021946519e-07, 3.17643980452e-07, 1.82798117976e-07, 3.48696687524e-07, 9.61373487485e-08, 1.11899510102e-07, 1.40740027632e-07, 3.98634725229e-08, 1.86381221567e-08, 2.1166922437e-08, 4.50976500588e-08, 9.50142506895e-08, 1.54903574412e-07, 2.53526906135e-07, 4.68865010816e-07, 1.01008708953e-06, 1.16560556762e-06, 2.55394184023e-07, 2.9923235445e-08]
    },
    "erbbands": {
        "dmean": [0.234333366156, 1.56065249443, 2.74922704697, 6.66890287399, 12.4463806152, 24.3121509552, 14.7043857574, 9.8279800415, 8.73688697815, 7.05951309204, 6.91600036621, 5.09192371368, 8.0894947052, 6.23750257492, 9.24439907074, 6.49582290649, 6.0667309761, 6.86491966248, 5.98459005356, 5.54596662521, 4.46600389481, 3.19094228745, 3.28328585625, 4.19319391251, 3.67098236084, 3.59444022179, 4.90540552139, 5.90093851089, 7.51456975937, 6.92636919022, 7.9267988205, 8.65632247925, 6.40846061707, 4.36750459671, 2.45919942856, 0.967565357685, 0.327239215374, 0.058922547847, 0.0106996763498, 0.000863704015501],
        "dmean2": [0.323963999748, 2.21971464157, 4.44505405426, 11.828081131, 21.9114685059, 38.842300415, 23.357175827, 16.3359603882, 14.4930505753, 11.7014141083, 11.5650587082, 8.24806499481, 12.6996793747, 10.264040947, 15.2735319138, 10.8839321136, 10.0451526642, 11.2950525284, 10.1043405533, 9.04591369629, 7.46580934525, 4.92462539673, 5.22431945801, 6.81076717377, 5.79659891129, 5.65048789978, 7.88188743591, 9.76184749603, 12.3401536942, 10.7098903656, 12.5849580765, 13.8728895187, 10.5214586258, 7.30397558212, 4.08630037308, 1.56409466267, 0.540193676949, 0.0942251682281, 0.0173276290298, 0.00140667019878],
        "dvar": [0.230176717043, 13.2762060165, 78.1299133301, 472.470367432, 1193.21105957, 3361.57885742, 1219.14819336, 590.357727051, 388.813049316, 248.004074097, 269.90914917, 88.0552444458, 218.64515686, 112.164779663, 478.320526123, 211.117935181, 163.69128418, 231.267410278, 273.807312012, 281.435882568, 92.1714324951, 38.6990089417, 49.7508468628, 131.939086914, 92.465385437, 85.8523330688, 172.229980469, 250.86831665, 449.347564697, 295.146148682, 438.732086182, 587.883483887, 305.64956665, 178.470703125, 74.673210144, 10.9076852798, 1.10743784904, 0.0264127664268, 0.000897348043509, 6.31036436971e-06],
        "dvar2": [0.527518570423, 27.7869300842, 199.527832031, 1306.96228027, 3092.11499023, 7984.28759766, 2898.14624023, 1463.609375, 949.069641113, 568.679077148, 626.561157227, 226.020462036, 501.34967041, 281.148162842, 1229.36157227, 555.029296875, 415.012115479, 551.915039062, 749.086547852, 726.579772949, 242.642929077, 88.5746612549, 125.20425415, 346.32144165, 220.70765686, 216.001617432, 441.003814697, 649.500366211, 1181.53198242, 596.956787109, 1015.72369385, 1486.54919434, 778.399230957, 464.88961792, 190.070220947, 27.8191432953, 2.88301825523, 0.0651248916984, 0.00228702835739, 1.61909501912e-05],
        "max": [6.0361790657, 47.5085105896, 98.8951034546, 211.076461792, 391.031097412, 920.464050293, 884.651733398, 754.682922363, 392.466888428, 478.479553223, 424.011901855, 159.872268677, 223.530822754, 117.798179626, 443.409210205, 375.257202148, 302.554504395, 423.455718994, 823.007995605, 1073.6496582, 160.800628662, 74.9470825195, 165.379669189, 139.166122437, 158.47303772, 211.701019287, 130.715866089, 150.700057983, 192.381820679, 201.733917236, 182.071807861, 225.357376099, 163.149520874, 125.877098083, 79.2424316406, 32.8470115662, 10.3173484802, 1.41701447964, 0.282653063536, 0.0238952655345],
        "mean": [0.360944002867, 2.19945955276, 2.52513766289, 5.05493307114, 13.7504634857, 31.1447601318, 18.9632644653, 11.1040563583, 9.25456905365, 8.43862533569, 9.05749034882, 6.14024591446, 10.342628479, 7.36528301239, 10.5843553543, 6.88293504715, 6.80293655396, 7.48665809631, 5.92372512817, 5.96156454086, 5.40466165543, 4.08685302734, 3.53389644623, 4.3435125351, 4.04263305664, 4.7230091095, 4.5947508812, 5.30806207657, 6.37423563004, 6.81326055527, 6.96266174316, 6.9296746254, 4.9519534111, 3.2893550396, 1.8634365797, 0.767814457417, 0.251526713371, 0.0477801822126, 0.00850337836891, 0.00068944261875],
        "median": [0.0541497841477, 0.267607659101, 0.232566669583, 0.273394346237, 1.46184551716, 3.24889278412, 3.30992674828, 2.92758250237, 2.17160892487, 1.67469131947, 2.24745154381, 1.99065792561, 1.81291925907, 2.26595473289, 2.28283524513, 1.26993060112, 1.15776538849, 1.38190281391, 1.23290419579, 1.43821251392, 1.14053285122, 1.00361084938, 0.700079858303, 0.609923005104, 0.447169840336, 0.528819143772, 0.382365971804, 0.357605427504, 0.351336717606, 0.304560184479, 0.180230647326, 0.107228145003, 0.0760571062565, 0.0459477230906, 0.0192080102861, 0.0072540123947, 0.00174652144779, 0.000268467090791, 5.41223344044e-05, 4.76715977129e-05],
        "min": [2.47914597243e-22, 3.36053857051e-21, 2.60297873705e-20, 2.2580581541e-20, 1.6299716755e-19, 8.81554166896e-20, 2.55094487599e-19, 6.03894011241e-19, 7.95224092249e-19, 1.392696597e-18, 1.00619252667e-18, 6.35368233549e-19, 1.73587594537e-18, 4.66479696976e-18, 2.55870662187e-18, 5.98831696912e-18, 7.95062016548e-18, 4.96877509152e-18, 6.36808840964e-18, 8.17575060408e-18, 1.31617844055e-17, 1.14673942562e-17, 1.00745635525e-17, 9.93924507612e-18, 9.96098172826e-18, 1.35197253089e-17, 1.25268612468e-17, 1.26259550027e-17, 1.78122575022e-17, 2.36394785655e-17, 2.98260583197e-17, 1.74247035329e-17, 1.48041192517e-17, 1.0474900771e-17, 8.98055267234e-18, 5.82798496457e-18, 3.13858215156e-18, 1.23896115105e-18, 3.70920814763e-19, 3.08842745098e-20],
        "var": [0.407329201698, 18.6534767151, 61.6627883911, 305.687133789, 1552.64343262, 4752.12402344, 1733.05541992, 615.454101562, 469.320953369, 509.93371582, 500.022491455, 103.234107971, 361.231445312, 130.854980469, 574.680908203, 236.033325195, 211.558242798, 285.281677246, 206.412994385, 238.932495117, 114.577415466, 53.9390487671, 52.4311256409, 134.936431885, 115.095611572, 192.00138855, 159.550643921, 235.40965271, 360.345275879, 352.329528809, 421.660308838, 485.466369629, 245.62991333, 133.644897461, 57.8760375977, 8.66323757172, 0.851287841797, 0.023163434118, 0.000745354860555, 5.09480878463e-06]
    },
    "gfcc": {
        "mean": [-105.177658081, 86.7376556396, -84.5133209229, 24.8662796021, -53.0958786011, 12.4161491394, -33.5816841125, 0.43774420023, -16.8603744507, 0.215217754245, -9.48618030548, 2.35831403732, -0.799272179604],
        "cov": [[34316.8789062, -624.031738281, -424.413208008, 503.153137207, -1245.81555176, 463.36416626, -684.763671875, 84.4184951782, -470.071685791, -68.2236938477, -382.490356445, 289.731842041, -220.792663574], [-624.031738281, 5162.31933594, -954.13269043, -305.540649414, 640.859008789, -222.136077881, 305.661773682, -82.4123764038, 235.798248291, -287.519683838, 143.893798828, -207.72795105, 351.386779785], [-424.413208008, -954.13269043, 1491.98718262, 93.7255249023, -19.890537262, 179.069229126, 87.0107574463, 88.8085174561, 72.3475570679, 108.482521057, 9.82066440582, 125.854293823, 23.0888824463], [503.153137207, -305.540649414, 93.7255249023, 583.032653809, 90.2921218872, 49.6639213562, 55.6900978088, 34.614025116, -39.3034095764, 20.3057842255, 40.904586792, 10.9577550888, -5.74280548096], [-1245.81555176, 640.859008789, -19.890537262, 90.2921218872, 553.108642578, 190.474899292, 293.273040771, 171.595291138, 215.357513428, 39.4213638306, 118.33442688, 9.63948345184, 52.487361908], [463.36416626, -222.136077881, 179.069229126, 49.6639213562, 190.474899292, 424.919647217, 252.130981445, 267.272766113, 181.593734741, 130.336334229, 39.5248222351, 69.1170501709, 0.475121051073], [-684.763671875, 305.661773682, 87.0107574463, 55.6900978088, 293.273040771, 252.130981445, 424.081176758, 283.252441406, 254.425537109, 99.5454101562, 112.040664673, 17.7282447815, 18.743347168], [84.4184951782, -82.4123764038, 88.8085174561, 34.614025116, 171.595291138, 267.272766113, 283.252441406, 368.155212402, 238.426757812, 154.281311035, 60.6622314453, 57.7658309937, -9.92959785461], [-470.071685791, 235.798248291, 72.3475570679, -39.3034095764, 215.357513428, 181.593734741, 254.425537109, 238.426757812, 307.82723999, 124.784065247, 73.5794372559, 25.9982242584, 33.7494430542], [-68.2236938477, -287.519683838, 108.482521057, 20.3057842255, 39.4213638306, 130.336334229, 99.5454101562, 154.281311035, 124.784065247, 180.681732178, 70.0957794189, 68.0751647949, -0.455601036549], [-382.490356445, 143.893798828, 9.82066440582, 40.904586792, 118.33442688, 39.5248222351, 112.040664673, 60.6622314453, 73.5794372559, 70.0957794189, 147.04548645, 57.3716850281, 48.6369781494], [289.731842041, -207.72795105, 125.854293823, 10.9577550888, 9.63948345184, 69.1170501709, 17.7282447815, 57.7658309937, 25.9982242584, 68.0751647949, 57.3716850281, 141.1484375, 58.7214279175], [-220.792663574, 351.386779785, 23.0888824463, -5.74280548096, 52.487361908, 0.475121051073, 18.743347168, -9.92959785461, 33.7494430542, -0.455601036549, 48.6369781494, 58.7214279175, 135.584060669]],
        "icov": [[4.39905379608e-05, -5.06352698721e-05, 1.41704922498e-05, -9.02477622731e-05, 0.000169114646269, -0.000172599029611, 0.000138941613841, -4.54001528851e-05, -5.73173929297e-05, 0.00011574805103, 2.48599553743e-06, -0.000236391395447, 0.00022538031044], [-5.06352698721e-05, 0.000546269700862, 0.000174163593329, 0.000351348484401, -0.000559702515602, 0.000470600818517, -0.000413912435761, -5.96405407123e-05, -2.12135182664e-05, 0.000404663849622, -0.000205903648748, 0.00120322452858, -0.00168571411632], [1.41704922498e-05, 0.000174163593329, 0.000878093356732, -8.93847609404e-05, 8.0837882706e-05, -0.000161088013556, -0.000435326481238, 0.000456931709778, -0.000283706962364, -6.16508696112e-05, 0.000467595178634, -0.000560529355425, -0.000373257993488], [-9.02477622731e-05, 0.000351348484401, -8.93847609404e-05, 0.00232365960255, -0.00105442432687, 0.000485251657665, -0.000656211632304, -0.000455969828181, 0.00160116341431, -0.000495687476359, -0.000488046411192, 0.00139174086507, -0.00130799924955], [0.000169114646269, -0.000559702515602, 8.0837882706e-05, -0.00105442432687, 0.00465397583321, -0.00193070725072, -0.000261102366494, 0.000432200613432, -0.00218400359154, 0.0021215674933, -0.00193869555369, -0.00122486788314, 0.00171709875576], [-0.000172599029611, 0.000470600818517, -0.000161088013556, 0.000485251657665, -0.00193070725072, 0.00638882629573, -0.00276430440135, -0.00169520138297, 0.00106409261934, -0.00213702954352, 0.00278325914405, -0.000457974820165, -0.00154181907419], [0.000138941613841, -0.000413912435761, -0.000435326481238, -0.000656211632304, -0.000261102366494, -0.00276430440135, 0.0101490654051, -0.00454833824188, -0.00297349784523, 0.00350032537244, -0.0053642927669, 0.00188568828162, 0.00157947768457], [-4.54001528851e-05, -5.96405407123e-05, 0.000456931709778, -0.000455969828181, 0.000432200613432, -0.00169520138297, -0.00454833824188, 0.0111238844693, -0.00361531157978, -0.00356931006536, 0.00303324288689, -0.00345934485085, 0.00256364862435], [-5.73173929297e-05, -2.12135182664e-05, -0.000283706962364, 0.00160116341431, -0.00218400359154, 0.00106409261934, -0.00297349784523, -0.00361531157978, 0.0115794464946, -0.00536926742643, 0.00145256810356, 0.00310139986686, -0.00369886402041], [0.00011574805103, 0.000404663849622, -6.16508696112e-05, -0.000495687476359, 0.0021215674933, -0.00213702954352, 0.00350032537244, -0.00356931006536, -0.00536926742643, 0.0159113630652, -0.00704899663106, -0.00251898402348, 0.00257972138934], [2.48599553743e-06, -0.000205903648748, 0.000467595178634, -0.000488046411192, -0.00193869555369, 0.00278325914405, -0.0053642927669, 0.00303324288689, 0.00145256810356, -0.00704899663106, 0.0159710105509, -0.00511342240497, -0.0017579436535], [-0.000236391395447, 0.00120322452858, -0.000560529355425, 0.00139174086507, -0.00122486788314, -0.000457974820165, 0.00188568828162, -0.00345934485085, 0.00310139986686, -0.00251898402348, -0.00511342240497, 0.0181895121932, -0.0102111818269], [0.00022538031044, -0.00168571411632, -0.000373257993488, -0.00130799924955, 0.00171709875576, -0.00154181907419, 0.00157947768457, 0.00256364862435, -0.00369886402041, 0.00257972138934, -0.0017579436535, -0.0102111818269, 0.017412006855]]
    },
    "melbands": {
        "dmean": [0.00198129494675, 0.00149107177276, 0.00122333108447, 0.00135142367799, 0.000703669385985, 0.000217234512093, 0.00012424318993, 8.22948786663e-05, 5.37860796612e-05, 2.98069662676e-05, 4.03944104619e-05, 2.54119768215e-05, 2.7883968869e-05, 2.56239072769e-05, 1.36221460707e-05, 1.26057193484e-05, 1.31383085318e-05, 9.50385401666e-06, 9.0898020062e-06, 6.58025737721e-06, 5.00589158037e-06, 3.4016779864e-06, 3.2826496863e-06, 2.81169673144e-06, 3.58823399438e-06, 2.83938038592e-06, 2.92377535516e-06, 2.24877203436e-06, 2.30695764003e-06, 4.79898199046e-06, 2.91789410767e-06, 4.15456997871e-06, 4.03377998737e-06, 4.09566018789e-06, 4.6151708375e-06, 5.27954944118e-06, 5.08960238221e-06, 4.90508591611e-06, 3.43806982528e-06, 3.82607004212e-06],
        "dmean2": [0.00279631582089, 0.00211554463021, 0.00215502455831, 0.00223527988419, 0.00109964737203, 0.000364025239833, 0.000206419586902, 0.00013608946756, 8.98951257113e-05, 4.81348433823e-05, 6.36968907202e-05, 4.22018565587e-05, 4.56509551441e-05, 4.35039146396e-05, 2.25979947572e-05, 2.07314606087e-05, 2.17231045099e-05, 1.61601310538e-05, 1.52297925524e-05, 1.09124521259e-05, 8.45274280437e-06, 5.28553300683e-06, 5.21305446455e-06, 4.56686211692e-06, 5.85822544963e-06, 4.53167012893e-06, 4.60335195385e-06, 3.53923110197e-06, 3.51490734829e-06, 8.29462533147e-06, 4.81261668028e-06, 6.91499917593e-06, 6.33090394331e-06, 6.416744327e-06, 7.3136343417e-06, 8.41292239784e-06, 8.1646403487e-06, 8.11568679637e-06, 5.68015957469e-06, 6.4312671384e-06],
        "dvar": [1.74903361767e-05, 1.39123985718e-05, 1.44521864058e-05, 9.44948988035e-06, 3.09021061184e-06, 2.76430114354e-07, 7.92763970026e-08, 3.66117305362e-08, 1.46418921432e-08, 2.92789015255e-09, 5.36049604705e-09, 1.89660775973e-09, 3.57180263144e-09, 5.57120971578e-09, 6.40663744278e-10, 7.45942030367e-10, 8.75741257289e-10, 5.43138478637e-10, 1.58377699844e-09, 1.88971074899e-10, 1.30892172101e-10, 4.28149980747e-11, 5.09301940899e-11, 3.77520757711e-11, 1.05072249512e-10, 5.97179458661e-11, 6.42380523774e-11, 3.81991868692e-11, 3.21438535511e-11, 2.4781474095e-10, 5.71055078225e-11, 1.41634648454e-10, 1.1179531606e-10, 1.05775728454e-10, 1.51878801202e-10, 2.12998799154e-10, 2.0215538965e-10, 1.79917830634e-10, 9.36679067642e-11, 1.47840892306e-10],
        "dvar2": [3.75301788154e-05, 2.96139496641e-05, 3.96770992666e-05, 2.24472405534e-05, 7.14800398782e-06, 6.85747977514e-07, 1.93516868308e-07, 8.18848917561e-08, 3.53714852963e-08, 7.44613792847e-09, 1.22900063459e-08, 4.75902472985e-09, 9.01498697914e-09, 1.49384753456e-08, 1.58987001342e-09, 1.82869963616e-09, 2.09896788839e-09, 1.45807077523e-09, 4.40188685502e-09, 4.89350560073e-10, 3.49378831421e-10, 9.85151196731e-11, 1.2653855741e-10, 9.67091198789e-11, 2.78382594754e-10, 1.51825399475e-10, 1.56086962799e-10, 9.86375911505e-11, 7.31550930944e-11, 6.8374311768e-10, 1.46855125283e-10, 3.77744752145e-10, 2.6458432667e-10, 2.17579593231e-10, 3.54451523688e-10, 5.3278459422e-10, 5.07749620127e-10, 4.61228527593e-10, 2.44642611724e-10, 3.8595643348e-10],
        "max": [0.053950548172, 0.0391599796712, 0.040228381753, 0.033129055053, 0.0295464545488, 0.0151788434014, 0.00555010931566, 0.00593286473304, 0.00277440575883, 0.000970659719314, 0.00109837483615, 0.000481756142108, 0.000966973719187, 0.0020276112482, 0.00042152608512, 0.000714692869224, 0.000788309262134, 0.000820450077299, 0.00274665048346, 0.000320889579598, 0.000188118647202, 8.75828263815e-05, 0.00011996574176, 0.000122895798995, 0.000124961326947, 9.03523614397e-05, 0.000237916901824, 0.000142438831972, 7.98046021373e-05, 0.000159595889272, 0.000109852509922, 0.000112129302579, 0.000107088606455, 0.000119046402688, 0.000114890077384, 0.00013453180145, 0.000128873987705, 0.000122913450468, 8.9723187557e-05, 0.000131347638671],
        "mean": [0.00321078626439, 0.00190963619389, 0.00102060521021, 0.00169167586137, 0.000927168410271, 0.00024146544456, 0.000129627092974, 0.00010041781934, 6.98131043464e-05, 3.59134901373e-05, 5.10061363457e-05, 2.90730131383e-05, 3.22718260577e-05, 2.687734559e-05, 1.45909107232e-05, 1.35347881951e-05, 1.4273112356e-05, 9.31649174163e-06, 8.82255517354e-06, 7.43654618418e-06, 5.9980311562e-06, 4.28431440014e-06, 3.65684854842e-06, 2.90367461275e-06, 3.60267858923e-06, 2.77895424006e-06, 3.60982517122e-06, 2.89128024633e-06, 2.39470864472e-06, 3.80932169719e-06, 2.74321996585e-06, 3.43922602042e-06, 3.74552018911e-06, 3.94848029828e-06, 3.97312078348e-06, 4.34937146565e-06, 4.07420475312e-06, 3.73219927496e-06, 2.65816356659e-06, 2.84292718788e-06],
        "median": [0.0005246065557, 0.000268645555479, 6.48574787192e-05, 0.000200420428882, 0.000133586654556, 5.56875093025e-05, 2.90025218419e-05, 1.83085703611e-05, 1.950333899e-05, 1.12992465802e-05, 8.56184851727e-06, 8.7882644948e-06, 7.83883569966e-06, 3.96617770093e-06, 2.40785357164e-06, 2.2631813863e-06, 2.4986338758e-06, 1.87089892734e-06, 1.88531100775e-06, 1.52561369759e-06, 1.24069981666e-06, 1.02941464775e-06, 7.81385892878e-07, 4.87474380861e-07, 4.77923947528e-07, 3.03223458786e-07, 2.99474663734e-07, 3.21609121556e-07, 2.20310511168e-07, 2.1394644989e-07, 1.82332215104e-07, 1.96087825088e-07, 1.78637506565e-07, 1.48174606807e-07, 9.43877438431e-08, 8.00728372496e-08, 5.88341428909e-08, 5.41820135425e-08, 4.3371166214e-08, 3.64499683769e-08],
        "min": [3.40925330625e-24, 1.03851542354e-23, 7.97258250671e-24, 1.07317450073e-23, 7.29767019267e-24, 1.29182994092e-23, 1.31704682639e-23, 1.53446478048e-23, 6.90098123128e-24, 3.72891907214e-24, 9.1495953206e-24, 1.9511150782e-23, 9.47553371397e-24, 8.5176009841e-24, 2.38339413041e-23, 1.34334066476e-23, 7.96963216692e-24, 8.8314461398e-24, 1.40856478881e-23, 8.74357650129e-24, 1.72052519804e-23, 1.22122278783e-23, 1.07383738055e-23, 7.53393403378e-24, 8.17386983301e-24, 6.96816378142e-24, 6.9674900942e-24, 9.15345995017e-24, 8.26983791757e-24, 7.33578874047e-24, 7.03142253741e-24, 9.25548175332e-24, 1.09776897494e-23, 1.33468922722e-23, 1.63763090526e-23, 1.68015902775e-23, 7.86739894905e-24, 1.0569238872e-23, 8.9154700814e-24, 8.61086879779e-24],
        "var": [3.09313836624e-05, 1.73866828845e-05, 9.81154062174e-06, 1.51127251229e-05, 4.61707304567e-06, 2.95778079362e-07, 9.27532184392e-08, 8.31126314438e-08, 2.43296351954e-08, 3.56675511348e-09, 8.81879191894e-09, 2.19443752059e-09, 4.31462243711e-09, 6.58005827603e-09, 8.45366832092e-10, 9.06830499581e-10, 1.12500342375e-09, 4.40569886129e-10, 1.079560219e-09, 2.07006647934e-10, 1.55439217053e-10, 6.28768842548e-11, 5.64599304809e-11, 3.85489661026e-11, 1.02995868778e-10, 5.76615595549e-11, 1.15564495473e-10, 7.86250925477e-11, 3.87178102079e-11, 1.72326472536e-10, 6.2752934793e-11, 1.08534140009e-10, 1.1246047843e-10, 1.21871290837e-10, 1.43824577248e-10, 1.80925122106e-10, 1.68502406472e-10, 1.42219389043e-10, 7.17945980444e-11, 1.09261703851e-10]
    },
    "mfcc": {
        "mean": [-745.303405762, 120.802093506, 23.4115047455, 17.2091598511, 6.6391582489, 9.27434539795, -1.69364380836, 2.02532672882, -0.0832322239876, -1.45323121548, -2.36911082268, -2.7051885128, -0.362023025751],
        "cov": [[17034.6308594, -326.581848145, 118.84462738, 227.525360107, -23.7789325714, 198.505203247, -65.5781021118, 125.660133362, -147.213348389, -34.7347221375, -163.99269104, 32.3496932983, 96.7185516357], [-326.581848145, 4281.79199219, -567.354187012, 110.54070282, 213.426315308, 62.6744995117, 100.785446167, 160.140686035, 250.80557251, 25.3942127228, 27.3770294189, -71.5987548828, 51.4136505127], [118.84462738, -567.354187012, 1085.61560059, 47.3227272034, 24.1402835846, 75.9101104736, 25.1361789703, 14.5270318985, 43.0616874695, 28.2777118683, 16.0013275146, 20.9022445679, 11.3641958237], [227.525360107, 110.54070282, 47.3227272034, 495.898742676, 101.214599609, 51.8322219849, 79.9372940063, 22.4871253967, -38.9100952148, -15.8284187317, 5.0756983757, -19.1795845032, -8.46992683411], [-23.7789325714, 213.426315308, 24.1402835846, 101.214599609, 255.6355896, 124.285873413, 88.5296325684, 98.0751571655, 89.0360794067, 65.2085113525, 48.4514274597, 42.0662460327, 46.530254364], [198.505203247, 62.6744995117, 75.9101104736, 51.8322219849, 124.285873413, 187.336044312, 114.34677124, 101.343009949, 91.7053451538, 70.7233886719, 51.5242004395, 57.1293411255, 54.8159332275], [-65.5781021118, 100.785446167, 25.1361789703, 79.9372940063, 88.5296325684, 114.34677124, 218.46572876, 161.175369263, 98.0723495483, 104.823127747, 90.148109436, 90.5416030884, 79.1634750366], [125.660133362, 160.140686035, 14.5270318985, 22.4871253967, 98.0751571655, 101.343009949, 161.175369263, 256.525695801, 200.386901855, 152.220184326, 116.489044189, 120.223167419, 112.463813782], [-147.213348389, 250.80557251, 43.0616874695, -38.9100952148, 89.0360794067, 91.7053451538, 98.0723495483, 200.386901855, 274.27947998, 182.846420288, 127.013771057, 114.372917175, 106.799079895], [-34.7347221375, 25.3942127228, 28.2777118683, -15.8284187317, 65.2085113525, 70.7233886719, 104.823127747, 152.220184326, 182.846420288, 220.459182739, 150.52947998, 122.542198181, 99.3124084473], [-163.99269104, 27.3770294189, 16.0013275146, 5.0756983757, 48.4514274597, 51.5242004395, 90.148109436, 116.489044189, 127.013771057, 150.52947998, 171.996063232, 123.142082214, 77.0862121582], [32.3496932983, -71.5987548828, 20.9022445679, -19.1795845032, 42.0662460327, 57.1293411255, 90.5416030884, 120.223167419, 114.372917175, 122.542198181, 123.142082214, 163.476715088, 91.9295349121], [96.7185516357, 51.4136505127, 11.3641958237, -8.46992683411, 46.530254364, 54.8159332275, 79.1634750366, 112.463813782, 106.799079895, 99.3124084473, 77.0862121582, 91.9295349121, 149.233032227]],
