{
"lowlevel": {
    "average_loudness": 0.920951664448,
    "barkbands_crest": {
        "dmean": 2.25209140778,
        "dmean2": 3.68851256371,
        "dvar": 4.05487012863,
        "dvar2": 10.6593160629,
        "max": 26.6776847839,
        "mean": 10.7710199356,
        "median": 10.1427841187,
        "min": 2.65736365318,
        "var": 13.5520067215
    },
    "barkbands_flatness_db": {
        "dmean": 0.0226807594299,
        "dmean2": 0.0333335138857,
        "dvar": 0.000462262425572,
        "dvar2": 0.00103996123653,
        "max": 0.541515350342,
        "mean": 0.161043435335,
        "median": 0.155050441623,
        "min": 0.0226312410086,
        "var": 0.00328769371845
    },
    "barkbands_kurtosis": {
        "dmean": 6.19804573059,
        "dmean2": 9.97228908539,
        "dvar": 387.71887207,
        "dvar2": 1172.04077148,
        "max": 614.806945801,
        "mean": 13.2992305756,
        "median": 10.1294307709,
        "min": -1.91385567188,
        "var": 546.143310547
    },
    "barkbands_skewness": {
        "dmean": 0.664242684841,
        "dmean2": 1.0280071497,
        "dvar": 0.701796412468,
        "dvar2": 1.83382356167,
        "max": 21.2379951477,
        "mean": 2.74380278587,
        "median": 2.67524552345,
        "min": -3.4583029747,
        "var": 2.19141077995
    },
    "barkbands_spread": {
        "dmean": 4.501039505,
        "dmean2": 6.6365737915,
        "dvar": 49.456111908,
        "dvar2": 91.9306106567,
        "max": 103.73789978,
        "mean": 14.8275756836,
        "median": 10.3096256256,
        "min": 0.106305956841,
        "var": 210.587081909
    },
    "dissonance": {
        "dmean": 0.0218960288912,
        "dmean2": 0.0362786129117,
        "dvar": 0.000500050024129,
        "dvar2": 0.0013036953751,
        "max": 0.5,
        "mean": 0.451291590929,
        "median": 0.460536122322,
        "min": 0.140331223607,
        "var": 0.00130499748047
    },
    "dynamic_complexity": 3.00500559807,
    "erbbands_crest": {
        "dmean": 2.61719942093,
        "dmean2": 4.24341630936,
        "dvar": 7.07082176208,
        "dvar2": 17.1159038544,
        "max": 32.9204177856,
        "mean": 10.208319664,
        "median": 8.70630168915,
        "min": 2.31240820885,
        "var": 29.7743034363
    },
    "erbbands_flatness_db": {
        "dmean": 0.0197205003351,
        "dmean2": 0.0289086829871,
        "dvar": 0.000415038753999,
        "dvar2": 0.000928935653064,
        "max": 0.571821510792,
        "mean": 0.140104934573,
        "median": 0.13098166883,
        "min": 0.0441729985178,
        "var": 0.00344498315826
    },
    "erbbands_kurtosis": {
        "dmean": 1.97278678417,
        "dmean2": 3.17987203598,
        "dvar": 43.0890769958,
        "dvar2": 128.365600586,
        "max": 197.0834198,
        "mean": 2.55604553223,
        "median": 0.753885269165,
        "min": -1.89067566395,
        "var": 76.0745162964
    },
    "erbbands_skewness": {
        "dmean": 0.397828996181,
        "dmean2": 0.611601769924,
        "dvar": 0.21615613997,
        "dvar2": 0.530541658401,
        "max": 11.409579277,
        "mean": 1.09375858307,
        "median": 0.994384527206,
        "min": -2.92829704285,
        "var": 1.05436718464
    },
    "erbbands_spread": {
        "dmean": 10.4166564941,
        "dmean2": 15.6640729904,
        "dvar": 135.233795166,
        "dvar2": 312.111053467,
        "max": 145.036132812,
        "mean": 44.212474823,
        "median": 40.112663269,
        "min": 0.409605890512,
        "var": 591.734558105
    },
    "hfc": {
        "dmean": 4.85486316681,
        "dmean2": 6.72236061096,
        "dvar": 41.4513244629,
        "dvar2": 81.219909668,
        "max": 137.34614563,
        "mean": 14.75299263,
        "median": 11.5165405273,
        "min": 1.12252617818e-16,
        "var": 150.567306519
    },
    "melbands_crest": {
        "dmean": 2.78289580345,
        "dmean2": 4.54373884201,
        "dvar": 6.07343006134,
        "dvar2": 15.6320886612,
        "max": 32.4363250732,
        "mean": 15.32081604,
        "median": 14.8254384995,
        "min": 1.73580574989,
        "var": 19.7456359863
    },
    "melbands_flatness_db": {
        "dmean": 0.0263307988644,
        "dmean2": 0.0378016084433,
        "dvar": 0.000639931589831,
        "dvar2": 0.00136164261494,
        "max": 0.597591340542,
        "mean": 0.254567354918,
        "median": 0.254239857197,
        "min": 0.00433199713007,
        "var": 0.0044345012866
    },
    "melbands_kurtosis": {
        "dmean": 11.792757988,
        "dmean2": 18.9445323944,
        "dvar": 307.865356445,
        "dvar2": 798.41192627,
        "max": 345.044769287,
        "mean": 26.580821991,
        "median": 19.7598819733,
        "min": -1.83161902428,
        "var": 664.761169434
    },
    "melbands_skewness": {
        "dmean": 0.894547283649,
        "dmean2": 1.40383803844,
        "dvar": 0.933698654175,
        "dvar2": 2.31340885162,
        "max": 13.4120569229,
        "mean": 3.61875224113,
        "median": 3.40734481812,
        "min": -1.93093132973,
        "var": 3.15299415588
    },
    "melbands_spread": {
        "dmean": 3.63116455078,
        "dmean2": 5.47050237656,
        "dvar": 63.7866706848,
        "dvar2": 129.351837158,
        "max": 238.484634399,
        "mean": 11.4686412811,
        "median": 7.93830680847,
        "min": 0.326336354017,
        "var": 222.021942139
    },
    "pitch_salience": {
        "dmean": 0.0683832392097,
        "dmean2": 0.112341456115,
        "dvar": 0.00350290630013,
        "dvar2": 0.00920353364199,
        "max": 0.856978654861,
        "mean": 0.541600942612,
        "median": 0.544872820377,
        "min": 0.105212286115,
        "var": 0.0111847734079
    },
    "silence_rate_20dB": {
        "dmean": 0,
        "dmean2": 0,
        "dvar": 0,
        "dvar2": 0,
        "max": 1,
        "mean": 1,
        "median": 1,
        "min": 1,
        "var": 0
    },
    "silence_rate_30dB": {
        "dmean": 0.0302778538316,
        "dmean2": 0.060561299324,
        "dvar": 0.0293601490557,
        "dvar2": 0.0738758295774,
        "max": 1,
        "mean": 0.974801540375,
        "median": 1,
        "min": 0,
        "var": 0.0245665237308
    },
    "silence_rate_60dB": {
        "dmean": 0.0180928651243,
        "dmean2": 0.0361890681088,
        "dvar": 0.0177649389952,
        "dvar2": 0.0383892729878,
        "max": 1,
        "mean": 0.0633191838861,
        "median": 0,
        "min": 0,
        "var": 0.0593075081706
    },
    "spectral_centroid": {
        "dmean": 158.347061157,
        "dmean2": 235.812088013,
        "dvar": 65303.1054688,
        "dvar2": 126008.6875,
        "max": 11965.8037109,
        "mean": 734.071105957,
        "median": 560.234863281,
        "min": 222.242904663,
        "var": 408993.25
    },
    "spectral_complexity": {
        "dmean": 2.86291885376,
        "dmean2": 4.24981546402,
        "dvar": 10.8195343018,
        "dvar2": 19.0186462402,
        "max": 48,
        "mean": 12.8636703491,
        "median": 12,
        "min": 0,
        "var": 37.3701591492
    },
    "spectral_decrease": {
        "dmean": 3.62693119982e-09,
        "dmean2": 5.59951995882e-09,
        "dvar": 2.94283631161e-17,
        "dvar2": 7.1685794607e-17,
        "max": 2.36914468397e-28,
        "mean": -9.50722878201e-09,
        "median": -7.6246342573e-09,
        "min": -5.91482987033e-08,
        "var": 5.76348150313e-17
    },
    "spectral_energy": {
        "dmean": 0.0140286684036,
        "dmean2": 0.021621549502,
        "dvar": 0.000436930597061,
        "dvar2": 0.00106138805859,
        "max": 0.226637244225,
        "mean": 0.0372206382453,
        "median": 0.0299720726907,
        "min": 1.03574652997e-20,
        "var": 0.000861742009874
    },
    "spectral_energyband_high": {
        "dmean": 0.000281396234641,
        "dmean2": 0.000371001398889,
        "dvar": 3.51637851281e-07,
        "dvar2": 5.92384765241e-07,
        "max": 0.0159642994404,
        "mean": 0.000599082151894,
        "median": 0.000302679545712,
        "min": 7.29859016856e-21,
        "var": 1.49855577547e-06
    },
    "spectral_energyband_low": {
        "dmean": 0.00846850778908,
        "dmean2": 0.014018108137,
        "dvar": 0.000273867190117,
        "dvar2": 0.00075251533417,
        "max": 0.203993082047,
        "mean": 0.0169805753976,
        "median": 0.0119255390018,
        "min": 2.40163480335e-23,
        "var": 0.000367283879314
    },
    "spectral_energyband_middle_high": {
        "dmean": 0.000645873427857,
        "dmean2": 0.000924244348425,
        "dvar": 8.32584476029e-07,
        "dvar2": 1.68903898157e-06,
        "max": 0.0178039874882,
        "mean": 0.00175496772863,
        "median": 0.00133631390054,
        "min": 1.26365672032e-21,
        "var": 2.48471883424e-06
    },
    "spectral_energyband_middle_low": {
        "dmean": 0.00817288178951,
        "dmean2": 0.0122874090448,
        "dvar": 0.000138397736009,
        "dvar2": 0.000291249569273,
        "max": 0.197768643498,
        "mean": 0.0200033131987,
        "median": 0.0147992353886,
        "min": 1.30956892988e-22,
        "var": 0.000324587075738
    },
    "spectral_entropy": {
        "dmean": 0.223987832665,
        "dmean2": 0.319927573204,
        "dvar": 0.0512457378209,
        "dvar2": 0.110995642841,
        "max": 9.81555557251,
        "mean": 7.32585048676,
        "median": 7.3885345459,
        "min": 4.06327486038,
        "var": 0.346815079451
    },
    "spectral_flux": {
        "dmean": 0.0307052582502,
        "dmean2": 0.0489439964294,
        "dvar": 0.00154188461602,
        "dvar2": 0.00350267672911,
        "max": 0.347122997046,
        "mean": 0.0835838317871,
        "median": 0.0676423758268,
        "min": 6.58341089976e-11,
        "var": 0.00306244986132
    },
    "spectral_kurtosis": {
        "dmean": 1.98174703121,
        "dmean2": 2.98278188705,
        "dvar": 12.548541069,
        "dvar2": 31.0873622894,
        "max": 79.4951400757,
        "mean": 5.48911571503,
        "median": 4.07174444199,
        "min": -1.25527143478,
        "var": 34.5122108459
    },
    "spectral_rms": {
        "dmean": 0.00104353809729,
        "dmean2": 0.00156510912348,
        "dvar": 1.73334410647e-06,
        "dvar2": 3.9088149606e-06,
        "max": 0.0148697514087,
        "mean": 0.005540904589,
        "median": 0.00540749914944,
        "min": 3.17881181447e-12,
        "var": 5.61136721444e-06
    },
    "spectral_rolloff": {
        "dmean": 319.080657959,
        "dmean2": 522.36315918,
        "dvar": 1047812.5,
        "dvar2": 2079746.25,
        "max": 19250.6835938,
        "mean": 879.814086914,
        "median": 452.197265625,
        "min": 129.19921875,
        "var": 2933126.75
    },
    "spectral_skewness": {
        "dmean": 0.282937258482,
        "dmean2": 0.398343682289,
        "dvar": 0.113631412387,
        "dvar2": 0.253337830305,
        "max": 7.13954353333,
        "mean": 1.91076219082,
        "median": 1.84957885742,
        "min": -0.0666714385152,
        "var": 0.552247524261
    },
    "spectral_spread": {
        "dmean": 736844.6875,
        "dmean2": 1042611.4375,
        "dvar": 822642475008,
        "dvar2": 1.6116098007e+12,
        "max": 42378776,
        "mean": 6002327,
        "median": 5915461,
        "min": 974420.625,
        "var": 5.45883160576e+12
    },
    "spectral_strongpeak": {
        "dmean": 0.36727976799,
        "dmean2": 0.619669854641,
        "dvar": 0.263016700745,
        "dvar2": 0.641047179699,
        "max": 7.60963010788,
        "mean": 0.700958490372,
        "median": 0.505739510059,
        "min": 0,
        "var": 0.438148021698
    },
    "zerocrossingrate": {
        "dmean": 0.0110876308754,
        "dmean2": 0.0125847365707,
        "dvar": 0.00022020538745,
        "dvar2": 0.00025499612093,
        "max": 0.517578125,
        "mean": 0.0511574447155,
        "median": 0.03857421875,
        "min": 0.0048828125,
        "var": 0.00200916547328
    },
    "barkbands": {
        "dmean": [0.000389634282328, 0.00389724085107, 0.00457321899012, 0.00302190682851, 0.00424313591793, 0.00104022060987, 0.00198179925792, 0.000840111984871, 0.000258066342212, 0.000196589637198, 0.00014441703388, 0.000158300710609, 8.95863486221e-05, 0.000150577587192, 8.70171788847e-05, 5.57218299946e-05, 4.91982063977e-05, 3.88062035199e-05, 3.62235477951e-05, 5.1634702686e-05, 5.25992982148e-05, 6.84058759362e-05, 4.49043254775e-05, 4.79947957501e-05, 5.21218535141e-05, 3.20758117596e-05, 2.9153518426e-06],
        "dmean2": [0.000687856867444, 0.0065587121062, 0.00759634142742, 0.00483915349469, 0.0067143291235, 0.00166915578302, 0.00296611455269, 0.001264721388, 0.000402366626076, 0.0003122932103, 0.000227584227105, 0.000246725976467, 0.000139133204357, 0.000230407415074, 0.00014453487529, 8.85348999873e-05, 7.66224256949e-05, 5.59882864763e-05, 5.39496613783e-05, 7.83598661656e-05, 7.87432509242e-05, 0.000102279213024, 6.52180606266e-05, 6.25834945822e-05, 7.18112205504e-05, 4.42237651441e-05, 4.12905865232e-06],
        "dvar": [9.99623125608e-07, 8.64691028255e-05, 7.0220354246e-05, 2.70203217951e-05, 4.49243889307e-05, 3.49091260432e-06, 1.56716287165e-05, 6.15990256847e-06, 4.43471009248e-07, 2.09105394333e-07, 1.36712344556e-07, 9.51550589434e-08, 3.67449182193e-08, 1.59425937341e-07, 1.87662809736e-08, 8.65744720357e-09, 8.26073787152e-09, 5.46846212757e-09, 7.18072934447e-09, 1.40875195953e-08, 1.23830163901e-08, 3.78827031966e-08, 1.99368503928e-08, 4.42142074064e-08, 1.09479039168e-08, 3.14963655157e-09, 1.12080580927e-10],
        "dvar2": [2.63656534116e-06, 0.000234443024965, 0.00019857447478, 6.40036523691e-05, 0.000105025203084, 8.84853034222e-06, 3.57123099093e-05, 1.30966091092e-05, 9.58288183028e-07, 5.15191743489e-07, 3.03654047684e-07, 2.27716242307e-07, 8.670570395e-08, 3.44177607303e-07, 4.96412901896e-08, 2.07359871496e-08, 2.06837551531e-08, 1.19106591256e-08, 1.50980561386e-08, 3.04667793216e-08, 2.76758189699e-08, 8.05138995474e-08, 3.84648117802e-08, 6.55555041362e-08, 2.27202843206e-08, 7.02525015939e-09, 2.14437551049e-10],
        "max": [0.00878347083926, 0.120629608631, 0.121107205749, 0.0699341222644, 0.134431198239, 0.0409723892808, 0.0607030652463, 0.0586716942489, 0.0203006975353, 0.014220373705, 0.0119682485238, 0.00823049899191, 0.00596778327599, 0.0146428057924, 0.00288546690717, 0.0020977826789, 0.00260637933388, 0.00231328001246, 0.00268138968386, 0.00596685986966, 0.00453236047179, 0.00591361895204, 0.00382101628929, 0.00717517547309, 0.0034809068311, 0.000623875239398, 0.000649913563393],
        "mean": [0.000306812551571, 0.0059306062758, 0.00867432635278, 0.00450563477352, 0.00736295571551, 0.00225657201372, 0.00402912078425, 0.00134992646053, 0.000410429813201, 0.000380316836527, 0.000251565041253, 0.000290561496513, 0.000149922954733, 0.000245341332629, 0.00014073868806, 9.98546456685e-05, 8.32007062854e-05, 6.07567562838e-05, 5.68894101889e-05, 8.37321713334e-05, 8.54833706398e-05, 0.000119986427308, 8.33978701849e-05, 0.000100011093309, 9.99679396045e-05, 5.67477218283e-05, 5.85221641813e-06],
        "median": [5.12980259373e-05, 0.00244757649489, 0.00502679403871, 0.00241291709244, 0.00419007334858, 0.0013210051693, 0.00182004121598, 0.00035632509389, 0.000149340979988, 0.000198708847165, 0.000103827071143, 0.000170118029928, 6.7645960371e-05, 0.000105400453322, 8.24737217044e-05, 6.12089934293e-05, 4.42825039499e-05, 2.4741548259e-05, 2.30764380831e-05, 4.26921433245e-05, 3.58677934855e-05, 4.46789454145e-05, 3.00340907415e-05, 2.32981401496e-05, 4.73489744763e-05, 2.62877583737e-05, 1.74289903043e-06],
        "min": [1.04942817032e-24, 7.25654292937e-24, 2.20870443283e-24, 4.82634962576e-24, 1.09677075035e-23, 1.08327152589e-23, 1.2640804964e-23, 6.0109623256e-24, 7.8874289163e-24, 1.36207216696e-23, 2.06293200944e-23, 3.20227987055e-23, 3.83800551913e-23, 3.14452357715e-23, 9.10452959035e-23, 7.50066177406e-23, 9.34260591828e-23, 1.39174109939e-22, 1.50280829722e-22, 1.98316968378e-22, 2.82688116059e-22, 3.12224078093e-22, 4.55508683462e-22, 5.83009860814e-22, 8.95068896584e-22, 1.42811581651e-21, 2.12095066536e-21],
        "var": [7.31216402983e-07, 8.9026747446e-05, 0.000128124054754, 3.67584107153e-05, 8.60411091708e-05, 8.45386421133e-06, 3.76944117306e-05, 1.26142231238e-05, 1.06882953332e-06, 4.6037894208e-07, 3.00473629977e-07, 1.99741549523e-07, 6.86937582373e-08, 2.6758129934e-07, 3.25695417303e-08, 1.68520610799e-08, 1.37583642257e-08, 9.12725273139e-09, 1.32309558865e-08, 2.72084204056e-08, 2.16275477527e-08, 1.07204982669e-07, 5.77607224272e-08, 2.18495742388e-07, 2.91615549486e-08, 5.90963633584e-09, 8.80193418151e-10]
    },
    "erbbands": {
        "dmean": [0.0967993363738, 0.990301787853, 4.36248779297, 7.5677113533, 16.0634651184, 12.461853981, 10.5920467377, 7.59593677521, 23.4228668213, 28.7982177734, 12.2630214691, 6.15173053741, 4.99991178513, 5.99131536484, 5.4859418869, 6.66945171356, 4.21552991867, 6.84801435471, 5.35532617569, 4.45846033096, 2.7187962532, 2.67479658127, 2.16322040558, 1.85917699337, 2.03124260902, 2.42664027214, 2.19824671745, 2.18999409676, 2.52475070953, 2.08492898941, 1.18513596058, 1.12049031258, 0.723653197289, 0.534899294376, 0.384319722652, 0.214197039604, 0.0405045971274, 0.0053604808636, 0.000468304060632, 4.07575134886e-05],
        "dmean2": [0.156681448221, 1.71939337254, 7.26786375046, 12.1965742111, 25.0793132782, 20.1046485901, 16.7264842987, 12.3978824615, 34.5899200439, 43.2723655701, 18.6122913361, 9.58248519897, 7.94393205643, 9.3024263382, 8.52244186401, 10.4141321182, 6.43240785599, 10.5648603439, 8.48213195801, 7.330327034, 4.23865795135, 4.13282680511, 3.15320515633, 2.6663942337, 2.98179268837, 3.69076871872, 3.25343322754, 3.31684541702, 3.74614787102, 3.14993000031, 1.68253457546, 1.49837446213, 0.962914168835, 0.768837869167, 0.54325479269, 0.300800949335, 0.0546422861516, 0.00749354949221, 0.000655039504636, 5.73803808948e-05],
        "dvar": [0.0623015873134, 5.51175928116, 69.9627685547, 141.61769104, 836.163391113, 483.273132324, 418.726074219, 235.833465576, 2282.57080078, 5890.11621094, 750.955810547, 254.417892456, 101.669921875, 224.438934326, 151.414886475, 205.765533447, 65.2375259399, 442.887573242, 85.1430435181, 41.6001548767, 23.9593791962, 28.4808044434, 20.1474971771, 11.4584627151, 27.2260303497, 26.2918548584, 20.9050445557, 21.9032611847, 44.7857093811, 57.37109375, 13.2194252014, 25.9625453949, 7.84048175812, 1.80085980892, 0.600346028805, 0.139582082629, 0.00460713217035, 9.3000337074e-05, 1.69625968738e-06, 5.36718687272e-08],
        "dvar2": [0.155068084598, 15.683300972, 199.004104614, 369.882507324, 1843.14953613, 1272.49719238, 962.48614502, 619.263000488, 5249.8671875, 13460.8125, 1599.99108887, 553.363708496, 264.868499756, 522.008422852, 339.991729736, 490.770355225, 150.900863647, 976.702941895, 214.219146729, 114.411880493, 56.1605262756, 72.9422454834, 46.0177688599, 22.688709259, 56.3270874023, 57.9750518799, 44.4549865723, 50.4134635925, 96.4950561523, 124.302574158, 24.585395813, 41.5663070679, 12.5668592453, 3.46244931221, 1.36135900021, 0.306028306484, 0.0099400030449, 0.000213333085412, 3.26496410707e-06, 1.044682989e-07],
        "max": [2.72297596931, 31.8374576569, 127.167678833, 129.690505981, 626.725524902, 354.4168396, 558.657287598, 390.969726562, 1026.04333496, 1689.76037598, 601.072265625, 567.09375, 266.132293701, 512.131225586, 444.58215332, 426.725158691, 223.285202026, 767.474304199, 167.576339722, 102.874755859, 83.728187561, 153.339706421, 154.372146606, 93.7836914062, 199.417510986, 219.204666138, 204.860458374, 188.831558228, 253.052993774, 238.927352905, 105.440704346, 183.961883545, 94.6015472412, 49.8159713745, 29.8179912567, 4.70785474777, 0.848147511482, 0.106976874173, 0.0697079822421, 0.0148867089301],
        "mean": [0.126843214035, 1.57658743858, 8.41290950775, 13.7192420959, 23.9096164703, 21.8613014221, 20.727563858, 17.3122653961, 50.6632232666, 50.9207992554, 21.9112892151, 10.3495531082, 9.56214332581, 12.1047801971, 10.9856729507, 12.1941251755, 7.80976057053, 11.060259819, 9.47812843323, 7.66991233826, 4.9223446846, 4.54343652725, 3.43469715118, 3.09398937225, 3.17128515244, 3.9015378952, 3.67686510086, 3.55358958244, 4.36131238937, 3.60568141937, 2.22995114326, 2.23532605171, 1.49596619606, 1.04069030285, 0.707823812962, 0.380907416344, 0.0729762539268, 0.0093581341207, 0.000928389374167, 0.000112809553684],
        "median": [0.0467987433076, 0.738390922546, 4.63332939148, 9.33146190643, 10.9148349762, 11.2111186981, 11.8603858948, 10.6003112793, 24.0608196259, 14.9013462067, 8.88023471832, 4.3016834259, 6.20619487762, 6.23474788666, 5.88763904572, 6.88517904282, 4.03745985031, 4.76774597168, 5.22165107727, 4.94228601456, 2.76251459122, 2.30018901825, 1.53017926216, 1.24762034416, 1.28612136841, 2.07553768158, 1.66186189651, 1.5170122385, 1.79032635689, 1.13097071648, 0.778280735016, 0.485679388046, 0.456105768681, 0.449735373259, 0.352332502604, 0.178655549884, 0.0340696871281, 0.00433477060869, 0.000342908024322, 5.28593445779e-05],
        "min": [1.59361338182e-22, 1.41197186013e-21, 3.64602352034e-21, 1.5266282211e-20, 2.90342462958e-20, 2.79529919882e-20, 4.20353121707e-20, 1.32310459959e-19, 1.2415294693e-19, 1.29670487185e-19, 1.781915319e-19, 1.89418221044e-19, 5.32107245178e-19, 4.83417946757e-19, 8.95866175102e-19, 1.19514425663e-18, 1.88667469335e-18, 1.89074173362e-18, 3.65618421601e-18, 4.86179251418e-18, 5.29313949307e-18, 5.66821792439e-18, 7.46895785788e-18, 8.16488724109e-18, 9.74523978961e-18, 9.74153402047e-18, 9.34552295657e-18, 1.04404867488e-17, 1.18128008917e-17, 1.40655313371e-17, 1.33107571523e-17, 1.14606188198e-17, 9.42373040195e-18, 9.474150369e-18, 6.95964455675e-18, 4.66519029414e-18, 2.64782375235e-18, 1.16791109272e-18, 2.74990042487e-19, 3.10340975983e-20],
        "var": [0.0586454942822, 5.65514469147, 127.181030273, 209.743301392, 1302.34997559, 993.316589355, 1016.16394043, 483.187194824, 6201.75292969, 10659.6533203, 1841.67712402, 652.646850586, 175.381072998, 534.432678223, 344.106048584, 399.028747559, 135.260665894, 657.944091797, 162.851028442, 70.6530685425, 45.650970459, 46.3282165527, 30.0068244934, 23.8533802032, 50.9215393066, 47.5413627625, 45.4544563293, 37.872177124, 118.9477005, 143.122131348, 43.8441505432, 111.10017395, 38.3729133606, 6.14329957962, 1.11655521393, 0.262349933386, 0.00934190955013, 0.000181315554073, 1.23980589706e-05, 4.06358594773e-07]
    },
    "gfcc": {
        "mean": [-10.7101068497, 93.1874313354, -76.040184021, 25.4123134613, -58.7957420349, 14.3524036407, -42.4832305908, 2.03382372856, -27.2424049377, 8.64437007904, -22.9444046021, -0.93544459343, -13.1197242737],
        "cov": [[14286.8759766, 940.800170898, 730.834655762, 1111.89172363, 37.1495170593, 521.271789551, -623.07220459, -618.997070312, -891.072937012, 124.955238342, 233.450515747, 447.533874512, -252.394973755], [940.800170898, 1490.72973633, -109.839302063, -73.6792602539, 128.418334961, -70.7769393921, -1.14425647259, -154.831573486, 110.393035889, -66.6519622803, 138.12449646, -51.5091323853, 42.2059173584], [730.834655762, -109.839302063, 644.518859863, 22.0613479614, 132.893692017, 171.176696777, -43.0398178101, 37.8525924683, -111.289741516, 136.406646729, 0.64769333601, 138.563934326, -24.0537052155], [1111.89172363, -73.6792602539, 22.0613479614, 410.600006104, 14.4043979645, 74.5707702637, -15.7169036865, -86.8429718018, -65.9174728394, -68.5324172974, 43.0995788574, 20.1424274445, -13.8179092407], [37.1495170593, 128.418334961, 132.893692017, 14.4043979645, 191.565231323, 57.5159454346, 21.5061378479, 5.52516078949, -18.8267688751, 11.6803007126, -6.77199745178, 29.3195667267, 8.41627120972], [521.271789551, -70.7769393921, 171.176696777, 74.5707702637, 57.5159454346, 173.410812378, 9.84079360962, -7.38191270828, -60.0298805237, 24.7254943848, 4.00718307495, 49.4149513245, -13.0928583145], [-623.07220459, -1.14425647259, -43.0398178101, -15.7169036865, 21.5061378479, 9.84079360962, 131.440383911, 60.3652191162, 50.9657287598, -24.9288349152, -13.3500442505, -30.9810276031, 14.4449386597], [-618.997070312, -154.831573486, 37.8525924683, -86.8429718018, 5.52516078949, -7.38191270828, 60.3652191162, 141.45916748, 66.5982666016, 38.4129371643, -43.3338432312, -10.0193357468, 6.07736682892], [-891.072937012, 110.393035889, -111.289741516, -65.9174728394, -18.8267688751, -60.0298805237, 50.9657287598, 66.5982666016, 204.457489014, 12.9103126526, 9.56769275665, -73.0335769653, 17.258108139], [124.955238342, -66.6519622803, 136.406646729, -68.5324172974, 11.6803007126, 24.7254943848, -24.9288349152, 38.4129371643, 12.9103126526, 138.780502319, 14.9314193726, 30.6867046356, -24.5058555603], [233.450515747, 138.12449646, 0.64769333601, 43.0995788574, -6.77199745178, 4.00718307495, -13.3500442505, -43.3338432312, 9.56769275665, 14.9314193726, 96.3495635986, 21.0141296387, -0.166178628802], [447.533874512, -51.5091323853, 138.563934326, 20.1424274445, 29.3195667267, 49.4149513245, -30.9810276031, -10.0193357468, -73.0335769653, 30.6867046356, 21.0141296387, 106.172920227, 14.8847808838], [-252.394973755, 42.2059173584, -24.0537052155, -13.8179092407, 8.41627120972, -13.0928583145, 14.4449386597, 6.07736682892, 17.258108139, -24.5058555603, -0.166178628802, 14.8847808838, 64.8546905518]],
        "icov": [[0.000257095642155, -0.000452949781902, 0.000161319258041, -0.000741651689168, 0.000452050560853, -0.000438763992861, 0.000720512587577, -0.00036664729123, 0.000837444094941, -0.000605454668403, 0.000472516141599, -0.000544611248188, 0.000598343031015], [-0.000452949781902, 0.00205913512036, -0.000505177478772, 0.00201020645909, -0.00194508873392, 0.00110109290108, -0.00139156111982, 0.00237876409665, -0.00231794919819, 0.0018355732318, -0.00245719845407, 0.00158110714983, -0.00135888846125], [0.000161319258041, -0.000505177478772, 0.00369033543393, -0.00079017895041, -0.000942437385675, -0.00216607376933, 0.00136086286511, -0.00184158352204, 0.00131972401869, -0.00262067141011, 0.000924555992242, -0.00275833462365, 0.00100539356936], [-0.000741651689168, 0.00201020645909, -0.00079017895041, 0.00602785497904, -0.00189284596127, -6.12079020357e-06, -0.00198691990227, 0.00294816773385, -0.00286682811566, 0.00451391376555, -0.00365890772082, 0.00176411878783, -0.000738342117984], [0.000452050560853, -0.00194508873392, -0.000942437385675, -0.00189284596127, 0.00855186209083, -0.00192085013259, -0.000417951814597, -0.000825101160444, 0.00168280082289, -0.00157322501764, 0.00331702781841, -0.00202442798764, 0.00037594785681], [-0.000438763992861, 0.00110109290108, -0.00216607376933, -6.12079020357e-06, -0.00192085013259, 0.0106284404173, -0.00431747501716, 0.0024735473562, -0.000802340975497, 0.000220424553845, -0.000332693103701, -0.000834480451886, 0.000383461534511], [0.000720512587577, -0.00139156111982, 0.00136086286511, -0.00198691990227, -0.000417951814597, -0.00431747501716, 0.0153196705505, -0.00857286714017, 0.00237101339735, 0.00174609012902, -0.00141702173278, 0.00209429557435, -9.05954075279e-05], [-0.00036664729123, 0.00237876409665, -0.00184158352204, 0.00294816773385, -0.000825101160444, 0.0024735473562, -0.00857286714017, 0.0198236480355, -0.00765396654606, -0.00201380020007, 0.00539850769565, -0.00269711273722, -0.000462912837975], [0.000837444094941, -0.00231794919819, 0.00131972401869, -0.00286682811566, 0.00168280082289, -0.000802340975497, 0.00237101339735, -0.00765396654606, 0.0142143052071, -0.00489849643782, -0.0023756371811, 0.00607035122812, -0.002577716019], [-0.000605454668403, 0.0018355732318, -0.00262067141011, 0.00451391376555, -0.00157322501764, 0.000220424553845, 0.00174609012902, -0.00201380020007, -0.00489849643782, 0.0164186339825, -0.00580510869622, -0.000895005883649, 0.00418538833037], [0.000472516141599, -0.00245719845407, 0.000924555992242, -0.00365890772082, 0.00331702781841, -0.000332693103701, -0.00141702173278, 0.00539850769565, -0.0023756371811, -0.00580510869622, 0.0198916960508, -0.0086455931887, 0.00278730667196], [-0.000544611248188, 0.00158110714983, -0.00275833462365, 0.00176411878783, -0.00202442798764, -0.000834480451886, 0.00209429557435, -0.00269711273722, 0.00607035122812, -0.000895005883649, -0.0086455931887, 0.0248204004019, -0.011587254703], [0.000598343031015, -0.00135888846125, 0.00100539356936, -0.000738342117984, 0.00037594785681, 0.000383461534511, -9.05954075279e-05, -0.000462912837975, -0.002577716019, 0.00418538833037, 0.00278730667196, -0.011587254703, 0.023873699829]]
    },
    "melbands": {
        "dmean": [0.000961083278526, 0.00192232429981, 0.00152009155136, 0.0010220479453, 0.000394500937546, 0.000177717243787, 0.000378951022867, 0.000292491458822, 8.56454353197e-05, 3.61857455573e-05, 2.57291649177e-05, 2.55490886047e-05, 2.0541376216e-05, 1.81409468496e-05, 1.34703623189e-05, 8.23219488666e-06, 1.43290035339e-05, 9.99089934339e-06, 5.80884079682e-06, 5.06707601744e-06, 3.13807277053e-06, 2.90044340545e-06, 2.68240410151e-06, 1.69217560142e-06, 1.54880444825e-06, 1.39912071973e-06, 1.70343150785e-06, 1.64754169418e-06, 1.45400883866e-06, 1.46767149545e-06, 1.22428104987e-06, 1.67822156527e-06, 1.22654478218e-06, 1.16301589514e-06, 7.22682443666e-07, 6.5203369104e-07, 7.78078458552e-07, 5.34152945875e-07, 5.533638614e-07, 4.4944906108e-07],
        "dmean2": [0.00158067117445, 0.00324251968414, 0.00237629096955, 0.00163622212131, 0.000627209490631, 0.000288984476356, 0.000560144486371, 0.000438475399278, 0.000130112355691, 5.64697438676e-05, 4.10372267652e-05, 3.97610347136e-05, 3.2159678085e-05, 2.83697117993e-05, 2.05128944799e-05, 1.27132034322e-05, 2.22224880417e-05, 1.58766633831e-05, 9.47771331994e-06, 8.28761130833e-06, 4.9219702305e-06, 4.5350570872e-06, 4.17165438193e-06, 2.46220088229e-06, 2.26852762353e-06, 2.10450912164e-06, 2.58603904513e-06, 2.55827626461e-06, 2.21426626013e-06, 2.27578038903e-06, 1.87691045994e-06, 2.55205850408e-06, 1.88013621027e-06, 1.75633101662e-06, 1.07160610696e-06, 9.31078716349e-07, 1.05314836674e-06, 7.43182852148e-07, 8.00299460479e-07, 6.68339794174e-07],
        "dvar": [5.55471842745e-06, 1.49006082211e-05, 5.84449435337e-06, 2.69527822638e-06, 5.42509553725e-07, 1.32797282504e-07, 5.61098204344e-07, 6.24158417395e-07, 3.53070745973e-08, 8.12891620683e-09, 2.74569078584e-09, 4.33190727733e-09, 2.847492242e-09, 1.35819355762e-09, 5.89165494169e-10, 3.3214264672e-10, 2.16278461806e-09, 3.13343739844e-10, 7.34357921695e-11, 6.26940999116e-11, 3.51334829285e-11, 3.93400451104e-11, 2.9018643391e-11, 1.06785856199e-11, 8.35863496473e-12, 1.34088417453e-11, 1.97660204176e-11, 1.19629774836e-11, 1.1087301216e-11, 1.17786891352e-11, 6.10004321361e-12, 2.05016576632e-11, 2.04470173432e-11, 1.61025966866e-11, 4.28225814184e-12, 7.30339833749e-12, 1.42366656658e-11, 5.01656875762e-12, 3.22315633385e-12, 1.20343535484e-12],
        "dvar2": [1.44934965647e-05, 4.28639614256e-05, 1.37427414302e-05, 6.3375573518e-06, 1.24937866985e-06, 3.43114550105e-07, 1.27595058075e-06, 1.40610416111e-06, 7.45654347156e-08, 1.78640124915e-08, 7.21899873213e-09, 1.01050918744e-08, 6.2333413986e-09, 3.2535854011e-09, 1.33918320877e-09, 8.08064726243e-10, 4.73224215369e-09, 7.83393239168e-10, 1.89181129095e-10, 1.58782390014e-10, 8.24965859514e-11, 1.08059602932e-10, 7.12796349722e-11, 2.32387165067e-11, 1.69777438636e-11, 2.84931054445e-11, 4.24447074709e-11, 2.61196429069e-11, 2.39673090402e-11, 2.76861329002e-11, 1.36938039033e-11, 4.79838703493e-11, 4.81643926131e-11, 3.37277948625e-11, 8.38977064904e-12, 1.50728336062e-11, 2.46878420485e-11, 9.58612876578e-12, 5.74570035647e-12, 2.67276912408e-12],
        "max": [0.0270473212004, 0.0541563667357, 0.0310067310929, 0.0332778915763, 0.0181020405143, 0.00923257321119, 0.0133064612746, 0.0186048038304, 0.00389316305518, 0.00308630964719, 0.00134114234243, 0.00229691667482, 0.00195185630582, 0.000873918121215, 0.000601650564931, 0.000625231536105, 0.0017598803388, 0.000386969564715, 0.000212939106859, 0.000208811427001, 0.00010255833331, 0.0001927036501, 0.000226126066991, 6.79258300806e-05, 8.46993061714e-05, 0.000115573879157, 0.000244632363319, 0.000118220996228, 0.000179513634066, 0.000163823802723, 7.08699735696e-05, 0.000162331474712, 0.000143880315591, 0.000126557017211, 5.6399985624e-05, 7.52681007725e-05, 0.000141030308441, 7.43176278775e-05, 6.84612168698e-05, 5.10022327944e-05],
        "mean": [0.00139668828342, 0.00370155880228, 0.00277796550654, 0.00168014294468, 0.000784609117545, 0.000391475245124, 0.000803908566013, 0.000507302058395, 0.00014727449161, 5.85690067965e-05, 4.74677108286e-05, 5.03114533785e-05, 3.78624899895e-05, 3.32714589604e-05, 2.40158860834e-05, 1.41936789078e-05, 2.20478887059e-05, 1.66508943948e-05, 9.81154335022e-06, 8.49911430123e-06, 5.29025419382e-06, 4.61920626549e-06, 4.20846890847e-06, 2.54443034464e-06, 2.48657170232e-06, 2.10768735087e-06, 2.52587119576e-06, 2.58216482507e-06, 2.33535888583e-06, 2.16151829591e-06, 1.96631822291e-06, 2.72029569715e-06, 1.98930683837e-06, 1.93938876691e-06, 1.26555346469e-06, 1.16745263767e-06, 1.47476589518e-06, 1.02075398445e-06, 1.03232468973e-06, 8.22647109544e-07],
        "median": [0.000552784069441, 0.00218196725473, 0.00183920748532, 0.000951548921876, 0.000457733345684, 0.000228768054512, 0.000382734462619, 0.000137896160595, 5.76531165279e-05, 2.17094275285e-05, 3.00569045066e-05, 2.47517382377e-05, 1.70499151864e-05, 1.87187433767e-05, 1.33771363835e-05, 6.45862019155e-06, 8.72322380019e-06, 8.69108953339e-06, 5.92904416408e-06, 5.32883223059e-06, 2.60784986494e-06, 2.13674138649e-06, 2.05227934202e-06, 8.85323515831e-07, 9.81193352345e-07, 7.51391553422e-07, 1.09663278636e-06, 1.38376594805e-06, 1.05924641502e-06, 8.20377124455e-07, 7.95495566308e-07, 1.12913789962e-06, 6.31456373412e-07, 6.12116423326e-07, 4.71213638775e-07, 2.77205799648e-07, 3.0550432939e-07, 2.75387094462e-07, 3.60818205536e-07, 3.67581463934e-07],
        "min": [2.17271541504e-24, 2.08147615717e-24, 4.30889000409e-24, 1.75495164014e-24, 1.66019662644e-24, 2.88887785746e-24, 2.17153291254e-24, 1.01609771239e-24, 1.45039956173e-24, 1.08799143845e-24, 2.26804294455e-24, 1.76687310336e-24, 3.10591913047e-24, 3.79852776399e-24, 2.75319062632e-24, 3.531708579e-24, 2.65089114413e-24, 4.82334327685e-24, 7.11469942773e-24, 5.2546040674e-24, 5.66916467259e-24, 5.51528591454e-24, 4.29039279358e-24, 7.17857743953e-24, 6.05198348711e-24, 7.06788684389e-24, 7.31533042175e-24, 5.47843782723e-24, 4.05775771263e-24, 5.71409937304e-24, 6.40045884768e-24, 5.97456428344e-24, 6.75238508029e-24, 7.72393591597e-24, 8.05928305336e-24, 6.68067841286e-24, 6.47744851659e-24, 5.8608105409e-24, 7.09452509894e-24, 7.29321786172e-24],
        "var": [5.50303093405e-06, 2.22333765123e-05, 9.04571425053e-06, 4.70789063911e-06, 1.33915136757e-06, 2.67534829845e-07, 1.51027973061e-06, 1.15051057037e-06, 8.6566508628e-08, 2.06218100374e-08, 4.6743671156e-09, 1.03438102528e-08, 6.33093222291e-09, 2.80871903513e-09, 1.28881194605e-09, 5.74407243992e-10, 3.1322608951e-09, 5.7557647537e-10, 1.29501520618e-10, 1.14712545018e-10, 6.35363914259e-11, 5.81368980734e-11, 4.07680382508e-11, 1.82089100742e-11, 1.63925956143e-11, 2.38732679458e-11, 3.42213132831e-11, 2.11547810519e-11, 2.37032997397e-11, 1.66093180876e-11, 1.18103547775e-11, 4.75834718849e-11, 4.22221667351e-11, 3.99121152794e-11, 1.18147150049e-11, 2.27271361453e-11, 5.49998067922e-11, 1.999146855e-11, 1.37666536157e-11, 2.8697803682e-12]
    },
    "mfcc": {
        "mean": [-663.988647461, 131.136047363, 32.3552055359, 20.7029914856, 6.67465114594, 11.9563484192, -2.53098273277, -6.38843488693, 0.707064807415, -3.50976777077, -1.77067649364, -3.10219573975, 1.93929839134],
        "cov": [[6265.00146484, 746.468078613, 293.813476562, 425.974609375, 158.329498291, 311.883026123, 83.4555435181, -39.9001350403, -207.869125366, -195.449371338, -73.8058853149, 64.1032562256, 17.9975605011], [746.468078613, 1531.48974609, -17.7927913666, -23.6556510925, 101.787696838, 48.6058959961, -31.0166530609, -60.1943664551, -3.91326498985, -50.9153785706, 1.44275128841, 46.73097229, 103.084465027], [293.813476562, -17.7927913666, 340.775787354, 3.03987550735, 79.822807312, 59.897518158, 46.0970458984, 2.0802154541, 17.1288909912, -6.70990133286, 18.0592517853, 2.01909613609, 56.1502799988], [425.974609375, -23.6556510925, 3.03987550735, 199.149017334, 31.8816776276, 36.1286125183, 13.4065208435, 30.3169708252, -17.7318744659, -11.1756601334, -22.7903938293, 1.21978116035, -16.1720180511], [158.329498291, 101.787696838, 79.822807312, 31.8816776276, 148.774917603, 65.5299606323, 24.2785320282, 6.67638969421, 11.0321760178, -11.8959159851, -7.40429639816, -4.10589742661, 31.7820091248], [311.883026123, 48.6058959961, 59.897518158, 36.1286125183, 65.5299606323, 139.897598267, 56.0713195801, 23.2347736359, -13.3749628067, -23.5063514709, -10.2883768082, 2.48999977112, 9.8066778183], [83.4555435181, -31.0166530609, 46.0970458984, 13.4065208435, 24.2785320282, 56.0713195801, 126.646430969, 40.3338050842, 3.309268713, -26.0629119873, -9.43968963623, -16.1827983856, 3.04210114479], [-39.9001350403, -60.1943664551, 2.0802154541, 30.3169708252, 6.67638969421, 23.2347736359, 40.3338050842, 101.675033569, 29.3934936523, 4.78535509109, -18.2122974396, -14.101360321, -18.5280704498], [-207.869125366, -3.91326498985, 17.1288909912, -17.7318744659, 11.0321760178, -13.3749628067, 3.309268713, 29.3934936523, 99.2794036865, 49.2975578308, 12.3423614502, -19.2187652588, 3.41576600075], [-195.449371338, -50.9153785706, -6.70990133286, -11.1756601334, -11.8959159851, -23.5063514709, -26.0629119873, 4.78535509109, 49.2975578308, 101.568206787, 43.1030502319, 7.48979234695, -7.69204711914], [-73.8058853149, 1.44275128841, 18.0592517853, -22.7903938293, -7.40429639816, -10.2883768082, -9.43968963623, -18.2122974396, 12.3423614502, 43.1030502319, 82.2096862793, 32.6143875122, 13.1408700943], [64.1032562256, 46.73097229, 2.01909613609, 1.21978116035, -4.10589742661, 2.48999977112, -16.1827983856, -14.101360321, -19.2187652588, 7.48979234695, 32.6143875122, 69.5983886719, 28.0327301025], [17.9975605011, 103.084465027, 56.1502799988, -16.1720180511, 31.7820091248, 9.8066778183, 3.04210114479, -18.5280704498, 3.41576600075, -7.69204711914, 13.1408700943, 28.0327301025, 82.9065551758]],
