{
"lowlevel": {
    "average_loudness": 0.968715250492,
    "barkbands_crest": {
        "dmean": 2.99029421806,
        "dmean2": 4.52678918839,
        "dvar": 7.59994935989,
        "dvar2": 16.0366096497,
        "max": 26.1773395538,
        "mean": 12.1265707016,
        "median": 11.0131425858,
        "min": 2.14487814903,
        "var": 32.6557655334
    },
    "barkbands_flatness_db": {
        "dmean": 0.0259158555418,
        "dmean2": 0.03772392869,
        "dvar": 0.000671582645737,
        "dvar2": 0.00119386205915,
        "max": 0.35603377223,
        "mean": 0.108848549426,
        "median": 0.0960337147117,
        "min": 0.0140023827553,
        "var": 0.00312838307582
    },
    "barkbands_kurtosis": {
        "dmean": 5.96224546432,
        "dmean2": 8.43021202087,
        "dvar": 190.638885498,
        "dvar2": 377.989257812,
        "max": 276.790557861,
        "mean": 8.44714927673,
        "median": 2.69406557083,
        "min": -1.871712327,
        "var": 353.387329102
    },
    "barkbands_skewness": {
        "dmean": 0.757927119732,
        "dmean2": 1.0535389185,
        "dvar": 0.821828424931,
        "dvar2": 1.34522080421,
        "max": 15.1734771729,
        "mean": 2.29982352257,
        "median": 1.82943725586,
        "min": -1.71410512924,
        "var": 3.16143274307
    },
    "barkbands_spread": {
        "dmean": 12.5416917801,
        "dmean2": 18.4793643951,
        "dvar": 193.921081543,
        "dvar2": 354.444549561,
        "max": 113.065605164,
        "mean": 38.3547821045,
        "median": 30.7973403931,
        "min": 0.981815159321,
        "var": 752.938415527
    },
    "dissonance": {
        "dmean": 0.0128519367427,
        "dmean2": 0.0214772000909,
        "dvar": 0.000141589465784,
        "dvar2": 0.000374761439161,
        "max": 0.5,
        "mean": 0.474552243948,
        "median": 0.478926748037,
        "min": 0.289877682924,
        "var": 0.000360986363376
    },
    "dynamic_complexity": 2.87515616417,
    "erbbands_crest": {
        "dmean": 1.52940380573,
        "dmean2": 2.50597500801,
        "dvar": 2.20111632347,
        "dvar2": 5.67727613449,
        "max": 21.3915061951,
        "mean": 5.06570053101,
        "median": 4.42780971527,
        "min": 1.8970181942,
        "var": 4.86100244522
    },
    "erbbands_flatness_db": {
        "dmean": 0.0148806637153,
        "dmean2": 0.0208114068955,
        "dvar": 0.000363401224604,
        "dvar2": 0.000686467974447,
        "max": 0.381274163723,
        "mean": 0.0779129862785,
        "median": 0.0595765449107,
        "min": 0.0188321750611,
        "var": 0.00217096484266
    },
    "erbbands_kurtosis": {
        "dmean": 0.454357266426,
        "dmean2": 0.729948580265,
        "dvar": 0.277123361826,
        "dvar2": 0.687303006649,
        "max": 7.42475605011,
        "mean": -0.472148805857,
        "median": -0.705758571625,
        "min": -1.68253600597,
        "var": 0.70462334156
    },
    "erbbands_skewness": {
        "dmean": 0.279363960028,
        "dmean2": 0.414329051971,
        "dvar": 0.058317296207,
        "dvar2": 0.127159163356,
        "max": 2.52271056175,
        "mean": 0.0992324203253,
        "median": 0.123924247921,
        "min": -1.33044087887,
        "var": 0.269179940224
    },
    "erbbands_spread": {
        "dmean": 13.8185596466,
        "dmean2": 20.2397956848,
        "dvar": 185.005828857,
        "dvar2": 346.075073242,
        "max": 155.042114258,
        "mean": 67.9219741821,
        "median": 67.7254333496,
        "min": 6.27746391296,
        "var": 749.629150391
    },
    "hfc": {
        "dmean": 37.447429657,
        "dmean2": 55.703086853,
        "dvar": 3042.78466797,
        "dvar2": 6124.12353516,
        "max": 411.206512451,
        "mean": 76.1369934082,
        "median": 43.1420402527,
        "min": 1.13639382807e-16,
        "var": 6077.03222656
    },
    "melbands_crest": {
        "dmean": 3.73532581329,
        "dmean2": 5.98406362534,
        "dvar": 10.9083204269,
        "dvar2": 25.476688385,
        "max": 33.6347465515,
        "mean": 18.5168228149,
        "median": 18.3076972961,
        "min": 2.63664197922,
        "var": 44.1608123779
    },
    "melbands_flatness_db": {
        "dmean": 0.0316041260958,
        "dmean2": 0.0459390841424,
        "dvar": 0.000842087320052,
        "dvar2": 0.00160657917149,
        "max": 0.480622977018,
        "mean": 0.198136091232,
        "median": 0.18163497746,
        "min": 0.00778237683699,
        "var": 0.00506031466648
    },
    "melbands_kurtosis": {
        "dmean": 22.2923641205,
        "dmean2": 32.6184463501,
        "dvar": 1434.3215332,
        "dvar2": 2719.29907227,
        "max": 481.397521973,
        "mean": 40.9523887634,
        "median": 20.8726539612,
        "min": -1.06504070759,
        "var": 3285.08007812
    },
    "melbands_skewness": {
        "dmean": 1.29442155361,
        "dmean2": 1.88068902493,
        "dvar": 1.97732830048,
        "dvar2": 3.57315397263,
        "max": 18.0492591858,
        "mean": 4.81941413879,
        "median": 4.17308425903,
        "min": -0.331708461046,
        "var": 7.96256399155
    },
    "melbands_spread": {
        "dmean": 6.39937973022,
        "dmean2": 9.9655380249,
        "dvar": 46.8293418884,
        "dvar2": 113.507705688,
        "max": 122.15536499,
        "mean": 19.0739021301,
        "median": 16.4112873077,
        "min": 0.657601177692,
        "var": 184.213150024
    },
    "pitch_salience": {
        "dmean": 0.0910159423947,
        "dmean2": 0.141942575574,
        "dvar": 0.00785703305155,
        "dvar2": 0.0156692620367,
        "max": 0.847017049789,
        "mean": 0.508898496628,
        "median": 0.550602018833,
        "min": 0.0510044805706,
        "var": 0.0298355128616
    },
    "silence_rate_20dB": {
        "dmean": 0,
        "dmean2": 0,
        "dvar": 0,
        "dvar2": 0,
        "max": 1,
        "mean": 1,
        "median": 1,
        "min": 1,
        "var": 0
    },
    "silence_rate_30dB": {
        "dmean": 0.101139351726,
        "dmean2": 0.202296435833,
        "dvar": 0.0909172073007,
        "dvar2": 0.182577356696,
        "max": 1,
        "mean": 0.840504765511,
        "median": 1,
        "min": 0,
        "var": 0.134045436978
    },
    "silence_rate_60dB": {
        "dmean": 0.00368098169565,
        "dmean2": 0.00736260833219,
        "dvar": 0.00366729241796,
        "dvar2": 0.00871002487838,
        "max": 1,
        "mean": 0.0557356923819,
        "median": 0,
        "min": 0,
        "var": 0.052635319531
    },
    "spectral_centroid": {
        "dmean": 294.34677124,
        "dmean2": 443.631225586,
        "dvar": 75785.6171875,
        "dvar2": 155354.828125,
        "max": 11208.6054688,
        "mean": 1455.12890625,
        "median": 1413.72973633,
        "min": 282.295501709,
        "var": 376180.59375
    },
    "spectral_complexity": {
        "dmean": 4.6436457634,
        "dmean2": 7.35927772522,
        "dvar": 22.1171646118,
        "dvar2": 49.4918632507,
        "max": 55,
        "mean": 26.4164409637,
        "median": 27,
        "min": 0,
        "var": 125.591522217
    },
    "spectral_decrease": {
        "dmean": 5.26253707278e-09,
        "dmean2": 8.34532354332e-09,
        "dvar": 3.56545118821e-17,
        "dvar2": 8.34469728111e-17,
        "max": -4.68455766787e-29,
        "mean": -1.49237564528e-08,
        "median": -1.27947119566e-08,
        "min": -4.80701309868e-08,
        "var": 1.05967534088e-16
    },
    "spectral_energy": {
        "dmean": 0.0215358249843,
        "dmean2": 0.0340355299413,
        "dvar": 0.000571218726691,
        "dvar2": 0.00135401962325,
        "max": 0.194312542677,
        "mean": 0.0632316619158,
        "median": 0.0565177313983,
        "min": 1.04842412299e-20,
        "var": 0.00167404138483
    },
    "spectral_energyband_high": {
        "dmean": 0.00308699184097,
        "dmean2": 0.00443347170949,
        "dvar": 2.19975518121e-05,
        "dvar2": 4.36527407146e-05,
        "max": 0.0352247543633,
        "mean": 0.0059568984434,
        "median": 0.0029467321001,
        "min": 7.83085342776e-21,
        "var": 4.81937022414e-05
    },
    "spectral_energyband_low": {
        "dmean": 0.0175924412906,
        "dmean2": 0.0272412355989,
        "dvar": 0.000417592615122,
        "dvar2": 0.000927987974137,
        "max": 0.179064020514,
        "mean": 0.0411763116717,
        "median": 0.0323450230062,
        "min": 5.41701380393e-23,
        "var": 0.0015043100575
    },
    "spectral_energyband_middle_high": {
        "dmean": 0.00122066307813,
        "dmean2": 0.00195163977332,
        "dvar": 1.82228700396e-06,
        "dvar2": 4.63876995127e-06,
        "max": 0.0213819984347,
        "mean": 0.00430346606299,
        "median": 0.00417343853042,
        "min": 1.68491450216e-21,
        "var": 5.89536239204e-06
    },
    "spectral_energyband_middle_low": {
        "dmean": 0.00875880941749,
        "dmean2": 0.0149043183774,
        "dvar": 0.00032018093043,
        "dvar2": 0.000824319722597,
        "max": 0.1723382622,
        "mean": 0.01554784365,
        "median": 0.011360947974,
        "min": 2.28196002864e-22,
        "var": 0.000350799818989
    },
    "spectral_entropy": {
        "dmean": 0.15896114707,
        "dmean2": 0.228395313025,
        "dvar": 0.0294514894485,
        "dvar2": 0.0495159849524,
        "max": 9.82466506958,
        "mean": 8.07328224182,
        "median": 8.13310432434,
        "min": 5.80128288269,
        "var": 0.162715762854
    },
    "spectral_flux": {
        "dmean": 0.0469682626426,
        "dmean2": 0.075353898108,
        "dvar": 0.00249216705561,
        "dvar2": 0.00583033449948,
        "max": 0.365767776966,
        "mean": 0.125372931361,
        "median": 0.112158812582,
        "min": 1.02392580525e-10,
        "var": 0.00493927625939
    },
    "spectral_kurtosis": {
        "dmean": 1.01763808727,
        "dmean2": 1.54843902588,
        "dvar": 4.62717008591,
        "dvar2": 11.2286872864,
        "max": 61.0740356445,
        "mean": 2.93513631821,
        "median": 2.41568088531,
        "min": -1.20088243484,
        "var": 7.50214910507
    },
    "spectral_rms": {
        "dmean": 0.00126940931659,
        "dmean2": 0.00198772153817,
        "dvar": 1.62719129548e-06,
        "dvar2": 3.84745999327e-06,
        "max": 0.0137685593218,
        "mean": 0.00731893396005,
        "median": 0.00742558110505,
        "min": 3.19820710713e-12,
        "var": 8.1227199189e-06
    },
    "spectral_rolloff": {
        "dmean": 1495.11706543,
        "dmean2": 2505.77319336,
        "dvar": 5268807,
        "dvar2": 12019137,
        "max": 18217.0898438,
        "mean": 2565.63012695,
        "median": 1012.06054688,
        "min": 64.599609375,
        "var": 10727280
    },
    "spectral_skewness": {
        "dmean": 0.171010315418,
        "dmean2": 0.25454929471,
        "dvar": 0.0448774136603,
        "dvar2": 0.0889710634947,
        "max": 6.10193443298,
        "mean": 1.41089463234,
        "median": 1.33502554893,
        "min": -0.0548662394285,
        "var": 0.170084580779
    },
    "spectral_spread": {
        "dmean": 1133446.875,
        "dmean2": 1480756.375,
        "dvar": 1.63392035226e+12,
        "dvar2": 2.78653724262e+12,
        "max": 40769080,
        "mean": 7691595,
        "median": 7798961.5,
        "min": 1090946.75,
        "var": 5.88432854221e+12
    },
    "spectral_strongpeak": {
        "dmean": 0.27575430274,
        "dmean2": 0.459036320448,
        "dvar": 0.103905521333,
        "dvar2": 0.272176831961,
        "max": 4.75687551498,
        "mean": 0.60356348753,
        "median": 0.515737473965,
        "min": 0,
        "var": 0.167302757502
    },
    "zerocrossingrate": {
        "dmean": 0.0249860491604,
        "dmean2": 0.0287359226495,
        "dvar": 0.000610164890531,
        "dvar2": 0.000690703978762,
        "max": 0.505859375,
        "mean": 0.0999537110329,
        "median": 0.08642578125,
        "min": 0.00244140625,
        "var": 0.00409462442622
    },
    "barkbands": {
        "dmean": [0.000533490325324, 0.0127300610766, 0.00778048997745, 0.00478829676285, 0.00395535258576, 0.00132329028565, 0.000752175808884, 0.000522260786965, 0.00046650346485, 0.000357160140993, 0.000514169514645, 0.0002502159914, 0.000208076875424, 0.000162607597304, 0.000184230346349, 0.000146889564348, 0.000150838153786, 0.00014238258882, 0.000151536849444, 0.000217920765863, 0.000244189432124, 0.000287149392534, 0.000318623497151, 0.00043053686386, 0.000775818421971, 0.000650025729556, 0.000701878976543],
        "dmean2": [0.00068880681647, 0.017632547766, 0.0136273065582, 0.00849972292781, 0.00701715191826, 0.00218062382191, 0.00121871370357, 0.000833001045976, 0.000727290404029, 0.000586367212236, 0.000831058889162, 0.000423697259976, 0.000342534622177, 0.00027601965121, 0.000310745381285, 0.000243700007559, 0.000250442535616, 0.000239002052695, 0.000244511174969, 0.000371457601432, 0.000392335583456, 0.000426492624683, 0.000498374924064, 0.000568591989577, 0.00107788632158, 0.000958055898082, 0.00112281693146],
        "dvar": [6.71598229474e-07, 0.000340434547979, 0.000143397817737, 8.2055288658e-05, 0.000134084941237, 2.9354578146e-06, 9.11908557555e-07, 4.99366137774e-07, 3.6042538909e-07, 1.94644599105e-07, 4.01314821374e-07, 8.89341151833e-08, 6.56546319533e-08, 4.37952820675e-08, 4.82930033741e-08, 3.30417009309e-08, 3.32690213156e-08, 3.06707335085e-08, 3.27421219026e-08, 1.36496353775e-07, 1.18022576601e-07, 1.51518676716e-07, 1.77950667535e-07, 4.41107516735e-07, 2.16215244109e-06, 1.19075048133e-06, 9.92445052361e-07],
        "dvar2": [9.82041683528e-07, 0.000636447337456, 0.000409919302911, 0.000217779830564, 0.000376989657525, 8.57938448462e-06, 2.2946592253e-06, 1.17319530091e-06, 7.9224696492e-07, 4.94840264764e-07, 9.99958501779e-07, 2.43007633571e-07, 1.67395427297e-07, 1.18787248482e-07, 1.2942787464e-07, 8.83508803895e-08, 8.80518413737e-08, 8.23656947091e-08, 8.45731307209e-08, 3.71620757278e-07, 3.0563967357e-07, 3.5255661146e-07, 3.90025832075e-07, 8.15716930447e-07, 4.87804891236e-06, 2.27128953156e-06, 2.21288405555e-06],
        "max": [0.00898045487702, 0.170204028487, 0.087643712759, 0.0747658237815, 0.102300196886, 0.0217609424144, 0.0201795622706, 0.0143221849576, 0.0140228336677, 0.00759973051026, 0.011719555594, 0.00449824891984, 0.00455684633926, 0.00355622218922, 0.00501860771328, 0.00245071947575, 0.00251586781815, 0.00245149619877, 0.00327489804476, 0.00434970576316, 0.0039035724476, 0.00313713005744, 0.00386498030275, 0.00535564264283, 0.0113609852269, 0.00788922701031, 0.00626938231289],
        "mean": [0.000997790484689, 0.0266667604446, 0.00988576933742, 0.00579541409388, 0.00422867573798, 0.00230268971063, 0.00127387302928, 0.000867532740813, 0.000843628018629, 0.000635860254988, 0.000937145028729, 0.000429234758485, 0.000388528598705, 0.000265807728283, 0.000341681123246, 0.000289018120384, 0.000310118659399, 0.000282484834315, 0.000337434117682, 0.000410741980886, 0.000542285910342, 0.00060395145556, 0.000610752613284, 0.000854604586493, 0.00119089335203, 0.00103950034827, 0.000899581064004],
        "median": [0.000281914748484, 0.0117819560692, 0.00478008296341, 0.00233173673041, 0.00219559064135, 0.00169923901558, 0.000859509920701, 0.000553533900529, 0.000562481349334, 0.000471016624942, 0.000671688118018, 0.000325580884237, 0.000292984768748, 0.000198675348656, 0.000274631311186, 0.00022835060372, 0.000246203650022, 0.000225941839744, 0.000254197220784, 0.000266761053354, 0.000330208538799, 0.000326008768752, 0.000314794946462, 0.000327540183207, 0.000353628449375, 0.000418947485741, 0.000330758455675],
        "min": [2.71623150684e-24, 1.74271080659e-23, 1.67779197171e-23, 4.78522898889e-23, 2.95758847061e-23, 4.46051143665e-23, 1.64774457538e-23, 3.01918998761e-23, 4.83649421922e-23, 1.02044288842e-22, 1.11204295548e-22, 8.4818513856e-23, 2.21626848873e-22, 2.0099293603e-22, 9.08282140041e-23, 1.40568197552e-22, 1.18324465727e-22, 1.84221778429e-22, 2.79274178497e-22, 4.13140087581e-22, 4.49910875992e-22, 4.76471633344e-22, 5.30171326294e-22, 7.24074296052e-22, 1.38565818664e-21, 1.77591295235e-21, 2.37212357369e-21],
        "var": [2.4892754027e-06, 0.00123855075799, 0.00016256638628, 0.000101443947642, 8.9495901193e-05, 4.96626626045e-06, 1.87061925772e-06, 1.02577280359e-06, 8.72909595273e-07, 3.59460813115e-07, 8.77740717442e-07, 1.5260992825e-07, 1.30145338062e-07, 6.74959395042e-08, 8.4672343803e-08, 6.3505794401e-08, 6.96214641493e-08, 5.93397899706e-08, 8.87478677214e-08, 1.74428123501e-07, 3.08620570877e-07, 4.32445290244e-07, 4.43914558446e-07, 1.18104378544e-06, 3.46807451024e-06, 2.05481842386e-06, 1.38847917697e-06]
    },
    "erbbands": {
        "dmean": [0.430336296558, 3.07407712936, 7.92053174973, 13.0948095322, 14.9012498856, 12.9855995178, 8.26365756989, 11.7357130051, 10.5941095352, 10.4274244308, 11.047586441, 11.0857009888, 9.92876720428, 17.0419692993, 17.1977005005, 10.4100532532, 9.48591518402, 8.80485153198, 8.60582256317, 6.97229957581, 7.52331924438, 7.57907629013, 7.47689342499, 8.60691165924, 8.46214580536, 10.5585832596, 8.91513061523, 11.0682516098, 11.0873661041, 7.94187879562, 9.86698055267, 10.6482906342, 6.91850328445, 8.74508857727, 5.58325529099, 2.65219640732, 1.20168864727, 0.489359289408, 0.0991301760077, 0.0100376252085],
        "dmean2": [0.527622759342, 4.33273839951, 12.9279050827, 23.2828025818, 26.929599762, 22.1796283722, 13.8647527695, 19.120092392, 17.2717609406, 16.344493866, 17.8959503174, 17.2197933197, 16.0222053528, 28.0129451752, 27.7260742188, 17.5131797791, 15.5996351242, 14.8637866974, 14.5466270447, 11.6680192947, 12.5838212967, 12.6004266739, 12.5244913101, 14.0775718689, 13.3246946335, 18.2212963104, 14.7002830505, 17.6334285736, 16.7790145874, 12.9444875717, 15.3419942856, 13.6341676712, 9.47522830963, 13.7119474411, 7.51704740524, 3.96591567993, 1.80882656574, 0.752059161663, 0.156828701496, 0.0164753235877],
        "dvar": [0.332286328077, 25.7976665497, 153.488052368, 460.823699951, 1630.30566406, 1349.82641602, 130.783660889, 266.467376709, 180.423812866, 185.735534668, 210.943862915, 236.491409302, 148.758026123, 496.485290527, 521.43359375, 159.507049561, 128.703964233, 119.345878601, 115.566917419, 62.7390174866, 86.5427246094, 84.1277694702, 89.803314209, 124.399093628, 105.615028381, 380.977294922, 139.976242065, 300.612060547, 230.509536743, 123.848052979, 163.853622437, 253.642578125, 134.718063354, 343.145843506, 95.622505188, 23.2144756317, 3.33200526237, 0.524570643902, 0.0203806664795, 0.000218890985707],
        "dvar2": [0.540459096432, 47.6152992249, 377.930847168, 1320.91320801, 4619.30664062, 3616.65917969, 369.482818604, 750.840393066, 462.304046631, 419.769836426, 529.002746582, 509.960601807, 362.542663574, 1300.45959473, 1265.19482422, 435.756774902, 326.629760742, 327.0128479, 312.178588867, 166.724411011, 234.30065918, 221.426147461, 245.522094727, 329.417419434, 270.543273926, 1044.91772461, 366.591430664, 799.958435059, 560.452392578, 319.520874023, 354.879974365, 421.307250977, 284.984222412, 863.67199707, 175.449020386, 50.413318634, 6.04487276077, 0.97107309103, 0.0454568639398, 0.000507135817315],
        "max": [5.70310640335, 44.7877502441, 110.411186218, 165.041168213, 365.734588623, 334.02923584, 188.709350586, 251.629577637, 295.473571777, 320.801025391, 205.513961792, 403.716247559, 212.819656372, 460.325958252, 581.169799805, 223.187530518, 182.75958252, 193.662216187, 299.920684814, 141.971038818, 95.5369262695, 138.324523926, 158.025634766, 202.024108887, 144.295501709, 234.550964355, 139.101867676, 191.309005737, 129.082778931, 98.4060668945, 118.679878235, 138.104507446, 89.8480834961, 140.335388184, 75.4015808105, 37.1064109802, 13.2240638733, 5.13355875015, 1.12253534794, 0.106953747571],
        "mean": [0.896440148354, 5.43159341812, 11.2827100754, 17.5276889801, 15.5895967484, 14.1350927353, 13.8080129623, 20.0592784882, 18.619184494, 18.987493515, 18.5224189758, 20.6113567352, 18.2897720337, 29.3360004425, 30.9532413483, 19.2017745972, 18.7738838196, 16.1917572021, 16.5435218811, 16.0107460022, 16.0338401794, 16.4967060089, 15.5893507004, 17.61186409, 18.1410331726, 18.7955627441, 19.7429904938, 23.4714126587, 22.6593532562, 15.9551963806, 18.7037467957, 20.4806289673, 12.6321144104, 12.94053936, 8.38823318481, 4.08623361588, 1.91627013683, 0.720399737358, 0.138426542282, 0.0110698202625],
        "median": [0.337086498737, 2.59510612488, 5.7044172287, 8.53298854828, 7.74369621277, 6.67632007599, 10.1375255585, 13.8672637939, 12.8837509155, 13.2616176605, 12.5312633514, 13.2695121765, 13.5337276459, 20.9624347687, 21.7912521362, 14.8207616806, 14.8852367401, 12.8168230057, 13.5765352249, 14.1352787018, 13.6795597076, 13.2110071182, 12.4587154388, 13.8151807785, 12.9174041748, 12.0337457657, 12.9594306946, 13.727517128, 12.1920881271, 9.07280635834, 9.55620670319, 7.5876531601, 4.90606403351, 3.89767098427, 2.41445326805, 1.63114321232, 0.744653046131, 0.279065787792, 0.0567008890212, 0.00311744050123],
        "min": [6.8280563733e-22, 3.12536966834e-21, 1.57132295448e-20, 8.96556250528e-20, 1.35167593494e-19, 5.54292823743e-20, 2.2150924867e-19, 4.93967032808e-19, 3.19353496497e-19, 4.69849186182e-19, 5.15908618941e-19, 1.03531455751e-18, 2.226983208e-18, 5.35798797156e-18, 4.19849788767e-18, 2.07964062741e-18, 7.73788668273e-18, 1.31878976702e-17, 5.41086921453e-18, 6.69628596615e-18, 7.36258573982e-18, 7.04434123403e-18, 9.77720783875e-18, 1.15430548125e-17, 1.40663767157e-17, 2.07308716493e-17, 2.07757974828e-17, 1.66567837937e-17, 1.80807834901e-17, 1.54091737456e-17, 1.39255277097e-17, 1.3323107786e-17, 1.38218480645e-17, 1.57545299232e-17, 9.85078720859e-18, 5.6363590631e-18, 3.19658839881e-18, 1.51892808079e-18, 3.48573263895e-19, 3.23101044725e-20],
        "var": [1.4934579134, 64.1379241943, 208.649353027, 650.831420898, 1138.68395996, 1009.97583008, 185.314590454, 475.015258789, 361.501037598, 404.061004639, 372.508636475, 603.391052246, 292.080200195, 886.927978516, 1085.42834473, 282.905975342, 265.842681885, 195.16468811, 190.93661499, 139.44593811, 160.510757446, 185.629196167, 180.596435547, 253.301895142, 286.263793945, 413.551544189, 360.129486084, 622.80065918, 622.534973145, 304.218536377, 417.320800781, 731.790039062, 275.690887451, 429.5262146, 180.088500977, 34.3998184204, 6.42747116089, 0.930192351341, 0.0309828780591, 0.00025452976115]
    },
    "gfcc": {
        "mean": [61.2615890503, 42.6609230042, -69.6861724854, 20.6025810242, -46.0180244446, 14.3344812393, -26.6590843201, 6.23673772812, -21.4315052032, 2.3055665493, -15.1251659393, 2.79666113853, -11.2644758224],
        "cov": [[19412.9160156, -2351.35839844, 2366.25268555, 932.941345215, 320.840454102, 368.098510742, 41.6936836243, 169.129333496, -116.643600464, 102.515327454, -242.054580688, -38.994304657, -279.477081299], [-2351.35839844, 1641.22680664, -768.232177734, -124.105300903, -98.7535629272, -48.2436790466, -31.5600738525, -40.0875244141, -10.0593328476, -50.2412796021, 35.8420066833, -13.6237945557, 17.436794281], [2366.25268555, -768.232177734, 1356.81970215, 263.452545166, 504.993347168, 255.026290894, 293.658691406, 160.015518188, 184.139007568, 110.898429871, 71.8176498413, 63.9912757874, 26.0442943573], [932.941345215, -124.105300903, 263.452545166, 277.538787842, 114.069488525, 100.306243896, 64.1486434937, 47.5172767639, 31.1429538727, 24.9361953735, 6.99392127991, -3.12012910843, -10.2327003479], [320.840454102, -98.7535629272, 504.993347168, 114.069488525, 346.503967285, 124.445167542, 208.609436035, 86.1689224243, 134.569274902, 62.7157974243, 76.5916366577, 44.3691101074, 39.4631767273], [368.098510742, -48.2436790466, 255.026290894, 100.306243896, 124.445167542, 174.469604492, 102.798881531, 92.5214080811, 60.2114601135, 42.4880409241, 33.4968185425, 26.7346439362, 16.0681858063], [41.6936836243, -31.5600738525, 293.658691406, 64.1486434937, 208.609436035, 102.798881531, 190.520141602, 90.5229721069, 112.282661438, 48.9051971436, 66.828704834, 36.9132575989, 40.8802719116], [169.129333496, -40.0875244141, 160.015518188, 47.5172767639, 86.1689224243, 92.5214080811, 90.5229721069, 104.03314209, 72.0298614502, 47.5091438293, 36.6633644104, 28.4637241364, 19.9891986847], [-116.643600464, -10.0593328476, 184.139007568, 31.1429538727, 134.569274902, 60.2114601135, 112.282661438, 72.0298614502, 119.766563416, 60.9485473633, 63.455657959, 35.7614250183, 36.121711731], [102.515327454, -50.2412796021, 110.898429871, 24.9361953735, 62.7157974243, 42.4880409241, 48.9051971436, 47.5091438293, 60.9485473633, 67.8730926514, 47.6083717346, 31.6192016602, 15.7979297638], [-242.054580688, 35.8420066833, 71.8176498413, 6.99392127991, 76.5916366577, 33.4968185425, 66.828704834, 36.6633644104, 63.455657959, 47.6083717346, 76.9697418213, 43.5756187439, 34.5835914612], [-38.994304657, -13.6237945557, 63.9912757874, -3.12012910843, 44.3691101074, 26.7346439362, 36.9132575989, 28.4637241364, 35.7614250183, 31.6192016602, 43.5756187439, 57.0655174255, 36.3593597412], [-279.477081299, 17.436794281, 26.0442943573, -10.2327003479, 39.4631767273, 16.0681858063, 40.8802719116, 19.9891986847, 36.121711731, 15.7979297638, 34.5835914612, 36.3593597412, 55.5764312744]],
        "icov": [[9.57890006248e-05, 1.90796254174e-05, -0.00019563868409, -0.00020547004533, 0.000158792696311, 9.56421572482e-05, -5.38898384548e-05, -9.17071301956e-05, 0.000257333944319, -0.000243150803726, 0.000347651919583, -0.000335025310051, 0.000366486550774], [1.90796254174e-05, 0.00110797677189, 0.00105398416054, 4.3567521061e-05, -0.000984408077784, -0.000765343545936, 0.000219821376959, 0.000142991455505, -0.000676383788232, 0.00126613501925, -0.000905228604097, 5.43953501619e-05, 0.000576994731091], [-0.00019563868409, 0.00105398416054, 0.00350460014306, 6.26929977443e-05, -0.00410035345703, -0.00170979753602, 0.000347891211277, 0.000364614301361, -0.0012119053863, 0.000365639076335, 0.000856867234688, -0.00080010300735, 0.000747539394069], [-0.00020547004533, 4.3567521061e-05, 6.26929977443e-05, 0.00565707776695, -0.00150709669106, -0.00256506656297, 0.000736248795874, 7.19908348401e-05, 0.00035422568908, -0.000398119154852, -0.000778229907155, 0.0026726021897, -0.000171685343958], [0.000158792696311, -0.000984408077784, -0.00410035345703, -0.00150709669106, 0.0157112833112, -0.000153666289407, -0.01091271732, 0.00610134890303, -0.00372094544582, -0.000452040403616, -0.000352947798092, -0.0017822276568, 0.00140480115078], [9.56421572482e-05, -0.000765343545936, -0.00170979753602, -0.00256506656297, -0.000153666289407, 0.0150606716052, -0.00212506158277, -0.0109089836478, 0.00567090604454, -0.00189293420408, 0.000367879256373, -0.000952131929807, -0.000462116469862], [-5.38898384548e-05, 0.000219821376959, 0.000347891211277, 0.000736248795874, -0.01091271732, -0.00212506158277, 0.0274259578437, -0.0104355588555, -0.00750145083293, 0.00961094722152, -0.00847603566945, 0.00531581509858, -0.00448431493714], [-9.17071301956e-05, 0.000142991455505, 0.000364614301361, 7.19908348401e-05, 0.00610134890303, -0.0109089836478, -0.0104355588555, 0.0324263125658, -0.0107009522617, -0.00787347648293, 0.0073464163579, -0.0055941301398, 0.00245272135362], [0.000257333944319, -0.000676383788232, -0.0012119053863, 0.00035422568908, -0.00372094544582, 0.00567090604454, -0.00750145083293, -0.0107009522617, 0.0369524694979, -0.0173721965402, -0.00519768707454, 0.00751425419003, -0.00825198180974], [-0.000243150803726, 0.00126613501925, 0.000365639076335, -0.000398119154852, -0.000452040403616, -0.00189293420408, 0.00961094722152, -0.00787347648293, -0.0173721965402, 0.0462179593742, -0.0194322168827, -0.0075854184106, 0.00997391343117], [0.000347651919583, -0.000905228604097, 0.000856867234688, -0.000778229907155, -0.000352947798092, 0.000367879256373, -0.00847603566945, 0.0073464163579, -0.00519768707454, -0.0194322168827, 0.0455400273204, -0.0184450037777, -0.00214506243356], [-0.000335025310051, 5.43953501619e-05, -0.00080010300735, 0.0026726021897, -0.0017822276568, -0.000952131929807, 0.00531581509858, -0.0055941301398, 0.00751425419003, -0.0075854184106, -0.0184450037777, 0.048524685204, -0.024187926203], [0.000366486550774, 0.000576994731091, 0.000747539394069, -0.000171685343958, 0.00140480115078, -0.000462116469862, -0.00448431493714, 0.00245272135362, -0.00825198180974, 0.00997391343117, -0.00214506243356, -0.024187926203, 0.0405129864812]]
    },
    "melbands": {
        "dmean": [0.0034271068871, 0.00377730443142, 0.00214341632091, 0.0010730085196, 0.000293139863061, 0.000254371901974, 0.000162298296345, 0.000112753245048, 9.36742071644e-05, 7.06618375261e-05, 4.93888073834e-05, 6.6813241574e-05, 5.67112292629e-05, 2.93658758892e-05, 2.77313374681e-05, 2.29871220654e-05, 1.79315411515e-05, 1.34692272695e-05, 1.40989768624e-05, 1.19679443742e-05, 9.1158772193e-06, 9.13370240596e-06, 7.31769205231e-06, 6.86227713231e-06, 7.74587260821e-06, 6.36523554931e-06, 7.00116697772e-06, 7.88142369856e-06, 5.5150821936e-06, 6.24790982329e-06, 7.67450001149e-06, 7.96824133431e-06, 4.25088910561e-06, 4.67579502583e-06, 5.88874627283e-06, 6.25997199677e-06, 7.14292991688e-06, 4.4485145736e-06, 7.53822041588e-06, 7.18965884516e-06],
        "dmean2": [0.00468765106052, 0.00581968855113, 0.00376634462737, 0.00188789400272, 0.00048899371177, 0.000415812421124, 0.000263025081949, 0.000177072593942, 0.000152294334839, 0.000109364569653, 8.00489724497e-05, 0.000109996406536, 9.19725353015e-05, 4.83494804939e-05, 4.67805184599e-05, 3.77319011022e-05, 3.05092617054e-05, 2.28224580496e-05, 2.39513919951e-05, 1.98467550945e-05, 1.54079807544e-05, 1.51965878104e-05, 1.23153777167e-05, 1.16088931463e-05, 1.27482780954e-05, 1.03373049569e-05, 1.14132744784e-05, 1.37620681926e-05, 9.23891548155e-06, 1.0556072084e-05, 1.23527115647e-05, 1.19978039947e-05, 6.61721060169e-06, 7.80203026807e-06, 9.48803062784e-06, 8.73643784871e-06, 9.15782129596e-06, 6.2169578996e-06, 1.22084984469e-05, 1.12241596071e-05],
        "dvar": [2.30625773838e-05, 3.19746977766e-05, 1.23242280097e-05, 1.03374504761e-05, 2.13392425508e-07, 1.15921849897e-07, 4.20490593456e-08, 2.32454464566e-08, 1.53850567841e-08, 1.02304991145e-08, 3.71024255763e-09, 7.62130092369e-09, 4.98955277095e-09, 1.2146763595e-09, 1.36659306094e-09, 1.03016395414e-09, 5.8163901473e-10, 2.85403839451e-10, 3.16777631904e-10, 2.35055946929e-10, 1.48645901143e-10, 1.2462739174e-10, 7.70635569247e-11, 7.69261668254e-11, 1.02721546547e-10, 6.73938821416e-11, 9.1543404801e-11, 2.12586878656e-10, 4.79155048971e-11, 9.14449696521e-11, 1.29242005986e-10, 1.23767787685e-10, 3.82465691062e-11, 4.18676551761e-11, 5.63833563172e-11, 9.37279420743e-11, 1.08846945346e-10, 4.60351270992e-11, 2.25361646011e-10, 2.31330135603e-10],
        "dvar2": [4.11999317294e-05, 6.46422049613e-05, 3.3380867535e-05, 2.87875100184e-05, 5.94009009092e-07, 3.31005566068e-07, 1.06991826954e-07, 5.21814200738e-08, 3.83428933048e-08, 2.18315481249e-08, 9.09970676588e-09, 2.00503809111e-08, 1.23556516129e-08, 3.14087200692e-09, 3.71546615696e-09, 2.56021026601e-09, 1.58893886937e-09, 7.74958985872e-10, 8.40170155669e-10, 6.34542973721e-10, 4.05456973551e-10, 3.25950016977e-10, 2.13582762587e-10, 2.0771091791e-10, 2.7495042354e-10, 1.83381823615e-10, 2.38527364527e-10, 5.85575421486e-10, 1.25741084211e-10, 2.49587905898e-10, 3.27542298839e-10, 2.82202039514e-10, 9.28563961833e-11, 1.12614070846e-10, 1.3245021746e-10, 1.96893112925e-10, 1.7568198285e-10, 8.79187972425e-11, 5.5862897641e-10, 5.91154236673e-10],
        "max": [0.0423746928573, 0.0496013909578, 0.0281227137893, 0.0283914506435, 0.00646318215877, 0.00501207308844, 0.00460560759529, 0.00374198076315, 0.00191503437236, 0.00272959028371, 0.00104949367233, 0.00170038070064, 0.00152775214519, 0.000807987526059, 0.000616406905465, 0.000607824884355, 0.000439889641711, 0.000451517786132, 0.000416286784457, 0.000229490819038, 0.00014681268658, 0.000182364121429, 0.000126200699015, 0.000130745393108, 0.000180678747711, 9.0725166956e-05, 0.000141872034874, 0.000171566396602, 8.39856802486e-05, 0.000107550513349, 0.000104408623884, 0.000105040897324, 6.46074258839e-05, 5.35507897439e-05, 8.86796406121e-05, 0.000105485836684, 9.51164838625e-05, 7.58062960813e-05, 0.000114391303214, 0.000119773634651],
        "mean": [0.00761142373085, 0.00645222514868, 0.0029740347527, 0.00108768953942, 0.000496930035297, 0.000443541997811, 0.000284658162855, 0.000202193186851, 0.00014990978525, 0.000128703119117, 8.68439965416e-05, 0.000111919958727, 0.000105180210085, 5.58807259949e-05, 4.63366086478e-05, 4.10702959925e-05, 2.86346912617e-05, 2.41464331339e-05, 2.53260841419e-05, 2.28476110351e-05, 1.73417865881e-05, 1.81867671927e-05, 1.43485567605e-05, 1.2975872778e-05, 1.44261248352e-05, 1.21176863104e-05, 1.36014677992e-05, 1.22950841615e-05, 1.18401912914e-05, 1.2267866623e-05, 1.46457350638e-05, 1.51169888341e-05, 8.42690042191e-06, 8.75962268765e-06, 1.08380681922e-05, 1.09425200208e-05, 1.32431323436e-05, 8.24864218885e-06, 1.02385029095e-05, 1.06294837678e-05],
        "median": [0.00309375114739, 0.00392668414861, 0.00160985358525, 0.00053788209334, 0.000357951154001, 0.000321353465552, 0.000194711887161, 0.000136751186801, 9.81286793831e-05, 7.98612381914e-05, 6.25194079475e-05, 7.90707053966e-05, 7.67764286138e-05, 4.28664607171e-05, 3.33045536536e-05, 2.81864049612e-05, 2.06553013413e-05, 1.93092637346e-05, 1.99527676159e-05, 1.75885561475e-05, 1.42829658216e-05, 1.42568833326e-05, 1.11177077997e-05, 1.00748557088e-05, 1.06600255094e-05, 8.38747473608e-06, 8.85569079401e-06, 7.4904264693e-06, 7.95061259851e-06, 7.17970215192e-06, 8.10029541753e-06, 7.34246941647e-06, 4.90309093948e-06, 4.96968914376e-06, 5.77653099754e-06, 4.26944961873e-06, 4.60577075501e-06, 3.15188458444e-06, 3.62959076483e-06, 3.04522086481e-06],
        "min": [5.01756635374e-24, 6.86537914977e-24, 1.88611783055e-23, 5.48708926478e-24, 6.70536344831e-24, 1.01304720699e-23, 4.37401126068e-24, 5.6723938747e-24, 3.72542126289e-24, 7.26113331098e-24, 1.17378305957e-23, 2.16803037012e-23, 1.49457539772e-23, 1.03707701457e-23, 3.20958748354e-24, 2.72177049368e-23, 2.48577060543e-23, 9.04922065902e-24, 7.03862483747e-24, 9.25856383288e-24, 9.08525188086e-24, 6.93912896694e-24, 8.90436923074e-24, 8.13647624838e-24, 9.14312587231e-24, 1.24613201754e-23, 8.6701398619e-24, 1.45174735031e-23, 1.54796802814e-23, 8.98359532031e-24, 9.56920384672e-24, 9.53885400111e-24, 9.9757882793e-24, 8.88518886669e-24, 7.73931870362e-24, 8.77757482858e-24, 8.01105367534e-24, 9.2648226553e-24, 1.11276506298e-23, 1.42385417533e-23],
        "var": [9.83684658422e-05, 6.28509587841e-05, 1.69384293258e-05, 7.07540903022e-06, 2.58735639136e-07, 2.03696700396e-07, 8.67336495958e-08, 5.01426846711e-08, 2.66117403669e-08, 2.61618691155e-08, 7.03772817801e-09, 1.33070745534e-08, 1.07427631235e-08, 2.52211207474e-09, 2.18146878339e-09, 1.93478055799e-09, 8.63523974548e-10, 4.43176301212e-10, 5.20674725557e-10, 4.39494995952e-10, 2.21618293161e-10, 2.48185222373e-10, 1.59499427554e-10, 1.3261583498e-10, 1.92544674649e-10, 1.39710229496e-10, 1.8243213884e-10, 2.06733088981e-10, 1.23525009665e-10, 1.886797385e-10, 2.61216909214e-10, 3.23746945918e-10, 9.29736079791e-11, 9.32809524068e-11, 1.34902866655e-10, 1.95063437625e-10, 3.30557525796e-10, 1.15967756231e-10, 2.66079352995e-10, 2.8422439402e-10]
    },
    "mfcc": {
        "mean": [-597.088928223, 92.5924987793, 28.0071754456, 17.8796615601, 7.56097602844, 9.93518257141, 6.10129404068, 5.64524030685, 3.02316427231, 0.441063702106, -1.38531374931, 1.156016469, 0.774816572666],
        "cov": [[10348.0722656, -437.036712646, 722.692016602, 490.378173828, 237.542022705, 177.99269104, 99.4174041748, 25.8684806824, 61.5479125977, 8.92818546295, -14.2717847824, 24.4759731293, -20.3151283264], [-437.036712646, 1108.95324707, -250.787338257, -80.6285018921, -58.7368583679, -9.83615779877, -14.6142282486, 19.4364929199, -24.3232860565, -1.25000429153, -2.81668138504, -3.95206546783, 14.8319168091], [722.692016602, -250.787338257, 483.473846436, 149.941299438, 207.662994385, 140.525817871, 133.62159729, 101.139625549, 118.370674133, 75.8358154297, 75.196762085, 70.4690628052, 53.6862449646], [490.378173828, -80.6285018921, 149.941299438, 189.46144104, 106.440063477, 79.5801849365, 61.5326423645, 43.0150947571, 45.1889724731, 43.4994316101, 29.5382347107, 35.9052047729, 22.5893096924], [237.542022705, -58.7368583679, 207.662994385, 106.440063477, 162.088699341, 103.655288696, 90.297668457, 72.2236175537, 75.5803909302, 55.2536468506, 54.3510894775, 48.9081726074, 40.7073478699], [177.99269104, -9.83615779877, 140.525817871, 79.5801849365, 103.655288696, 107.858283997, 81.7634506226, 62.8689575195, 58.1507377625, 46.0027351379, 39.755405426, 38.6849517822, 31.5745754242], [99.4174041748, -14.6142282486, 133.62159729, 61.5326423645, 90.297668457, 81.7634506226, 111.029052734, 79.5218048096, 66.0522460938, 50.1518630981, 42.490776062, 38.8146896362, 33.6169166565], [25.8684806824, 19.4364929199, 101.139625549, 43.0150947571, 72.2236175537, 62.8689575195, 79.5218048096, 91.9337005615, 70.9019088745, 47.4106636047, 41.4001846313, 34.8159103394, 31.5225410461], [61.5479125977, -24.3232860565, 118.370674133, 45.1889724731, 75.5803909302, 58.1507377625, 66.0522460938, 70.9019088745, 88.8453979492, 57.0546951294, 45.0041809082, 35.9515914917, 28.8911895752], [8.92818546295, -1.25000429153, 75.8358154297, 43.4994316101, 55.2536468506, 46.0027351379, 50.1518630981, 47.4106636047, 57.0546951294, 70.4802093506, 49.0362014771, 34.5840644836, 27.6367301941], [-14.2717847824, -2.81668138504, 75.196762085, 29.5382347107, 54.3510894775, 39.755405426, 42.490776062, 41.4001846313, 45.0041809082, 49.0362014771, 66.0970230103, 44.398349762, 30.5350818634], [24.4759731293, -3.95206546783, 70.4690628052, 35.9052047729, 48.9081726074, 38.6849517822, 38.8146896362, 34.8159103394, 35.9515914917, 34.5840644836, 44.398349762, 58.3688468933, 37.110004425], [-20.3151283264, 14.8319168091, 53.6862449646, 22.5893096924, 40.7073478699, 31.5745754242, 33.6169166565, 31.5225410461, 28.8911895752, 27.6367301941, 30.5350818634, 37.110004425, 50.6725959778]],
