{
"lowlevel": {
    "average_loudness": 0.801779985428,
    "barkbands_crest": {
        "dmean": 1.91712224483,
        "dmean2": 3.18818593025,
        "dvar": 3.86204075813,
        "dvar2": 11.8311338425,
        "max": 26.8808345795,
        "mean": 14.0454206467,
        "median": 13.1916418076,
        "min": 2.63099980354,
        "var": 27.0221214294
    },
    "barkbands_flatness_db": {
        "dmean": 0.0144960815087,
        "dmean2": 0.0227619111538,
        "dvar": 0.000273396959528,
        "dvar2": 0.000670770590659,
        "max": 0.505760788918,
        "mean": 0.121607705951,
        "median": 0.106003895402,
        "min": 0.017110824585,
        "var": 0.00404091272503
    },
    "barkbands_kurtosis": {
        "dmean": 4.25203180313,
        "dmean2": 6.49528026581,
        "dvar": 860.548828125,
        "dvar2": 1562.14709473,
        "max": 1743.21923828,
        "mean": 7.87652540207,
        "median": 0.357947587967,
        "min": -1.92944538593,
        "var": 2673.69628906
    },
    "barkbands_skewness": {
        "dmean": 0.464984804392,
        "dmean2": 0.735967516899,
        "dvar": 0.973794221878,
        "dvar2": 1.9843403101,
        "max": 38.2986602783,
        "mean": 1.55696737766,
        "median": 0.955594062805,
        "min": -3.46923017502,
        "var": 5.57389831543
    },
    "barkbands_spread": {
        "dmean": 6.48600292206,
        "dmean2": 10.1350975037,
        "dvar": 71.9485092163,
        "dvar2": 171.565231323,
        "max": 135.899429321,
        "mean": 35.2474594116,
        "median": 35.2888793945,
        "min": 0.172620147467,
        "var": 235.208435059
    },
    "dissonance": {
        "dmean": 0.0180233288556,
        "dmean2": 0.0307386796921,
        "dvar": 0.000288703944534,
        "dvar2": 0.000799630302936,
        "max": 0.500000119209,
        "mean": 0.466735869646,
        "median": 0.472147285938,
        "min": 0.330314993858,
        "var": 0.00055233418243
    },
    "dynamic_complexity": 4.24679851532,
    "erbbands_crest": {
        "dmean": 2.9663836956,
        "dmean2": 4.7789106369,
        "dvar": 7.41166591644,
        "dvar2": 18.5752925873,
        "max": 31.806224823,
        "mean": 10.714676857,
        "median": 9.27612876892,
        "min": 2.55205917358,
        "var": 28.3901290894
    },
    "erbbands_flatness_db": {
        "dmean": 0.0153014948592,
        "dmean2": 0.0232673101127,
        "dvar": 0.000208783938433,
        "dvar2": 0.000465143064503,
        "max": 0.401597589254,
        "mean": 0.145098164678,
        "median": 0.137494623661,
        "min": 0.0318331047893,
        "var": 0.00204312242568
    },
    "erbbands_kurtosis": {
        "dmean": 1.15418028831,
        "dmean2": 1.84233117104,
        "dvar": 2.33001732826,
        "dvar2": 5.75523328781,
        "max": 41.6125793457,
        "mean": 1.09952998161,
        "median": 0.374624729156,
        "min": -1.70821845531,
        "var": 5.79697942734
    },
    "erbbands_skewness": {
        "dmean": 0.35386428237,
        "dmean2": 0.551178097725,
        "dvar": 0.111631624401,
        "dvar2": 0.276338517666,
        "max": 5.57777404785,
        "mean": 0.72712790966,
        "median": 0.798384904861,
        "min": -4.48437213898,
        "var": 0.814114928246
    },
    "erbbands_spread": {
        "dmean": 6.12461328506,
        "dmean2": 9.64263439178,
        "dvar": 30.0455112457,
        "dvar2": 70.6448287964,
        "max": 123.789230347,
        "mean": 31.5600624084,
        "median": 30.5827713013,
        "min": 2.2401766777,
        "var": 156.185470581
    },
    "hfc": {
        "dmean": 8.44543552399,
        "dmean2": 13.1627073288,
        "dvar": 120.662536621,
        "dvar2": 279.488708496,
        "max": 230.692337036,
        "mean": 37.4656562805,
        "median": 36.3565063477,
        "min": 1.19257686171e-16,
        "var": 618.758972168
    },
    "melbands_crest": {
        "dmean": 2.72343397141,
        "dmean2": 4.47716188431,
        "dvar": 6.77842950821,
        "dvar2": 18.9524898529,
        "max": 39.6503105164,
        "mean": 15.1202230453,
        "median": 12.8918275833,
        "min": 2.31930685043,
        "var": 62.0685005188
    },
    "melbands_flatness_db": {
        "dmean": 0.0165761522949,
        "dmean2": 0.0257221348584,
        "dvar": 0.000316354969982,
        "dvar2": 0.000758274050895,
        "max": 0.499674201012,
        "mean": 0.135129660368,
        "median": 0.123698189855,
        "min": 0.00554576842114,
        "var": 0.002514480846
    },
    "melbands_kurtosis": {
        "dmean": 4.33256673813,
        "dmean2": 6.89186620712,
        "dvar": 879.377075195,
        "dvar2": 1721.31201172,
        "max": 2378.7175293,
        "mean": 8.84746646881,
        "median": 2.32935523987,
        "min": -1.78895449638,
        "var": 2762.77001953
    },
    "melbands_skewness": {
        "dmean": 0.453998297453,
        "dmean2": 0.723213911057,
        "dvar": 0.81921172142,
        "dvar2": 1.79143977165,
        "max": 43.5894737244,
        "mean": 1.53425872326,
        "median": 1.05329120159,
        "min": -2.12671494484,
        "var": 4.83237075806
    },
    "melbands_spread": {
        "dmean": 8.88817977905,
        "dmean2": 13.8936157227,
        "dvar": 161.974472046,
        "dvar2": 404.929016113,
        "max": 245.282287598,
        "mean": 38.9932060242,
        "median": 37.8349189758,
        "min": 0.23419649899,
        "var": 341.218475342
    },
    "pitch_salience": {
        "dmean": 0.0475915633142,
        "dmean2": 0.077882014215,
        "dvar": 0.001889168052,
        "dvar2": 0.00530284456909,
        "max": 0.937741100788,
        "mean": 0.406144440174,
        "median": 0.431368261576,
        "min": 0.0145107386634,
        "var": 0.0170429926366
    },
    "silence_rate_20dB": {
        "dmean": 0,
        "dmean2": 0,
        "dvar": 0,
        "dvar2": 0,
        "max": 1,
        "mean": 1,
        "median": 1,
        "min": 1,
        "var": 0
    },
    "silence_rate_30dB": {
        "dmean": 0.00231147068553,
        "dmean2": 0.0046232752502,
        "dvar": 0.0023063197732,
        "dvar2": 0.00575847458094,
        "max": 1,
        "mean": 0.998049855232,
        "median": 1,
        "min": 0,
        "var": 0.00194636767264
    },
    "silence_rate_60dB": {
        "dmean": 0.00158913608175,
        "dmean2": 0.00317850173451,
        "dvar": 0.00158639904112,
        "dvar2": 0.00389113393612,
        "max": 1,
        "mean": 0.0590104721487,
        "median": 0,
        "min": 0,
        "var": 0.0555274188519
    },
    "spectral_centroid": {
        "dmean": 249.791015625,
        "dmean2": 384.828765869,
        "dvar": 62964.5429688,
        "dvar2": 141266.578125,
        "max": 11069.5185547,
        "mean": 2044.76013184,
        "median": 1897.89135742,
        "min": 308.998687744,
        "var": 432152.21875
    },
    "spectral_complexity": {
        "dmean": 2.88803815842,
        "dmean2": 4.79072475433,
        "dvar": 9.11873626709,
        "dvar2": 22.7764091492,
        "max": 50,
        "mean": 22.5379562378,
        "median": 26,
        "min": 0,
        "var": 115.968536377
    },
    "spectral_decrease": {
        "dmean": 1.69684222229e-09,
        "dmean2": 2.82489986958e-09,
        "dvar": 3.96425646822e-18,
        "dvar2": 1.20918411724e-17,
        "max": -6.44291395243e-29,
        "mean": -1.08712310265e-08,
        "median": -9.94967130907e-09,
        "min": -4.40985878924e-08,
        "var": 4.25442514053e-17
    },
    "spectral_energy": {
        "dmean": 0.00685975281522,
        "dmean2": 0.0113689620048,
        "dvar": 6.15181343164e-05,
        "dvar2": 0.000182601143024,
        "max": 0.180327907205,
        "mean": 0.0444287955761,
        "median": 0.0414011888206,
        "min": 1.10601996587e-20,
        "var": 0.000685830367729
    },
    "spectral_energyband_high": {
        "dmean": 0.00070204550866,
        "dmean2": 0.00111924903467,
        "dvar": 1.3687944147e-06,
        "dvar2": 3.26753229274e-06,
        "max": 0.0181125923991,
        "mean": 0.00207889988087,
        "median": 0.00176391447894,
        "min": 8.31113274754e-21,
        "var": 3.20484286931e-06
    },
    "spectral_energyband_low": {
        "dmean": 0.00155829091091,
        "dmean2": 0.00278120092116,
        "dvar": 5.95141000304e-06,
        "dvar2": 2.05492924579e-05,
        "max": 0.0345046296716,
        "mean": 0.00652938894928,
        "median": 0.00540164764971,
        "min": 5.61712635857e-23,
        "var": 2.14524625335e-05
    },
    "spectral_energyband_middle_high": {
        "dmean": 0.00394363468513,
        "dmean2": 0.00624080887064,
        "dvar": 3.2096857467e-05,
        "dvar2": 7.79671390774e-05,
        "max": 0.150148078799,
        "mean": 0.0129031138495,
        "median": 0.00985694397241,
        "min": 1.53518370413e-21,
        "var": 0.000152339154738
    },
    "spectral_energyband_middle_low": {
        "dmean": 0.00230960827321,
        "dmean2": 0.00332151190378,
        "dvar": 8.627470379e-06,
        "dvar2": 1.71335232153e-05,
        "max": 0.0574363581836,
        "mean": 0.00732451910153,
        "median": 0.00619238475338,
        "min": 2.67844227691e-22,
        "var": 4.11824366893e-05
    },
    "spectral_entropy": {
        "dmean": 0.112249962986,
        "dmean2": 0.168872088194,
        "dvar": 0.0124916369095,
        "dvar2": 0.0271400026977,
        "max": 9.80276298523,
        "mean": 7.94706010818,
        "median": 7.95318841934,
        "min": 6.55733776093,
        "var": 0.0660435929894
    },
    "spectral_flux": {
        "dmean": 0.013941607438,
        "dmean2": 0.0230097174644,
        "dvar": 0.000197181623662,
        "dvar2": 0.000522512651514,
        "max": 0.297860145569,
        "mean": 0.0748278200626,
        "median": 0.078058488667,
        "min": 1.05167485831e-10,
        "var": 0.0010839800816
    },
    "spectral_kurtosis": {
        "dmean": 0.591903030872,
        "dmean2": 0.982613623142,
        "dvar": 0.566442489624,
        "dvar2": 1.47131121159,
        "max": 20.2590942383,
        "mean": 3.03470039368,
        "median": 2.84620475769,
        "min": -1.21870803833,
        "var": 1.84519147873
    },
    "spectral_rms": {
        "dmean": 0.000504245806951,
        "dmean2": 0.000836068124045,
        "dvar": 2.72037937066e-07,
        "dvar2": 8.29703935779e-07,
        "max": 0.0132638486102,
        "mean": 0.00620135990903,
        "median": 0.00635542348027,
        "min": 3.28488039721e-12,
        "var": 4.8881706789e-06
    },
    "spectral_rolloff": {
        "dmean": 487.273651123,
        "dmean2": 854.858642578,
        "dvar": 930654.5,
        "dvar2": 2491033.25,
        "max": 18776.953125,
        "mean": 1424.79162598,
        "median": 1184.32617188,
        "min": 21.533203125,
        "var": 1519129.5
    },
    "spectral_skewness": {
        "dmean": 0.122457295656,
        "dmean2": 0.199273332953,
        "dvar": 0.015895286575,
        "dvar2": 0.0403465628624,
        "max": 3.12598538399,
        "mean": 1.36223578453,
        "median": 1.3716994524,
        "min": -0.0130178183317,
        "var": 0.0785853117704
    },
    "spectral_spread": {
        "dmean": 421602.78125,
        "dmean2": 656826.625,
        "dvar": 326249447424,
        "dvar2": 555538972672,
        "max": 41077752,
        "mean": 5662688,
        "median": 5586284.5,
        "min": 1678442,
        "var": 1.11384775885e+12
    },
    "spectral_strongpeak": {
        "dmean": 0.339015185833,
        "dmean2": 0.61772030592,
        "dvar": 1.43681895733,
        "dvar2": 3.7390191555,
        "max": 15.5855150223,
        "mean": 0.445912957191,
        "median": 0,
        "min": 0,
        "var": 2.07845211029
    },
    "zerocrossingrate": {
        "dmean": 0.0102562690154,
        "dmean2": 0.0130949886516,
        "dvar": 0.000154624794959,
        "dvar2": 0.000216523767449,
        "max": 0.49755859375,
        "mean": 0.0771375373006,
        "median": 0.07666015625,
        "min": 0,
        "var": 0.00126737880055
    },
    "barkbands": {
        "dmean": [0.00342815672047, 0.000572456803638, 0.000113520662126, 6.9203953899e-05, 0.00010343206668, 0.000237519809161, 0.000534488412086, 0.000848259602208, 0.00139371980913, 0.00205929181539, 0.00206995056942, 0.000552858808078, 0.000858844432514, 0.000357180426363, 0.000570872216485, 0.000245397532126, 0.000269642856438, 0.000192499472178, 0.000204610973014, 0.000180024435394, 0.000226343603572, 0.000193341169506, 0.000147725615534, 8.73031749506e-05, 6.93062465871e-05, 7.41636686143e-05, 5.10931495228e-05],
        "dmean2": [0.00623853178695, 0.00101346173324, 0.000183490265044, 0.000112483525299, 0.000167620150023, 0.000365908577805, 0.000789254612755, 0.00119059556164, 0.00204764073715, 0.00311700161546, 0.00330880866386, 0.000860552710947, 0.00143673142884, 0.0005869337474, 0.000961386715062, 0.000409173808293, 0.000462019932456, 0.000329273811076, 0.000343047024217, 0.000307897978928, 0.000381032936275, 0.00032353863935, 0.000238446562435, 0.000142363234772, 0.000109752407297, 0.00011626171181, 8.13900696812e-05],
        "dvar": [3.81156896765e-05, 8.77590764503e-07, 3.24248894401e-08, 1.09407851667e-08, 1.97420515491e-08, 1.27274688566e-07, 6.82992435941e-07, 2.60934234575e-06, 5.30664920007e-06, 1.12927064038e-05, 1.90453993127e-05, 2.56293697021e-06, 3.67796292267e-06, 9.93783714875e-07, 1.06824268187e-06, 2.92713366434e-07, 1.64328355368e-07, 8.26988468816e-08, 9.04178563133e-08, 9.41573929936e-08, 1.20669511716e-07, 8.77620323081e-08, 5.89422519681e-08, 1.69378697734e-08, 1.03898187831e-08, 2.08038528626e-08, 2.19655742484e-08],
        "dvar2": [0.000134223635541, 3.13465216095e-06, 9.03614676417e-08, 3.10302823436e-08, 5.57808554902e-08, 3.0618684832e-07, 1.40966346862e-06, 4.49952267445e-06, 1.06354409581e-05, 2.56365183304e-05, 4.76340865134e-05, 5.42275074622e-06, 9.50891899265e-06, 2.04984667107e-06, 2.74440139947e-06, 6.42310908461e-07, 4.40322935447e-07, 2.27263413421e-07, 2.2339308714e-07, 2.53126216876e-07, 3.21524424862e-07, 2.35190825038e-07, 1.4392644232e-07, 4.2698818703e-08, 2.52523779665e-08, 4.40316867412e-08, 4.99720442804e-08],
        "max": [0.117261305451, 0.0114655103534, 0.00366802792996, 0.00210517598316, 0.00339004723355, 0.0082226973027, 0.019259750843, 0.0408063754439, 0.0515809580684, 0.0955341160297, 0.10722990334, 0.055233322084, 0.0510662905872, 0.0562422275543, 0.0414238423109, 0.0402641110122, 0.0134784951806, 0.00615544756874, 0.00648689782247, 0.01215653494, 0.0063120177947, 0.00453322147951, 0.00499798310921, 0.00200994824991, 0.00164773722645, 0.00279305037111, 0.00263462588191],
        "mean": [0.0210568848997, 0.0011494475184, 0.000275014142971, 0.000144832272781, 0.000241482586716, 0.00049376784591, 0.00105794682167, 0.00185087113641, 0.00269705895334, 0.00393263110891, 0.00378477759659, 0.000932111230213, 0.00132022041362, 0.000566850125324, 0.000955463212449, 0.000434986897744, 0.000481664435938, 0.000378356693545, 0.000416053109802, 0.000351259222953, 0.000486516742967, 0.000414265261497, 0.000310287810862, 0.00023427674023, 0.000191536135389, 0.000202165552764, 6.79406002746e-05],
        "median": [0.0167879499495, 0.000784341595136, 0.000158643684699, 7.71925115259e-05, 0.000182177493116, 0.000300977175357, 0.000638256489765, 0.000767184246797, 0.00130299571902, 0.00190966471564, 0.00112692604307, 0.000242902315222, 0.000493048690259, 0.000254850805504, 0.00061505031772, 0.000267726252787, 0.000359311059583, 0.000272150733508, 0.000331970542902, 0.000271219410934, 0.000400262506446, 0.000317387719406, 0.000217992710532, 0.000198372610612, 0.000141089083627, 0.00013854187273, 1.31397755467e-05],
        "min": [1.67021859148e-23, 6.99111490059e-24, 2.44911681456e-23, 3.50017583647e-23, 5.52983479733e-23, 5.41300449727e-23, 3.6408975779e-23, 3.63939748001e-23, 4.21171512011e-23, 2.22202174597e-23, 1.00729181982e-22, 7.56141542336e-23, 1.21834972485e-22, 5.29630988128e-23, 1.6704421231e-22, 1.35986998286e-22, 1.96358700067e-22, 3.41231995569e-22, 2.45578609708e-22, 3.12317403493e-22, 5.9278285031e-22, 6.29060001121e-22, 6.35504426736e-22, 1.10544913855e-21, 1.27917130454e-21, 1.63578187209e-21, 2.44098131097e-21],
        "var": [0.000263550900854, 1.47738512624e-06, 1.14785358107e-07, 3.76915778588e-08, 6.06560277561e-08, 3.98602622909e-07, 1.85297960797e-06, 1.11152148747e-05, 1.74170781975e-05, 3.38383688359e-05, 5.38766289537e-05, 7.13872532287e-06, 7.37115306038e-06, 3.16071032103e-06, 2.37590484176e-06, 9.68993049355e-07, 2.61697806536e-07, 1.6822662019e-07, 1.84796562053e-07, 1.44141949932e-07, 1.96102362793e-07, 1.57129107947e-07, 1.20566852502e-07, 3.87913878797e-08, 3.54495135468e-08, 6.05401098142e-08, 3.23414610648e-08]
    },
    "erbbands": {
        "dmean": [0.0326731428504, 0.099462389946, 0.151579886675, 0.153682410717, 0.313670396805, 0.375155091286, 0.844012975693, 2.37199044228, 4.99906921387, 15.5338506699, 18.2731819153, 40.1351089478, 26.9200153351, 72.8998947144, 84.8347244263, 29.6306762695, 41.272102356, 20.6711616516, 28.3227939606, 21.077299118, 9.8251581192, 10.5786027908, 9.96964454651, 12.5739612579, 8.40869903564, 9.17903518677, 9.10901069641, 9.01714801788, 6.20912456512, 6.25843477249, 4.06407880783, 2.30444836617, 1.33570671082, 0.780994296074, 0.505346953869, 0.378276735544, 0.128465235233, 0.0355993509293, 0.00857848767191, 0.000601639563683],
        "dmean2": [0.0567050240934, 0.178410410881, 0.250873893499, 0.252796828747, 0.515694260597, 0.601876020432, 1.2747374773, 3.70657992363, 6.94942951202, 24.3121109009, 24.6792106628, 58.9311790466, 39.7105026245, 111.728607178, 136.182601929, 46.2697792053, 69.2263793945, 33.864074707, 47.4594154358, 35.6543121338, 16.5333557129, 18.1291599274, 17.0941448212, 21.3416366577, 14.2613353729, 15.6964731216, 15.4544878006, 15.2659368515, 10.4497241974, 10.3756132126, 6.58621644974, 3.74592375755, 2.19912147522, 1.2556848526, 0.799687385559, 0.600550889969, 0.204199567437, 0.0551443807781, 0.0136742461473, 0.000974416092504],
        "dvar": [0.00248522032052, 0.0311207547784, 0.0534863844514, 0.0534750707448, 0.20258012414, 0.302218198776, 1.46879374981, 13.3964643478, 61.7527389526, 641.47479248, 1647.74658203, 4399.72509766, 1899.54125977, 15047.9794922, 33694.53125, 6362.95410156, 8768.98339844, 2918.18896484, 3036.86108398, 1768.72119141, 324.405395508, 238.909484863, 217.486984253, 348.9480896, 204.035339355, 217.384033203, 227.956420898, 213.699630737, 110.227645874, 80.9342880249, 48.4185714722, 11.0370016098, 4.68023252487, 1.41083049774, 0.672959327698, 0.457056641579, 0.0668778344989, 0.00934499967843, 0.000578636710998, 2.90883531306e-06],
        "dvar2": [0.00831721350551, 0.112658329308, 0.156099319458, 0.156235665083, 0.596394956112, 0.835918307304, 3.17132735252, 33.6671714783, 113.539962769, 1498.1685791, 2675.62084961, 8905.87207031, 3893.47363281, 34115.7148438, 85588.4375, 13565.4726562, 22698.625, 6045.7109375, 7852.77685547, 4691.99267578, 761.211181641, 647.441955566, 602.305114746, 901.289672852, 516.884155273, 585.620727539, 615.959960938, 573.529296875, 295.924072266, 207.309936523, 120.865264893, 27.316652298, 12.071928978, 3.5327796936, 1.59679377079, 1.03879356384, 0.138275936246, 0.0186257846653, 0.00133498944342, 7.01762019162e-06],
        "max": [0.634433925152, 2.38618659973, 4.97639989853, 4.47377443314, 13.5580968857, 11.6885662079, 33.5568199158, 70.2363967896, 201.886169434, 520.622741699, 1107.57531738, 1491.78723145, 1509.38769531, 3541.18701172, 5644.48486328, 2862.59228516, 2579.48706055, 2991.63793945, 2299.96411133, 2930.65771484, 1147.84069824, 480.868682861, 337.015441895, 401.644012451, 407.261810303, 552.225402832, 296.404663086, 288.413635254, 166.231842041, 133.367614746, 189.280258179, 43.1134719849, 37.43983078, 18.6568489075, 14.6926469803, 11.6024618149, 5.10159826279, 1.71906661987, 0.415392577648, 0.029001172632],
        "mean": [0.0904158726335, 0.197652861476, 0.370657086372, 0.370804667473, 0.657380640507, 0.827829182148, 1.82551550865, 4.86107444763, 11.0742769241, 28.4789524078, 45.9342460632, 77.6959991455, 59.3965339661, 140.63710022, 162.716552734, 57.595287323, 65.0870285034, 37.3271789551, 46.6913986206, 37.8973197937, 20.0627498627, 20.5381412506, 21.278087616, 26.0306930542, 17.7392349243, 18.4973945618, 18.7204284668, 18.3198432922, 13.445561409, 13.0464916229, 8.88415241241, 5.62041091919, 3.37062168121, 2.01856255531, 1.30165982246, 1.05983543396, 0.345413774252, 0.0637358725071, 0.0114251198247, 0.00078276527347],
        "median": [0.0733367502689, 0.122558996081, 0.222661152482, 0.252649962902, 0.429004698992, 0.583117842674, 1.19289779663, 2.97481703758, 7.21876382828, 16.0145492554, 21.9240875244, 39.8187942505, 33.4800071716, 68.4110946655, 54.9403266907, 21.3459720612, 25.2041854858, 20.1943264008, 24.9749164581, 25.9356117249, 14.8066768646, 16.3076934814, 16.791759491, 19.9740905762, 14.2900047302, 14.1714048386, 15.1998844147, 14.1161155701, 10.3517570496, 9.26132488251, 6.59737586975, 4.69425487518, 2.74227595329, 1.56229221821, 0.895134747028, 0.746220707893, 0.222628489137, 0.0253369063139, 0.00222384859808, 0.000185722441529],
        "min": [1.03283759718e-22, 2.40371213917e-21, 2.26385310359e-20, 8.47972055743e-20, 7.17720189835e-20, 2.31186874095e-19, 4.71308746373e-19, 3.90329780656e-19, 5.08248254385e-19, 7.36880045116e-19, 7.45850405269e-19, 8.74070172756e-19, 7.65630878655e-19, 2.33398026101e-18, 3.25832378306e-18, 3.7250044022e-18, 5.56199387167e-18, 3.14789744603e-18, 7.68792083783e-18, 7.05716584225e-18, 7.98740736886e-18, 1.19690098145e-17, 2.18197027245e-17, 1.12548088388e-17, 1.13916369198e-17, 1.55125448524e-17, 2.33062339664e-17, 2.14285108149e-17, 2.04752298267e-17, 2.42524806107e-17, 1.78105154598e-17, 2.17846616994e-17, 1.7959045665e-17, 1.42449633556e-17, 9.53120018867e-18, 5.94841708509e-18, 2.5465032263e-18, 1.32261072107e-18, 3.30758275042e-19, 3.57757262828e-20],
        "var": [0.00519370893016, 0.0543569549918, 0.197061523795, 0.172229200602, 0.617059111595, 0.801597177982, 5.03235340118, 38.3120231628, 186.052459717, 1497.90844727, 7559.24511719, 13799.4550781, 7458.19384766, 44811.4882812, 96905.5859375, 19088.2949219, 17430.5175781, 9602.87304688, 6915.76611328, 4315.84863281, 968.082763672, 398.116394043, 423.604156494, 782.666259766, 372.256347656, 382.553497314, 323.678771973, 346.597290039, 169.681854248, 171.162490845, 90.4670028687, 22.8324604034, 9.66550064087, 3.96097254753, 1.9405913353, 1.34331476688, 0.193499669433, 0.0197548903525, 0.000875234254636, 3.63380536328e-06]
    },
    "gfcc": {
        "mean": [28.1203975677, 26.1405735016, -124.807266235, 7.91669559479, -62.5393867493, 22.5421905518, -15.9447822571, 22.4831771851, -12.3055744171, 12.557466507, -13.191573143, 8.94180297852, -8.68136978149],
        "cov": [[11867.3486328, 107.27116394, -233.968292236, -792.687927246, -267.403167725, 141.698760986, 1.92183256149, 19.9053840637, -339.48248291, 60.0501403809, -242.805007935, 138.733535767, -200.390579224], [107.27116394, 623.524291992, -96.6563491821, -31.8451309204, 11.9801883698, 11.0252742767, -79.271194458, 9.69026279449, -84.5551528931, -14.3817768097, -61.9115715027, -36.6717376709, -35.9083976746], [-233.968292236, -96.6563491821, 793.491821289, 426.745727539, 197.67779541, 59.166633606, 63.4709091187, -46.068649292, 5.94670963287, -16.5239868164, -79.579498291, -39.3200111389, -60.2570419312], [-792.687927246, -31.8451309204, 426.745727539, 527.717956543, 149.298141479, 84.7038574219, 59.6984672546, -0.127548620105, 34.4696655273, -12.4713258743, -9.46162128448, -29.1180152893, -20.1959571838], [-267.403167725, 11.9801883698, 197.67779541, 149.298141479, 162.101730347, 55.6030044556, 40.4389724731, -20.4289283752, -2.18937659264, -16.9814376831, -11.8051233292, -14.0950231552, -17.0671405792], [141.698760986, 11.0252742767, 59.166633606, 84.7038574219, 55.6030044556, 111.497161865, 56.8928985596, 9.06263637543, -23.9462509155, -12.8734703064, 1.66022610664, 6.46447849274, -13.0825166702], [1.92183256149, -79.271194458, 63.4709091187, 59.6984672546, 40.4389724731, 56.8928985596, 115.559379578, 23.4273014069, 7.51569986343, -25.7049007416, 23.1892986298, 6.1578874588, -2.03984498978], [19.9053840637, 9.69026279449, -46.068649292, -0.127548620105, -20.4289283752, 9.06263637543, 23.4273014069, 89.0657958984, 19.165430069, 4.96727705002, -11.8463010788, 1.87555909157, -4.30080318451], [-339.48248291, -84.5551528931, 5.94670963287, 34.4696655273, -2.18937659264, -23.9462509155, 7.51569986343, 19.165430069, 125.033370972, 42.1946372986, 17.6450958252, -24.5935058594, 11.3391895294], [60.0501403809, -14.3817768097, -16.5239868164, -12.4713258743, -16.9814376831, -12.8734703064, -25.7049007416, 4.96727705002, 42.1946372986, 90.471496582, 16.1816635132, -12.9248733521, -16.5381164551], [-242.805007935, -61.9115715027, -79.579498291, -9.46162128448, -11.8051233292, 1.66022610664, 23.1892986298, -11.8463010788, 17.6450958252, 16.1816635132, 118.345062256, 30.9131641388, 18.226726532], [138.733535767, -36.6717376709, -39.3200111389, -29.1180152893, -14.0950231552, 6.46447849274, 6.1578874588, 1.87555909157, -24.5935058594, -12.9248733521, 30.9131641388, 74.1446228027, 29.4952640533], [-200.390579224, -35.9083976746, -60.2570419312, -20.1959571838, -17.0671405792, -13.0825166702, -2.03984498978, -4.30080318451, 11.3391895294, -16.5381164551, 18.226726532, 29.4952640533, 74.5947113037]],
        "icov": [[0.000131174703711, 9.20801267057e-06, -6.1344828282e-05, 0.000224797389819, 0.000246095791226, -0.000290864292765, -0.000160528157721, 0.000121367549582, 0.00016320082068, -0.000247880088864, 0.000379830715246, -0.000392914254917, 0.000358816381777], [9.20801267057e-06, 0.00233936449513, 0.000557934166864, -0.000194084408577, -0.000841522763949, -0.000557831022888, 0.00198550592177, -0.000956857576966, 0.00163033371791, 0.000279485597275, 0.000330599781591, 0.00138224486727, 0.000444568955572], [-6.1344828282e-05, 0.000557934166864, 0.00358932162635, -0.00249533727765, -0.00198314222507, 0.00184840231668, -0.0015382731799, 0.00200208439492, 0.00031276862137, -0.000650630041491, 0.00268101668917, -0.000997935421765, 0.0018191258423], [0.000224797389819, -0.000194084408577, -0.00249533727765, 0.0048029483296, -0.000456455163658, -0.00305219739676, 0.00112625700422, -0.00144789670594, -0.000981048564427, 0.000603209831752, -0.00134260545019, 0.000738271803129, -0.000578298291657], [0.000246095791226, -0.000841522763949, -0.00198314222507, -0.000456455163658, 0.011897767894, -0.00408371817321, -0.00184905808419, 0.00295552844182, -0.00107490736991, 0.000780546106398, 0.000568427494727, -0.000246986863203, 0.000951506372076], [-0.000290864292765, -0.000557831022888, 0.00184840231668, -0.00305219739676, -0.00408371817321, 0.0174554828554, -0.00789215043187, 1.66382324096e-05, 0.00362434866838, -0.00247486983426, 0.00109908054583, -0.00159571645781, 0.000791792641394], [-0.000160528157721, 0.00198550592177, -0.0015382731799, 0.00112625700422, -0.00184905808419, -0.00789215043187, 0.018853161484, -0.00638365186751, -0.00196517514996, 0.00697024492547, -0.00607481831685, 0.00289271469228, 0.000111781431769], [0.000121367549582, -0.000956857576966, 0.00200208439492, -0.00144789670594, 0.00295552844182, 1.66382324096e-05, -0.00638365186751, 0.016550803557, -0.00353972567245, -0.00167493091431, 0.00565731106326, -0.00461699301377, 0.00315950647928], [0.00016320082068, 0.00163033371791, 0.00031276862137, -0.000981048564427, -0.00107490736991, 0.00362434866838, -0.00196517514996, -0.00353972567245, 0.015237047337, -0.0068758870475, -0.00102735951077, 0.00616093864664, -0.00468351598829], [-0.000247880088864, 0.000279485597275, -0.000650630041491, 0.000603209831752, 0.000780546106398, -0.00247486983426, 0.00697024492547, -0.00167493091431, -0.0068758870475, 0.0181767437607, -0.00469237705693, 0.00131774845067, 0.00464556599036], [0.000379830715246, 0.000330599781591, 0.00268101668917, -0.00134260545019, 0.000568427494727, 0.00109908054583, -0.00607481831685, 0.00565731106326, -0.00102735951077, -0.00469237705693, 0.0153896976262, -0.00757658202201, 0.00181589298882], [-0.000392914254917, 0.00138224486727, -0.000997935421765, 0.000738271803129, -0.000246986863203, -0.00159571645781, 0.00289271469228, -0.00461699301377, 0.00616093864664, 0.00131774845067, -0.00757658202201, 0.0239610690624, -0.0097873006016], [0.000358816381777, 0.000444568955572, 0.0018191258423, -0.000578298291657, 0.000951506372076, 0.000791792641394, 0.000111781431769, 0.00315950647928, -0.00468351598829, 0.00464556599036, 0.00181589298882, -0.0097873006016, 0.0216065589339]]
    },
    "melbands": {
        "dmean": [0.000344013620634, 9.34281706577e-05, 3.00077099382e-05, 2.40172885242e-05, 2.69038118859e-05, 5.06817123096e-05, 8.3091610577e-05, 0.000168980492163, 0.000178083937499, 0.000226739008212, 0.000140575866681, 0.000316661520628, 0.000292712677037, 0.000108168722363, 8.84922337718e-05, 6.31750153843e-05, 4.35100082541e-05, 4.29575811722e-05, 2.7500138458e-05, 2.87072398351e-05, 1.05318131318e-05, 9.61770456342e-06, 1.6391655663e-05, 1.08796548375e-05, 1.1144947166e-05, 8.160724974e-06, 4.80320841234e-06, 6.35799642623e-06, 6.42771510684e-06, 5.68721043237e-06, 6.13481142864e-06, 3.42196653946e-06, 4.4772318688e-06, 3.41843497154e-06, 2.73200089396e-06, 1.7494731992e-06, 1.38949303619e-06, 1.1220261058e-06, 7.25680365576e-07, 7.26476741875e-07],
        "dmean2": [0.000612381496467, 0.000160497846082, 4.8945992603e-05, 3.95018869312e-05, 4.07750194427e-05, 7.84132571425e-05, 0.000116787741717, 0.000261991284788, 0.000243507296545, 0.000335152959451, 0.000209444609936, 0.000485155702336, 0.000468016572995, 0.000172219777596, 0.000145840676851, 0.000105457402242, 7.14074485586e-05, 7.18212395441e-05, 4.63325195597e-05, 4.80297530885e-05, 1.78351201612e-05, 1.64501052495e-05, 2.80889453279e-05, 1.87464029295e-05, 1.88771919056e-05, 1.39066905831e-05, 8.19234719529e-06, 1.08517733679e-05, 1.10694672912e-05, 9.52636582952e-06, 1.05471626739e-05, 5.82457960263e-06, 7.46694604459e-06, 5.65947084397e-06, 4.43907083536e-06, 2.86784211312e-06, 2.25652047448e-06, 1.87968726095e-06, 1.17918978049e-06, 1.18132993521e-06],
        "dvar": [2.78634161077e-07, 2.13270130445e-08, 1.71881320288e-09, 1.20052179309e-09, 1.39171596469e-09, 5.84188120101e-09, 1.58948019191e-08, 7.29802920318e-08, 1.1503679076e-07, 1.38274614869e-07, 5.05315647104e-08, 2.93154926112e-07, 3.81075523137e-07, 6.33020462715e-08, 3.55580525024e-08, 1.97371541333e-08, 1.51343346744e-08, 6.87093981711e-09, 2.41716624494e-09, 3.613187749e-09, 3.30458410636e-10, 1.99242553012e-10, 7.25725479711e-10, 3.26122601146e-10, 3.0606370216e-10, 2.03386293918e-10, 4.24769421026e-11, 1.2508051539e-10, 1.2939360694e-10, 9.04633451482e-11, 1.04144110002e-10, 3.3773643604e-11, 4.52824722164e-11, 2.54537415451e-11, 2.04114624508e-11, 8.0045050449e-12, 3.97970415303e-12, 3.18304952708e-12, 1.13520943947e-12, 1.23196472555e-12],
        "dvar2": [9.54853817348e-07, 7.06322680344e-08, 4.88943463495e-09, 3.49930706633e-09, 3.09877434823e-09, 1.43693581478e-08, 2.95995832289e-08, 1.67536782669e-07, 1.93195447196e-07, 2.83957234615e-07, 1.05960772601e-07, 6.66660810111e-07, 9.46737316099e-07, 1.52846837409e-07, 9.10072159854e-08, 4.90230362971e-08, 3.11312149393e-08, 1.77740027141e-08, 6.28955509896e-09, 8.74804761963e-09, 8.42017733316e-10, 5.30206822891e-10, 1.96452498713e-09, 9.18772502523e-10, 7.78352438058e-10, 5.16174547549e-10, 1.15835424586e-10, 3.30771188217e-10, 3.57315094179e-10, 2.40011871488e-10, 2.85478363171e-10, 9.13096057098e-11, 1.2064847732e-10, 6.45216519102e-11, 5.05253235084e-11, 2.03150378464e-11, 1.00090508798e-11, 8.46653649966e-12, 2.77110365904e-12, 3.20496493927e-12],
        "max": [0.00691628037021, 0.0022767088376, 0.000742889591493, 0.000807064934634, 0.00100090261549, 0.00156571471598, 0.00305670918897, 0.00538864079863, 0.00837007071823, 0.0081105241552, 0.00747519079596, 0.0157456696033, 0.0162294842303, 0.00711944373325, 0.00461125699803, 0.00513204792514, 0.00687281833962, 0.00351784424856, 0.00266817724332, 0.00394668662921, 0.000643041275907, 0.000465932447696, 0.000973646237981, 0.000415409536799, 0.000402415549615, 0.000389767228626, 0.00015672777954, 0.000529480690602, 0.000239373432123, 0.000241258254391, 0.000275112834061, 8.84996698005e-05, 0.000118784082588, 7.04778067302e-05, 0.000109910892206, 6.14449672867e-05, 3.16047480737e-05, 3.34265751007e-05, 1.77381753019e-05, 1.69812356035e-05],
        "mean": [0.00128336902708, 0.000219338588067, 7.59004469728e-05, 5.38224339834e-05, 6.11169962212e-05, 0.000104408129118, 0.000179720300366, 0.000322907639202, 0.000425160716986, 0.0004328720388, 0.000289127870928, 0.000572364137042, 0.000546258641407, 0.000198796682525, 0.000141609474667, 0.000101666606497, 6.85932172928e-05, 6.9199828431e-05, 4.77162793686e-05, 5.00897949678e-05, 1.8891201762e-05, 1.8544102204e-05, 2.65057551587e-05, 2.00783724722e-05, 2.09139561775e-05, 1.46498568938e-05, 1.00390461739e-05, 1.20968661577e-05, 1.17430063256e-05, 1.06767975012e-05, 1.13634760055e-05, 6.92496223564e-06, 8.73813314684e-06, 6.54503401165e-06, 5.50663980903e-06, 3.83092947231e-06, 3.21824882121e-06, 2.54600286098e-06, 1.81588836767e-06, 1.66517327216e-06],
        "median": [0.00104611401912, 0.000143877870869, 5.53744685021e-05, 3.90498280467e-05, 4.28798375651e-05, 6.33155505056e-05, 0.000116044699098, 0.000180126677151, 0.000206748998608, 0.000221822891035, 0.000149936240632, 0.000253346486716, 0.00016997550847, 5.80672058277e-05, 5.44906542927e-05, 4.01856159442e-05, 2.99694875139e-05, 3.64914449165e-05, 3.28571040882e-05, 3.094929707e-05, 1.31504684759e-05, 1.44743280543e-05, 1.73204189196e-05, 1.31883807626e-05, 1.49381139636e-05, 1.07406149255e-05, 8.29201599117e-06, 8.86530324351e-06, 9.18663045013e-06, 7.87111275713e-06, 7.95914729679e-06, 5.27433212483e-06, 6.18173362454e-06, 4.40312715e-06, 3.78882168661e-06, 3.09090432893e-06, 2.66460642706e-06, 2.0495631361e-06, 1.35812683766e-06, 1.22343976727e-06],
        "min": [2.00457602398e-24, 8.76533486278e-24, 1.37062452358e-23, 1.00021086234e-23, 1.50519930307e-23, 9.48926936005e-24, 7.77201225497e-24, 8.83391842988e-24, 6.50341505657e-24, 5.54653466715e-24, 3.56397062344e-24, 8.49438244108e-24, 1.17083587523e-23, 8.75634027074e-24, 1.13782386072e-23, 1.19214277162e-23, 4.42671269117e-24, 1.11767745761e-23, 1.03919534276e-23, 9.18922138159e-24, 9.38140130874e-24, 9.25353247803e-24, 2.43400649946e-23, 1.24420120159e-23, 8.8488799658e-24, 8.65732244991e-24, 6.46888503703e-24, 1.15536260523e-23, 1.4067142789e-23, 1.42112408551e-23, 1.19672226695e-23, 8.80211155818e-24, 1.61961174446e-23, 1.27985077253e-23, 1.01628240445e-23, 1.0689965356e-23, 1.45402605392e-23, 1.24438169296e-23, 1.2693798273e-23, 1.15802193423e-23],
        "var": [8.66824336754e-07, 6.11259096672e-08, 6.35881436395e-09, 3.41809003324e-09, 4.9263997326e-09, 1.77137557955e-08, 4.779917262e-08, 1.83862084668e-07, 5.0810359653e-07, 4.2550985313e-07, 1.89066625467e-07, 8.40273003178e-07, 1.10317728286e-06, 1.80458243904e-07, 7.91197720673e-08, 4.22780495057e-08, 4.85609881196e-08, 1.57008788193e-08, 5.26956744906e-09, 1.15665095279e-08, 6.09853667566e-10, 3.39616806899e-10, 1.08972275648e-09, 5.99220228992e-10, 6.33335717204e-10, 3.34622468623e-10, 8.16588532904e-11, 2.03712310909e-10, 1.52620832639e-10, 1.31325450514e-10, 1.79092629615e-10, 4.96379534698e-11, 8.16374745582e-11, 5.21349768912e-11, 4.03511286884e-11, 1.28799445068e-11, 8.07134480779e-12, 5.80914353079e-12, 3.22518205718e-12, 2.93398790506e-12]
    },
    "mfcc": {
        "mean": [-614.92767334, 75.5535125732, -9.99155902863, -0.643994987011, -14.6756486893, 4.56538963318, 4.42055988312, 14.6614360809, 11.5429325104, 12.1041030884, 7.86238193512, 6.7011590004, 6.14163351059],
        "cov": [[9312.9140625, 940.32019043, -283.317749023, -561.813415527, -345.820617676, -49.9903869629, -9.30607128143, -21.8026428223, -55.1717033386, -153.098190308, -109.518028259, -39.7605895996, -79.2931137085], [940.32019043, 573.385681152, -140.446029663, -123.480422974, -26.3767318726, -56.6387023926, -7.09741449356, -40.2725486755, -21.7508411407, -26.2791481018, -38.8029441833, -33.5220947266, -59.4176368713], [-283.317749023, -140.446029663, 544.81463623, 351.890625, 179.061584473, 167.436935425, 61.7955245972, 49.2993202209, 42.6320648193, 20.6121311188, 19.9401550293, -15.1093158722, -24.9259490967], [-561.813415527, -123.480422974, 351.890625, 375.617767334, 179.532302856, 133.741516113, 52.2826919556, 49.422618866, 44.8694572449, 35.5033798218, 22.0973911285, -1.12520480156, -15.0102968216], [-345.820617676, -26.3767318726, 179.061584473, 179.532302856, 163.50088501, 98.5648422241, 29.9740352631, 17.5913715363, 19.465970993, 14.9886932373, 8.11635971069, -10.9973621368, -16.9083919525], [-49.9903869629, -56.6387023926, 167.436935425, 133.741516113, 98.5648422241, 158.084854126, 69.0690536499, 31.2241954803, 8.31945610046, 2.21344733238, 11.9648485184, 2.79751896858, -8.02428722382], [-9.30607128143, -7.09741449356, 61.7955245972, 52.2826919556, 29.9740352631, 69.0690536499, 140.274520874, 71.0537109375, -16.3230419159, -26.65417099, -10.4114379883, 12.9959564209, 9.31876945496], [-21.8026428223, -40.2725486755, 49.2993202209, 49.422618866, 17.5913715363, 31.2241954803, 71.0537109375, 118.683105469, 29.5492248535, -18.5782527924, -8.81702899933, -0.911401331425, 9.64877033234], [-55.1717033386, -21.7508411407, 42.6320648193, 44.8694572449, 19.465970993, 8.31945610046, -16.3230419159, 29.5492248535, 88.0785751343, 36.5843162537, 2.18564200401, -18.2369689941, -15.3579893112], [-153.098190308, -26.2791481018, 20.6121311188, 35.5033798218, 14.9886932373, 2.21344733238, -26.65417099, -18.5782527924, 36.5843162537, 95.0953445435, 40.7701797485, 3.39602327347, -5.70617818832], [-109.518028259, -38.8029441833, 19.9401550293, 22.0973911285, 8.11635971069, 11.9648485184, -10.4114379883, -8.81702899933, 2.18564200401, 40.7701797485, 77.7889556885, 36.1926498413, 2.93807506561], [-39.7605895996, -33.5220947266, -15.1093158722, -1.12520480156, -10.9973621368, 2.79751896858, 12.9959564209, -0.911401331425, -18.2369689941, 3.39602327347, 36.1926498413, 83.3792419434, 29.1226387024], [-79.2931137085, -59.4176368713, -24.9259490967, -15.0102968216, -16.9083919525, -8.02428722382, 9.31876945496, 9.64877033234, -15.3579893112, -5.70617818832, 2.93807506561, 29.1226387024, 74.8683319092]],
