{
"lowlevel": {
    "average_loudness": 0.0512725412846,
    "barkbands_crest": {
        "dmean": 1.77269780636,
        "dmean2": 2.64870905876,
        "dvar": 2.57508587837,
        "dvar2": 6.39835071564,
        "max": 25.7470607758,
        "mean": 11.7887296677,
        "median": 10.8472061157,
        "min": 3.51864933968,
        "var": 18.014629364
    },
    "barkbands_flatness_db": {
        "dmean": 0.0135570857674,
        "dmean2": 0.0200407151133,
        "dvar": 0.000159149378305,
        "dvar2": 0.000365449785022,
        "max": 0.550010979176,
        "mean": 0.194656997919,
        "median": 0.183137580752,
        "min": 0.055305108428,
        "var": 0.00388162932359
    },
    "barkbands_kurtosis": {
        "dmean": 2.99011349678,
        "dmean2": 4.68840169907,
        "dvar": 28.6626338959,
        "dvar2": 70.0351104736,
        "max": 243.251937866,
        "mean": 9.46482086182,
        "median": 6.04604244232,
        "min": -1.8845102787,
        "var": 167.974411011
    },
    "barkbands_skewness": {
        "dmean": 0.367237716913,
        "dmean2": 0.565216004848,
        "dvar": 0.167854651809,
        "dvar2": 0.425457179546,
        "max": 12.1556549072,
        "mean": 2.18817925453,
        "median": 2.03252601624,
        "min": -4.9750995636,
        "var": 1.80791449547
    },
    "barkbands_spread": {
        "dmean": 2.250228405,
        "dmean2": 3.43854999542,
        "dvar": 7.20656633377,
        "dvar2": 16.2479190826,
        "max": 79.8224563599,
        "mean": 11.8967418671,
        "median": 10.3459300995,
        "min": 0.225395426154,
        "var": 58.933467865
    },
    "dissonance": {
        "dmean": 0.0192944593728,
        "dmean2": 0.0320426151156,
        "dvar": 0.000476898509078,
        "dvar2": 0.00130035320763,
        "max": 0.500000059605,
        "mean": 0.448485702276,
        "median": 0.45500677824,
        "min": 0.190268144011,
        "var": 0.0011166947661
    },
    "dynamic_complexity": 4.92068433762,
    "erbbands_crest": {
        "dmean": 2.09348964691,
        "dmean2": 3.08809113503,
        "dvar": 3.92847681046,
        "dvar2": 8.95769119263,
        "max": 31.2154541016,
        "mean": 11.1906137466,
        "median": 9.97062683105,
        "min": 2.34568953514,
        "var": 26.1923561096
    },
    "erbbands_flatness_db": {
        "dmean": 0.0109910098836,
        "dmean2": 0.0155926737934,
        "dvar": 0.000113952941319,
        "dvar2": 0.000231176105444,
        "max": 0.573371350765,
        "mean": 0.18932043016,
        "median": 0.18023212254,
        "min": 0.0923537313938,
        "var": 0.0031868503429
    },
    "erbbands_kurtosis": {
        "dmean": 1.02290761471,
        "dmean2": 1.56273627281,
        "dvar": 3.94497489929,
        "dvar2": 8.32128238678,
        "max": 86.3129043579,
        "mean": 1.06915163994,
        "median": -0.225083112717,
        "min": -1.82953333855,
        "var": 16.800699234
    },
    "erbbands_skewness": {
        "dmean": 0.321284800768,
        "dmean2": 0.483127534389,
        "dvar": 0.0837863534689,
        "dvar2": 0.190111905336,
        "max": 7.73843669891,
        "mean": 0.861503243446,
        "median": 0.831852138042,
        "min": -3.58987927437,
        "var": 0.789378166199
    },
    "erbbands_spread": {
        "dmean": 4.89542961121,
        "dmean2": 7.45087146759,
        "dvar": 20.787443161,
        "dvar2": 46.7166633606,
        "max": 152.587280273,
        "mean": 36.0922546387,
        "median": 36.7102165222,
        "min": 0.475254625082,
        "var": 237.89390564
    },
    "hfc": {
        "dmean": 1.607681036,
        "dmean2": 2.3606133461,
        "dvar": 4.12900304794,
        "dvar2": 9.29394817352,
        "max": 53.9278907776,
        "mean": 10.3267335892,
        "median": 8.53056240082,
        "min": 1.13743250222e-16,
        "var": 72.3534164429
    },
    "melbands_crest": {
        "dmean": 2.18963122368,
        "dmean2": 3.30925011635,
        "dvar": 4.30820798874,
        "dvar2": 11.386882782,
        "max": 33.5476951599,
        "mean": 15.4217662811,
        "median": 14.0662164688,
        "min": 1.93240332603,
        "var": 33.2206077576
    },
    "melbands_flatness_db": {
        "dmean": 0.0150066921487,
        "dmean2": 0.0224871598184,
        "dvar": 0.000209207384614,
        "dvar2": 0.000497625966091,
        "max": 0.709147036076,
        "mean": 0.282288938761,
        "median": 0.269067376852,
        "min": 0.00413752160966,
        "var": 0.00515483878553
    },
    "melbands_kurtosis": {
        "dmean": 5.60085773468,
        "dmean2": 8.66361045837,
        "dvar": 80.7141189575,
        "dvar2": 213.711013794,
        "max": 216.097808838,
        "mean": 19.7754974365,
        "median": 13.2915287018,
        "min": -1.74810123444,
        "var": 509.349395752
    },
    "melbands_skewness": {
        "dmean": 0.487938672304,
        "dmean2": 0.729241251945,
        "dvar": 0.254458844662,
        "dvar2": 0.631096363068,
        "max": 11.3512067795,
        "mean": 2.98324680328,
        "median": 2.74351024628,
        "min": -5.10466861725,
        "var": 2.90912652016
    },
    "melbands_spread": {
        "dmean": 2.25792884827,
        "dmean2": 3.46083164215,
        "dvar": 10.3468475342,
        "dvar2": 23.6468925476,
        "max": 143.034851074,
        "mean": 11.4311904907,
        "median": 9.68721199036,
        "min": 0.401837438345,
        "var": 79.5207595825
    },
    "pitch_salience": {
        "dmean": 0.0494991913438,
        "dmean2": 0.0761575326324,
        "dvar": 0.00204045884311,
        "dvar2": 0.00541107077152,
        "max": 0.812609314919,
        "mean": 0.502628207207,
        "median": 0.509332180023,
        "min": 0.0536941587925,
        "var": 0.0133721418679
    },
    "silence_rate_20dB": {
        "dmean": 0,
        "dmean2": 0,
        "dvar": 0,
        "dvar2": 0,
        "max": 1,
        "mean": 1,
        "median": 1,
        "min": 1,
        "var": 0
    },
    "silence_rate_30dB": {
        "dmean": 0.00552065484226,
        "dmean2": 0.0110423611477,
        "dvar": 0.00549020012841,
        "dvar2": 0.013205117546,
        "max": 1,
        "mean": 0.9662129879,
        "median": 1,
        "min": 0,
        "var": 0.0326411537826
    },
    "silence_rate_60dB": {
        "dmean": 0.0121835144237,
        "dmean2": 0.0243693478405,
        "dvar": 0.0120319435373,
        "dvar2": 0.0270052943379,
        "max": 1,
        "mean": 0.100504428148,
        "median": 0,
        "min": 0,
        "var": 0.0903841257095
    },
    "spectral_centroid": {
        "dmean": 115.419067383,
        "dmean2": 180.066986084,
        "dvar": 21357.3671875,
        "dvar2": 42893.5,
        "max": 11303.6435547,
        "mean": 835.430786133,
        "median": 761.124267578,
        "min": 113.297286987,
        "var": 182467.796875
    },
    "spectral_complexity": {
        "dmean": 1.63830196857,
        "dmean2": 2.75640177727,
        "dvar": 2.20304203033,
        "dvar2": 5.75998592377,
        "max": 28,
        "mean": 11.6995334625,
        "median": 12,
        "min": 0,
        "var": 23.9493274689
    },
    "spectral_decrease": {
        "dmean": 1.43420075815e-09,
        "dmean2": 2.16978701673e-09,
        "dvar": 4.85550139203e-18,
        "dvar2": 1.35219595237e-17,
        "max": 7.74872953163e-17,
        "mean": -7.71861152771e-09,
        "median": -5.71169156416e-09,
        "min": -8.35474196492e-08,
        "var": 7.45544834411e-17
    },
    "spectral_energy": {
        "dmean": 0.00553173478693,
        "dmean2": 0.00835965946317,
        "dvar": 7.1320864663e-05,
        "dvar2": 0.000198103283765,
        "max": 0.319152534008,
        "mean": 0.0300684440881,
        "median": 0.0225160401314,
        "min": 1.0550098216e-20,
        "var": 0.00110002711881
    },
    "spectral_energyband_high": {
        "dmean": 2.21998179768e-05,
        "dmean2": 3.43829378835e-05,
        "dvar": 3.56035623206e-09,
        "dvar2": 5.59572344017e-09,
        "max": 0.00478882435709,
        "mean": 9.74004797172e-05,
        "median": 7.00392047293e-05,
        "min": 7.90138834644e-21,
        "var": 1.87059843171e-08
    },
    "spectral_energyband_low": {
        "dmean": 0.00356475170702,
        "dmean2": 0.00557832606137,
        "dvar": 5.68003561057e-05,
        "dvar2": 0.000167984399013,
        "max": 0.287042289972,
        "mean": 0.0142188994214,
        "median": 0.0063119889237,
        "min": 4.89208051405e-23,
        "var": 0.000716611277312
    },
    "spectral_energyband_middle_high": {
        "dmean": 0.000377817137633,
        "dmean2": 0.000603598600719,
        "dvar": 3.64675571518e-07,
        "dvar2": 8.43490852276e-07,
        "max": 0.0215338934213,
        "mean": 0.0018359834794,
        "median": 0.00110007775947,
        "min": 1.49688722086e-21,
        "var": 5.90658464716e-06
    },
    "spectral_energyband_middle_low": {
        "dmean": 0.00341741833836,
        "dmean2": 0.00491646770388,
        "dvar": 2.17430642806e-05,
        "dvar2": 5.07705153723e-05,
        "max": 0.169598534703,
        "mean": 0.0150818182155,
        "median": 0.0107566295192,
        "min": 2.65594623581e-22,
        "var": 0.000233150698477
    },
    "spectral_entropy": {
        "dmean": 0.106285840273,
        "dmean2": 0.158453091979,
        "dvar": 0.011078719981,
        "dvar2": 0.0255644638091,
        "max": 9.79464149475,
        "mean": 6.79601383209,
        "median": 6.86473655701,
        "min": 3.57598376274,
        "var": 0.251664221287
    },
    "spectral_flux": {
        "dmean": 0.010932257399,
        "dmean2": 0.0179342087358,
        "dvar": 0.000166522018844,
        "dvar2": 0.000444399658591,
        "max": 0.211614727974,
        "mean": 0.0466777794063,
        "median": 0.0445222184062,
        "min": 1.04872777129e-10,
        "var": 0.000759120157454
    },
    "spectral_kurtosis": {
        "dmean": 2.8092186451,
        "dmean2": 4.92486333847,
        "dvar": 15.6148052216,
        "dvar2": 44.0340805054,
        "max": 127.293426514,
        "mean": 8.68664455414,
        "median": 6.49772453308,
        "min": -1.34532463551,
        "var": 87.5761184692
    },
    "spectral_rms": {
        "dmean": 0.000452604930615,
        "dmean2": 0.000662494974677,
        "dvar": 2.51352219038e-07,
        "dvar2": 6.81509391143e-07,
        "max": 0.0176456309855,
        "mean": 0.00475982343778,
        "median": 0.0046868827194,
        "min": 3.20823597723e-12,
        "var": 6.67900394546e-06
    },
    "spectral_rolloff": {
        "dmean": 128.750732422,
        "dmean2": 225.437149048,
        "dvar": 257603.6875,
        "dvar2": 630771.25,
        "max": 19509.0820312,
        "mean": 791.543762207,
        "median": 473.73046875,
        "min": 86.1328125,
        "var": 3290610.25
    },
    "spectral_skewness": {
        "dmean": 0.267884105444,
        "dmean2": 0.460680216551,
        "dvar": 0.0878564044833,
        "dvar2": 0.248603105545,
        "max": 9.08947753906,
        "mean": 2.02796435356,
        "median": 1.85622906685,
        "min": -0.0438860729337,
        "var": 0.601628005505
    },
    "spectral_spread": {
        "dmean": 224850.3125,
        "dmean2": 367631.3125,
        "dvar": 301649559552,
        "dvar2": 403502956544,
        "max": 51669656,
        "mean": 3466889.25,
        "median": 3362176,
        "min": 660894.125,
        "var": 1.87264781517e+12
    },
    "spectral_strongpeak": {
        "dmean": 0.3239826262,
        "dmean2": 0.5363702178,
        "dvar": 0.40181234479,
        "dvar2": 1.04650938511,
        "max": 11.3871154785,
        "mean": 0.921972215176,
        "median": 0.579629540443,
        "min": 0,
        "var": 1.05335712433
    },
    "zerocrossingrate": {
        "dmean": 0.00429981248453,
        "dmean2": 0.00544434739277,
        "dvar": 4.98637236888e-05,
        "dvar2": 6.08237678534e-05,
        "max": 0.6650390625,
        "mean": 0.0363391935825,
        "median": 0.03076171875,
        "min": 0.00341796875,
        "var": 0.00216452032328
    },
    "barkbands": {
        "dmean": [7.24946148694e-05, 0.00143824284896, 0.00219496549107, 0.000789735116996, 0.0013175078202, 0.00132611452136, 0.00107779609971, 0.000447376136435, 0.00025722142891, 0.000110690139991, 4.81030656374e-05, 4.84584525111e-05, 6.04386550549e-05, 0.000104709040897, 8.29851342132e-05, 0.000105217797682, 9.93208523141e-05, 8.03235961939e-05, 4.61684394395e-05, 3.15608085657e-05, 1.06892139229e-05, 5.65161053601e-06, 3.57194926437e-06, 2.84754423774e-06, 1.18348907563e-06, 7.62995568948e-07, 1.58316865395e-07],
        "dmean2": [0.00010596831271, 0.00214580190368, 0.00350673706271, 0.00120444630738, 0.00208233599551, 0.00195531733334, 0.00125340337399, 0.000566767645068, 0.000366961263353, 0.000167257967405, 7.42540869396e-05, 7.35821668059e-05, 9.41360049183e-05, 0.000165545236086, 0.000138601622893, 0.000177657741006, 0.0001714885002, 0.000137429204187, 7.85425218055e-05, 5.39707507414e-05, 1.74419365067e-05, 9.31774320634e-06, 5.56890609005e-06, 4.09253880207e-06, 1.82365761248e-06, 1.08346500838e-06, 2.74155070201e-07],
        "dvar": [2.00464516098e-08, 5.51016682948e-06, 3.7718200474e-05, 2.91089349957e-06, 6.17463547314e-06, 6.7877795118e-06, 4.9779746405e-06, 1.71515750935e-06, 2.77286460459e-07, 9.39433775216e-08, 1.66136047142e-08, 3.72761128631e-08, 7.77549615805e-08, 9.85471757531e-08, 5.20539309434e-08, 6.2187403671e-08, 3.99881940893e-08, 1.84030728434e-08, 5.72598635173e-09, 2.7214142051e-09, 4.22050311366e-10, 2.68965710815e-10, 2.31259220107e-10, 7.75578934409e-10, 1.36747158735e-11, 5.71999348928e-12, 3.37065905786e-13],
        "dvar2": [4.78430308704e-08, 1.53667824634e-05, 0.000111253277282, 7.9970986917e-06, 1.72021664184e-05, 1.78578411578e-05, 6.79596269038e-06, 2.32520028476e-06, 5.46824310277e-07, 2.01117629217e-07, 3.64347165771e-08, 6.65938557631e-08, 1.64038610251e-07, 1.92266384147e-07, 1.17910701647e-07, 1.45445554267e-07, 1.18014220618e-07, 5.23340020209e-08, 1.62883573296e-08, 7.73277086807e-09, 9.73856995046e-10, 6.05686001354e-10, 3.22960519439e-10, 1.11567644012e-09, 2.9207313651e-11, 1.23742483274e-11, 9.48672564116e-13],
        "max": [0.00367999821901, 0.0743644982576, 0.240131139755, 0.120097972453, 0.0585875660181, 0.0795823410153, 0.0734211802483, 0.0530725978315, 0.0260443463922, 0.0110618211329, 0.00610768143088, 0.0155020356178, 0.0151145383716, 0.0188356731087, 0.0134377842769, 0.0158432777971, 0.00339513341896, 0.00234837713651, 0.00140203791671, 0.00107926037163, 0.000862045388203, 0.00111135211773, 0.00095770705957, 0.00246673473157, 0.000243222093559, 2.91053147521e-05, 6.62821730657e-06],
        "mean": [0.000175254695932, 0.00489442888647, 0.00800375640392, 0.0022976512555, 0.00416839541867, 0.00360730919056, 0.00291000911966, 0.00120015954599, 0.000856768689118, 0.00026152151986, 9.50598478084e-05, 0.000187223704415, 0.000204850803129, 0.000311999145197, 0.000141578624607, 0.000189246420632, 0.000165731908055, 0.000157374845003, 9.73518835963e-05, 6.79587828927e-05, 3.03264878312e-05, 1.58067541633e-05, 1.22517431009e-05, 9.55844734563e-06, 4.6112218115e-06, 1.92547940969e-06, 3.84434315492e-07],
        "median": [8.23575392133e-05, 0.0027426967863, 0.00117296061944, 0.00070851756027, 0.00168388325255, 0.0016131530283, 0.00104853708763, 0.000201478062081, 0.000237059095525, 5.64903639315e-05, 2.12835147977e-05, 2.04893894988e-05, 2.72967627097e-05, 6.65775150992e-05, 6.53535316815e-05, 9.39835517784e-05, 9.29708548938e-05, 0.000104412880319, 6.75269475323e-05, 4.62277639599e-05, 1.81441700988e-05, 9.54348433879e-06, 7.1945619311e-06, 5.3909120652e-06, 2.20525839723e-06, 7.51513709929e-07, 1.46564815395e-07],
        "min": [7.11619431914e-24, 3.4540195849e-23, 2.9169121991e-24, 6.65900209291e-24, 5.40268493445e-23, 1.82842038617e-23, 2.87750015607e-23, 7.78062030517e-23, 2.0869925826e-23, 6.62077957324e-23, 5.34073221658e-23, 4.66573801877e-23, 4.2533840153e-23, 1.36585598562e-22, 5.76780888889e-23, 1.39425573552e-22, 1.35260615164e-22, 2.06135993588e-22, 1.93362467509e-22, 3.3376328771e-22, 4.46607909071e-22, 6.02346267862e-22, 4.90937146157e-22, 8.29331312438e-22, 1.07876943359e-21, 1.68837559467e-21, 2.36768353635e-21],
        "var": [7.42715613455e-08, 3.93570189772e-05, 0.00052342627896, 3.46351043845e-05, 4.25151010859e-05, 3.12212941935e-05, 2.98458871839e-05, 1.21601669889e-05, 4.62507978227e-06, 5.32503804607e-07, 1.07115333492e-07, 4.60179222728e-07, 9.17446527637e-07, 1.56218470693e-06, 2.00180082288e-07, 2.6656758223e-07, 5.70510714226e-08, 3.68526258399e-08, 1.3006718369e-08, 6.04119776426e-09, 2.07852246525e-09, 7.34307836758e-10, 8.4029894154e-10, 2.28759522436e-09, 5.72400772614e-11, 1.24583711403e-11, 4.13521322219e-13]
    },
    "erbbands": {
        "dmean": [0.0283453073353, 0.400031507015, 2.19107317924, 2.65234255791, 3.22945737839, 4.92516469955, 7.7539806366, 12.4519958496, 16.2982139587, 9.23256587982, 9.51958084106, 4.80604219437, 4.27542734146, 2.79552221298, 0.922618985176, 1.57335555553, 2.5999777317, 4.20193243027, 3.95305657387, 3.64463019371, 6.71297264099, 6.1838593483, 4.38932657242, 3.17817163467, 1.92694032192, 0.881558477879, 0.577407956123, 0.315646469593, 0.239546447992, 0.115584410727, 0.101650595665, 0.0727600678802, 0.0420505031943, 0.017605766654, 0.00724775111303, 0.00382343051024, 0.00138511648402, 0.000308339775074, 2.40307199419e-05, 6.65226934871e-06],
        "dmean2": [0.0389256626368, 0.604588747025, 3.42563509941, 4.26090335846, 5.14709186554, 7.83502578735, 10.1554346085, 19.4809494019, 20.1275157928, 10.8594684601, 12.2024126053, 6.92747735977, 6.38978624344, 4.24114751816, 1.42827665806, 2.4134414196, 4.05852508545, 6.65862607956, 6.31506443024, 6.14568853378, 11.3652744293, 10.643409729, 7.5562582016, 5.40835475922, 3.29785776138, 1.5000411272, 0.944332301617, 0.499949574471, 0.397195309401, 0.185389518738, 0.154291898012, 0.108756817877, 0.0596575178206, 0.0265017934144, 0.0110599631444, 0.00527626136318, 0.00202404102311, 0.000536118925083, 4.1015977331e-05, 1.01455298136e-05],
        "dvar": [0.00222925073467, 0.464990884066, 30.6868991852, 41.6469268799, 46.6624908447, 98.8665237427, 233.460662842, 820.062072754, 1375.93066406, 270.39276123, 599.150085449, 106.649436951, 96.4445877075, 39.799407959, 6.6687207222, 47.1942138672, 142.302383423, 243.149291992, 115.164123535, 138.232650757, 270.174407959, 179.899932861, 65.6146240234, 24.4734840393, 8.60552978516, 1.92677021027, 1.10711061954, 0.414288014174, 0.332112699747, 0.260651767254, 0.202240392566, 0.366473019123, 0.192965582013, 0.00516901537776, 0.000257610023255, 0.000117939751362, 2.31902231462e-05, 1.82619112366e-06, 6.67752964034e-09, 9.4131036299e-11],
        "dvar2": [0.00571440905333, 1.28339707851, 83.41431427, 140.619522095, 118.739814758, 282.499481201, 386.54977417, 2551.33129883, 1986.69506836, 361.171264648, 842.059143066, 225.065582275, 212.019592285, 88.2111129761, 14.5978984833, 85.9071655273, 316.2762146, 536.227722168, 213.322036743, 341.456604004, 643.641235352, 530.22442627, 186.562332153, 68.8336181641, 24.8165149689, 5.45174980164, 2.67927122116, 0.858158111572, 0.8038007617, 0.479246169329, 0.279070287943, 0.772081851959, 0.220092713833, 0.00705864978954, 0.000471697043395, 0.000210087455343, 5.47665877093e-05, 5.03657656736e-06, 1.83196942061e-08, 2.53118553895e-10],
        "max": [0.913034915924, 25.290555954, 244.078842163, 155.160995483, 444.20715332, 258.171722412, 672.354553223, 746.981506348, 1320.03540039, 450.183807373, 1065.85559082, 435.025482178, 304.956878662, 255.279464722, 95.5584793091, 575.606872559, 683.96295166, 751.970825195, 659.440063477, 680.346679688, 1082.55578613, 228.368942261, 160.914474487, 89.530418396, 57.4334106445, 34.6483879089, 43.0959434509, 33.5305976868, 32.8158721924, 40.8589096069, 28.5262908936, 57.3019294739, 39.0717887878, 5.85597324371, 0.433283060789, 0.204849377275, 0.0529776401818, 0.0146616045386, 0.00103093893267, 0.000346965534845],
        "mean": [0.0900099799037, 1.3864710331, 8.47870349884, 8.19643878937, 10.0468530655, 14.9293994904, 21.7993507385, 32.4659080505, 44.7095031738, 27.2120666504, 28.3121814728, 15.6977415085, 12.0890789032, 6.98730516434, 2.94869542122, 5.99926757812, 9.4777879715, 13.9161167145, 10.3669347763, 7.23476982117, 12.7860193253, 10.8288316727, 8.68987751007, 7.06739044189, 4.44480991364, 2.3113386631, 1.6067699194, 0.908387601376, 0.650972783566, 0.384628564119, 0.352469176054, 0.243123114109, 0.129929065704, 0.06483643502, 0.027000868693, 0.0123019283637, 0.00302161695436, 0.000508750323206, 6.89740409143e-05, 3.79358025384e-05],
        "median": [0.0564940497279, 0.701642751694, 1.82832205296, 2.70087099075, 3.88268041611, 5.80928564072, 8.97165393829, 12.8536024094, 16.7036209106, 12.546128273, 6.72251605988, 4.94858455658, 3.37871479988, 2.13937783241, 0.705486774445, 0.852054774761, 1.54293012619, 2.85116147995, 3.92351722717, 4.31998968124, 6.73471164703, 6.3466053009, 5.76712274551, 5.21913909912, 3.2685353756, 1.69066119194, 0.987841129303, 0.588179886341, 0.379513055086, 0.225298583508, 0.199155956507, 0.147738590837, 0.05925931409, 0.0288354046643, 0.0130979456007, 0.00415310123935, 0.00123133335728, 0.000230343270232, 4.04207021347e-05, 3.00000501738e-05],
        "min": [1.49509129381e-21, 3.10657453346e-21, 4.36679106293e-21, 1.95779466136e-20, 1.06046932674e-19, 1.59651338294e-19, 1.80102965349e-19, 2.45706918225e-19, 5.31316046922e-19, 5.36268118756e-19, 1.77027197639e-18, 6.5390560957e-19, 8.79227333683e-19, 3.25211082947e-18, 3.12228297118e-18, 2.15363482834e-18, 2.44619951201e-18, 4.67957372422e-18, 3.45699809053e-18, 7.47148489465e-18, 7.10479738346e-18, 8.34156143941e-18, 1.12502295669e-17, 1.19226562674e-17, 1.06790448103e-17, 1.60035642271e-17, 2.3478416574e-17, 1.49339071985e-17, 1.67529683554e-17, 1.81950750353e-17, 1.27470327376e-17, 1.65208250795e-17, 1.4376645546e-17, 1.146794764e-17, 7.02716648298e-18, 4.94007357863e-18, 3.5563679179e-18, 1.14035605215e-18, 3.30975823544e-19, 2.98480433845e-20],
        "var": [0.0105916075408, 4.11885070801, 515.934448242, 240.180801392, 505.034545898, 625.810974121, 1370.26416016, 2982.02807617, 8283.015625, 1575.49304199, 5309.15478516, 1557.95812988, 715.184753418, 271.99130249, 76.6978988647, 491.748748779, 1609.77026367, 3020.81396484, 1599.40234375, 329.82800293, 1162.0189209, 254.474563599, 126.478797913, 56.6028938293, 20.2287063599, 6.67830514908, 6.19060945511, 1.95060288906, 0.987633168697, 0.854007124901, 0.720103025436, 0.850438892841, 0.61510014534, 0.0234650745988, 0.00140797859058, 0.000559553387575, 3.47537861671e-05, 1.3872584077e-06, 8.97430130209e-09, 1.37956646107e-09]
    },
    "gfcc": {
        "mean": [-72.4008483887, 127.044151306, -103.348503113, 39.7927246094, -45.8973579407, -10.9110269547, -40.8855323792, 11.1099567413, -9.40204238892, 0.123317480087, -9.72138595581, -4.88186264038, -10.4516849518],
        "cov": [[23026.7089844, 3114.81298828, 234.185470581, 2953.90649414, -1170.16870117, -997.753540039, -1308.18493652, -414.259674072, -16.0543403625, 238.611083984, -324.707092285, -584.053710938, 366.924560547], [3114.81298828, 1522.79492188, 127.201789856, 332.182983398, -44.5230140686, -272.319519043, -105.066459656, -166.159606934, 21.6728191376, -110.350730896, -29.6276855469, -165.814727783, 94.0671615601], [234.185470581, 127.201789856, 576.648803711, 246.032150269, -92.2916488647, -37.3746337891, 23.014295578, 36.1286888123, -47.7078819275, -21.7993164062, -60.1654167175, -90.6686096191, -10.6302938461], [2953.90649414, 332.182983398, 246.032150269, 696.596496582, -155.612411499, -159.544067383, -163.431884766, -40.9439086914, 16.378370285, 9.31291675568, -99.9929885864, -133.077484131, 38.8908615112], [-1170.16870117, -44.5230140686, -92.2916488647, -155.612411499, 258.385955811, 95.6176528931, 67.713104248, -3.73315739632, 5.12755489349, -16.030008316, 27.4355487823, 29.1087150574, -11.9082250595], [-997.753540039, -272.319519043, -37.3746337891, -159.544067383, 95.6176528931, 180.577545166, 91.037361145, 28.407743454, -10.7182312012, 7.67270326614, 37.2759895325, 54.7941665649, -31.8955364227], [-1308.18493652, -105.066459656, 23.014295578, -163.431884766, 67.713104248, 91.037361145, 209.807662964, 51.4398918152, 15.9906959534, -32.4476242065, 12.8804512024, 40.8376350403, -27.5026702881], [-414.259674072, -166.159606934, 36.1286888123, -40.9439086914, -3.73315739632, 28.407743454, 51.4398918152, 149.001144409, 22.4445476532, 11.5612020493, -18.4169425964, -5.74712085724, 1.76840007305], [-16.0543403625, 21.6728191376, -47.7078819275, 16.378370285, 5.12755489349, -10.7182312012, 15.9906959534, 22.4445476532, 111.16217804, 15.2446098328, 0.329337269068, -3.17937254906, -14.4047451019], [238.611083984, -110.350730896, -21.7993164062, 9.31291675568, -16.030008316, 7.67270326614, -32.4476242065, 11.5612020493, 15.2446098328, 132.97428894, 41.6185531616, 24.0264854431, -7.81995773315], [-324.707092285, -29.6276855469, -60.1654167175, -99.9929885864, 27.4355487823, 37.2759895325, 12.8804512024, -18.4169425964, 0.329337269068, 41.6185531616, 118.013252258, 63.4949607849, -6.75376939774], [-584.053710938, -165.814727783, -90.6686096191, -133.077484131, 29.1087150574, 54.7941665649, 40.8376350403, -5.74712085724, -3.17937254906, 24.0264854431, 63.4949607849, 164.704421997, -11.102432251], [366.924560547, 94.0671615601, -10.6302938461, 38.8908615112, -11.9082250595, -31.8955364227, -27.5026702881, 1.76840007305, -14.4047451019, -7.81995773315, -6.75376939774, -11.102432251, 105.1925354]],
        "icov": [[0.000307251379127, -0.000616411562078, 0.000543533649761, -0.00100366212428, 0.000888610491529, -0.000778198998887, 0.000765705364756, -0.000316341058351, 0.000468650716357, -0.000669887638651, 0.000349844689481, -0.000170273648109, -5.50518961973e-06], [-0.000616411562078, 0.00255142198876, -0.00128749909345, 0.00178876705468, -0.0022484594956, 0.00333100534044, -0.00197071791627, 0.00181064684875, -0.00141790066846, 0.00221854704432, -0.00170258013532, 0.00121693196706, -0.000723226810805], [0.000543533649761, -0.00128749909345, 0.00368230044842, -0.00285326619633, 0.00216079014353, -0.00152825354598, 2.30170917348e-05, -0.00148247089237, 0.00267960457131, -0.00129421870224, 0.000616863602772, 0.000482445379021, 0.000855835911352], [-0.00100366212428, 0.00178876705468, -0.00285326619633, 0.00614516763017, -0.00231835967861, 0.00274011236615, -0.000954549293965, 0.00171436776873, -0.00271203112788, 0.00155043660197, 0.000397790194256, 0.000965442799497, -0.000497647677548], [0.000888610491529, -0.0022484594956, 0.00216079014353, -0.00231835967861, 0.00813861843199, -0.00531152635813, 0.00176528969314, -0.000468833284685, 0.00098786118906, -0.00165275204927, 0.00117612350732, -0.000125517835841, -0.000158538052347], [-0.000778198998887, 0.00333100534044, -0.00152825354598, 0.00274011236615, -0.00531152635813, 0.014176231809, -0.00508085545152, 0.00103536399547, 0.000201870891033, 0.00186119787395, -0.00316106807441, 0.000499072019011, 0.000935282965656], [0.000765705364756, -0.00197071791627, 2.30170917348e-05, -0.000954549293965, 0.00176528969314, -0.00508085545152, 0.0106807500124, -0.00283284508623, -0.000924408086576, 0.000509448465891, 0.00131304806564, -0.00194481923245, 0.000736355199479], [-0.000316341058351, 0.00181064684875, -0.00148247089237, 0.00171436776873, -0.000468833284685, 0.00103536399547, -0.00283284508623, 0.0101638380438, -0.00299657974392, -0.00040721645928, 0.00120210344903, 0.00145818677265, -0.0021595323924], [0.000468650716357, -0.00141790066846, 0.00267960457131, -0.00271203112788, 0.00098786118906, 0.000201870891033, -0.000924408086576, -0.00299657974392, 0.0122735919431, -0.00262885843404, 0.000344575033523, 5.05800890096e-05, 0.00240115611814], [-0.000669887638651, 0.00221854704432, -0.00129421870224, 0.00155043660197, -0.00165275204927, 0.00186119787395, 0.000509448465891, -0.00040721645928, -0.00262885843404, 0.0120355812833, -0.00526761123911, 0.000180657429155, 0.00038161611883], [0.000349844689481, -0.00170258013532, 0.000616863602772, 0.000397790194256, 0.00117612350732, -0.00316106807441, 0.00131304806564, 0.00120210344903, 0.000344575033523, -0.00526761123911, 0.0144645366818, -0.00406218832359, -0.00012922580936], [-0.000170273648109, 0.00121693196706, 0.000482445379021, 0.000965442799497, -0.000125517835841, 0.000499072019011, -0.00194481923245, 0.00145818677265, 5.05800890096e-05, 0.000180657429155, -0.00406218832359, 0.00963992252946, -0.000421362521593], [-5.50518961973e-06, -0.000723226810805, 0.000855835911352, -0.000497647677548, -0.000158538052347, 0.000935282965656, 0.000736355199479, -0.0021595323924, 0.00240115611814, 0.00038161611883, -0.00012922580936, -0.000421362521593, 0.0112416632473]]
    },
    "melbands": {
        "dmean": [0.000309780822136, 0.000924694177229, 0.000451597879874, 0.000317654106766, 0.00023540382972, 0.000274845922831, 0.000237541724346, 0.000105285413156, 7.4469622632e-05, 3.07945410896e-05, 2.21723385039e-05, 1.24440357467e-05, 3.95108008888e-06, 3.90423065255e-06, 5.29621638634e-06, 8.01826809038e-06, 8.32248406368e-06, 7.08276957084e-06, 8.47700448503e-06, 4.89618196298e-06, 8.09999801277e-06, 7.86815598985e-06, 3.57166413778e-06, 3.79386847271e-06, 2.79945470538e-06, 1.59415321832e-06, 1.7378922621e-06, 5.29840519903e-07, 4.94858795719e-07, 2.06329687558e-07, 1.88911172927e-07, 1.76482188863e-07, 9.97482700882e-08, 7.03604214891e-08, 6.88719765662e-08, 5.83249288866e-08, 4.86893547702e-08, 3.38666730215e-08, 2.42626025937e-08, 1.35507027821e-08],
        "dmean2": [0.000448910694104, 0.00144509680104, 0.000717876828276, 0.00052086688811, 0.000312458374538, 0.000420350872446, 0.000289856281597, 0.000125702747027, 9.72903289949e-05, 4.45630466857e-05, 3.31300179823e-05, 1.87391251529e-05, 6.16127545072e-06, 5.97631196797e-06, 7.85634256317e-06, 1.25497763293e-05, 1.33040621222e-05, 1.12137704491e-05, 1.4142231521e-05, 8.30780118122e-06, 1.36950702654e-05, 1.35843692988e-05, 6.13682323092e-06, 6.52334892948e-06, 4.76202922073e-06, 2.72398824563e-06, 2.97576798403e-06, 9.05871274881e-07, 8.21194248601e-07, 3.35191572276e-07, 2.957587526e-07, 2.96737425742e-07, 1.62754901112e-07, 1.14239178117e-07, 1.03957560782e-07, 9.25907883698e-08, 7.28754017132e-08, 4.82580908567e-08, 3.45443602612e-08, 2.14997761816e-08],
        "dvar": [2.42613850787e-07, 4.51582445748e-06, 1.02506919575e-06, 4.04985826208e-07, 2.00236939918e-07, 3.31474126369e-07, 2.45374167207e-07, 4.38293845662e-08, 3.16373345299e-08, 4.39666258956e-09, 2.63042099213e-09, 8.01328559064e-10, 9.92012999523e-11, 2.49295445398e-10, 6.67663202503e-10, 1.39693290269e-09, 8.74144923113e-10, 6.13989192821e-10, 5.95429927586e-10, 1.64991409424e-10, 3.92652826919e-10, 3.17006559891e-10, 4.46893251571e-11, 4.45860258436e-11, 2.03619621164e-11, 7.23256090435e-12, 9.37902446679e-12, 1.20303311583e-12, 8.722880274e-13, 2.02059750225e-13, 1.706823837e-13, 1.58964055569e-13, 2.16228768289e-13, 7.49792141894e-14, 9.20034718983e-14, 5.7938307201e-14, 2.28920235632e-13, 1.23154917796e-13, 3.64448529406e-14, 1.26768412018e-15],
        "dvar2": [6.65237791964e-07, 1.24514090203e-05, 3.29433783008e-06, 1.20338916076e-06, 3.47573632098e-07, 9.86861323327e-07, 3.52379970536e-07, 5.93581717112e-08, 4.6423345168e-08, 9.08379149678e-09, 5.66984637018e-09, 1.74587144741e-09, 2.36037134282e-10, 5.02885399989e-10, 1.09153897032e-09, 2.96253555021e-09, 1.95885174747e-09, 1.08566511337e-09, 1.37079225748e-09, 3.52843448903e-10, 9.38867650291e-10, 9.41150268829e-10, 1.28176427805e-10, 1.26248650423e-10, 5.71896315027e-11, 2.10352082974e-11, 2.72496764736e-11, 3.39956686933e-12, 2.17808583669e-12, 4.63964424605e-13, 3.48403950004e-13, 4.203914506e-13, 4.90554157625e-13, 1.29116606729e-13, 1.60196996727e-13, 1.1656706145e-13, 5.09551277041e-13, 1.50183549407e-13, 4.31966575953e-14, 2.62752902491e-15],
        "max": [0.0108460485935, 0.090230062604, 0.0423352122307, 0.0164474621415, 0.0173620134592, 0.014543581754, 0.0170434601605, 0.00720779364929, 0.00788375269622, 0.00292404182255, 0.0015217855107, 0.000946720945649, 0.000385189516237, 0.000621104263701, 0.00211978238076, 0.0020914755296, 0.00137968501076, 0.00158351287246, 0.00148644344881, 0.000839728571009, 0.00127414229792, 0.000308218033751, 0.000128245810629, 0.000153145607328, 8.32908699522e-05, 4.9290683819e-05, 6.41441511107e-05, 3.1166800909e-05, 2.79037703876e-05, 2.5456700314e-05, 1.88365011127e-05, 1.11499339255e-05, 4.1075021727e-05, 1.87363530131e-05, 1.92541647266e-05, 1.87382192962e-05, 4.34784815297e-05, 2.89127001452e-05, 1.88752655959e-05, 1.71757415046e-06],
        "mean": [0.00106726691592, 0.00356243527494, 0.00153002829757, 0.000920308986679, 0.000723147124518, 0.000737251597457, 0.000663099111989, 0.000295828009257, 0.000222273083637, 9.82391647995e-05, 6.08201225987e-05, 3.07427289954e-05, 9.61422301771e-06, 1.47854252646e-05, 1.76242429006e-05, 2.9373299185e-05, 2.47745447268e-05, 1.815444557e-05, 1.39113535624e-05, 8.66447135195e-06, 1.4674623344e-05, 1.23467871163e-05, 6.72247506373e-06, 7.13963754606e-06, 5.74111982132e-06, 3.39375014846e-06, 3.2139932955e-06, 1.16783655812e-06, 1.22125004509e-06, 5.34308696842e-07, 4.8914580475e-07, 4.07707489103e-07, 2.55049030784e-07, 1.97965107418e-07, 2.18951527131e-07, 1.67104445836e-07, 1.38266784688e-07, 8.88070985638e-08, 7.77652147121e-08, 4.70185312906e-08],
        "median": [0.000654302362818, 0.00106708635576, 0.000555487989914, 0.00036642968189, 0.000304245535517, 0.000311013136525, 0.000266179442406, 0.00011383643141, 4.93736697535e-05, 2.70492291747e-05, 1.53831315401e-05, 8.24152903078e-06, 2.38605389313e-06, 1.50590369685e-06, 2.11016390494e-06, 3.2305415516e-06, 5.2568107094e-06, 4.80471362607e-06, 5.96418794885e-06, 4.79476739201e-06, 6.87790179654e-06, 6.12292615187e-06, 4.21445929533e-06, 4.58178465124e-06, 3.98864222007e-06, 2.34414642364e-06, 1.97306826522e-06, 6.93901085924e-07, 7.22925676655e-07, 3.06133415506e-07, 2.99191071917e-07, 2.0985751803e-07, 1.47415292417e-07, 1.03346494029e-07, 1.11849615791e-07, 9.58614876367e-08, 7.71503465558e-08, 3.56003972968e-08, 2.98530622445e-08, 1.93831706241e-08],
        "min": [1.20416706285e-23, 3.19862547241e-24, 4.16786534006e-24, 1.06921512896e-23, 7.37353021276e-24, 4.76593707991e-24, 7.68916450499e-24, 7.7499651704e-24, 1.6139049669e-23, 3.11189751284e-24, 4.36924338536e-24, 1.37576821222e-23, 9.57269534509e-24, 5.88152721157e-24, 6.29053108054e-24, 5.65572366606e-24, 9.36247732448e-24, 5.45970514174e-24, 5.88928368642e-24, 9.53751135985e-24, 8.0889481677e-24, 8.78705378122e-24, 7.94501339579e-24, 1.07462624145e-23, 8.43475165639e-24, 7.10473138133e-24, 6.25627755674e-24, 9.62196049748e-24, 1.25013020127e-23, 7.13887012586e-24, 9.28986346702e-24, 8.60428654239e-24, 1.06418929613e-23, 1.04239322709e-23, 6.62550232571e-24, 8.62072719252e-24, 1.04187297333e-23, 9.73086747861e-24, 8.50756667339e-24, 8.8219845421e-24],
        "var": [1.54752376602e-06, 6.9965950388e-05, 8.57513714436e-06, 2.41225916398e-06, 1.39207816119e-06, 1.33330513563e-06, 1.49016079831e-06, 2.82767189219e-07, 3.38522426091e-07, 6.40053343659e-08, 1.95935285774e-08, 5.4594928578e-09, 6.81144918246e-10, 3.24650284433e-09, 6.8201893022e-09, 1.96981115863e-08, 9.60349755275e-09, 8.29605628638e-09, 2.23132690103e-09, 4.18656248558e-10, 1.61628799233e-09, 4.26690210942e-10, 8.21783058269e-11, 8.31714766503e-11, 4.34892746815e-11, 1.54937035424e-11, 1.67861453904e-11, 3.46643352044e-12, 3.90311004003e-12, 1.0388842564e-12, 6.7492983858e-13, 4.6319339423e-13, 3.91472363423e-13, 2.6238619567e-13, 2.80685902038e-13, 1.59295292885e-13, 4.48557450948e-13, 3.61321324423e-13, 1.29295147722e-13, 6.69831833568e-15]
    },
    "mfcc": {
        "mean": [-709.810791016, 150.786621094, 7.18786430359, 48.3126983643, 13.3402109146, -8.96836853027, -13.2180986404, 0.173755019903, -2.87945914268, 7.45540094376, 2.99210166931, 0.748894035816, -3.5467274189],
        "cov": [[10683.2939453, 1725.91503906, -468.494873047, 952.390441895, 278.692779541, -85.9273834229, -454.557647705, -220.173065186, -31.5820178986, 283.859680176, -114.699020386, -148.415740967, -26.1902542114], [1725.91503906, 1326.33178711, 77.8788375854, 290.694671631, 67.9106140137, -30.1267814636, -48.152721405, -20.0385150909, 38.6172943115, 53.5076446533, 9.04363536835, -83.6426467896, -64.907913208], [-468.494873047, 77.8788375854, 405.917388916, 45.8022232056, -3.51489663124, -46.3733482361, 65.5932769775, 47.2553901672, 16.193479538, 4.7782831192, 39.8044128418, -36.0627212524, -24.9295578003], [952.390441895, 290.694671631, 45.8022232056, 341.752868652, 70.3913345337, -12.2344779968, -66.9284057617, 8.87530708313, 40.7604942322, 70.8108901978, -15.9051170349, -51.3444519043, -35.2492637634], [278.692779541, 67.9106140137, -3.51489663124, 70.3913345337, 160.334533691, 17.824256897, -2.24944448471, -27.7781944275, 12.5451812744, 21.4727210999, -3.08442783356, -12.4037342072, -0.807900965214], [-85.9273834229, -30.1267814636, -46.3733482361, -12.2344779968, 17.824256897, 138.89074707, 17.7003669739, 22.4503936768, -29.1217632294, -28.5358657837, 4.2296795845, 20.0532302856, 16.1938915253], [-454.557647705, -48.152721405, 65.5932769775, -66.9284057617, -2.24944448471, 17.7003669739, 149.275192261, 23.7554016113, 11.4455251694, -30.4823818207, 13.1055145264, 10.7361688614, 5.59190750122], [-220.173065186, -20.0385150909, 47.2553901672, 8.87530708313, -27.7781944275, 22.4503936768, 23.7554016113, 138.809326172, 25.5898418427, -9.90757083893, 0.310155302286, 4.85715341568, 6.1294927597], [-31.5820178986, 38.6172943115, 16.193479538, 40.7604942322, 12.5451812744, -29.1217632294, 11.4455251694, 25.5898418427, 110.690071106, 45.5856552124, -10.8903493881, -33.0851249695, -16.6109848022], [283.859680176, 53.5076446533, 4.7782831192, 70.8108901978, 21.4727210999, -28.5358657837, -30.4823818207, -9.90757083893, 45.5856552124, 116.921714783, 31.5146789551, -32.0873756409, -34.519077301], [-114.699020386, 9.04363536835, 39.8044128418, -15.9051170349, -3.08442783356, 4.2296795845, 13.1055145264, 0.310155302286, -10.8903493881, 31.5146789551, 102.80393219, 36.5775642395, -6.06484794617], [-148.415740967, -83.6426467896, -36.0627212524, -51.3444519043, -12.4037342072, 20.0532302856, 10.7361688614, 4.85715341568, -33.0851249695, -32.0873756409, 36.5775642395, 113.556114197, 52.2022361755], [-26.1902542114, -64.907913208, -24.9295578003, -35.2492637634, -0.807900965214, 16.1938915253, 5.59190750122, 6.1294927597, -16.6109848022, -34.519077301, -6.06484794617, 52.2022361755, 111.156639099]],
