{
"lowlevel": {
    "average_loudness": 0.942468762398,
    "barkbands_crest": {
        "dmean": 3.19420957565,
        "dmean2": 5.25869607925,
        "dvar": 8.51436710358,
        "dvar2": 20.3322505951,
        "max": 26.0641326904,
        "mean": 12.5048208237,
        "median": 11.6326580048,
        "min": 3.39801263809,
        "var": 20.028799057
    },
    "barkbands_flatness_db": {
        "dmean": 0.0278798118234,
        "dmean2": 0.043616309762,
        "dvar": 0.000798995664809,
        "dvar2": 0.00165432109497,
        "max": 0.442790448666,
        "mean": 0.200933977962,
        "median": 0.196970954537,
        "min": 0.042397595942,
        "var": 0.00332013564184
    },
    "barkbands_kurtosis": {
        "dmean": 12.5230436325,
        "dmean2": 20.2877540588,
        "dvar": 906.489562988,
        "dvar2": 2437.07177734,
        "max": 946.891479492,
        "mean": 22.785326004,
        "median": 13.6733398438,
        "min": -1.88770484924,
        "var": 1240.59619141
    },
    "barkbands_skewness": {
        "dmean": 0.918770611286,
        "dmean2": 1.44631683826,
        "dvar": 1.59108448029,
        "dvar2": 3.71720218658,
        "max": 26.6642303467,
        "mean": 3.49843144417,
        "median": 3.08901381493,
        "min": -2.64401245117,
        "var": 4.09328269958
    },
    "barkbands_spread": {
        "dmean": 2.83986234665,
        "dmean2": 4.36487913132,
        "dvar": 24.799949646,
        "dvar2": 53.1041946411,
        "max": 96.4033737183,
        "mean": 9.07883071899,
        "median": 7.42378616333,
        "min": 0.297623366117,
        "var": 65.5292205811
    },
    "dissonance": {
        "dmean": 0.0167801771313,
        "dmean2": 0.0281569100916,
        "dvar": 0.000234170700423,
        "dvar2": 0.000622443098109,
        "max": 0.500000119209,
        "mean": 0.46198952198,
        "median": 0.466557919979,
        "min": 0.28080445528,
        "var": 0.00056957086781
    },
    "dynamic_complexity": 3.65366911888,
    "erbbands_crest": {
        "dmean": 2.16058588028,
        "dmean2": 3.55797028542,
        "dvar": 4.28138017654,
        "dvar2": 11.5672197342,
        "max": 25.6930179596,
        "mean": 8.94368267059,
        "median": 8.18472671509,
        "min": 2.64376401901,
        "var": 13.3531179428
    },
    "erbbands_flatness_db": {
        "dmean": 0.0142585374415,
        "dmean2": 0.0212042909116,
        "dvar": 0.00018047777121,
        "dvar2": 0.000378076452762,
        "max": 0.376683205366,
        "mean": 0.14615547657,
        "median": 0.137668222189,
        "min": 0.0442978031933,
        "var": 0.00240411842242
    },
    "erbbands_kurtosis": {
        "dmean": 0.916705012321,
        "dmean2": 1.49761271477,
        "dvar": 1.82166731358,
        "dvar2": 4.433385849,
        "max": 35.8028068542,
        "mean": 0.458593070507,
        "median": -0.14462184906,
        "min": -1.80022001266,
        "var": 4.857442379
    },
    "erbbands_skewness": {
        "dmean": 0.333351403475,
        "dmean2": 0.532818853855,
        "dvar": 0.107640340924,
        "dvar2": 0.261770069599,
        "max": 5.12509489059,
        "mean": 0.832211136818,
        "median": 0.864743828773,
        "min": -2.60924935341,
        "var": 0.586153805256
    },
    "erbbands_spread": {
        "dmean": 8.93109798431,
        "dmean2": 14.2176198959,
        "dvar": 107.002494812,
        "dvar2": 260.877716064,
        "max": 159.038284302,
        "mean": 47.4643249512,
        "median": 44.6403427124,
        "min": 6.97605037689,
        "var": 378.365478516
    },
    "hfc": {
        "dmean": 6.90976524353,
        "dmean2": 11.8319330215,
        "dvar": 160.306411743,
        "dvar2": 422.697662354,
        "max": 182.123397827,
        "mean": 12.587931633,
        "median": 8.90314674377,
        "min": 1.0888748165e-16,
        "var": 182.771209717
    },
    "melbands_crest": {
        "dmean": 3.35276651382,
        "dmean2": 5.37756872177,
        "dvar": 9.17815589905,
        "dvar2": 22.7490844727,
        "max": 35.4282684326,
        "mean": 15.5603046417,
        "median": 14.9085617065,
        "min": 1.87014448643,
        "var": 23.8635635376
    },
    "melbands_flatness_db": {
        "dmean": 0.0317741185427,
        "dmean2": 0.0490954704583,
        "dvar": 0.00105208274908,
        "dvar2": 0.00214326241985,
        "max": 0.577001512051,
        "mean": 0.304215252399,
        "median": 0.30119484663,
        "min": 0.00373629806563,
        "var": 0.00486022932455
    },
    "melbands_kurtosis": {
        "dmean": 22.9001159668,
        "dmean2": 36.6974601746,
        "dvar": 1597.43359375,
        "dvar2": 3874.75,
        "max": 893.838439941,
        "mean": 47.5096702576,
        "median": 30.2064113617,
        "min": -1.71141803265,
        "var": 3189.07275391
    },
    "melbands_skewness": {
        "dmean": 1.12513196468,
        "dmean2": 1.78120279312,
        "dvar": 1.91344380379,
        "dvar2": 4.45346879959,
        "max": 24.3834285736,
        "mean": 4.65053892136,
        "median": 4.19771957397,
        "min": -1.10877656937,
        "var": 5.7476773262
    },
    "melbands_spread": {
        "dmean": 2.25801372528,
        "dmean2": 3.60115218163,
        "dvar": 20.2990093231,
        "dvar2": 48.666595459,
        "max": 143.897399902,
        "mean": 7.65764760971,
        "median": 5.66251373291,
        "min": 0.260283380747,
        "var": 91.8726501465
    },
    "pitch_salience": {
        "dmean": 0.086881481111,
        "dmean2": 0.142063766718,
        "dvar": 0.00658016651869,
        "dvar2": 0.0154837602749,
        "max": 0.968443632126,
        "mean": 0.526226937771,
        "median": 0.534402370453,
        "min": 0.0838027745485,
        "var": 0.0150363259017
    },
    "silence_rate_20dB": {
        "dmean": 0.00706385355443,
        "dmean2": 0.0141290202737,
        "dvar": 0.00701439660043,
        "dvar2": 0.0208073314279,
        "max": 1,
        "mean": 0.996375441551,
        "median": 1,
        "min": 0,
        "var": 0.00361120910384
    },
    "silence_rate_30dB": {
        "dmean": 0.106887258589,
        "dmean2": 0.213794380426,
        "dvar": 0.0954569429159,
        "dvar2": 0.170860677958,
        "max": 1,
        "mean": 0.866171002388,
        "median": 1,
        "min": 0,
        "var": 0.115917481482
    },
    "silence_rate_60dB": {
        "dmean": 0.0061343992129,
        "dmean2": 0.0122699383646,
        "dvar": 0.00609727622941,
        "dvar2": 0.013608623296,
        "max": 1,
        "mean": 0.0691449791193,
        "median": 0,
        "min": 0,
        "var": 0.0643656030297
    },
    "spectral_centroid": {
        "dmean": 137.990234375,
        "dmean2": 219.607635498,
        "dvar": 46793.2382812,
        "dvar2": 101335.085938,
        "max": 11388.5361328,
        "mean": 696.294128418,
        "median": 570.290161133,
        "min": 135.735641479,
        "var": 354593.78125
    },
    "spectral_complexity": {
        "dmean": 3.24807143211,
        "dmean2": 5.45064115524,
        "dvar": 17.8683624268,
        "dvar2": 46.3209381104,
        "max": 43,
        "mean": 11.8584575653,
        "median": 11,
        "min": 0,
        "var": 37.9406242371
    },
    "spectral_decrease": {
        "dmean": 1.18582068609e-08,
        "dmean2": 2.00543865958e-08,
        "dvar": 6.3492054479e-16,
        "dvar2": 1.68710158962e-15,
        "max": 1.28358187264e-28,
        "mean": -1.57358055475e-08,
        "median": -9.46347444852e-09,
        "min": -1.73144371729e-07,
        "var": 5.1573707988e-16
    },
    "spectral_energy": {
        "dmean": 0.0453212894499,
        "dmean2": 0.0766659900546,
        "dvar": 0.00923358928412,
        "dvar2": 0.0245424807072,
        "max": 0.660993099213,
        "mean": 0.0605322346091,
        "median": 0.0366172492504,
        "min": 1.00684343381e-20,
        "var": 0.00750656053424
    },
    "spectral_energyband_high": {
        "dmean": 0.000197438886971,
        "dmean2": 0.000308171205688,
        "dvar": 4.3232401481e-07,
        "dvar2": 8.68428855938e-07,
        "max": 0.0242790151387,
        "mean": 0.00031704432331,
        "median": 0.000115707989607,
        "min": 7.23029041469e-21,
        "var": 9.91674824036e-07
    },
    "spectral_energyband_low": {
        "dmean": 0.0404107123613,
        "dmean2": 0.0684659555554,
        "dvar": 0.00881378911436,
        "dvar2": 0.0234283693135,
        "max": 0.609679102898,
        "mean": 0.0441311262548,
        "median": 0.0198081098497,
        "min": 1.92417547829e-23,
        "var": 0.00688766781241
    },
    "spectral_energyband_middle_high": {
        "dmean": 0.000547594041564,
        "dmean2": 0.000929501955397,
        "dvar": 7.89614716723e-07,
        "dvar2": 2.06176650863e-06,
        "max": 0.0175180565566,
        "mean": 0.00126458797604,
        "median": 0.000959272379987,
        "min": 1.43879272701e-21,
        "var": 1.33516971346e-06
    },
    "spectral_energyband_middle_low": {
        "dmean": 0.00855333730578,
        "dmean2": 0.0147871598601,
        "dvar": 0.000188876845641,
        "dvar2": 0.000514616083819,
        "max": 0.157019048929,
        "mean": 0.0173206776381,
        "median": 0.0129595473409,
        "min": 1.6078845698e-22,
        "var": 0.000263344758423
    },
    "spectral_entropy": {
        "dmean": 0.195259198546,
        "dmean2": 0.298194050789,
        "dvar": 0.0388739667833,
        "dvar2": 0.0839270949364,
        "max": 9.81408309937,
        "mean": 7.18873357773,
        "median": 7.18229961395,
        "min": 5.24666786194,
        "var": 0.195840537548
    },
    "spectral_flux": {
        "dmean": 0.0625704824924,
        "dmean2": 0.0998421907425,
        "dvar": 0.00986363086849,
        "dvar2": 0.0187548492104,
        "max": 0.680562794209,
        "mean": 0.119951836765,
        "median": 0.078446239233,
        "min": 6.62122648376e-11,
        "var": 0.0146882645786
    },
    "spectral_kurtosis": {
        "dmean": 2.32986783981,
        "dmean2": 3.93044137955,
        "dvar": 11.7503433228,
        "dvar2": 35.9851989746,
        "max": 78.8994293213,
        "mean": 6.23257923126,
        "median": 5.24494934082,
        "min": -1.22661328316,
        "var": 23.0788784027
    },
    "spectral_rms": {
        "dmean": 0.0021063813474,
        "dmean2": 0.00337185198441,
        "dvar": 1.12186135084e-05,
        "dvar2": 2.78063562291e-05,
        "max": 0.0253943167627,
        "mean": 0.00661835214123,
        "median": 0.00597696751356,
        "min": 3.13414463653e-12,
        "var": 1.52532693392e-05
    },
    "spectral_rolloff": {
        "dmean": 130.528808594,
        "dmean2": 224.00390625,
        "dvar": 251647.3125,
        "dvar2": 579423.125,
        "max": 19272.2167969,
        "mean": 454.586486816,
        "median": 258.3984375,
        "min": 64.599609375,
        "var": 1080401.125
    },
    "spectral_skewness": {
        "dmean": 0.297853559256,
        "dmean2": 0.48443159461,
        "dvar": 0.114055775106,
        "dvar2": 0.320724606514,
        "max": 6.2891125679,
        "mean": 1.85763895512,
        "median": 1.81823587418,
        "min": -0.10345633328,
        "var": 0.308412522078
    },
    "spectral_spread": {
        "dmean": 444890.65625,
        "dmean2": 629984.9375,
        "dvar": 392265957376,
        "dvar2": 720152100864,
        "max": 41137428,
        "mean": 4552740,
        "median": 4483790.5,
        "min": 817237.9375,
        "var": 3.96380130509e+12
    },
    "spectral_strongpeak": {
        "dmean": 0.270201146603,
        "dmean2": 0.463900834322,
        "dvar": 0.111851535738,
        "dvar2": 0.284061193466,
        "max": 5.17176961899,
        "mean": 0.537736177444,
        "median": 0.385975420475,
        "min": 0,
        "var": 0.232007607818
    },
    "zerocrossingrate": {
        "dmean": 0.00660085072741,
        "dmean2": 0.0079748975113,
        "dvar": 7.80785849201e-05,
        "dvar2": 0.000113782327389,
        "max": 0.5234375,
        "mean": 0.0305149015039,
        "median": 0.025390625,
        "min": 0.001953125,
        "var": 0.000871439930052
    },
    "barkbands": {
        "dmean": [0.000720741285477, 0.0290098637342, 0.0116440001875, 0.00320768007077, 0.00387014239095, 0.00218147435226, 0.000898448808584, 0.000447710946901, 0.000260752800386, 0.000117585972475, 6.52842791169e-05, 6.46462431177e-05, 8.59522988321e-05, 7.14302223059e-05, 7.37519731047e-05, 5.97039725108e-05, 8.62860179041e-05, 6.08018526691e-05, 6.44021856715e-05, 6.61781887175e-05, 5.14035127708e-05, 4.74600674352e-05, 4.22056473326e-05, 2.26226929954e-05, 1.53511336975e-05, 5.33814591108e-06, 6.95566711784e-07],
        "dmean2": [0.00116991472896, 0.0479010976851, 0.0219707470387, 0.00573717011139, 0.00650222133845, 0.00389864086173, 0.00150844699237, 0.000761091243476, 0.000428096303949, 0.000196073378902, 0.000109751541459, 0.000107886437036, 0.000146719903569, 0.000119861360872, 0.00012585883087, 9.85698789009e-05, 0.000148383202031, 0.000103439168015, 0.000112863461254, 0.00011701520998, 8.98946527741e-05, 7.66269004089e-05, 6.39354184386e-05, 3.21043953591e-05, 2.33321370615e-05, 7.3984770097e-06, 1.03988827505e-06],
        "dvar": [1.5383701566e-06, 0.00410372717306, 0.000995712704025, 3.52643000952e-05, 3.36163138854e-05, 2.96783491649e-05, 4.5480337576e-06, 1.20166930628e-06, 2.24949801009e-07, 4.28497486382e-08, 1.14666471873e-08, 1.48828069868e-08, 3.23368567479e-08, 1.66568856486e-08, 1.79193069272e-08, 8.15018275091e-09, 1.85965784993e-08, 3.72929953585e-08, 1.90096862696e-08, 1.80410655304e-08, 1.19027969703e-08, 3.80463305305e-08, 8.03468367394e-08, 1.92516154129e-08, 2.20427898157e-09, 1.97526800472e-10, 1.89913276077e-12],
        "dvar2": [3.97050689571e-06, 0.0104234730825, 0.00287541002035, 9.82059063972e-05, 9.15040072869e-05, 8.29895579955e-05, 1.22884812299e-05, 3.24242091665e-06, 5.87736906255e-07, 1.10175889745e-07, 3.01036706674e-08, 3.78867213158e-08, 7.8132224246e-08, 4.20058405837e-08, 4.74586023813e-08, 2.1081598689e-08, 4.93701612925e-08, 7.64970593536e-08, 4.82043454042e-08, 4.88017839473e-08, 3.09656087438e-08, 8.18449450435e-08, 1.6871976527e-07, 3.93027654866e-08, 4.92032414812e-09, 3.73351460858e-10, 3.67230551523e-12],
        "max": [0.0154865318909, 0.512319028378, 0.217225790024, 0.0459679402411, 0.085930339992, 0.0712648108602, 0.0404050163925, 0.023607365787, 0.016380680725, 0.00485177803785, 0.00164348818362, 0.00241993460804, 0.00848940666765, 0.00360840326175, 0.00328983971849, 0.00193395128008, 0.0022517205216, 0.0106286834925, 0.00385047309101, 0.00232378905639, 0.00301802670583, 0.00617284746841, 0.0106937009841, 0.00596724590287, 0.00160039181355, 0.000722967495676, 5.16856562172e-05],
        "mean": [0.00105258030817, 0.0301320645958, 0.0104870703071, 0.00399658549577, 0.00719693629071, 0.00336949736811, 0.00144503102638, 0.000772604369558, 0.000459306669654, 0.000204040945391, 0.00010675759404, 0.000108939682832, 0.000121631201182, 0.000119769807498, 0.000119412834465, 0.00016171837342, 0.000144800054841, 8.50624783197e-05, 9.74855429376e-05, 7.41885814932e-05, 6.43657622277e-05, 6.79749937262e-05, 6.85710911057e-05, 3.74552400899e-05, 2.61272780335e-05, 1.08089125206e-05, 1.57423721703e-06],
        "median": [0.000513619626872, 0.0114657077938, 0.00457349140197, 0.00216060644016, 0.00445727072656, 0.00103325385135, 0.000492227962241, 0.000165134217241, 0.000223979935981, 9.22932958929e-05, 5.84104927839e-05, 5.43435889995e-05, 4.56380294054e-05, 5.70044867345e-05, 4.80123489979e-05, 0.000100389916042, 8.49421703606e-05, 4.27493723691e-05, 5.45235561731e-05, 3.05083831336e-05, 2.60954257101e-05, 1.75360655703e-05, 1.43002043842e-05, 8.04738738225e-06, 1.21975081129e-05, 5.41464578419e-06, 6.15796352577e-07],
        "min": [1.28298599666e-25, 6.53709862837e-24, 9.32915485377e-25, 1.76031431658e-24, 1.98415714831e-23, 6.7573951359e-24, 1.39359820418e-23, 9.92675426315e-24, 2.71423276996e-23, 2.99738871209e-23, 1.71556704948e-23, 4.16288021246e-23, 3.35054627769e-23, 3.7075279254e-23, 6.20704537874e-23, 6.43757640988e-23, 1.25615572597e-22, 1.11389936608e-22, 1.80402656662e-22, 1.80094912556e-22, 3.22383546323e-22, 3.90914909764e-22, 4.10369582838e-22, 7.54448040988e-22, 1.02458516548e-21, 1.52953823684e-21, 1.99277482892e-21],
        "var": [2.04937214221e-06, 0.00354227935895, 0.000578655453864, 2.89792187687e-05, 6.48757195449e-05, 3.71193564206e-05, 6.621105058e-06, 2.87289731205e-06, 4.96181655762e-07, 1.08075482785e-07, 1.92915212693e-08, 3.07954017842e-08, 5.72296734447e-08, 3.43416175497e-08, 3.62300589529e-08, 3.10384926649e-08, 3.24904014803e-08, 5.6225950118e-08, 2.25802789799e-08, 1.6305289563e-08, 1.24827588266e-08, 7.13390164719e-08, 1.64046994655e-07, 3.87430176829e-08, 4.23735002641e-09, 5.24872478813e-10, 8.51315545836e-12]
    },
    "erbbands": {
        "dmean": [0.796618580818, 6.85873794556, 13.893904686, 12.2767286301, 10.2109394073, 16.2845668793, 11.0047063828, 20.5693283081, 17.1769676208, 9.87428283691, 8.19039535522, 6.21243333817, 4.28146934509, 3.02694177628, 2.45451974869, 2.85898900032, 3.86660504341, 2.9321398735, 4.56257152557, 2.72123384476, 3.92942142487, 4.42047405243, 3.27964711189, 3.17933273315, 3.34634637833, 3.23230195045, 2.3572602272, 1.96973884106, 1.77044260502, 1.68536031246, 1.04492628574, 0.570537924767, 0.323547512293, 0.175085425377, 0.108548432589, 0.0391475819051, 0.00694519560784, 0.00107802217826, 0.000130764427013, 5.30041834281e-05],
        "dmean2": [1.27813756466, 11.7131490707, 26.2865657806, 22.6636581421, 17.1979942322, 28.0167484283, 18.5358715057, 37.4763336182, 29.9781723022, 16.2606220245, 13.9500389099, 10.1270656586, 7.25839948654, 5.05061626434, 4.05611562729, 4.757335186, 6.55035638809, 4.85011100769, 7.73731231689, 4.73934602737, 6.46560764313, 7.72632360458, 5.54639720917, 5.42856740952, 5.95531129837, 5.73146057129, 4.10895109177, 3.40505003929, 2.94654583931, 2.62731194496, 1.58099782467, 0.803716361523, 0.476397693157, 0.266999512911, 0.16476584971, 0.0564759522676, 0.00899761915207, 0.00150677585043, 0.00019203251577, 8.8848573796e-05],
        "dvar": [2.61341953278, 253.664611816, 1467.82006836, 804.182250977, 266.522277832, 645.140563965, 429.266204834, 3265.35986328, 2073.80126953, 460.060180664, 428.484863281, 153.611190796, 60.8130187988, 33.1303977966, 15.5301980972, 28.6901321411, 70.2382049561, 26.4724998474, 76.51612854, 18.9381999969, 32.6700248718, 52.7442016602, 80.6030044556, 88.6767120361, 46.301574707, 45.2452812195, 20.0383472443, 27.7041149139, 47.9787635803, 96.0922775269, 54.318611145, 13.5362882614, 3.19571685791, 0.392077326775, 0.102520704269, 0.0113965449855, 0.000301470456179, 5.46779256183e-06, 4.93371423715e-08, 1.15752767371e-08],
        "dvar2": [6.01966905594, 676.112182617, 4251.93212891, 2291.56616211, 682.46282959, 1839.65869141, 1078.21789551, 9227.70117188, 5842.12353516, 1149.33654785, 1171.46276855, 398.811706543, 160.764511108, 85.2029418945, 38.7338905334, 73.1300506592, 169.697052002, 62.424243927, 202.729293823, 51.0029220581, 84.8263931274, 141.788696289, 172.041534424, 195.877578735, 122.978164673, 123.370704651, 53.242023468, 68.0929641724, 114.59513855, 198.716400146, 121.453674316, 27.3388881683, 6.71889543533, 0.899474263191, 0.225844368339, 0.0235448200256, 0.000546403462067, 1.0824551282e-05, 9.71580078613e-08, 3.06371994441e-08],
        "max": [13.6090812683, 124.826507568, 271.533050537, 216.296783447, 300.298919678, 383.53326416, 497.160003662, 761.256652832, 679.54675293, 561.506652832, 598.612426758, 471.92868042, 161.665939331, 168.749526978, 67.1285018921, 115.130371094, 390.626373291, 166.537475586, 166.838943481, 88.0797729492, 98.6905899048, 132.027984619, 472.625427246, 444.564117432, 126.645729065, 105.633140564, 66.9780807495, 206.153640747, 229.71434021, 414.674987793, 314.492401123, 168.005050659, 71.5431289673, 22.5399627686, 11.4785842896, 5.21089792252, 0.776476860046, 0.0756182968616, 0.00750149972737, 0.000958398624789],
        "mean": [0.865751504898, 6.71238327026, 12.2776689529, 14.5341815948, 15.8326950073, 27.2079200745, 25.8384952545, 27.9818897247, 24.9907474518, 18.4434356689, 13.9175596237, 11.3379859924, 7.74095630646, 5.1152305603, 4.6859703064, 5.03640365601, 5.71031284332, 5.37768268585, 7.73608350754, 5.1279335022, 11.0232934952, 7.35277843475, 5.19612836838, 4.89133262634, 4.07803010941, 3.62966132164, 3.06849694252, 2.35604643822, 2.36428928375, 2.62009811401, 1.68992578983, 0.9293358922, 0.529131174088, 0.283071368933, 0.185728028417, 0.0736462473869, 0.0151140419766, 0.00234858505428, 0.000287019531243, 8.01160567789e-05],
        "median": [0.289832949638, 2.52150321007, 5.0159201622, 8.66441917419, 8.52295875549, 15.6677875519, 10.1765365601, 9.19771385193, 8.59652900696, 6.95459461212, 4.45036220551, 5.613073349, 3.18863153458, 3.05455112457, 2.75492525101, 2.6145927906, 2.3804526329, 2.56800413132, 3.52579641342, 2.86997175217, 6.89218235016, 4.93804264069, 2.84049677849, 3.0166425705, 2.09371519089, 1.49539244175, 1.44472503662, 0.742696106434, 0.604450941086, 0.642174839973, 0.342015326023, 0.16837361455, 0.142949908972, 0.113170206547, 0.0888170972466, 0.036631885916, 0.00738925533369, 0.00111434131395, 0.000129059320898, 4.94856212754e-05],
        "min": [2.47109908632e-22, 7.2101159723e-22, 1.58273103932e-21, 8.13770027651e-21, 1.2233233048e-20, 5.07651695605e-20, 8.28064726456e-20, 7.25617373616e-20, 1.26387071292e-19, 1.89730210306e-19, 3.36923846684e-19, 6.03542252686e-19, 1.14445504228e-18, 9.61506885816e-19, 1.30071287211e-18, 1.90746112175e-18, 1.7305157116e-18, 2.1206985643e-18, 3.23742671924e-18, 3.63636951802e-18, 4.77190734651e-18, 7.68381636763e-18, 7.25418289337e-18, 6.47500067663e-18, 1.06647056344e-17, 8.33506310851e-18, 9.9484573866e-18, 9.85238945744e-18, 1.34649229389e-17, 1.27700548284e-17, 1.04691270504e-17, 1.41055701875e-17, 1.05374108099e-17, 9.1196703893e-18, 7.17764387129e-18, 4.28477447992e-18, 2.72505760614e-18, 1.12463196909e-18, 2.67287698515e-19, 2.81309618357e-20],
        "var": [2.65543580055, 195.971633911, 848.705749512, 519.713806152, 408.806274414, 1114.01611328, 2102.75195312, 3030.42358398, 2185.88378906, 1308.46008301, 879.689208984, 336.98651123, 157.462234497, 59.7791938782, 33.5854415894, 66.8564224243, 119.586486816, 71.8505554199, 143.635360718, 43.4911613464, 134.055755615, 67.353187561, 126.958061218, 117.981193542, 42.212020874, 39.782459259, 21.0516796112, 31.9038314819, 75.9108352661, 201.735412598, 100.272537231, 27.2533073425, 6.35446119308, 0.704293012619, 0.202181875706, 0.0260290689766, 0.000902497966308, 1.60867348313e-05, 2.2055446891e-07, 1.07329602983e-08]
    },
    "gfcc": {
        "mean": [-33.3017082214, 121.654243469, -82.2930221558, 44.4327735901, -38.820148468, 4.42596626282, -35.1164741516, 8.74602222443, -18.7873592377, 3.42854070663, -15.7896261215, 1.35086035728, -6.96864318848],
        "cov": [[12537.1201172, -1081.58642578, 1867.82080078, 880.271789551, -973.854003906, 1126.26550293, -521.228759766, 156.25038147, -94.7928466797, 311.291900635, -152.655151367, 236.896057129, -176.494033813], [-1081.58642578, 1214.6439209, -457.071105957, -199.228897095, 382.923400879, -317.806732178, 156.707946777, -112.710205078, 78.8885421753, -116.71421814, 92.6383132935, -96.072593689, 97.7008209229], [1867.82080078, -457.071105957, 1074.61865234, 295.640899658, -130.306854248, 443.085235596, -74.8324890137, 94.7929382324, -57.5760116577, 94.4612045288, -20.988948822, 81.4737625122, -41.4778022766], [880.271789551, -199.228897095, 295.640899658, 345.332427979, -5.90058994293, 159.885498047, 15.5587081909, 54.6380691528, 1.07209968567, 7.10702371597, -0.0669130086899, 13.5508937836, 7.42794847488], [-973.854003906, 382.923400879, -130.306854248, -5.90058994293, 349.159576416, -106.281539917, 101.119239807, 17.0741481781, 24.5404872894, -47.9602813721, 34.103931427, -43.2695388794, 51.1678657532], [1126.26550293, -317.806732178, 443.085235596, 159.885498047, -106.281539917, 318.81427002, -24.2451534271, 42.0144538879, -18.0636768341, 61.8425140381, -12.5724630356, 45.5533561707, -33.2154197693], [-521.228759766, 156.707946777, -74.8324890137, 15.5587081909, 101.119239807, -24.2451534271, 151.650192261, 9.91148853302, 25.2807350159, -8.71426391602, 38.4284858704, -29.4002513885, 22.880865097], [156.25038147, -112.710205078, 94.7929382324, 54.6380691528, 17.0741481781, 42.0144538879, 9.91148853302, 110.060707092, 10.6905269623, 22.186870575, -8.27233409882, 7.40152645111, -6.36853027344], [-94.7928466797, 78.8885421753, -57.5760116577, 1.07209968567, 24.5404872894, -18.0636768341, 25.2807350159, 10.6905269623, 93.4381561279, 16.3576412201, 10.0375766754, -6.97453308105, 16.2933158875], [311.291900635, -116.71421814, 94.4612045288, 7.10702371597, -47.9602813721, 61.8425140381, -8.71426391602, 22.186870575, 16.3576412201, 78.8698043823, 12.0686569214, 12.6282339096, -14.3322410583], [-152.655151367, 92.6383132935, -20.988948822, -0.0669130086899, 34.103931427, -12.5724630356, 38.4284858704, -8.27233409882, 10.0375766754, 12.0686569214, 72.7234725952, 15.8850479126, 10.1764917374], [236.896057129, -96.072593689, 81.4737625122, 13.5508937836, -43.2695388794, 45.5533561707, -29.4002513885, 7.40152645111, -6.97453308105, 12.6282339096, 15.8850479126, 66.5198745728, 6.00038862228], [-176.494033813, 97.7008209229, -41.4778022766, 7.42794847488, 51.1678657532, -33.2154197693, 22.880865097, -6.36853027344, 16.2933158875, -14.3322410583, 10.1764917374, 6.00038862228, 51.6474075317]],
        "icov": [[0.000240473455051, -0.000519530731253, 3.70835477952e-05, -0.000647955399472, 0.000656866002828, -0.000502619135659, 0.000579435261898, -0.000328877766151, 0.000319814949762, -0.000790066900663, 0.000582316948567, -0.000436074857134, 0.000272049364867], [-0.000519530731253, 0.00366396224126, -0.00052913359832, 0.00257313367911, -0.00292503018863, 0.00172164803371, -0.00133342703339, 0.00232008984312, -0.00238918629475, 0.00407686922699, -0.00405203877017, 0.00349109666422, -0.00234169024043], [3.70835477952e-05, -0.00052913359832, 0.00265532569028, -0.00107216357719, -3.15017791763e-06, -0.00307183014229, 0.000995409209281, -0.00100685947109, 0.0015049141366, -0.00146034965292, 0.000597573933192, -0.000983645906672, -6.68371149004e-06], [-0.000647955399472, 0.00257313367911, -0.00107216357719, 0.00695113046095, -0.00216271635145, -0.000298338447465, -0.00168032385409, -6.51836380712e-05, -0.00218692328781, 0.00553886499256, -0.00407411437482, 0.00400819163769, -0.00369139178656], [0.000656866002828, -0.00292503018863, -3.15017791763e-06, -0.00216271635145, 0.00759972818196, -0.000983388628811, 0.000251772347838, -0.0036710742861, 0.00175463815685, -0.00114802806638, 0.000931513030082, 0.000353301555151, -0.00173606304452], [-0.000502619135659, 0.00172164803371, -0.00307183014229, -0.000298338447465, -0.000983388628811, 0.0108900954947, -0.00364404753782, 0.00228798249736, -0.00133921392262, -0.0009365863516, 0.000849079340696, -0.00227493420243, 0.00273549673147], [0.000579435261898, -0.00133342703339, 0.000995409209281, -0.00168032385409, 0.000251772347838, -0.00364404753782, 0.012867490761, -0.00282266410068, 1.26451823235e-05, -0.00065200496465, -0.00535267684609, 0.00545571791008, -0.00286209746264], [-0.000328877766151, 0.00232008984312, -0.00100685947109, -6.51836380712e-05, -0.0036710742861, 0.00228798249736, -0.00282266410068, 0.0136857880279, -0.00275859795511, -0.00132957426831, 0.00189987453632, -0.00163210695609, 0.00205108174123], [0.000319814949762, -0.00238918629475, 0.0015049141366, -0.00218692328781, 0.00175463815685, -0.00133921392262, 1.26451823235e-05, -0.00275859795511, 0.0150655843318, -0.0074170040898, 0.00255654146895, -0.000967450265307, -0.0030121083837], [-0.000790066900663, 0.00407686922699, -0.00146034965292, 0.00553886499256, -0.00114802806638, -0.0009365863516, -0.00065200496465, -0.00132957426831, -0.0074170040898, 0.0255155358464, -0.0111547866836, 0.00623327679932, -0.000827322946861], [0.000582316948567, -0.00405203877017, 0.000597573933192, -0.00407411437482, 0.000931513030082, 0.000849079340696, -0.00535267684609, 0.00189987453632, 0.00255654146895, -0.0111547866836, 0.0270584244281, -0.0149484639987, 0.00545298913494], [-0.000436074857134, 0.00349109666422, -0.000983645906672, 0.00400819163769, 0.000353301555151, -0.00227493420243, 0.00545571791008, -0.00163210695609, -0.000967450265307, 0.00623327679932, -0.0149484639987, 0.0297981332988, -0.0123735861853], [0.000272049364867, -0.00234169024043, -6.68371149004e-06, -0.00369139178656, -0.00173606304452, 0.00273549673147, -0.00286209746264, 0.00205108174123, -0.0030121083837, -0.000827322946861, 0.00545298913494, -0.0123735861853, 0.0313308499753]]
    },
    "melbands": {
        "dmean": [0.00765732815489, 0.0079380357638, 0.00203149020672, 0.000947440799791, 0.000442465272499, 0.000450103165349, 0.000245050614467, 0.000104008780909, 6.40795842628e-05, 3.61792153853e-05, 2.12655668292e-05, 1.26789018395e-05, 8.69743234944e-06, 7.74021464167e-06, 8.08942422736e-06, 7.43960845284e-06, 5.62462219023e-06, 8.05174113339e-06, 4.7350231398e-06, 3.30603984366e-06, 5.20365347256e-06, 4.86769431518e-06, 4.32223896496e-06, 2.85730607175e-06, 2.61548370872e-06, 2.39931387114e-06, 2.58054546975e-06, 2.08569917959e-06, 1.49613993017e-06, 1.16930868899e-06, 1.28761632823e-06, 1.10890653104e-06, 8.13697454305e-07, 1.04611160623e-06, 6.99704912677e-07, 4.09096315934e-07, 3.60501957175e-07, 2.61104077026e-07, 1.74265849751e-07, 1.38708955433e-07],
        "dmean2": [0.0124018201604, 0.0145493969321, 0.00370124238543, 0.00160784670152, 0.000744730175938, 0.000816195912194, 0.000424033496529, 0.000171574938577, 0.000108825413918, 5.88485709159e-05, 3.61163220077e-05, 2.11548067455e-05, 1.44756722875e-05, 1.29337049657e-05, 1.36022363222e-05, 1.26003887999e-05, 9.32704551815e-06, 1.36145017677e-05, 8.19252727524e-06, 5.61858678338e-06, 8.57012310007e-06, 8.55519010656e-06, 7.26174539523e-06, 4.9009236136e-06, 4.48073160442e-06, 4.21267486672e-06, 4.66999927085e-06, 3.70491397916e-06, 2.58704108091e-06, 2.05600031222e-06, 2.24138398153e-06, 1.87215005099e-06, 1.302535793e-06, 1.62699018347e-06, 1.07667108296e-06, 6.2787466959e-07, 5.14993871548e-07, 3.91014424395e-07, 2.65698929525e-07, 2.16163670075e-07],
        "dvar": [0.000261884881184, 0.000433932757005, 1.91790368262e-05, 2.20097035708e-06, 5.21210779425e-07, 1.50362620843e-06, 4.00364172037e-07, 5.22441467865e-08, 2.4165871082e-08, 4.93791851852e-09, 1.50746481964e-09, 5.82516701542e-10, 1.87471704827e-10, 2.0926901878e-10, 2.31579380672e-10, 2.56971194323e-10, 1.02453226458e-10, 2.46664355608e-10, 6.88776188862e-11, 3.17495474356e-11, 5.92254995047e-11, 6.72752686892e-11, 5.94149104916e-11, 1.0342902923e-10, 6.64186552979e-11, 1.95181839441e-11, 3.00512080498e-11, 2.00151197699e-11, 7.43199859293e-12, 5.53419029353e-12, 1.64967952493e-11, 1.90708872305e-11, 1.34821667719e-11, 4.29007419867e-11, 2.65479548067e-11, 6.47549592073e-12, 6.3899619103e-12, 2.28008172239e-12, 5.31777801047e-13, 2.14617576098e-13],
        "dvar2": [0.000632517971098, 0.00123075873125, 5.44016475033e-05, 6.04637352808e-06, 1.3267159602e-06, 4.24766267315e-06, 1.11909093903e-06, 1.3276097377e-07, 6.61837518123e-08, 1.28088899487e-08, 3.98773547516e-09, 1.49324486109e-09, 4.79390638297e-10, 5.33206645503e-10, 5.79376990828e-10, 6.01978633608e-10, 2.42264625028e-10, 6.51335374524e-10, 1.85205878411e-10, 8.20229578702e-11, 1.53960955096e-10, 1.80666884231e-10, 1.460642024e-10, 2.14124731834e-10, 1.50427906243e-10, 5.04964126069e-11, 8.11281319901e-11, 5.49268269756e-11, 1.95665098707e-11, 1.46489851499e-11, 4.04153203959e-11, 4.80119347057e-11, 2.7584424328e-11, 9.0570093092e-11, 6.2480992602e-11, 1.45373331428e-11, 1.33541008113e-11, 4.89644696317e-12, 1.21273542424e-12, 5.01788010015e-13],
        "max": [0.135540008545, 0.141358703375, 0.0321737751365, 0.0232087876648, 0.0144108971581, 0.0167958047241, 0.0097518125549, 0.00528219528496, 0.00465803686529, 0.00262638251297, 0.000808907963801, 0.000726068392396, 0.000243298447458, 0.000283169851173, 0.000543345755432, 0.000776089727879, 0.000364095438272, 0.000273129960988, 0.000194453707081, 0.000191800689208, 0.000129786407342, 0.000185217752005, 0.000260096974671, 0.00053862441564, 0.000364985025954, 0.000120653930935, 8.52937519085e-05, 7.35923895263e-05, 3.75552917831e-05, 5.14146086061e-05, 0.000184992211871, 0.00014672895486, 0.000136475660838, 0.000251626479439, 0.000232302598306, 9.85053629847e-05, 0.000119901509606, 6.00361818215e-05, 2.64485152002e-05, 1.56861206051e-05],
        "mean": [0.0082392450422, 0.0075150988996, 0.00250871572644, 0.0015865911264, 0.0010007590754, 0.000626319961157, 0.000363577652024, 0.00019374366093, 0.000106996398245, 6.52144517517e-05, 3.69484005205e-05, 2.06690911e-05, 1.51008798639e-05, 1.38121104101e-05, 1.25457636386e-05, 1.08768381324e-05, 9.93718367681e-06, 1.30086018544e-05, 7.54810844228e-06, 7.19488571121e-06, 1.40827951327e-05, 7.20686284694e-06, 7.046950941e-06, 3.56620034836e-06, 4.02709565606e-06, 3.71579358216e-06, 2.43335966843e-06, 2.3715547286e-06, 1.98050656763e-06, 1.45964372678e-06, 1.41338364301e-06, 1.36990570354e-06, 1.22962592286e-06, 1.58368459324e-06, 1.08116603315e-06, 6.02044224252e-07, 5.67784013583e-07, 4.06552857157e-07, 2.71873517477e-07, 2.20344389845e-07],
        "median": [0.00302760815248, 0.00325141358189, 0.00157485436648, 0.000930042588152, 0.000465553370304, 0.00020359485643, 0.000120995144243, 6.64459221298e-05, 3.68821274606e-05, 3.28746100422e-05, 1.39433595905e-05, 1.20160775623e-05, 8.84795463207e-06, 7.0930586844e-06, 5.85171483181e-06, 4.36480695498e-06, 4.58030444861e-06, 5.6360677263e-06, 3.24478924085e-06, 4.86890985485e-06, 8.3420163719e-06, 4.24025984103e-06, 3.64068773706e-06, 1.52935649567e-06, 2.41852239924e-06, 1.94720632862e-06, 8.13366568764e-07, 9.55501036515e-07, 9.6386304449e-07, 5.72513613406e-07, 3.63577726148e-07, 3.30713334051e-07, 3.16143598411e-07, 3.56575867499e-07, 2.12062545302e-07, 1.04818710156e-07, 9.8776652635e-08, 1.00938379433e-07, 9.71141673745e-08, 9.26686141156e-08],
        "min": [3.27210687965e-24, 8.42690604026e-25, 1.94639654614e-24, 2.33562110842e-24, 2.96547191263e-24, 1.49240058709e-24, 2.27982813204e-24, 1.59935385558e-24, 2.32438437648e-24, 3.32146294826e-24, 5.54326602199e-24, 3.33373801838e-24, 3.45931796917e-24, 4.99725594644e-24, 4.64020093466e-24, 3.76628110233e-24, 3.41264461928e-24, 5.20228838989e-24, 4.42266583473e-24, 4.28746888064e-24, 5.17993286069e-24, 7.21799524124e-24, 6.33135857669e-24, 5.22507660929e-24, 5.00074547266e-24, 6.30442804868e-24, 6.78987963911e-24, 4.60867726403e-24, 4.62199560269e-24, 7.15796292635e-24, 4.94552836473e-24, 7.07653354827e-24, 5.63555722587e-24, 7.50114108595e-24, 4.97449454831e-24, 6.99284250597e-24, 8.76927995616e-24, 6.25352640434e-24, 7.33012471917e-24, 6.59028086958e-24],
        "var": [0.000247489311732, 0.00027423951542, 1.29218906295e-05, 3.67836719306e-06, 2.13191242437e-06, 1.45432875343e-06, 4.44919550091e-07, 1.53337651909e-07, 4.77275214905e-08, 1.09209867816e-08, 3.87946341718e-09, 1.07585074183e-09, 3.53129331332e-10, 4.52883730517e-10, 4.12418238449e-10, 4.7640891232e-10, 2.6585755819e-10, 4.39701552946e-10, 1.28825491941e-10, 8.10168807042e-11, 2.35346186983e-10, 8.78718625641e-11, 1.12388452711e-10, 1.3848804048e-10, 8.3931465944e-11, 2.59501014427e-11, 2.38665528313e-11, 1.74727038393e-11, 8.33377117315e-12, 5.55700537669e-12, 1.81814164418e-11, 2.53712831993e-11, 2.85176136178e-11, 8.7484623712e-11, 4.55941048805e-11, 1.07720273673e-11, 1.18241744521e-11, 4.35890082709e-12, 9.20299643783e-13, 3.67426493961e-13]
    },
    "mfcc": {
        "mean": [-683.48449707, 147.534759521, 22.396156311, 43.3972129822, 18.5775432587, 7.58621358871, -0.809660971165, 4.126537323, 3.20895957947, 0.568439722061, -0.0305192396045, 0.524725973606, 2.32899904251],
        "cov": [[7452.18310547, -13.9811935425, 856.623168945, 452.749511719, -231.546035767, 452.235656738, -76.001914978, -38.9149055481, 25.6829109192, 60.3015441895, 79.6672286987, 6.16970539093, 24.3439788818], [-13.9811935425, 998.402648926, -133.350830078, 60.0659790039, 131.322952271, 1.36716258526, 44.8026542664, -3.97793531418, 14.0078496933, -12.1111917496, 9.52164649963, 2.49900889397, 2.35753750801], [856.623168945, -133.350830078, 522.947143555, 113.436981201, -28.7355899811, 185.088684082, 53.8647079468, 28.7705211639, 18.0291996002, 1.54128825665, 26.1846618652, 2.86060404778, 15.8620214462], [452.749511719, 60.0659790039, 113.436981201, 283.998168945, 84.1273040771, 61.8425521851, 79.0855941772, 46.7950286865, 56.3489112854, 21.2725009918, 7.09414958954, 1.68487489223, 25.9921150208], [-231.546035767, 131.322952271, -28.7355899811, 84.1273040771, 162.78427124, 14.5077352524, 37.7794914246, 32.1617012024, 31.6165275574, -0.0961749330163, -8.17826271057, -3.25107693672, 7.01680850983], [452.235656738, 1.36716258526, 185.088684082, 61.8425521851, 14.5077352524, 183.529403687, 56.4598312378, 19.7322177887, 17.257358551, 6.35454750061, 28.1604709625, 10.5433568954, 2.99111366272], [-76.001914978, 44.8026542664, 53.8647079468, 79.0855941772, 37.7794914246, 56.4598312378, 143.022567749, 38.1978683472, 21.2515850067, 2.58263444901, 21.1527004242, 10.5045108795, 11.7004070282], [-38.9149055481, -3.97793531418, 28.7705211639, 46.7950286865, 32.1617012024, 19.7322177887, 38.1978683472, 73.8853378296, 28.9984550476, -0.569045484066, 2.65549349785, 7.01190853119, 15.2324476242], [25.6829109192, 14.0078496933, 18.0291996002, 56.3489112854, 31.6165275574, 17.257358551, 21.2515850067, 28.9984550476, 88.6861801147, 30.8730487823, 8.58116722107, 6.30680847168, 7.79148483276], [60.3015441895, -12.1111917496, 1.54128825665, 21.2725009918, -0.0961749330163, 6.35454750061, 2.58263444901, -0.569045484066, 30.8730487823, 69.9744949341, 26.7500171661, -3.10020136833, 1.93350243568], [79.6672286987, 9.52164649963, 26.1846618652, 7.09414958954, -8.17826271057, 28.1604709625, 21.1527004242, 2.65549349785, 8.58116722107, 26.7500171661, 71.4984130859, 21.8362560272, -2.4108273983], [6.16970539093, 2.49900889397, 2.86060404778, 1.68487489223, -3.25107693672, 10.5433568954, 10.5045108795, 7.01190853119, 6.30680847168, -3.10020136833, 21.8362560272, 51.5910758972, 18.4103507996], [24.3439788818, 2.35753750801, 15.8620214462, 25.9921150208, 7.01680850983, 2.99111366272, 11.7004070282, 15.2324476242, 7.79148483276, 1.93350243568, -2.4108273983, 18.4103507996, 54.7095146179]],
