{
"lowlevel": {
    "average_loudness": 0.958087384701,
    "barkbands_crest": {
        "dmean": 2.54725050926,
        "dmean2": 3.98080611229,
        "dvar": 6.9836435318,
        "dvar2": 16.1293029785,
        "max": 26.9427185059,
        "mean": 13.3499698639,
        "median": 12.5991897583,
        "min": 2.72406125069,
        "var": 20.539686203
    },
    "barkbands_flatness_db": {
        "dmean": 0.0494217164814,
        "dmean2": 0.0646176338196,
        "dvar": 0.00340293301269,
        "dvar2": 0.00589989637956,
        "max": 0.634561538696,
        "mean": 0.298001646996,
        "median": 0.295530319214,
        "min": 0.0149463750422,
        "var": 0.015456661582
    },
    "barkbands_kurtosis": {
        "dmean": 17.4424324036,
        "dmean2": 24.990530014,
        "dvar": 3727.03271484,
        "dvar2": 4581.26953125,
        "max": 4029.67431641,
        "mean": 31.0396099091,
        "median": 14.3730688095,
        "min": -1.93382263184,
        "var": 13430.5957031
    },
    "barkbands_skewness": {
        "dmean": 1.09846138954,
        "dmean2": 1.61085510254,
        "dvar": 2.02734518051,
        "dvar2": 4.20766830444,
        "max": 43.61145401,
        "mean": 2.84055089951,
        "median": 2.60963821411,
        "min": -21.5107822418,
        "var": 6.93742656708
    },
    "barkbands_spread": {
        "dmean": 4.80820512772,
        "dmean2": 7.30148077011,
        "dvar": 83.1179122925,
        "dvar2": 177.20475769,
        "max": 131.136672974,
        "mean": 9.64253139496,
        "median": 4.86821079254,
        "min": 0.0242209844291,
        "var": 190.717575073
    },
    "dissonance": {
        "dmean": 0.0448786504567,
        "dmean2": 0.0720171332359,
        "dvar": 0.00184573896695,
        "dvar2": 0.00458119576797,
        "max": 0.500000238419,
        "mean": 0.387540996075,
        "median": 0.399194985628,
        "min": 0.0562623776495,
        "var": 0.00528119085357
    },
    "dynamic_complexity": 5.2335319519,
    "erbbands_crest": {
        "dmean": 3.07746553421,
        "dmean2": 4.58856153488,
        "dvar": 11.5215187073,
        "dvar2": 23.2055969238,
        "max": 33.5350837708,
        "mean": 14.2406425476,
        "median": 13.2633152008,
        "min": 2.59910821915,
        "var": 44.4181480408
    },
    "erbbands_flatness_db": {
        "dmean": 0.0409461967647,
        "dmean2": 0.0507651902735,
        "dvar": 0.0023572803475,
        "dvar2": 0.00401065219194,
        "max": 0.621641159058,
        "mean": 0.243440896273,
        "median": 0.255535334349,
        "min": 0.0398042351007,
        "var": 0.00944505538791
    },
    "erbbands_kurtosis": {
        "dmean": 7.02598047256,
        "dmean2": 10.0136156082,
        "dvar": 388.91607666,
        "dvar2": 612.163879395,
        "max": 449.19543457,
        "mean": 10.7467699051,
        "median": 1.83673000336,
        "min": -1.8447701931,
        "var": 1138.40087891
    },
    "erbbands_skewness": {
        "dmean": 0.7659278512,
        "dmean2": 1.05548906326,
        "dvar": 1.03418517113,
        "dvar2": 1.93064844608,
        "max": 15.7409563065,
        "mean": 1.43620550632,
        "median": 1.12869215012,
        "min": -6.58204364777,
        "var": 3.62872409821
    },
    "erbbands_spread": {
        "dmean": 10.7372303009,
        "dmean2": 15.5016746521,
        "dvar": 241.620880127,
        "dvar2": 513.294006348,
        "max": 150.998306274,
        "mean": 27.1249847412,
        "median": 20.32670784,
        "min": 0.179960250854,
        "var": 526.899902344
    },
    "hfc": {
        "dmean": 7.13049888611,
        "dmean2": 11.0140790939,
        "dvar": 230.380508423,
        "dvar2": 588.364318848,
        "max": 131.990280151,
        "mean": 12.2730751038,
        "median": 8.77733898163,
        "min": 1.04337710349e-16,
        "var": 249.473983765
    },
    "melbands_crest": {
        "dmean": 3.11831951141,
        "dmean2": 4.87128067017,
        "dvar": 10.2814655304,
        "dvar2": 24.2479515076,
        "max": 33.988117218,
        "mean": 18.2083263397,
        "median": 18.5344467163,
        "min": 1.60477042198,
        "var": 34.1335029602
    },
    "melbands_flatness_db": {
        "dmean": 0.055271871388,
        "dmean2": 0.0713553652167,
        "dvar": 0.00444652559236,
        "dvar2": 0.00746164983138,
        "max": 0.773375868797,
        "mean": 0.402967870235,
        "median": 0.403794437647,
        "min": 0.00259375735186,
        "var": 0.023857427761
    },
    "melbands_kurtosis": {
        "dmean": 20.2760448456,
        "dmean2": 31.1837100983,
        "dvar": 1281.3770752,
        "dvar2": 2980.86547852,
        "max": 810.389648438,
        "mean": 33.1011047363,
        "median": 17.3974761963,
        "min": -1.94012510777,
        "var": 2276.81811523
    },
    "melbands_skewness": {
        "dmean": 1.22250401974,
        "dmean2": 1.76436603069,
        "dvar": 2.25691390038,
        "dvar2": 4.97703313828,
        "max": 18.7717151642,
        "mean": 3.24383711815,
        "median": 2.84409618378,
        "min": -10.1607761383,
        "var": 6.67076873779
    },
    "melbands_spread": {
        "dmean": 4.25668334961,
        "dmean2": 6.35700702667,
        "dvar": 99.4846420288,
        "dvar2": 196.318496704,
        "max": 266.603759766,
        "mean": 11.3559617996,
        "median": 4.4084444046,
        "min": 0.188455581665,
        "var": 574.646850586
    },
    "pitch_salience": {
        "dmean": 0.0802280083299,
        "dmean2": 0.125886246562,
        "dvar": 0.00726234400645,
        "dvar2": 0.0181094966829,
        "max": 0.970294773579,
        "mean": 0.438066363335,
        "median": 0.421744465828,
        "min": 0.0110374512151,
        "var": 0.0197914391756
    },
    "silence_rate_20dB": {
        "dmean": 0,
        "dmean2": 0,
        "dvar": 0,
        "dvar2": 0,
        "max": 1,
        "mean": 1,
        "median": 1,
        "min": 1,
        "var": 0
    },
    "silence_rate_30dB": {
        "dmean": 0.0817160382867,
        "dmean2": 0.163447245955,
        "dvar": 0.0750320926309,
        "dvar2": 0.180577114224,
        "max": 1,
        "mean": 0.936211705208,
        "median": 1,
        "min": 0,
        "var": 0.0597217790782
    },
    "silence_rate_60dB": {
        "dmean": 0.0510725229979,
        "dmean2": 0.102154530585,
        "dvar": 0.0484577715397,
        "dvar2": 0.0965486168861,
        "max": 1,
        "mean": 0.177808731794,
        "median": 0,
        "min": 0,
        "var": 0.146195873618
    },
    "spectral_centroid": {
        "dmean": 164.868087769,
        "dmean2": 245.168045044,
        "dvar": 154630.28125,
        "dvar2": 301328.1875,
        "max": 11752.7441406,
        "mean": 779.6796875,
        "median": 382.042907715,
        "min": 123.468421936,
        "var": 2656075.25
    },
    "spectral_complexity": {
        "dmean": 2.19258975983,
        "dmean2": 3.27377414703,
        "dvar": 15.3316583633,
        "dvar2": 31.0572681427,
        "max": 56,
        "mean": 7.05023193359,
        "median": 6,
        "min": 0,
        "var": 32.127784729
    },
    "spectral_decrease": {
        "dmean": 5.11240028089e-09,
        "dmean2": 7.6142665506e-09,
        "dvar": 6.77861409446e-17,
        "dvar2": 1.50928023076e-16,
        "max": 4.46418293667e-20,
        "mean": -1.13508979993e-08,
        "median": -8.01446731202e-09,
        "min": -6.97535114114e-08,
        "var": 1.31605679537e-16
    },
    "spectral_energy": {
        "dmean": 0.0198198426515,
        "dmean2": 0.0294898170978,
        "dvar": 0.00101897993591,
        "dvar2": 0.00227823969908,
        "max": 0.268085390329,
        "mean": 0.04395391047,
        "median": 0.0313806310296,
        "min": 9.86600288577e-21,
        "var": 0.0019580561202
    },
    "spectral_energyband_high": {
        "dmean": 0.000383770413464,
        "dmean2": 0.000631130591501,
        "dvar": 1.03144702734e-06,
        "dvar2": 2.63871447714e-06,
        "max": 0.0105015421286,
        "mean": 0.000327797519276,
        "median": 5.03165347254e-06,
        "min": 7.01051401893e-21,
        "var": 9.21755827221e-07
    },
    "spectral_energyband_low": {
        "dmean": 0.0153340632096,
        "dmean2": 0.022870240733,
        "dvar": 0.0006870260695,
        "dvar2": 0.00151284632739,
        "max": 0.235404446721,
        "mean": 0.028953300789,
        "median": 0.0119122024626,
        "min": 8.24379051934e-24,
        "var": 0.00126617483329
    },
    "spectral_energyband_middle_high": {
        "dmean": 0.000980382901616,
        "dmean2": 0.0013938365737,
        "dvar": 4.22008770329e-06,
        "dvar2": 1.03132470031e-05,
        "max": 0.0237667057663,
        "mean": 0.00168206822127,
        "median": 0.000634584459476,
        "min": 1.20208901706e-21,
        "var": 6.43964813207e-06
    },
    "spectral_energyband_middle_low": {
        "dmean": 0.00926595833153,
        "dmean2": 0.0143433976918,
        "dvar": 0.000240212641074,
        "dvar2": 0.000585670175496,
        "max": 0.142494753003,
        "mean": 0.0208923313767,
        "median": 0.0139009766281,
        "min": 1.38415781106e-22,
        "var": 0.000463453849079
    },
    "spectral_entropy": {
        "dmean": 0.480421453714,
        "dmean2": 0.636064708233,
        "dvar": 0.343785762787,
        "dvar2": 0.594370305538,
        "max": 9.8292093277,
        "mean": 6.040122509,
        "median": 5.81129646301,
        "min": 2.69119095802,
        "var": 1.57417988777
    },
    "spectral_flux": {
        "dmean": 0.0433631800115,
        "dmean2": 0.0694453120232,
        "dvar": 0.00392905017361,
        "dvar2": 0.00935203395784,
        "max": 0.481508344412,
        "mean": 0.0782877653837,
        "median": 0.0555829405785,
        "min": 6.39782601897e-11,
        "var": 0.00599000556394
    },
    "spectral_kurtosis": {
        "dmean": 15.5402965546,
        "dmean2": 23.0569229126,
        "dvar": 483.107299805,
        "dvar2": 936.937988281,
        "max": 245.265884399,
        "mean": 33.9624633789,
        "median": 19.3974151611,
        "min": -1.29272007942,
        "var": 1559.77160645
    },
    "spectral_rms": {
        "dmean": 0.00134103628807,
        "dmean2": 0.00190083449706,
        "dvar": 3.55291513188e-06,
        "dvar2": 7.09106234353e-06,
        "max": 0.0161724053323,
        "mean": 0.00548747321591,
        "median": 0.00553310476243,
        "min": 3.10247769315e-12,
        "var": 1.27694966068e-05
    },
    "spectral_rolloff": {
        "dmean": 344.742706299,
        "dmean2": 608.705078125,
        "dvar": 1905345.375,
        "dvar2": 4167383,
        "max": 19659.8144531,
        "mean": 1159.20751953,
        "median": 301.46484375,
        "min": 86.1328125,
        "var": 10237502
    },
    "spectral_skewness": {
        "dmean": 1.05748689175,
        "dmean2": 1.52793526649,
        "dvar": 1.58691358566,
        "dvar2": 2.97636723518,
        "max": 13.2014932632,
        "mean": 3.91809129715,
        "median": 3.34364199638,
        "min": -0.294737577438,
        "var": 6.40486812592
    },
    "spectral_spread": {
        "dmean": 1328851,
        "dmean2": 1848783.75,
        "dvar": 4.54029003981e+12,
        "dvar2": 8.95744160563e+12,
        "max": 50772772,
        "mean": 4431186.5,
        "median": 2338265.75,
        "min": 395702.3125,
        "var": 3.71106649211e+13
    },
    "spectral_strongpeak": {
        "dmean": 0.340321660042,
        "dmean2": 0.571874082088,
        "dvar": 0.262548387051,
        "dvar2": 0.622919499874,
        "max": 17.6471424103,
        "mean": 0.727827608585,
        "median": 0.570223033428,
        "min": 0,
        "var": 0.480974495411
    },
    "zerocrossingrate": {
        "dmean": 0.0116851069033,
        "dmean2": 0.0136041743681,
        "dvar": 0.000471945328172,
        "dvar2": 0.000580120133236,
        "max": 0.53076171875,
        "mean": 0.0475075878203,
        "median": 0.0244140625,
        "min": 0.00390625,
        "var": 0.00694951973855
    },
    "barkbands": {
        "dmean": [2.62758931058e-05, 0.00343984481879, 0.00990875065327, 0.00639025541022, 0.00281764683314, 0.000903657637537, 0.000483518990222, 0.000396779796574, 0.000193871572264, 0.000550975149963, 9.98254763545e-05, 6.47857814329e-05, 4.319553409e-05, 3.49201291101e-05, 8.24290691526e-05, 0.000124455749756, 6.51530426694e-05, 5.22509944858e-05, 3.64416191587e-05, 3.97679177695e-05, 4.29968786193e-05, 3.81646423193e-05, 4.02086188842e-05, 8.79723302205e-05, 6.05376517342e-05, 9.46939617279e-05, 1.57125450642e-05],
        "dmean2": [4.45533733e-05, 0.00540862977505, 0.0152147896588, 0.00974632520229, 0.00465846806765, 0.00152584491298, 0.00073503999738, 0.000621250364929, 0.000314872420859, 0.000755706219934, 0.000164790239069, 9.59719254752e-05, 6.48960485705e-05, 6.22958832537e-05, 0.000132472036057, 0.000180954724783, 9.82238052529e-05, 8.02031936473e-05, 5.86783971812e-05, 6.29001806374e-05, 6.90418237355e-05, 5.91257412452e-05, 6.39802819933e-05, 0.000148133767652, 9.73200949375e-05, 0.000172412808752, 2.71837561741e-05],
        "dvar": [8.39432345856e-09, 5.57460334676e-05, 0.00034969340777, 0.000124048761791, 2.78907373286e-05, 7.01316685081e-06, 1.51388621816e-06, 1.44049090522e-06, 4.06842445955e-07, 9.43448526414e-07, 1.17195796179e-07, 4.63334330902e-08, 1.59079469597e-08, 3.46323503209e-08, 1.12134223684e-07, 1.49877266153e-07, 4.6772424156e-08, 3.34337215691e-08, 4.04944096033e-08, 2.19131077728e-08, 2.7288677984e-08, 1.18028529172e-08, 1.1628102925e-08, 5.41233617923e-08, 2.3295607221e-08, 1.72672187659e-07, 2.06960826254e-09],
        "dvar2": [2.11925943461e-08, 0.000137593800901, 0.000847006798722, 0.000286313559627, 7.37979644327e-05, 1.87938985619e-05, 3.2064494917e-06, 3.0805372262e-06, 9.59971544034e-07, 2.01610305339e-06, 3.03711544802e-07, 8.75119070542e-08, 3.11302237321e-08, 9.97124942614e-08, 2.98396770404e-07, 3.00235683426e-07, 9.86547448178e-08, 7.05117670918e-08, 8.54689545804e-08, 5.72601770443e-08, 7.04888662995e-08, 2.78521739006e-08, 2.71956732689e-08, 1.3986927172e-07, 5.65382762829e-08, 4.97439486935e-07, 5.53609558196e-09],
        "max": [0.00185597303789, 0.104415640235, 0.185894757509, 0.105215549469, 0.0624259226024, 0.0320283323526, 0.0407122075558, 0.0245569907129, 0.0129629578441, 0.0117432083935, 0.0046351281926, 0.00492527475581, 0.00284497556277, 0.0027592042461, 0.00507343653589, 0.00925489515066, 0.00733001669869, 0.00507102208212, 0.0146449720487, 0.00447487458587, 0.00221699220128, 0.00125519221183, 0.00107733160257, 0.00222857808694, 0.00145707384218, 0.00677353981882, 0.000563954352401],
        "mean": [2.19705689233e-05, 0.00507197668776, 0.0159704145044, 0.0126237096265, 0.0051380135119, 0.00118204881437, 0.000942954735365, 0.000676746305544, 0.000296900601825, 0.000833248253912, 0.000117349954962, 0.000109946551675, 7.38406160963e-05, 2.73115238087e-05, 9.29484594963e-05, 0.000200069160201, 0.000111584711703, 7.55926521379e-05, 3.94856797357e-05, 3.63858016499e-05, 3.66803105862e-05, 3.55009287887e-05, 3.89000706491e-05, 7.14683410479e-05, 5.25191026099e-05, 6.36191325611e-05, 1.28628871607e-05],
        "median": [7.47091576159e-07, 0.00178106070962, 0.00383251253515, 0.00286105414852, 0.00276468740776, 0.000339107413311, 0.000158859664225, 5.07999393449e-05, 2.71459030046e-05, 0.000288373790681, 4.40182338934e-06, 2.92733511742e-06, 5.5194423112e-06, 1.59499882102e-06, 3.4890626921e-06, 5.50593995285e-06, 5.07086861035e-06, 2.74845660897e-06, 7.64677565712e-07, 1.01152386378e-06, 2.58818090515e-07, 1.47760843561e-07, 7.49599706751e-08, 1.3711826341e-07, 6.41381632249e-08, 4.29331947771e-08, 1.93739924725e-06],
        "min": [9.74179307889e-26, 2.10961719224e-24, 6.25098188418e-26, 6.77623135938e-26, 7.77606463344e-24, 3.95366593847e-24, 3.55240947244e-24, 6.6593231593e-24, 1.38918657845e-23, 1.76966681481e-23, 1.0158714868e-23, 2.36325309155e-23, 1.7476749505e-23, 2.0547365335e-23, 4.09292686728e-23, 4.18366480404e-23, 5.79151321246e-23, 9.30055521441e-23, 1.37720220358e-22, 1.61094648607e-22, 2.38652284743e-22, 3.01296473911e-22, 3.78529036245e-22, 5.28188294061e-22, 7.3820169677e-22, 1.32169487057e-21, 1.67042783526e-21],
        "var": [7.36816430091e-09, 6.45945401629e-05, 0.00048648021766, 0.000274700316368, 4.39861760242e-05, 6.46073067401e-06, 4.7746675591e-06, 3.81026575269e-06, 7.67725623518e-07, 1.65241533523e-06, 1.29525034254e-07, 1.31201730369e-07, 3.98293309445e-08, 2.07751131853e-08, 1.04349865637e-07, 3.55638519522e-07, 1.10278627119e-07, 7.58966933745e-08, 1.14774792337e-07, 1.82352728473e-08, 2.31970140874e-08, 1.29268622473e-08, 1.37231603858e-08, 4.63403253548e-08, 2.34139125865e-08, 9.88718014128e-08, 1.46427769909e-09]
    },
    "erbbands": {
        "dmean": [0.0433153882623, 1.05165421963, 8.8929901123, 18.6619987488, 13.7279224396, 8.84862232208, 5.61654472351, 8.49818229675, 6.29238891602, 9.60533428192, 7.64327859879, 4.26978826523, 5.59878540039, 19.4526100159, 4.03990888596, 2.79445910454, 1.97644495964, 1.59420144558, 3.90749263763, 5.11451196671, 6.07116794586, 3.5261323452, 2.83807039261, 1.87496244907, 2.09471130371, 1.88034641743, 1.79877877235, 1.61179208755, 1.34999895096, 1.23199248314, 1.23692238331, 1.58546745777, 1.52665090561, 0.701125741005, 0.394157648087, 0.302287757397, 0.223230615258, 0.0340001620352, 0.00245582964271, 0.000120947748655],
        "dmean2": [0.0671453401446, 1.65058815479, 13.7034902573, 28.205499649, 21.8369216919, 14.403295517, 9.36273574829, 14.4950275421, 9.79446601868, 14.6997661591, 11.7444009781, 6.84544610977, 8.67089080811, 26.224691391, 6.40841579437, 3.96333456039, 2.92792463303, 2.70800304413, 6.8093047142, 7.57401275635, 8.76082038879, 5.25089406967, 4.31659030914, 3.01366019249, 3.33349466324, 2.95614504814, 2.8825750351, 2.60474586487, 2.1136097908, 1.92281460762, 1.97346413136, 2.64626717567, 2.56640195847, 1.11707663536, 0.643586158752, 0.532302975655, 0.413147240877, 0.0608131848276, 0.00425239885226, 0.000200395399588],
        "dvar": [0.0152482343838, 4.32838344574, 267.021362305, 1075.63317871, 697.764465332, 288.79977417, 165.972106934, 691.133789062, 304.532714844, 680.073303223, 658.848754883, 198.736679077, 181.49861145, 1151.17480469, 198.061889648, 83.6450119019, 34.0219573975, 40.6933555603, 456.886108398, 277.523620605, 361.774597168, 126.965408325, 85.685874939, 43.982131958, 153.185073853, 50.5812225342, 61.9480400085, 35.614944458, 15.0453996658, 11.3348684311, 11.2632770538, 21.343296051, 14.6452360153, 3.03372216225, 1.02197432518, 1.46493971348, 1.07498073578, 0.0146021395922, 5.20040266565e-05, 1.08342817384e-07],
        "dvar2": [0.0341594219208, 10.3060312271, 635.43963623, 2466.05322266, 1781.97363281, 737.50012207, 432.096221924, 1860.19580078, 655.820678711, 1530.36437988, 1268.58361816, 462.114318848, 507.56640625, 2371.49194336, 531.462463379, 150.698638916, 66.2758255005, 113.290725708, 1311.67822266, 599.323730469, 693.100219727, 267.646392822, 178.017501831, 113.692932129, 317.531341553, 132.062210083, 162.418441772, 93.1759796143, 35.0155715942, 25.7391586304, 27.5014762878, 55.2004623413, 37.610660553, 7.21915626526, 2.58363008499, 4.16982221603, 3.11653208733, 0.0410687290132, 0.000139125826536, 2.83561064407e-07],
        "max": [1.34768104553, 28.9016246796, 159.26499939, 296.310211182, 324.345581055, 209.409744263, 236.37878418, 308.876647949, 653.131103516, 557.921875, 663.52722168, 383.766143799, 170.941482544, 428.188720703, 198.21182251, 234.519851685, 123.854354858, 87.7081451416, 328.257720947, 443.873931885, 558.583312988, 319.588287354, 231.133255005, 97.4034194946, 948.046569824, 265.243347168, 118.865768433, 71.9002685547, 48.7621955872, 33.152179718, 32.8837509155, 50.7298583984, 35.0733718872, 15.983625412, 9.66700649261, 19.3067512512, 16.1160526276, 1.93351697922, 0.0862738415599, 0.0035658236593],
        "mean": [0.0562292300165, 1.66175997257, 14.5330114365, 36.2517166138, 26.4783859253, 16.8225898743, 9.07421970367, 10.6348075867, 12.0369825363, 15.5253267288, 15.2569169998, 7.29430770874, 7.92620611191, 30.4001426697, 5.27860975266, 5.16670799255, 3.54558086395, 1.71436464787, 3.50962781906, 7.298204422, 10.6497879028, 6.42287254333, 4.46168231964, 2.09980154037, 2.37200927734, 1.79921126366, 1.57172811031, 1.36749863625, 1.25794219971, 1.18886387348, 1.16786170006, 1.34243798256, 1.21680426598, 0.622719824314, 0.334486186504, 0.214864194393, 0.145405694842, 0.0261954646558, 0.0018737501232, 0.000125772392494],
        "median": [0.0220053773373, 0.682030200958, 4.30902290344, 9.66991233826, 11.9907913208, 8.36657524109, 3.58413815498, 3.07535839081, 2.90042066574, 2.786485672, 1.37058067322, 0.895812213421, 3.05369186401, 11.1020736694, 1.21184849739, 0.301464557648, 0.260923326015, 0.167732387781, 0.142509698868, 0.29441562295, 0.478091865778, 0.323110759258, 0.208512187004, 0.074281796813, 0.0489254817367, 0.0505094230175, 0.0208646208048, 0.00976889953017, 0.00630135741085, 0.00317642441951, 0.00224319472909, 0.00257816864178, 0.00211292086169, 0.000858803512529, 0.000451573228929, 0.00022405400523, 0.000737748574466, 0.00303983339109, 0.000106551684439, 4.82581890537e-05],
        "min": [5.01905272545e-23, 5.04850178657e-22, 7.23107114717e-22, 2.43881622226e-21, 1.01543876126e-20, 2.43471517549e-20, 2.16203799462e-20, 5.130171251e-20, 5.8108216648e-20, 1.34622468546e-19, 2.95134837234e-19, 3.56931303599e-19, 4.58275378448e-19, 4.94957529893e-19, 5.60705877484e-19, 1.07378455645e-18, 1.15894311071e-18, 1.86935725363e-18, 1.42011887507e-18, 2.70258497005e-18, 2.93823590527e-18, 4.23538642068e-18, 5.36606869896e-18, 4.86156503951e-18, 6.20949555234e-18, 7.94949602703e-18, 8.7880636079e-18, 9.22464457212e-18, 1.03719631069e-17, 1.11434016723e-17, 1.02832967898e-17, 1.07938169475e-17, 9.72849434529e-18, 7.8348843629e-18, 5.74129354125e-18, 3.66230907485e-18, 2.35947955095e-18, 9.78165476172e-19, 2.15314583535e-19, 2.44434520572e-20],
        "var": [0.0163291692734, 5.70095729828, 381.797271729, 2118.97412109, 1211.7779541, 626.296691895, 229.901992798, 590.821411133, 849.862854004, 1293.29077148, 2308.76757812, 394.889648438, 173.76776123, 2139.20629883, 182.143356323, 254.202026367, 87.1768722534, 30.8678531647, 288.827880859, 440.169555664, 1056.35900879, 319.905212402, 196.862091064, 45.2113227844, 463.932678223, 48.2098655701, 50.3347129822, 29.1116638184, 16.5440368652, 13.3457098007, 12.3982143402, 18.0847759247, 12.8514280319, 3.23849749565, 0.938949346542, 0.882241427898, 0.60111194849, 0.00905868597329, 3.69654226233e-05, 8.42832150738e-08]
    },
    "gfcc": {
        "mean": [-153.607162476, 133.461334229, -53.5830879211, 3.27417707443, -28.0751819611, -11.3621940613, -23.1417160034, 0.756392419338, -23.2242012024, -16.1624107361, -25.2459030151, 1.13628709316, -9.01843547821],
        "cov": [[43814.9804688, 2181.77954102, -1719.31530762, 1400.31213379, -1337.70446777, 636.890991211, -2117.28637695, 527.015014648, -820.087768555, -182.004821777, -715.20904541, -255.141281128, -696.489196777], [2181.77954102, 3817.890625, 128.228057861, -436.813781738, 1182.9543457, -1117.89709473, -1.36536562443, -464.453674316, 242.409576416, -204.173095703, -79.7024230957, -125.923484802, -224.033584595], [-1719.31530762, 128.228057861, 1890.66394043, 293.943939209, 95.7529220581, 362.650299072, 106.646263123, -142.405441284, -55.6286621094, -36.473400116, -18.4030151367, -128.414215088, -112.55443573], [1400.31213379, -436.813781738, 293.943939209, 685.486450195, 16.0498847961, 316.348724365, -71.0646209717, 38.2377929688, -57.9366760254, 19.7163639069, 1.74176239967, -148.615310669, -78.9784088135], [-1337.70446777, 1182.9543457, 95.7529220581, 16.0498847961, 1029.86120605, -432.475311279, 79.328163147, -154.677810669, 163.262420654, -46.9688186646, -19.1241912842, -88.5645751953, -145.282791138], [636.890991211, -1117.89709473, 362.650299072, 316.348724365, -432.475311279, 874.996582031, 71.2917709351, 245.827438354, -148.924026489, -32.5274467468, -10.2699422836, -59.1753807068, 107.343093872], [-2117.28637695, -1.36536562443, 106.646263123, -71.0646209717, 79.328163147, 71.2917709351, 370.639801025, 13.1059474945, -6.0362200737, -31.7821121216, 7.15682601929, 5.44326782227, 85.9371490479], [527.015014648, -464.453674316, -142.405441284, 38.2377929688, -154.677810669, 245.827438354, 13.1059474945, 256.348968506, -20.952999115, -9.31041145325, 8.21941375732, 52.1380882263, 78.1061401367], [-820.087768555, 242.409576416, -55.6286621094, -57.9366760254, 163.262420654, -148.924026489, -6.0362200737, -20.952999115, 172.875808716, 55.8066596985, 32.2812423706, 0.629915475845, -17.8981838226], [-182.004821777, -204.173095703, -36.473400116, 19.7163639069, -46.9688186646, -32.5274467468, -31.7821121216, -9.31041145325, 55.8066596985, 163.655456543, 36.4302253723, 2.67571520805, -18.9153232574], [-715.20904541, -79.7024230957, -18.4030151367, 1.74176239967, -19.1241912842, -10.2699422836, 7.15682601929, 8.21941375732, 32.2812423706, 36.4302253723, 107.334106445, 30.9857177734, 6.80541753769], [-255.141281128, -125.923484802, -128.414215088, -148.615310669, -88.5645751953, -59.1753807068, 5.44326782227, 52.1380882263, 0.629915475845, 2.67571520805, 30.9857177734, 173.991973877, 65.5108642578], [-696.489196777, -224.033584595, -112.55443573, -78.9784088135, -145.282791138, 107.343093872, 85.9371490479, 78.1061401367, -17.8981838226, -18.9153232574, 6.80541753769, 65.5108642578, 180.785400391]],
        "icov": [[0.000128547239001, -0.000386873667594, 0.000206869328395, -0.000358041550498, 0.000308700662572, -0.000320581020787, 0.000460464681964, -0.000391096778912, 0.00056593620684, -0.000441680749645, 0.000698383606505, -0.000404144462664, 0.000506680400576], [-0.000386873667594, 0.00190058257431, -0.000765332020819, 0.00139490887523, -0.001325821504, 0.00160153699107, -0.00124166544992, 0.00142510444857, -0.00205986388028, 0.00231922254898, -0.00203072000295, 0.00185239501297, -0.00160024594516], [0.000206869328395, -0.000765332020819, 0.00114364316687, -0.000741308671422, 0.000453880813438, -0.00134756951593, 0.000474053085782, 0.000269167852821, 0.000814733444713, -0.000765307398979, 0.00115829519928, -0.00109175627586, 0.00141257676296], [-0.000358041550498, 0.00139490887523, -0.000741308671422, 0.00363133754581, -0.00151234539226, 0.000240051245783, -0.000583566492423, 0.000945117790252, -0.000889639370143, 0.00103629578371, -0.00267925998196, 0.00290692131966, -0.000946888001636], [0.000308700662572, -0.001325821504, 0.000453880813438, -0.00151234539226, 0.00287088099867, -0.000104090504465, 0.000221059686737, -0.00131428788882, 5.45334114577e-06, -0.000440130883362, 0.00200915872119, -0.000821273541078, 0.00217629899271], [-0.000320581020787, 0.00160153699107, -0.00134756951593, 0.000240051245783, -0.000104090504465, 0.00495074642822, -0.00151939573698, -0.00179388048127, -0.000651251233649, 0.00215631071478, -0.00183300185017, 0.00335008627735, -0.00249426206574], [0.000460464681964, -0.00124166544992, 0.000474053085782, -0.000583566492423, 0.000221059686737, -0.00151939573698, 0.00534310610965, -0.00116564903874, 0.00248761381954, -0.00141730660107, 0.00184248096775, -0.000768663303461, -0.000373817252694], [-0.000391096778912, 0.00142510444857, 0.000269167852821, 0.000945117790252, -0.00131428788882, -0.00179388048127, -0.00116564903874, 0.00905835349113, -0.00326615152881, 0.00213436502963, -0.00173587899189, -0.00144364486914, -0.00202231411822], [0.00056593620684, -0.00205986388028, 0.000814733444713, -0.000889639370143, 5.45334114577e-06, -0.000651251233649, 0.00248761381954, -0.00326615152881, 0.0122636090964, -0.00568797439337, 0.000782708521001, -0.000687107210979, 0.00120446528308], [-0.000441680749645, 0.00231922254898, -0.000765307398979, 0.00103629578371, -0.000440130883362, 0.00215631071478, -0.00141730660107, 0.00213436502963, -0.00568797439337, 0.0110540259629, -0.00390828074887, 0.00209513655864, -0.000752399093471], [0.000698383606505, -0.00203072000295, 0.00115829519928, -0.00267925998196, 0.00200915872119, -0.00183300185017, 0.00184248096775, -0.00173587899189, 0.000782708521001, -0.00390828074887, 0.0151892947033, -0.00485401321203, 0.00315755605698], [-0.000404144462664, 0.00185239501297, -0.00109175627586, 0.00290692131966, -0.000821273541078, 0.00335008627735, -0.000768663303461, -0.00144364486914, -0.000687107210979, 0.00209513655864, -0.00485401321203, 0.0117933303118, -0.00427091075107], [0.000506680400576, -0.00160024594516, 0.00141257676296, -0.000946888001636, 0.00217629899271, -0.00249426206574, -0.000373817252694, -0.00202231411822, 0.00120446528308, -0.000752399093471, 0.00315755605698, -0.00427091075107, 0.0117167960852]]
    },
    "melbands": {
        "dmean": [0.000670910754707, 0.0034753291402, 0.00303922453895, 0.000763000221923, 0.000226053336519, 0.000181756055099, 9.56505682552e-05, 0.000101650497527, 5.71915625187e-05, 2.47236403084e-05, 3.07817535941e-05, 8.60048676259e-05, 1.42614189826e-05, 6.73048953104e-06, 8.10070832813e-06, 3.3520652778e-06, 2.73122850558e-06, 6.12471922068e-06, 5.62166269447e-06, 8.45498743729e-06, 6.6844736466e-06, 3.49690458279e-06, 3.86567035093e-06, 2.2130045636e-06, 1.45184844769e-06, 1.36939320328e-06, 1.70755890849e-06, 1.08920744424e-06, 1.18334014587e-06, 8.14921065739e-07, 1.06261427391e-06, 7.8332340081e-07, 6.995742865e-07, 6.78651417729e-07, 7.15474243407e-07, 7.9199423908e-07, 1.01457226265e-06, 1.12770635496e-06, 1.01843647826e-06, 4.2829975655e-07],
        "dmean2": [0.00105017563328, 0.00528663257137, 0.00460167648271, 0.00124625151511, 0.00037041309406, 0.000308744085487, 0.00014795763127, 0.000156459529535, 8.90396986506e-05, 3.99995842599e-05, 4.72320025438e-05, 0.000115837130579, 2.31676513067e-05, 1.01922241811e-05, 1.15718876259e-05, 5.25217819813e-06, 4.68745247417e-06, 1.0850032595e-05, 8.71524298418e-06, 1.21828579722e-05, 9.86597297015e-06, 5.28797545485e-06, 5.77082664677e-06, 3.47000514012e-06, 2.37321955865e-06, 2.15177442442e-06, 2.81779625766e-06, 1.67914799931e-06, 1.91516778614e-06, 1.24087011955e-06, 1.78742266144e-06, 1.24622658859e-06, 1.08858648673e-06, 1.10052224045e-06, 1.14155693609e-06, 1.3047305174e-06, 1.7062632196e-06, 1.92103448171e-06, 1.71384840542e-06, 6.59295892547e-07],
        "dvar": [2.61947479885e-06, 3.85468629247e-05, 2.81060674752e-05, 1.97845656658e-06, 2.25778435947e-07, 3.04900368064e-07, 6.60572609945e-08, 7.5352900808e-08, 3.59067300337e-08, 6.49736531244e-09, 4.92349139236e-09, 2.26404797132e-08, 2.67295985346e-09, 5.68596114636e-10, 6.57872534227e-10, 8.23166534936e-11, 1.24484991759e-10, 1.2475572797e-09, 3.85809911796e-10, 8.23558887753e-10, 4.47435088979e-10, 1.72102956886e-10, 2.34418762179e-10, 5.01538463538e-11, 3.04113782768e-11, 3.78970639592e-11, 9.25187565448e-11, 1.50720980835e-11, 3.20312214253e-11, 7.18964211083e-12, 2.02683807238e-11, 5.03161184592e-12, 4.48063244493e-12, 3.37303687585e-12, 3.85002576694e-12, 5.3505698136e-12, 8.55531617772e-12, 8.67653171532e-12, 6.79147666924e-12, 1.17427335217e-12],
        "dvar2": [6.3402176238e-06, 8.86224588612e-05, 6.47634005873e-05, 5.18534579896e-06, 5.74872387915e-07, 8.1950497588e-07, 1.42364072531e-07, 1.73082881361e-07, 7.1918847766e-08, 1.55964592352e-08, 1.3575657043e-08, 4.64600447003e-08, 7.01081281917e-09, 1.11969267191e-09, 1.30076993621e-09, 1.91130056226e-10, 3.47840728443e-10, 3.59571572517e-09, 9.58031209919e-10, 1.70329705895e-09, 9.12585174095e-10, 3.70177805076e-10, 4.76674366645e-10, 1.06652547904e-10, 8.11834002801e-11, 7.88856965861e-11, 2.10359160646e-10, 3.88874037138e-11, 8.53944692736e-11, 1.68923590393e-11, 5.57625647046e-11, 1.19018432262e-11, 1.08275723457e-11, 7.53650006985e-12, 9.36715548877e-12, 1.38660966389e-11, 2.21379112958e-11, 2.2652579465e-11, 1.74912723194e-11, 2.60040166483e-12],
        "max": [0.0203731097281, 0.0595266595483, 0.0481616519392, 0.0166716873646, 0.00824787002057, 0.00658521847799, 0.0096912253648, 0.00491393031552, 0.0048556830734, 0.00220459722914, 0.000880171312019, 0.00191156193614, 0.00071361992741, 0.000629731919616, 0.000470432743896, 0.000150132837007, 0.000149276122102, 0.000541222922038, 0.000361042184522, 0.000694556918461, 0.000569158699363, 0.000335345772328, 0.000473935331684, 0.000264217611402, 8.61253865878e-05, 0.000410837965319, 0.000648696790449, 0.000159702962264, 9.00945160538e-05, 3.25973633153e-05, 5.69412222831e-05, 2.64567261183e-05, 2.49952554441e-05, 1.68658043549e-05, 1.96441287699e-05, 2.28234421229e-05, 2.94084529742e-05, 2.75998481811e-05, 2.63395231741e-05, 1.20030663311e-05],
        "mean": [0.000925669737626, 0.00585250649601, 0.00604493170977, 0.00148198415991, 0.000394783652155, 0.000230173129239, 0.000188362173503, 0.000162538752193, 0.000112783520308, 3.90662025893e-05, 4.31033840869e-05, 0.000133892157464, 1.73068929143e-05, 1.07043306343e-05, 1.38603782034e-05, 4.99146517541e-06, 2.73570617537e-06, 5.02898592458e-06, 6.88306226948e-06, 1.28680894704e-05, 1.13236455945e-05, 6.10770985077e-06, 6.4065825427e-06, 3.00472333947e-06, 1.42680426052e-06, 1.5642164044e-06, 1.69405848283e-06, 1.05394906313e-06, 1.02004912605e-06, 7.49348828322e-07, 8.46317391279e-07, 7.1535424695e-07, 6.63415448798e-07, 6.49585899737e-07, 6.79354911881e-07, 6.88732711751e-07, 8.54658310345e-07, 8.90520368557e-07, 7.95905521045e-07, 4.13149052747e-07],
        "median": [0.00036862216075, 0.00211490178481, 0.00192364840768, 0.000819557870273, 0.000161384959938, 6.55133408145e-05, 4.55199296994e-05, 2.56246639765e-05, 7.88683883002e-06, 4.24630434281e-06, 1.57179711096e-05, 4.80999005958e-05, 1.74496892669e-06, 3.38337940775e-07, 5.48663024347e-07, 4.43327309085e-07, 1.98991017442e-07, 1.52863520952e-07, 2.38319501022e-07, 4.94646315019e-07, 4.65004887928e-07, 2.59621685927e-07, 2.03108868391e-07, 1.16523523275e-07, 3.57184433142e-08, 3.09487546701e-08, 2.72179967453e-08, 2.98042905911e-08, 1.25561001596e-08, 5.01088592841e-09, 4.70627048443e-09, 3.44434925026e-09, 2.32507568754e-09, 1.26040999859e-09, 1.17711396186e-09, 1.01510455597e-09, 1.41424338906e-09, 1.45082723613e-09, 7.77713671241e-10, 4.95593510674e-10],
        "min": [8.22875206948e-25, 3.89725439653e-25, 1.09633364253e-24, 1.50817839684e-24, 1.13326298251e-24, 1.07748499449e-24, 9.67773671057e-25, 1.46041957434e-24, 1.96517991594e-24, 1.86183677078e-24, 1.60208203241e-24, 1.89283328511e-24, 1.37616479232e-24, 2.14554507331e-24, 2.58321930302e-24, 1.55063922949e-24, 2.8924026852e-24, 1.84164331211e-24, 2.80081613132e-24, 2.8119741744e-24, 2.37974840974e-24, 3.28489214556e-24, 3.19919029681e-24, 3.32903246308e-24, 3.11967942845e-24, 4.10330299143e-24, 4.24184195474e-24, 4.18748312748e-24, 4.59401273423e-24, 3.95119798713e-24, 3.61149475981e-24, 4.22396360561e-24, 5.0663751501e-24, 4.74001708272e-24, 5.37444071637e-24, 6.03015965016e-24, 5.48951106776e-24, 5.90209873182e-24, 5.71040947616e-24, 5.41840511791e-24],
        "var": [2.78746983895e-06, 5.98818915023e-05, 5.51184421056e-05, 3.27413022205e-06, 3.96956409077e-07, 2.67397297193e-07, 1.95040030349e-07, 1.31765901301e-07, 1.21758489513e-07, 1.20484795474e-08, 4.98799135329e-09, 4.2200991146e-08, 2.74787370635e-09, 1.45062850621e-09, 1.54398882568e-09, 1.42625439237e-10, 9.18152845419e-11, 7.55546736286e-10, 4.63820731822e-10, 1.46109957466e-09, 1.24736687646e-09, 4.18930362622e-10, 5.78287029374e-10, 1.11302751737e-10, 2.65706432551e-11, 1.02820009451e-10, 2.1824977936e-10, 1.31562954975e-11, 2.443865596e-11, 7.70207508882e-12, 1.41823618821e-11, 5.34657387807e-12, 4.76793517862e-12, 3.9362211407e-12, 4.27795776234e-12, 4.76268633906e-12, 7.28665825594e-12, 7.39769096675e-12, 5.65519983273e-12, 1.48386999303e-12]
    },
    "mfcc": {
        "mean": [-805.056335449, 176.044570923, 36.3820533752, 26.8497447968, 17.5485877991, -5.09691953659, 0.553747653961, 8.6355009079, 7.23264789581, -4.68381357193, -15.0258369446, -6.57438278198, -3.19548630714],
        "cov": [[17671.9433594, 105.610954285, -333.560455322, 186.636383057, 295.732910156, -24.0981140137, -117.084312439, 168.076782227, 7.34481334686, -84.6937332153, 95.2765426636, 117.979011536, -16.1789798737], [105.610954285, 4270.48535156, -70.5651092529, 610.528259277, 737.728271484, -209.150787354, -236.399612427, -82.1018600464, -11.9316987991, -129.945495605, -2.07324910164, 46.693321228, -4.75799894333], [-333.560455322, -70.5651092529, 1617.1159668, -8.89671421051, -15.6795301437, 376.387329102, 221.304534912, 93.3621063232, -14.3692989349, 63.8968162537, 28.3064098358, -137.131576538, -109.36391449], [186.636383057, 610.528259277, -8.89671421051, 471.847290039, 310.046508789, 70.511138916, 53.1828918457, -0.592204928398, -1.62282037735, -1.5606828928, 47.5342178345, 59.1494102478, 15.6891536713], [295.732910156, 737.728271484, -15.6795301437, 310.046508789, 518.833129883, 105.886177063, 7.35838031769, 38.2555961609, 17.8944625854, -9.04664134979, 72.144241333, 91.3642578125, 20.6953220367], [-24.0981140137, -209.150787354, 376.387329102, 70.511138916, 105.886177063, 328.299804688, 175.317855835, 31.4711208344, 39.1386985779, 74.116065979, 28.1711597443, -4.25493097305, -20.6585731506], [-117.084312439, -236.399612427, 221.304534912, 53.1828918457, 7.35838031769, 175.317855835, 264.920227051, 118.837203979, 73.7282333374, 54.7628250122, -19.6866264343, -34.1636886597, -25.9381523132], [168.076782227, -82.1018600464, 93.3621063232, -0.592204928398, 38.2555961609, 31.4711208344, 118.837203979, 215.585342407, 94.2411804199, 1.09203577042, -15.6856937408, -33.7172279358, -13.7162237167], [7.34481334686, -11.9316987991, -14.3692989349, -1.62282037735, 17.8944625854, 39.1386985779, 73.7282333374, 94.2411804199, 178.136993408, 59.9249916077, -58.8066558838, -9.05768013, 17.8355121613], [-84.6937332153, -129.945495605, 63.8968162537, -1.5606828928, -9.04664134979, 74.116065979, 54.7628250122, 1.09203577042, 59.9249916077, 116.54801178, 22.7155456543, 2.86563277245, 11.8472957611], [95.2765426636, -2.07324910164, 28.3064098358, 47.5342178345, 72.144241333, 28.1711597443, -19.6866264343, -15.6856937408, -58.8066558838, 22.7155456543, 166.838378906, 53.9344291687, 1.30037903786], [117.979011536, 46.693321228, -137.131576538, 59.1494102478, 91.3642578125, -4.25493097305, -34.1636886597, -33.7172279358, -9.05768013, 2.86563277245, 53.9344291687, 130.754211426, 53.6243896484], [-16.1789798737, -4.75799894333, -109.36391449, 15.6891536713, 20.6953220367, -20.6585731506, -25.9381523132, -13.7162237167, 17.8355121613, 11.8472957611, 1.30037903786, 53.6243896484, 87.1681671143]],
