{
"lowlevel": {
    "average_loudness": 0.955399990082,
    "barkbands_crest": {
        "dmean": 2.67909240723,
        "dmean2": 4.04904842377,
        "dvar": 8.84972190857,
        "dvar2": 18.3180770874,
        "max": 25.512430191,
        "mean": 13.0416526794,
        "median": 12.3934278488,
        "min": 2.03661561012,
        "var": 21.7574386597
    },
    "barkbands_flatness_db": {
        "dmean": 0.027420848608,
        "dmean2": 0.0376812666655,
        "dvar": 0.00143123895396,
        "dvar2": 0.00206000823528,
        "max": 0.439339667559,
        "mean": 0.178835242987,
        "median": 0.161375209689,
        "min": 0.0184662546962,
        "var": 0.00796556286514
    },
    "barkbands_kurtosis": {
        "dmean": 6.02744817734,
        "dmean2": 8.58456230164,
        "dvar": 99.1006240845,
        "dvar2": 205.637542725,
        "max": 142.239212036,
        "mean": 11.8070735931,
        "median": 6.86254024506,
        "min": -1.8542855978,
        "var": 241.4165802
    },
    "barkbands_skewness": {
        "dmean": 0.798095583916,
        "dmean2": 1.09395372868,
        "dvar": 0.851839125156,
        "dvar2": 1.73639762402,
        "max": 10.9352312088,
        "mean": 2.71806359291,
        "median": 2.50473713875,
        "min": -1.86357808113,
        "var": 2.61166548729
    },
    "barkbands_spread": {
        "dmean": 8.76076984406,
        "dmean2": 12.1403846741,
        "dvar": 173.855865479,
        "dvar2": 270.636688232,
        "max": 105.887611389,
        "mean": 22.7631168365,
        "median": 16.2424736023,
        "min": 0.837086260319,
        "var": 486.762573242
    },
    "dissonance": {
        "dmean": 0.0184279195964,
        "dmean2": 0.030720308423,
        "dvar": 0.00051816564519,
        "dvar2": 0.00136648432817,
        "max": 0.500000178814,
        "mean": 0.458345115185,
        "median": 0.468998342752,
        "min": 0.225785017014,
        "var": 0.00126063090283
    },
    "dynamic_complexity": 1.87954950333,
    "erbbands_crest": {
        "dmean": 2.45861434937,
        "dmean2": 3.82438445091,
        "dvar": 7.36838293076,
        "dvar2": 17.2709083557,
        "max": 33.0039825439,
        "mean": 8.77557086945,
        "median": 7.6346654892,
        "min": 2.23121643066,
        "var": 26.4385890961
    },
    "erbbands_flatness_db": {
        "dmean": 0.0167504623532,
        "dmean2": 0.0256725121289,
        "dvar": 0.000494072155561,
        "dvar2": 0.000906264118385,
        "max": 0.364663630724,
        "mean": 0.137632399797,
        "median": 0.116349704564,
        "min": 0.037660267204,
        "var": 0.00538494763896
    },
    "erbbands_kurtosis": {
        "dmean": 0.90583640337,
        "dmean2": 1.40343391895,
        "dvar": 2.53953838348,
        "dvar2": 6.27227973938,
        "max": 25.4742774963,
        "mean": 0.122442252934,
        "median": -0.358718633652,
        "min": -1.74891090393,
        "var": 3.72038316727
    },
    "erbbands_skewness": {
        "dmean": 0.371159613132,
        "dmean2": 0.565716862679,
        "dvar": 0.176264300942,
        "dvar2": 0.476251125336,
        "max": 4.24567365646,
        "mean": 0.311125189066,
        "median": 0.352686733007,
        "min": -3.92842340469,
        "var": 0.542048037052
    },
    "erbbands_spread": {
        "dmean": 11.270813942,
        "dmean2": 17.1510028839,
        "dvar": 160.102890015,
        "dvar2": 360.904174805,
        "max": 153.137237549,
        "mean": 54.3199653625,
        "median": 50.369430542,
        "min": 2.12400460243,
        "var": 870.476013184
    },
    "hfc": {
        "dmean": 16.4107704163,
        "dmean2": 24.1547317505,
        "dvar": 1006.27630615,
        "dvar2": 2307.70849609,
        "max": 321.219207764,
        "mean": 32.7397499084,
        "median": 20.5721282959,
        "min": 1.13179470386e-16,
        "var": 1424.72900391
    },
    "melbands_crest": {
        "dmean": 3.07670259476,
        "dmean2": 4.96133422852,
        "dvar": 11.0180768967,
        "dvar2": 27.8829975128,
        "max": 31.1626873016,
        "mean": 17.4172916412,
        "median": 16.6029567719,
        "min": 1.81897509098,
        "var": 26.2328395844
    },
    "melbands_flatness_db": {
        "dmean": 0.0340060293674,
        "dmean2": 0.0446811839938,
        "dvar": 0.00193000608124,
        "dvar2": 0.00289263785817,
        "max": 0.59495228529,
        "mean": 0.279674232006,
        "median": 0.263817071915,
        "min": 0.00382003537379,
        "var": 0.0108592100441
    },
    "melbands_kurtosis": {
        "dmean": 14.7826595306,
        "dmean2": 21.7953186035,
        "dvar": 633.283996582,
        "dvar2": 1645.68273926,
        "max": 353.415405273,
        "mean": 34.9972038269,
        "median": 26.4010391235,
        "min": -1.82446086407,
        "var": 1141.42590332
    },
    "melbands_skewness": {
        "dmean": 1.01650857925,
        "dmean2": 1.48361098766,
        "dvar": 1.3913872242,
        "dvar2": 3.37017416954,
        "max": 13.4073047638,
        "mean": 4.50278043747,
        "median": 4.30228281021,
        "min": -1.17394483089,
        "var": 4.27005290985
    },
    "melbands_spread": {
        "dmean": 6.66711473465,
        "dmean2": 9.65753173828,
        "dvar": 106.755340576,
        "dvar2": 220.763366699,
        "max": 160.86076355,
        "mean": 13.5694417953,
        "median": 9.50087451935,
        "min": 0.737578749657,
        "var": 181.238388062
    },
    "pitch_salience": {
        "dmean": 0.0744682326913,
        "dmean2": 0.113457642496,
        "dvar": 0.00819184165448,
        "dvar2": 0.0186904873699,
        "max": 0.970552265644,
        "mean": 0.481275349855,
        "median": 0.487979829311,
        "min": 0.131635427475,
        "var": 0.0198805425316
    },
    "silence_rate_20dB": {
        "dmean": 0,
        "dmean2": 0,
        "dvar": 0,
        "dvar2": 0,
        "max": 1,
        "mean": 1,
        "median": 1,
        "min": 1,
        "var": 0
    },
    "silence_rate_30dB": {
        "dmean": 0.0711297094822,
        "dmean2": 0.142272353172,
        "dvar": 0.0660741105676,
        "dvar2": 0.127137884498,
        "max": 1,
        "mean": 0.860663950443,
        "median": 1,
        "min": 0,
        "var": 0.119916714728
    },
    "silence_rate_60dB": {
        "dmean": 0.00036383481347,
        "dmean2": 0.000727735809051,
        "dvar": 0.000363690138329,
        "dvar2": 0.000727153616026,
        "max": 1,
        "mean": 0.00754888588563,
        "median": 0,
        "min": 0,
        "var": 0.00749189965427
    },
    "spectral_centroid": {
        "dmean": 267.197662354,
        "dmean2": 359.430389404,
        "dvar": 138906.484375,
        "dvar2": 230747.96875,
        "max": 10914.3896484,
        "mean": 946.27722168,
        "median": 710.265136719,
        "min": 158.815078735,
        "var": 485593.59375
    },
    "spectral_complexity": {
        "dmean": 4.50463867188,
        "dmean2": 6.61311721802,
        "dvar": 39.1730079651,
        "dvar2": 74.520690918,
        "max": 62,
        "mean": 17.9326972961,
        "median": 14,
        "min": 0,
        "var": 133.623596191
    },
    "spectral_decrease": {
        "dmean": 4.39346869996e-09,
        "dmean2": 6.38080965842e-09,
        "dvar": 3.54548668782e-17,
        "dvar2": 6.90507015779e-17,
        "max": -1.59829507559e-28,
        "mean": -1.43538541053e-08,
        "median": -1.07949480466e-08,
        "min": -8.25418098316e-08,
        "var": 1.26322364468e-16
    },
    "spectral_energy": {
        "dmean": 0.0171457175165,
        "dmean2": 0.0254580099136,
        "dvar": 0.000526324671227,
        "dvar2": 0.00109821488149,
        "max": 0.316656649113,
        "mean": 0.0571444109082,
        "median": 0.0441481992602,
        "min": 1.08689529161e-20,
        "var": 0.00183703715447
    },
    "spectral_energyband_high": {
        "dmean": 0.00150878995191,
        "dmean2": 0.00215368298814,
        "dvar": 1.08805134005e-05,
        "dvar2": 2.42549103859e-05,
        "max": 0.0330645777285,
        "mean": 0.0023218493443,
        "median": 0.000673225091305,
        "min": 7.75978213415e-21,
        "var": 1.58134516823e-05
    },
    "spectral_energyband_low": {
        "dmean": 0.0155562171713,
        "dmean2": 0.0224975477904,
        "dvar": 0.000544201699086,
        "dvar2": 0.000963934930041,
        "max": 0.265641599894,
        "mean": 0.0396945104003,
        "median": 0.0248323380947,
        "min": 8.2848709243e-23,
        "var": 0.00178744643927
    },
    "spectral_energyband_middle_high": {
        "dmean": 0.00199385825545,
        "dmean2": 0.00330639001913,
        "dvar": 1.69567410921e-05,
        "dvar2": 4.50627339887e-05,
        "max": 0.0593110211194,
        "mean": 0.00339450850151,
        "median": 0.00208561774343,
        "min": 1.91775746374e-21,
        "var": 1.62474789249e-05
    },
    "spectral_energyband_middle_low": {
        "dmean": 0.00620655529201,
        "dmean2": 0.00857900641859,
        "dvar": 0.00010666756134,
        "dvar2": 0.000200534734176,
        "max": 0.0983590781689,
        "mean": 0.0171073973179,
        "median": 0.0119484616444,
        "min": 3.30729316047e-22,
        "var": 0.000225551018957
    },
    "spectral_entropy": {
        "dmean": 0.193832576275,
        "dmean2": 0.267497479916,
        "dvar": 0.0741598382592,
        "dvar2": 0.120794288814,
        "max": 9.80470371246,
        "mean": 7.34661340714,
        "median": 7.63526153564,
        "min": 5.44183111191,
        "var": 0.803941130638
    },
    "spectral_flux": {
        "dmean": 0.0317414477468,
        "dmean2": 0.0470346361399,
        "dvar": 0.00109115603846,
        "dvar2": 0.00246293283999,
        "max": 0.344148516655,
        "mean": 0.104308776557,
        "median": 0.0762964040041,
        "min": 1.04254271882e-10,
        "var": 0.00573887722567
    },
    "spectral_kurtosis": {
        "dmean": 3.27714967728,
        "dmean2": 5.45075798035,
        "dvar": 31.0304679871,
        "dvar2": 84.6254577637,
        "max": 79.3640136719,
        "mean": 8.94614982605,
        "median": 2.88238334656,
        "min": -1.19959354401,
        "var": 127.659446716
    },
    "spectral_rms": {
        "dmean": 0.00104075844865,
        "dmean2": 0.00153624382801,
        "dvar": 1.40172573992e-06,
        "dvar2": 2.96754387819e-06,
        "max": 0.0175764989108,
        "mean": 0.00700248870999,
        "median": 0.00656288163736,
        "min": 3.25635633909e-12,
        "var": 6.71576708555e-06
    },
    "spectral_rolloff": {
        "dmean": 939.322021484,
        "dmean2": 1537.19165039,
        "dvar": 3658747,
        "dvar2": 7425404.5,
        "max": 18755.4199219,
        "mean": 1207.5345459,
        "median": 452.197265625,
        "min": 86.1328125,
        "var": 4420873.5
    },
    "spectral_skewness": {
        "dmean": 0.339924752712,
        "dmean2": 0.531149744987,
        "dvar": 0.186370283365,
        "dvar2": 0.45370554924,
        "max": 7.01792669296,
        "mean": 2.04248714447,
        "median": 1.48477852345,
        "min": 0.0148584097624,
        "var": 1.30729675293
    },
    "spectral_spread": {
        "dmean": 794664.625,
        "dmean2": 1199200.375,
        "dvar": 1.32385262797e+12,
        "dvar2": 2.27594390733e+12,
        "max": 41303316,
        "mean": 6034221.5,
        "median": 5644102,
        "min": 915313.875,
        "var": 1.16299105567e+13
    },
    "spectral_strongpeak": {
        "dmean": 0.304099917412,
        "dmean2": 0.497930556536,
        "dvar": 0.263111919165,
        "dvar2": 0.674122869968,
        "max": 8.31700611115,
        "mean": 0.732062518597,
        "median": 0.572471797466,
        "min": 0,
        "var": 0.334608316422
    },
    "zerocrossingrate": {
        "dmean": 0.0167502146214,
        "dmean2": 0.0196656137705,
        "dvar": 0.000524150498677,
        "dvar2": 0.000675796356518,
        "max": 0.47802734375,
        "mean": 0.0583583787084,
        "median": 0.04443359375,
        "min": 0.0029296875,
        "var": 0.00244058808312
    },
    "barkbands": {
        "dmean": [0.000371506321244, 0.0123941926286, 0.00626438949257, 0.00492395507172, 0.00252474774607, 0.000824874674436, 0.000597637146711, 0.000474946020404, 0.00046400440624, 0.000432679662481, 0.000378029042622, 0.000372695038095, 0.000347026623785, 0.000335366668878, 0.000262168992776, 0.000118192190712, 0.000132119603222, 0.000118551586638, 0.000111577843199, 0.000130526052089, 0.000220683374209, 0.000221201189561, 0.000201498653041, 0.0003446819901, 0.000254432554357, 0.000216836124309, 5.96799400228e-05],
        "dmean2": [0.000651471142191, 0.0170330628753, 0.00878827553242, 0.007753434591, 0.0042495271191, 0.00138809334021, 0.000933473114856, 0.000746542122215, 0.000745630939491, 0.000696334289387, 0.000633917516097, 0.000645211432129, 0.000611734634731, 0.000586822687183, 0.000463768577902, 0.000198282621568, 0.00021578243468, 0.000188706602785, 0.000173925131094, 0.000202508119401, 0.000331598799676, 0.000334066600772, 0.000291331263725, 0.000522274640389, 0.000368915323634, 0.000321065133903, 8.84450200829e-05],
        "dvar": [8.31426689274e-07, 0.000557235849556, 0.000154021981871, 0.000126763465232, 4.13472334913e-05, 2.11051565202e-06, 1.16935643746e-06, 1.03341221802e-06, 9.91758724922e-07, 9.75880993792e-07, 8.00057080141e-07, 9.99221697384e-07, 1.49592426624e-06, 1.43693125665e-06, 3.76937265401e-07, 4.8863828539e-08, 6.6133850396e-08, 7.42402264109e-08, 7.9464399505e-08, 1.34672191621e-07, 3.05011639057e-07, 3.55506500682e-07, 1.96007064801e-07, 7.15550299901e-07, 2.74158821867e-07, 3.12080260301e-07, 2.96131297262e-08],
        "dvar2": [2.30251998801e-06, 0.000866536807735, 0.000275275844615, 0.000311257928843, 0.000111151821329, 5.61498700336e-06, 2.73747377832e-06, 2.36570349443e-06, 2.53807684203e-06, 2.25395274356e-06, 1.90863897842e-06, 2.41741008722e-06, 3.44664658769e-06, 3.52714209839e-06, 1.05745448309e-06, 1.28771930008e-07, 1.79910358611e-07, 1.92705385871e-07, 1.87941324725e-07, 3.39822975093e-07, 6.98579640357e-07, 8.22125343802e-07, 4.319507525e-07, 1.66927384271e-06, 5.75717706397e-07, 6.8691741717e-07, 6.54994991578e-08],
        "max": [0.0241249892861, 0.235115587711, 0.184957593679, 0.0938708409667, 0.0656064003706, 0.021368836984, 0.0165660008788, 0.0175155885518, 0.01793390885, 0.0212945230305, 0.0186833441257, 0.0273801144212, 0.0389316119254, 0.0416383631527, 0.0223270189017, 0.00526387477294, 0.00402976991609, 0.00512982998043, 0.0042298939079, 0.00459608668461, 0.00584037788212, 0.00816976372153, 0.00713364826515, 0.00821484066546, 0.00488858390599, 0.00495557999238, 0.00154078006744],
        "mean": [0.000565321010072, 0.0243717562407, 0.00950270146132, 0.00886874552816, 0.00365035608411, 0.00158861256205, 0.00107698200736, 0.00084213266382, 0.000833680504002, 0.000661240541376, 0.000493700848892, 0.000472520681797, 0.000380531331757, 0.000359103636583, 0.000339780526701, 0.000181252777111, 0.000205328047741, 0.000177137597348, 0.00016346857592, 0.000179838374606, 0.000317158323014, 0.00030818535015, 0.000326271023368, 0.000480141839944, 0.000427687831689, 0.000299438805087, 7.12094988558e-05],
        "median": [6.60974910716e-05, 0.012851992622, 0.0033468529582, 0.00453033624217, 0.00196356256492, 0.000950303510763, 0.000418488343712, 0.000310235249344, 0.000424827478128, 0.000242981579504, 0.000159986608196, 0.000216715910938, 8.08057156974e-05, 8.78700884641e-05, 0.000141771131894, 6.85051345499e-05, 7.55271903472e-05, 5.8370475017e-05, 4.40892799816e-05, 5.0995262427e-05, 7.44029239286e-05, 8.83268367033e-05, 8.5486091848e-05, 0.000101106874354, 8.5099687567e-05, 4.90553647978e-05, 9.65703293332e-06],
        "min": [2.39658782905e-23, 3.69583258917e-23, 2.81381951727e-23, 3.10612245937e-23, 5.64666825284e-23, 2.87718839824e-23, 8.78233481528e-23, 3.01379070803e-23, 7.56128289473e-23, 5.86224626775e-23, 4.29594842539e-23, 9.37351159528e-23, 1.32819223191e-22, 1.44962544069e-22, 1.59952226555e-22, 1.33810524737e-22, 2.76226221908e-22, 4.0251464868e-22, 3.70889252855e-22, 3.39753910046e-22, 7.64463166606e-22, 4.74529243225e-22, 5.55249731963e-22, 7.95205568331e-22, 1.11462648126e-21, 1.56291818553e-21, 2.50678094376e-21],
        "var": [1.50325968207e-06, 0.00122725113761, 0.00026201896253, 0.000147095910506, 3.25169530697e-05, 3.98244537791e-06, 2.85134251499e-06, 2.191091653e-06, 1.55005750457e-06, 1.67388748196e-06, 1.21004768516e-06, 1.13148064429e-06, 1.55591806106e-06, 1.41150303534e-06, 3.30237440949e-07, 7.45674739733e-08, 9.93574573727e-08, 9.63230206708e-08, 1.03283412045e-07, 1.48924286236e-07, 4.06148728871e-07, 4.60583237327e-07, 3.53243507334e-07, 8.93907440513e-07, 4.92147762543e-07, 3.76936810653e-07, 3.22821271936e-08]
    },
    "erbbands": {
        "dmean": [0.277449667454, 3.27386593819, 6.64692687988, 12.2630825043, 10.4893379211, 8.66184806824, 6.25606632233, 6.8444185257, 7.29418230057, 12.2562189102, 8.20850372314, 9.34501171112, 12.9694871902, 14.2661418915, 16.199760437, 16.6897335052, 17.4930210114, 16.980424881, 14.5869703293, 10.1661272049, 6.23226451874, 6.130464077, 6.36784410477, 5.78524303436, 6.14267492294, 5.98374557495, 9.25622749329, 7.91145086288, 7.72505760193, 6.73417615891, 6.07911491394, 6.97101974487, 5.20457029343, 2.72049164772, 2.06683254242, 1.176207304, 0.351149708033, 0.0789247378707, 0.0102237947285, 0.000461324758362],
        "dmean2": [0.396893382072, 4.43850231171, 8.99387741089, 17.8321800232, 16.1895294189, 14.6463518143, 10.3358478546, 11.7331991196, 12.1661920547, 18.448884964, 13.1933917999, 15.4149169922, 20.3091564178, 23.3810901642, 27.5331172943, 28.7689685822, 30.711479187, 29.4850730896, 26.1413192749, 17.6259002686, 10.4667701721, 9.83535575867, 10.2501974106, 9.02067756653, 9.43306827545, 8.83429145813, 13.9524383545, 12.2226486206, 11.905371666, 9.48944377899, 8.8774433136, 11.2303781509, 7.6154050827, 3.86748313904, 3.09271335602, 1.71565592289, 0.521412312984, 0.117195747793, 0.0155525077134, 0.000708303763531],
        "dvar": [0.310567051172, 37.5838356018, 130.497848511, 641.42767334, 615.934326172, 458.241912842, 122.393692017, 152.408035278, 174.883499146, 638.678283691, 323.151092529, 497.788208008, 775.960876465, 1250.55151367, 1303.94384766, 2216.64477539, 3863.55615234, 4072.40063477, 1326.95666504, 801.650146484, 122.257537842, 121.550231934, 175.907455444, 210.924484253, 233.040481567, 265.035461426, 482.307891846, 569.665344238, 428.528839111, 226.308670044, 173.308349609, 292.327514648, 153.554870605, 37.6328582764, 16.8990325928, 7.85839128494, 0.808525621891, 0.0482874028385, 0.000901575025637, 1.83125757758e-06],
        "dvar2": [0.603984832764, 59.4620399475, 213.944595337, 1383.55737305, 1430.10192871, 1307.4822998, 319.463226318, 416.853271484, 454.107971191, 1364.67553711, 820.247619629, 1251.09460449, 2009.31298828, 2922.984375, 3271.55395508, 5152.77636719, 8795.71386719, 10150.2832031, 3702.21118164, 2259.06811523, 327.249481201, 309.971191406, 464.0703125, 531.636657715, 527.145019531, 616.973815918, 1137.15380859, 1385.11010742, 982.659667969, 471.025604248, 384.610473633, 715.45501709, 336.179443359, 79.0664825439, 37.2249259949, 17.0973873138, 1.83111941814, 0.107854947448, 0.00209904904477, 4.20677224611e-06],
        "max": [6.04749011993, 63.4801292419, 185.582901001, 240.10723877, 254.476043701, 178.747909546, 171.974639893, 179.847198486, 213.851623535, 442.563262939, 493.214691162, 532.364074707, 768.378356934, 903.177368164, 990.32421875, 1372.37817383, 2004.04577637, 2077.92797852, 1336.02575684, 1570.46838379, 140.856201172, 179.695373535, 196.317581177, 316.759002686, 161.011779785, 220.772842407, 263.965606689, 255.849731445, 330.195281982, 210.82043457, 185.351989746, 140.361419678, 158.673477173, 62.8815040588, 37.8475341797, 25.2669525146, 8.08532524109, 1.96967303753, 0.265970349312, 0.0116301281378],
        "mean": [0.473289132118, 6.14817047119, 11.6408615112, 23.6406402588, 17.0924320221, 13.4567661285, 12.7214260101, 12.7624263763, 12.1689901352, 23.5635662079, 14.6098308563, 16.2002029419, 24.478427887, 20.4882030487, 21.7359447479, 21.4169845581, 20.0041332245, 18.7287712097, 17.7347755432, 14.8266925812, 9.96158981323, 10.164732933, 9.93514537811, 8.73891925812, 8.66746044159, 8.82032012939, 14.0663995743, 9.99768924713, 10.8827724457, 10.5983686447, 9.19778060913, 9.08258533478, 7.722843647, 4.91608762741, 3.1238694191, 1.60193860531, 0.492590636015, 0.102913402021, 0.0115276873112, 0.000581056752708],
        "median": [0.191731512547, 3.3490998745, 5.66578674316, 12.3034648895, 8.13000297546, 6.67300415039, 7.57187986374, 7.46344804764, 6.7920126915, 8.28771972656, 6.93545770645, 9.27067947388, 15.1391458511, 7.12587451935, 9.03850650787, 9.77851486206, 4.97838830948, 5.18156814575, 6.45967769623, 6.18690681458, 4.23385381699, 4.01433134079, 3.67826223373, 2.53452157974, 2.33747267723, 2.46416449547, 3.1492331028, 2.41252207756, 3.39185285568, 2.5980360508, 2.48087620735, 2.16941952705, 1.51176774502, 0.914265871048, 0.604435563087, 0.250777423382, 0.0875867754221, 0.0145780229941, 0.00166132114828, 0.000182769072126],
        "min": [1.41622267183e-21, 7.43709526135e-21, 2.43292381248e-20, 7.08518064014e-20, 1.91079070467e-19, 1.95897319987e-19, 1.50280105737e-19, 2.66112766003e-19, 9.85335581119e-19, 1.05559258004e-18, 1.0102445743e-18, 1.9867618931e-18, 1.97574901722e-18, 1.19275577261e-18, 2.1720892278e-18, 4.1256104544e-18, 6.66531880556e-18, 6.51784739159e-18, 8.78553822548e-18, 7.45560054534e-18, 8.65654519922e-18, 1.613044877e-17, 2.14998369447e-17, 1.88942577199e-17, 1.89512852057e-17, 1.741318587e-17, 2.82922073837e-17, 2.68354844223e-17, 1.67475916814e-17, 1.95309866138e-17, 1.4129740405e-17, 1.40742101161e-17, 1.37790340232e-17, 1.01448366815e-17, 9.68465046411e-18, 5.72472097767e-18, 2.8835756036e-18, 1.31333544146e-18, 3.37215582946e-19, 3.70971053061e-20],
        "var": [0.562912762165, 78.9512481689, 283.688140869, 926.548156738, 684.539733887, 381.671905518, 229.061279297, 268.512878418, 343.17098999, 1607.19238281, 518.161743164, 788.262023926, 1133.5637207, 2152.3671875, 1750.68737793, 2664.76416016, 4137.73193359, 3891.18798828, 1107.64685059, 761.873779297, 193.364532471, 199.265441895, 235.76725769, 286.551727295, 301.939910889, 339.167022705, 698.982421875, 578.363220215, 580.632873535, 400.284667969, 282.545379639, 313.938476562, 225.795059204, 68.1634216309, 27.6262531281, 10.117228508, 0.964869439602, 0.0542183816433, 0.000893949647434, 1.84336715847e-06]
    },
    "gfcc": {
        "mean": [14.5497283936, 97.2903671265, -71.964805603, 24.7648963928, -39.5353889465, 20.2932376862, -27.7649612427, 5.86770057678, -20.3259086609, -1.95595765114, -17.4710540771, -1.24311816692, -10.4327297211],
        "cov": [[7736.09228516, -4853.03759766, 826.30871582, 831.428405762, -1123.5513916, 699.45690918, -460.542327881, 535.428894043, -230.317245483, 753.129394531, -224.843704224, 303.865234375, -234.462844849], [-4853.03759766, 4284.03955078, -952.264953613, -451.0284729, 934.840454102, -593.694824219, 522.450744629, -423.182006836, 311.438293457, -588.699035645, 228.900085449, -250.064849854, 267.231079102], [826.30871582, -952.264953613, 697.635070801, -55.5411262512, -197.422454834, 202.980941772, -148.587280273, 151.720001221, -104.480964661, 142.525543213, -121.451538086, 71.2822036743, -71.8325805664], [831.428405762, -451.0284729, -55.5411262512, 493.259063721, -133.937393188, 46.8327980042, 51.0306930542, 18.7198181152, 4.96608400345, 42.6380157471, 16.7850532532, 7.2222070694, 34.9725875854], [-1123.5513916, 934.840454102, -197.422454834, -133.937393188, 463.521636963, -62.4744224548, 105.402626038, -69.5469055176, 62.4159317017, -145.150085449, 71.2604827881, -51.0241661072, 47.3049621582], [699.45690918, -593.694824219, 202.980941772, 46.8327980042, -62.4744224548, 265.176055908, -56.9265518188, 80.3382415771, -32.3715133667, 50.7571792603, -39.003704071, 50.0845069885, 19.4335765839], [-460.542327881, 522.450744629, -148.587280273, 51.0306930542, 105.402626038, -56.9265518188, 211.079650879, -28.367811203, 95.9550628662, -33.501247406, 44.0916252136, -31.514913559, 48.0481872559], [535.428894043, -423.182006836, 151.720001221, 18.7198181152, -69.5469055176, 80.3382415771, -28.367811203, 156.556991577, -17.951631546, 101.743667603, -4.70809221268, 52.7373809814, -31.5127563477], [-230.317245483, 311.438293457, -104.480964661, 4.96608400345, 62.4159317017, -32.3715133667, 95.9550628662, -17.951631546, 131.560668945, -8.8743686676, 38.108757019, -17.9376754761, 60.0225067139], [753.129394531, -588.699035645, 142.525543213, 42.6380157471, -145.150085449, 50.7571792603, -33.501247406, 101.743667603, -8.8743686676, 202.064041138, -17.1939277649, 44.2186279297, -63.3182487488], [-224.843704224, 228.900085449, -121.451538086, 16.7850532532, 71.2604827881, -39.003704071, 44.0916252136, -4.70809221268, 38.108757019, -17.1939277649, 86.8458328247, 0.142183586955, 22.7144737244], [303.865234375, -250.064849854, 71.2822036743, 7.2222070694, -51.0241661072, 50.0845069885, -31.514913559, 52.7373809814, -17.9376754761, 44.2186279297, 0.142183586955, 63.3917236328, -5.71729373932], [-234.462844849, 267.231079102, -71.8325805664, 34.9725875854, 47.3049621582, 19.4335765839, 48.0481872559, -31.5127563477, 60.0225067139, -63.3182487488, 22.7144737244, -5.71729373932, 145.304672241]],
        "icov": [[0.000578227220103, 0.00050036329776, 0.000319226906868, -0.000404214893933, 0.000113275615149, -0.000271438038908, 0.000131458742544, -0.00034092363785, -0.000400640332373, -0.000387373089325, 0.000486887496663, -0.000295129517326, 5.88910443184e-05], [0.00050036329776, 0.00214588339441, 0.000430425367085, 0.000861782755237, -0.00112210994121, 0.00180970027577, -0.0021529791411, 0.000193952961126, -0.000485313823447, 0.00162465346511, -0.000216011496377, 0.000532880309038, -0.00129332370125], [0.000319226906868, 0.000430425367085, 0.00320584303699, 0.000365601154044, 0.000173019463546, -0.00109845935367, 0.000251753051998, -0.00174366007559, 0.000367241445929, -0.000620034930762, 0.00297738518566, -0.000370900175767, -5.2388455515e-05], [-0.000404214893933, 0.000861782755237, 0.000365601154044, 0.00384324649349, 0.000201138376724, 0.000836440536659, -0.00290529779159, 0.000494688923936, 0.00129147642292, 0.00116949202493, -0.00170706142671, 0.00152553827502, -0.00178777321707], [0.000113275615149, -0.00112210994121, 0.000173019463546, 0.000201138376724, 0.00480701914057, -0.00222386000678, 0.000379660079489, -0.000824027287308, -0.00016319831775, 0.000713778717909, -0.00188676081598, 0.000901875144336, 0.00142068311106], [-0.000271438038908, 0.00180970027577, -0.00109845935367, 0.000836440536659, -0.00222386000678, 0.00878820754588, -0.00197341968305, -0.000870518328156, 0.000328897556756, 0.00238032452762, 0.000875189725775, -0.00132110423874, -0.00378558877856], [0.000131458742544, -0.0021529791411, 0.000251753051998, -0.00290529779159, 0.000379660079489, -0.00197341968305, 0.011578546837, -0.00154887663666, -0.0048808590509, -0.00252397614531, 0.00095122505445, 0.000369789719116, 0.00175330543425], [-0.00034092363785, 0.000193952961126, -0.00174366007559, 0.000494688923936, -0.000824027287308, -0.000870518328156, -0.00154887663666, 0.0135341566056, 0.000407320505474, -0.00342959817499, -0.00312032899819, -0.00513560557738, 0.000567161012441], [-0.000400640332373, -0.000485313823447, 0.000367241445929, 0.00129147642292, -0.00016319831775, 0.000328897556756, -0.0048808590509, 0.000407320505474, 0.0155548145995, -0.00356357824057, -0.00278063188307, 0.00267684739083, -0.00561003061011], [-0.000387373089325, 0.00162465346511, -0.000620034930762, 0.00116949202493, 0.000713778717909, 0.00238032452762, -0.00252397614531, -0.00342959817499, -0.00356357824057, 0.0133555969223, -0.00132230913732, -0.000947009481024, 0.00280046486296], [0.000486887496663, -0.000216011496377, 0.00297738518566, -0.00170706142671, -0.00188676081598, 0.000875189725775, 0.00095122505445, -0.00312032899819, -0.00278063188307, -0.00132230913732, 0.0201519299299, -0.00541023537517, -0.000219072695472], [-0.000295129517326, 0.000532880309038, -0.000370900175767, 0.00152553827502, 0.000901875144336, -0.00132110423874, 0.000369789719116, -0.00513560557738, 0.00267684739083, -0.000947009481024, -0.00541023537517, 0.0269229896367, -0.0029730964452], [5.88910443184e-05, -0.00129332370125, -5.2388455515e-05, -0.00178777321707, 0.00142068311106, -0.00378558877856, 0.00175330543425, 0.000567161012441, -0.00561003061011, 0.00280046486296, -0.000219072695472, -0.0029730964452, 0.0128020830452]]
    },
    "melbands": {
        "dmean": [0.00294524710625, 0.00354401161894, 0.00191774975974, 0.000646850792691, 0.000244583643507, 0.000154510446009, 0.000112880850793, 0.000129327381728, 6.36605545878e-05, 6.25653774478e-05, 6.45758700557e-05, 5.77400278416e-05, 5.65281370655e-05, 4.34528083133e-05, 4.0737875679e-05, 3.33478237735e-05, 3.26508234139e-05, 2.37641997956e-05, 1.67398720805e-05, 1.11394674605e-05, 7.52057485442e-06, 6.54545692669e-06, 7.48161892261e-06, 5.4607949096e-06, 4.81282722831e-06, 3.95326105718e-06, 4.8897322813e-06, 3.87698401028e-06, 5.93111008129e-06, 5.02312650497e-06, 4.91667651659e-06, 4.2908704927e-06, 4.62439220428e-06, 3.72318913833e-06, 3.85718249163e-06, 2.8677602586e-06, 5.07479217049e-06, 3.86380088457e-06, 2.9894445106e-06, 2.31101967074e-06],
        "dmean2": [0.00409741839394, 0.00472278567031, 0.00268573919311, 0.00103510520421, 0.000403297744924, 0.000264356203843, 0.00018518367142, 0.000195940301637, 0.00010377309809, 0.000101630263089, 0.000101069737866, 9.45601204876e-05, 9.51237670961e-05, 7.42691772757e-05, 7.13717308827e-05, 5.88420880376e-05, 5.69548865315e-05, 4.29256542702e-05, 2.90937550744e-05, 1.90361970454e-05, 1.27850753415e-05, 1.05599474409e-05, 1.21531193145e-05, 8.82966924109e-06, 7.58353553465e-06, 6.22361221758e-06, 7.28316035747e-06, 5.85534235142e-06, 9.03863474377e-06, 7.74848012952e-06, 7.79850961408e-06, 6.67198628435e-06, 7.02846273271e-06, 5.41162535228e-06, 5.64150195714e-06, 4.60104001831e-06, 8.24533253763e-06, 5.87721433476e-06, 4.19188927481e-06, 3.36555831382e-06],
        "dvar": [3.26670779032e-05, 3.02171865769e-05, 1.3354998373e-05, 2.55256691162e-06, 1.90930492749e-07, 7.6416327488e-08, 4.06120506113e-08, 7.15457630918e-08, 2.11893667057e-08, 2.00362908487e-08, 1.91496631885e-08, 2.23985026082e-08, 1.77658510125e-08, 1.23144170416e-08, 1.35528566148e-08, 1.23556933573e-08, 1.64656395185e-08, 3.71727515436e-09, 1.39426081791e-09, 7.86302578604e-10, 2.11541797968e-10, 1.34921851469e-10, 3.0490307501e-10, 2.19464266205e-10, 1.56217719316e-10, 9.81879438866e-11, 1.49236595304e-10, 1.24978777327e-10, 1.90472707051e-10, 1.55936125124e-10, 2.50888532172e-10, 1.47338682921e-10, 1.25339946755e-10, 6.89231102746e-11, 6.77438730112e-11, 4.02277690326e-11, 1.77513045929e-10, 8.35174845948e-11, 5.05198660683e-11, 2.52078358187e-11],
        "dvar2": [5.17523003509e-05, 5.01692993566e-05, 2.56646908383e-05, 6.46894750389e-06, 5.20684238836e-07, 2.05850241741e-07, 1.0320692212e-07, 1.54825457344e-07, 5.47212231083e-08, 5.12885200976e-08, 4.92672000973e-08, 5.14891205228e-08, 4.27470112641e-08, 3.0189639233e-08, 3.18770752017e-08, 2.98292697209e-08, 4.10288230057e-08, 1.03111341687e-08, 3.85021481364e-09, 2.15571271944e-09, 5.82909887026e-10, 3.46637912818e-10, 8.15615686101e-10, 6.00546057328e-10, 3.97233329563e-10, 2.29559815601e-10, 3.38836958491e-10, 3.02937785968e-10, 4.54342868883e-10, 3.75341258074e-10, 6.21715401383e-10, 3.46607964552e-10, 2.802911514e-10, 1.47396927996e-10, 1.49891779544e-10, 9.83986850334e-11, 4.42175435156e-10, 1.87324739054e-10, 1.07667236238e-10, 5.24537913105e-11],
        "max": [0.0637107640505, 0.0745061710477, 0.0363114513457, 0.0167770925909, 0.00494743604213, 0.00410744640976, 0.00302456854843, 0.00409248145297, 0.00397883541882, 0.00293835042976, 0.00387900881469, 0.0038712117821, 0.00279000215232, 0.00288681033999, 0.00305140158162, 0.00298855057918, 0.00480068102479, 0.00196834700182, 0.00133776792791, 0.00147975527216, 0.000240617577219, 0.000195099579287, 0.000394080387196, 0.000366754451534, 0.000314124365104, 0.000151383472257, 0.000133249923238, 0.000157873815624, 0.000201837203349, 0.000127611376229, 0.000165417775861, 0.000187035402632, 0.000167979218531, 0.000120408098155, 0.000106835257611, 0.000103239850432, 0.000112143912702, 0.000103231090179, 0.000104934275441, 5.16969193995e-05],
        "mean": [0.00577057246119, 0.00725601892918, 0.00395939126611, 0.000972891808487, 0.000502055860125, 0.000290409196168, 0.000193214305909, 0.000245190458372, 0.00010798049334, 0.000111143919639, 0.000120684926515, 8.00910493126e-05, 7.51207553549e-05, 5.6626580772e-05, 4.85274285893e-05, 3.69290064555e-05, 3.44466789102e-05, 2.78704519587e-05, 2.24547075049e-05, 1.62404794537e-05, 1.12757361421e-05, 1.02361091194e-05, 1.11901726996e-05, 8.14134091343e-06, 6.93750689607e-06, 5.69220492252e-06, 6.6277825681e-06, 5.35438721272e-06, 8.95657922229e-06, 6.99132942827e-06, 5.60814123673e-06, 5.73972738493e-06, 6.48927289149e-06, 6.04859906161e-06, 5.62757350053e-06, 4.31397711509e-06, 6.19489946985e-06, 5.40346854905e-06, 4.77867070003e-06, 4.09512222177e-06],
        "median": [0.00284273689613, 0.00405030976981, 0.00208136858419, 0.000495711748954, 0.000341112085152, 0.000176367233507, 0.000102333113318, 9.07842331799e-05, 4.85306700284e-05, 6.00375788053e-05, 7.30099418433e-05, 2.38931825152e-05, 2.61632139882e-05, 2.60513697867e-05, 1.7366854081e-05, 8.53580422699e-06, 8.18235639599e-06, 9.16250428418e-06, 9.27540895646e-06, 5.54855705559e-06, 3.99176678911e-06, 3.85532030123e-06, 3.72313934349e-06, 2.47329580816e-06, 1.8126111172e-06, 1.6030023744e-06, 1.73555872607e-06, 1.47462355926e-06, 1.88699277714e-06, 1.8360606191e-06, 1.15487716812e-06, 1.74094452632e-06, 1.80691517926e-06, 1.36482719881e-06, 1.46222146213e-06, 1.19719322811e-06, 1.36600147016e-06, 1.06771108221e-06, 8.66330822191e-07, 7.39981260267e-07],
        "min": [1.23236647363e-23, 1.19264969364e-23, 1.65756116048e-23, 1.50172657959e-23, 5.46136608838e-24, 6.45523537679e-24, 1.53708316759e-23, 9.44796302533e-24, 9.26316525854e-24, 1.20542008951e-23, 9.62147298144e-24, 4.74550242702e-24, 6.9662815593e-24, 9.40063452647e-24, 1.30730731299e-23, 1.54625903987e-23, 1.08863436009e-23, 1.39880405506e-23, 1.24179699021e-23, 8.22367141082e-24, 1.04540588689e-23, 1.69264101608e-23, 1.41381386928e-23, 2.11678612349e-23, 1.39091181725e-23, 1.70275342402e-23, 9.74601676343e-24, 1.21559852512e-23, 1.62909842793e-23, 1.83081726115e-23, 1.44818075239e-23, 8.64463598883e-24, 1.11363170557e-23, 1.05943909131e-23, 7.49330533058e-24, 9.30736592392e-24, 7.80825410268e-24, 9.69698669159e-24, 8.88869219797e-24, 8.63241968886e-24],
        "var": [7.12707114872e-05, 8.60361324158e-05, 2.2888831154e-05, 2.2687377168e-06, 2.92469849228e-07, 1.37133781664e-07, 8.54201260836e-08, 1.73225544131e-07, 3.14071897378e-08, 3.06089766866e-08, 2.85216898988e-08, 3.95595662894e-08, 2.74902003383e-08, 1.34728264101e-08, 1.43532892238e-08, 1.21520082885e-08, 1.55352228859e-08, 3.07315306536e-09, 1.27300237018e-09, 8.83113748795e-10, 3.13299441945e-10, 2.20725868139e-10, 3.9349815073e-10, 2.72480787933e-10, 2.08704387106e-10, 1.25836036036e-10, 1.90608959172e-10, 1.43748041248e-10, 2.87487894601e-10, 1.93635107948e-10, 2.28856697482e-10, 1.81277562405e-10, 1.86387724699e-10, 1.25559465602e-10, 1.07570133356e-10, 6.19016504722e-11, 1.70481295747e-10, 1.1279346207e-10, 8.46847592051e-11, 4.63708897669e-11]
    },
    "mfcc": {
        "mean": [-647.354858398, 138.667877197, 29.2163887024, 20.3760070801, 15.3416624069, 14.7845993042, 7.16156148911, 8.89602088928, 5.83199310303, 1.31288993359, -1.08706927299, -0.301613211632, -1.80011832714],
        "cov": [[7223.89355469, -4397.61083984, 838.064331055, 53.469367981, -255.806900024, 72.1760101318, -100.906005859, -175.377487183, 21.4544277191, 266.370239258, 62.2461471558, 172.561767578, 178.646469116], [-4397.61083984, 3747.31298828, -963.512939453, 86.0534820557, 158.93661499, -32.9749565125, 65.9463729858, 157.968582153, 45.1641845703, -138.409393311, 0.525962889194, -111.454170227, -91.4139480591], [838.064331055, -963.512939453, 671.004394531, -145.490692139, -26.754529953, -21.9731807709, -13.8579130173, -39.2919616699, 33.9070205688, 14.1219654083, -35.2541656494, 14.7623672485, 42.478187561], [53.469367981, 86.0534820557, -145.490692139, 330.557769775, -45.2238807678, 25.031665802, 23.2286777496, 17.4099617004, 9.97974967957, -8.18085479736, 35.8579559326, 19.4366188049, -5.73356866837], [-255.806900024, 158.93661499, -26.754529953, -45.2238807678, 214.131210327, 30.0318641663, 45.3154792786, 43.3931465149, 0.786531925201, -9.10051822662, -40.966342926, -30.5874404907, 3.3642783165], [72.1760101318, -32.9749565125, -21.9731807709, 25.031665802, 30.0318641663, 128.952056885, 28.0609588623, 31.1667842865, 25.10663414, 22.5924797058, -8.94746303558, -13.8804731369, -16.0995464325], [-100.906005859, 65.9463729858, -13.8579130173, 23.2286777496, 45.3154792786, 28.0609588623, 89.3854064941, 38.5280342102, 18.7340373993, -7.77893638611, 5.99936056137, 14.2230844498, 5.92413854599], [-175.377487183, 157.968582153, -39.2919616699, 17.4099617004, 43.3931465149, 31.1667842865, 38.5280342102, 99.5160446167, 28.738445282, -7.90304803848, -12.923956871, -1.77621650696, 0.191989794374], [21.4544277191, 45.1641845703, 33.9070205688, 9.97974967957, 0.786531925201, 25.10663414, 18.7340373993, 28.738445282, 111.58114624, 19.0676708221, -20.7363128662, 21.7274456024, 47.4664077759], [266.370239258, -138.409393311, 14.1219654083, -8.18085479736, -9.10051822662, 22.5924797058, -7.77893638611, -7.90304803848, 19.0676708221, 107.165893555, 15.0673418045, -26.8265705109, -0.61756169796], [62.2461471558, 0.525962889194, -35.2541656494, 35.8579559326, -40.966342926, -8.94746303558, 5.99936056137, -12.923956871, -20.7363128662, 15.0673418045, 128.860198975, 61.2784347534, -15.3703584671], [172.561767578, -111.454170227, 14.7623672485, 19.4366188049, -30.5874404907, -13.8804731369, 14.2230844498, -1.77621650696, 21.7274456024, -26.8265705109, 61.2784347534, 132.911819458, 51.0899467468], [178.646469116, -91.4139480591, 42.478187561, -5.73356866837, 3.3642783165, -16.0995464325, 5.92413854599, 0.191989794374, 47.4664077759, -0.61756169796, -15.3703584671, 51.0899467468, 106.579803467]],
