{
"lowlevel": {
    "average_loudness": 0.92382645607,
    "barkbands_crest": {
        "dmean": 2.32339334488,
        "dmean2": 3.62108826637,
        "dvar": 6.03443050385,
        "dvar2": 14.8485774994,
        "max": 25.7289218903,
        "mean": 11.9155759811,
        "median": 10.9150924683,
        "min": 2.56200480461,
        "var": 26.7770996094
    },
    "barkbands_flatness_db": {
        "dmean": 0.0272812079638,
        "dmean2": 0.0405317991972,
        "dvar": 0.000947150983848,
        "dvar2": 0.00197605090216,
        "max": 0.497720807791,
        "mean": 0.155420318246,
        "median": 0.134040355682,
        "min": 0.0265206806362,
        "var": 0.00709212431684
    },
    "barkbands_kurtosis": {
        "dmean": 6.41872692108,
        "dmean2": 9.17053794861,
        "dvar": 522.354553223,
        "dvar2": 823.697998047,
        "max": 1112.04919434,
        "mean": 12.2511920929,
        "median": 3.60601234436,
        "min": -1.93348193169,
        "var": 1622.96154785
    },
    "barkbands_skewness": {
        "dmean": 0.710651516914,
        "dmean2": 1.04065489769,
        "dvar": 0.880948662758,
        "dvar2": 1.57671499252,
        "max": 30.3443183899,
        "mean": 2.32724618912,
        "median": 1.94193315506,
        "min": -4.96090602875,
        "var": 4.86906147003
    },
    "barkbands_spread": {
        "dmean": 9.34338188171,
        "dmean2": 15.0246524811,
        "dvar": 206.694412231,
        "dvar2": 482.616088867,
        "max": 141.79624939,
        "mean": 27.8336448669,
        "median": 23.9925994873,
        "min": 0.326259642839,
        "var": 466.979309082
    },
    "dissonance": {
        "dmean": 0.0126728899777,
        "dmean2": 0.0209333747625,
        "dvar": 0.000341297301929,
        "dvar2": 0.000901516526937,
        "max": 0.500000119209,
        "mean": 0.469467848539,
        "median": 0.479734182358,
        "min": 0.173960953951,
        "var": 0.00116445496678
    },
    "dynamic_complexity": 4.06252622604,
    "erbbands_crest": {
        "dmean": 2.03019833565,
        "dmean2": 3.19630527496,
        "dvar": 5.31545734406,
        "dvar2": 11.9977226257,
        "max": 33.0731620789,
        "mean": 8.7098493576,
        "median": 6.69346857071,
        "min": 2.43186020851,
        "var": 29.0294075012
    },
    "erbbands_flatness_db": {
        "dmean": 0.0169284902513,
        "dmean2": 0.0266053136438,
        "dvar": 0.000451889907708,
        "dvar2": 0.000897854566574,
        "max": 0.530643463135,
        "mean": 0.127265483141,
        "median": 0.11072845757,
        "min": 0.0229786559939,
        "var": 0.00579558452591
    },
    "erbbands_kurtosis": {
        "dmean": 0.922368884087,
        "dmean2": 1.44215190411,
        "dvar": 5.22821331024,
        "dvar2": 11.2394418716,
        "max": 103.965751648,
        "mean": 0.674334168434,
        "median": -0.478188633919,
        "min": -1.87598741055,
        "var": 26.3003978729
    },
    "erbbands_skewness": {
        "dmean": 0.354636460543,
        "dmean2": 0.539371788502,
        "dvar": 0.146391138434,
        "dvar2": 0.317919075489,
        "max": 8.6418762207,
        "mean": 0.236220315099,
        "median": 0.0835898518562,
        "min": -2.80486059189,
        "var": 0.964419066906
    },
    "erbbands_spread": {
        "dmean": 10.0343046188,
        "dmean2": 15.554766655,
        "dvar": 153.761230469,
        "dvar2": 322.938110352,
        "max": 206.728897095,
        "mean": 52.8455543518,
        "median": 49.216835022,
        "min": 0.929908454418,
        "var": 727.947875977
    },
    "hfc": {
        "dmean": 12.4262371063,
        "dmean2": 21.5223712921,
        "dvar": 715.926818848,
        "dvar2": 1994.41906738,
        "max": 220.320999146,
        "mean": 32.2763748169,
        "median": 30.3200798035,
        "min": 7.47752901264e-12,
        "var": 868.592102051
    },
    "melbands_crest": {
        "dmean": 2.84017348289,
        "dmean2": 4.43688344955,
        "dvar": 9.71676826477,
        "dvar2": 22.2567520142,
        "max": 36.3594703674,
        "mean": 17.317565918,
        "median": 16.4825515747,
        "min": 2.9972577095,
        "var": 43.9632110596
    },
    "melbands_flatness_db": {
        "dmean": 0.0316785499454,
        "dmean2": 0.0465532392263,
        "dvar": 0.0012722882675,
        "dvar2": 0.00269504636526,
        "max": 0.586504340172,
        "mean": 0.239863783121,
        "median": 0.224678203464,
        "min": 0.00933872535825,
        "var": 0.00892539415509
    },
    "melbands_kurtosis": {
        "dmean": 17.0094966888,
        "dmean2": 25.2271022797,
        "dvar": 2291.93725586,
        "dvar2": 5088.28857422,
        "max": 1565.39685059,
        "mean": 41.6297149658,
        "median": 16.9713363647,
        "min": -1.71070945263,
        "var": 8986.13867188
    },
    "melbands_skewness": {
        "dmean": 0.952031731606,
        "dmean2": 1.4028891325,
        "dvar": 1.61467683315,
        "dvar2": 3.22418427467,
        "max": 32.2956924438,
        "mean": 4.29528093338,
        "median": 3.56957268715,
        "min": -1.70868623257,
        "var": 10.4670763016
    },
    "melbands_spread": {
        "dmean": 6.31959342957,
        "dmean2": 9.51391792297,
        "dvar": 98.916053772,
        "dvar2": 225.033065796,
        "max": 240.668411255,
        "mean": 17.9165325165,
        "median": 13.8893785477,
        "min": 0.184798315167,
        "var": 324.99206543
    },
    "pitch_salience": {
        "dmean": 0.0704043656588,
        "dmean2": 0.112607739866,
        "dvar": 0.00634275330231,
        "dvar2": 0.0156695712358,
        "max": 0.943871378899,
        "mean": 0.508703410625,
        "median": 0.514007925987,
        "min": 0.0189209971577,
        "var": 0.0247235819697
    },
    "silence_rate_20dB": {
        "dmean": 0,
        "dmean2": 0,
        "dvar": 0,
        "dvar2": 0,
        "max": 1,
        "mean": 1,
        "median": 1,
        "min": 1,
        "var": 0
    },
    "silence_rate_30dB": {
        "dmean": 0.0166681930423,
        "dmean2": 0.0333394408226,
        "dvar": 0.016388034448,
        "dvar2": 0.0391809754074,
        "max": 1,
        "mean": 0.985897421837,
        "median": 1,
        "min": 0,
        "var": 0.0139032145962
    },
    "silence_rate_60dB": {
        "dmean": 0.0139206890017,
        "dmean2": 0.0277523361146,
        "dvar": 0.0137293217704,
        "dvar2": 0.0289903990924,
        "max": 1,
        "mean": 0.0764652043581,
        "median": 0,
        "min": 0,
        "var": 0.0706290453672
    },
    "spectral_centroid": {
        "dmean": 282.732818604,
        "dmean2": 423.780578613,
        "dvar": 116952.421875,
        "dvar2": 232315.046875,
        "max": 11103.7070312,
        "mean": 1299.56005859,
        "median": 1225.85522461,
        "min": 141.9140625,
        "var": 499815.5625
    },
    "spectral_complexity": {
        "dmean": 4.18133544922,
        "dmean2": 6.12749576569,
        "dvar": 29.0469932556,
        "dvar2": 56.4726371765,
        "max": 61,
        "mean": 20.5329666138,
        "median": 19,
        "min": 0,
        "var": 233.929046631
    },
    "spectral_decrease": {
        "dmean": 2.59695687177e-09,
        "dmean2": 4.10929201777e-09,
        "dvar": 1.24511270715e-17,
        "dvar2": 3.34873152208e-17,
        "max": 7.55083218174e-10,
        "mean": -9.35678379221e-09,
        "median": -9.20779985591e-09,
        "min": -4.30392788076e-08,
        "var": 5.1461873831e-17
    },
    "spectral_energy": {
        "dmean": 0.0101393740624,
        "dmean2": 0.0161900892854,
        "dvar": 0.000181303839781,
        "dvar2": 0.00048867193982,
        "max": 0.163726896048,
        "mean": 0.0382422208786,
        "median": 0.0385454967618,
        "min": 6.37613421348e-16,
        "var": 0.000793184968643
    },
    "spectral_energyband_high": {
        "dmean": 0.000809033110272,
        "dmean2": 0.00141331215855,
        "dvar": 3.49226161234e-06,
        "dvar2": 9.83791323961e-06,
        "max": 0.0153405694291,
        "mean": 0.00160757789854,
        "median": 0.00121015287004,
        "min": 4.60078280218e-16,
        "var": 3.61320030606e-06
    },
    "spectral_energyband_low": {
        "dmean": 0.00868171546608,
        "dmean2": 0.0134230805561,
        "dvar": 0.000184958669706,
        "dvar2": 0.000480045273434,
        "max": 0.157827198505,
        "mean": 0.0211643259972,
        "median": 0.0133664729074,
        "min": 1.37644930152e-17,
        "var": 0.000578129664063
    },
    "spectral_energyband_middle_high": {
        "dmean": 0.00153685954865,
        "dmean2": 0.00226631062105,
        "dvar": 4.9530653996e-06,
        "dvar2": 9.55368614086e-06,
        "max": 0.0303428713232,
        "mean": 0.00498146377504,
        "median": 0.0032314658165,
        "min": 7.17955118435e-17,
        "var": 2.67310679192e-05
    },
    "spectral_energyband_middle_low": {
        "dmean": 0.0038658590056,
        "dmean2": 0.0062656425871,
        "dvar": 3.75618983526e-05,
        "dvar2": 0.000105093233287,
        "max": 0.0883243605494,
        "mean": 0.0127971898764,
        "median": 0.00973181240261,
        "min": 1.30904657203e-17,
        "var": 0.000128491112264
    },
    "spectral_entropy": {
        "dmean": 0.185446083546,
        "dmean2": 0.292126744986,
        "dvar": 0.0689986273646,
        "dvar2": 0.144014254212,
        "max": 9.78289699554,
        "mean": 7.5918970108,
        "median": 7.79556274414,
        "min": 4.55799007416,
        "var": 0.44847536087
    },
    "spectral_flux": {
        "dmean": 0.0280099101365,
        "dmean2": 0.044504661113,
        "dvar": 0.000976716168225,
        "dvar2": 0.00241491384804,
        "max": 0.296017408371,
        "mean": 0.0817992463708,
        "median": 0.0784115642309,
        "min": 2.39628207055e-06,
        "var": 0.00301664578728
    },
    "spectral_kurtosis": {
        "dmean": 1.8322416544,
        "dmean2": 3.05331754684,
        "dvar": 15.7288417816,
        "dvar2": 45.8199234009,
        "max": 109.069396973,
        "mean": 6.67886066437,
        "median": 4.9658036232,
        "min": -1.24562752247,
        "var": 65.9258956909
    },
    "spectral_rms": {
        "dmean": 0.000749848142732,
        "dmean2": 0.00116638082545,
        "dvar": 7.77556749654e-07,
        "dvar2": 1.99269106815e-06,
        "max": 0.0126385735348,
        "mean": 0.00554944574833,
        "median": 0.00613232143223,
        "min": 7.8870898701e-10,
        "var": 6.51300069876e-06
    },
    "spectral_rolloff": {
        "dmean": 1093.62780762,
        "dmean2": 1947.76831055,
        "dvar": 7553836.5,
        "dvar2": 18656628,
        "max": 19595.2148438,
        "mean": 2200.93945312,
        "median": 861.328125,
        "min": 64.599609375,
        "var": 16138687
    },
    "spectral_skewness": {
        "dmean": 0.231226176023,
        "dmean2": 0.36965033412,
        "dvar": 0.107204779983,
        "dvar2": 0.278121620417,
        "max": 8.77777957916,
        "mean": 1.77268576622,
        "median": 1.63316178322,
        "min": -0.0313653200865,
        "var": 0.542578816414
    },
    "spectral_spread": {
        "dmean": 813720.625,
        "dmean2": 1290822.5,
        "dvar": 1.58144711885e+12,
        "dvar2": 2.8847547351e+12,
        "max": 41727648,
        "mean": 5844257,
        "median": 4914592.5,
        "min": 728210.3125,
        "var": 8.87199943885e+12
    },
    "spectral_strongpeak": {
        "dmean": 0.271312475204,
        "dmean2": 0.459773987532,
        "dvar": 0.263706624508,
        "dvar2": 0.694365024567,
        "max": 9.27903938293,
        "mean": 0.697861492634,
        "median": 0.556426286697,
        "min": 0,
        "var": 0.499176889658
    },
    "zerocrossingrate": {
        "dmean": 0.0180778093636,
        "dmean2": 0.0218900088221,
        "dvar": 0.00070733949542,
        "dvar2": 0.00083888170775,
        "max": 0.6435546875,
        "mean": 0.0866102278233,
        "median": 0.0654296875,
        "min": 0.001953125,
        "var": 0.00860983319581
    },
    "barkbands": {
        "dmean": [0.000336098397383, 0.00698520988226, 0.00325902318582, 0.00112621241715, 0.00242356373928, 0.000903279113118, 0.000407701940276, 0.000355884723831, 0.000401471857913, 0.000477929308545, 0.000137700306368, 0.000180183924385, 0.00037551348214, 0.00030083139427, 0.000181951167178, 0.000186863631825, 0.000326373119606, 0.0003578113392, 0.000238242937485, 0.000122950121295, 0.000107347237645, 7.5725154602e-05, 4.48209611932e-05, 0.00010399925668, 4.04888705816e-05, 0.000188561622053, 0.000346725078998],
        "dmean2": [0.000493894563988, 0.0112702343613, 0.00521788233891, 0.00179846026003, 0.00420165527612, 0.00140492094215, 0.000658902456053, 0.000559868989512, 0.000612526317127, 0.000729550491087, 0.000224099319894, 0.000293243007036, 0.000632064708043, 0.0004965957487, 0.000294538593153, 0.000289976247586, 0.000514728832059, 0.000590603041928, 0.000386836385587, 0.000196814376977, 0.000172922795173, 0.000111360583105, 7.27847291273e-05, 0.000187908997759, 6.9725974754e-05, 0.000346209766576, 0.000626303313766],
        "dvar": [4.48381740625e-07, 0.000155312809511, 3.56863456545e-05, 4.01909028369e-06, 2.14193041757e-05, 2.44162765739e-06, 1.02725527995e-06, 8.21742332846e-07, 1.79080268481e-06, 1.23609981983e-06, 1.26067988049e-07, 1.08217577122e-07, 3.91940147892e-07, 2.43706523406e-07, 8.92633309491e-08, 9.17653153465e-08, 2.62129276507e-07, 3.35358976145e-07, 1.90708590253e-07, 4.76703405639e-08, 2.87471024762e-08, 1.16280425289e-08, 4.59232118999e-09, 7.8329463804e-08, 6.49145404097e-09, 2.94288582836e-07, 6.75363480696e-07],
        "dvar2": [9.45410704389e-07, 0.000406438339269, 9.14384436328e-05, 9.43523809838e-06, 6.564972864e-05, 5.46512137589e-06, 2.30072964769e-06, 1.73483419985e-06, 4.01827810492e-06, 2.64580990006e-06, 2.35165117601e-07, 2.64276053485e-07, 1.09828317818e-06, 6.4273768885e-07, 2.18064499791e-07, 2.16600653857e-07, 6.29465205293e-07, 8.20781451694e-07, 4.76198209753e-07, 1.03728396539e-07, 6.81223752963e-08, 2.446623526e-08, 1.10562003997e-08, 2.245936912e-07, 1.74891834348e-08, 8.38576738715e-07, 1.88945205082e-06],
        "max": [0.00859383679926, 0.147507786751, 0.0632464215159, 0.0307933427393, 0.0672937855124, 0.0305940806866, 0.0188326630741, 0.0247115008533, 0.0434035658836, 0.0268049743026, 0.0183450803161, 0.00741005083546, 0.00699223019183, 0.00573935592547, 0.00587270548567, 0.00570868421346, 0.00906171835959, 0.00855836458504, 0.00562009913847, 0.00817466061562, 0.00217795721255, 0.00129613780882, 0.00115726038348, 0.00215507950634, 0.000711299828254, 0.00411125132814, 0.00644615897909],
        "mean": [0.000516819709446, 0.0125363431871, 0.00596108008176, 0.00297970045358, 0.00527534354478, 0.00193580240011, 0.00075593823567, 0.000783956551459, 0.000734695757274, 0.0011423737742, 0.000212461323827, 0.000313812459353, 0.000661326164845, 0.000525693583768, 0.00031767753535, 0.000339130085194, 0.000569181866013, 0.000548495736439, 0.000401768978918, 0.000237941741943, 0.000234998384258, 0.000184025906492, 9.80834956863e-05, 0.000129983323859, 6.29378482699e-05, 0.000223612049012, 0.000558962172363],
        "median": [3.16869409289e-05, 0.00505867507309, 0.00301043898799, 0.000705360318534, 0.0034596407786, 0.000763529678807, 0.000169694481883, 7.62228664826e-05, 0.000120196025819, 0.000143730314448, 4.68651596748e-05, 0.000139273528475, 0.000287575821858, 0.000250329496339, 0.000161706935614, 0.000182655116078, 0.00026851228904, 0.000243781629251, 0.000195177155547, 0.000146519509144, 0.000133605033625, 8.53970122989e-05, 6.04058186582e-05, 7.69969337853e-05, 1.65010515047e-05, 6.03608350502e-05, 7.5178060797e-05],
        "min": [4.78735204931e-18, 6.51071792189e-18, 3.45875936485e-18, 2.60314235079e-18, 3.35738093616e-18, 1.06536313403e-18, 3.80536815234e-19, 3.71688490071e-19, 3.54685699522e-18, 5.91183833122e-18, 2.25698484202e-18, 1.67315001233e-18, 2.77397644718e-18, 1.03672572764e-17, 4.15339751913e-18, 1.1353663953e-18, 1.35371324977e-17, 1.03011978055e-17, 9.27214293725e-18, 1.52630010052e-17, 1.89206050767e-17, 4.46205210649e-17, 2.64938191247e-17, 5.20505518031e-17, 7.69380275372e-17, 9.45670331009e-17, 1.69851559681e-16],
        "var": [1.3818169009e-06, 0.000402534671593, 6.61068042973e-05, 2.02655864996e-05, 3.91518842662e-05, 7.84163876233e-06, 3.22544951814e-06, 3.635526582e-06, 4.13872476202e-06, 5.67063261769e-06, 3.95444772039e-07, 2.13346680766e-07, 7.95667233433e-07, 4.86193812321e-07, 1.83478988447e-07, 2.02902398883e-07, 5.70942063405e-07, 5.71690975448e-07, 3.03030333271e-07, 9.72827649548e-08, 7.61887477552e-08, 5.23634682281e-08, 1.16082494728e-08, 5.3261384636e-08, 7.94197330123e-09, 2.02513234626e-07, 7.59521981308e-07]
    },
    "erbbands": {
        "dmean": [0.202883273363, 1.62952303886, 3.70839357376, 3.50607132912, 5.97689962387, 8.28148078918, 9.9471244812, 6.07788658142, 4.85591363907, 6.91651391983, 7.68505573273, 6.77580595016, 14.9071102142, 10.3589553833, 5.27279758453, 7.59622764587, 16.3100566864, 15.303935051, 13.7632865906, 6.14118385315, 13.3593101501, 15.8449716568, 19.4500045776, 16.1044425964, 9.2451467514, 5.77166366577, 4.66104793549, 3.60032248497, 3.30627799034, 1.64096677303, 1.20309579372, 1.82455694675, 1.92372906208, 0.371067374945, 0.398410886526, 0.615177333355, 0.418344527483, 0.230496406555, 0.0670322552323, 0.00264765974134],
        "dmean2": [0.289338201284, 2.72228550911, 5.91803121567, 5.54433774948, 10.4678487778, 14.2185592651, 15.5298557281, 9.78432941437, 7.86025238037, 11.4243345261, 11.878657341, 10.0955886841, 23.1451816559, 16.0627841949, 8.54714488983, 12.184211731, 27.416009903, 25.4943637848, 22.0178585052, 9.60950565338, 20.2604312897, 24.9322166443, 32.0024795532, 26.770734787, 14.81645298, 9.07433605194, 7.34246969223, 5.90231132507, 4.80509805679, 2.59426498413, 1.95115733147, 3.27217626572, 3.47225689888, 0.659729421139, 0.680748939514, 1.12579262257, 0.76955550909, 0.413717120886, 0.118995532393, 0.00477786920965],
        "dvar": [0.192824155092, 8.00907421112, 43.9772796631, 35.4798469543, 158.502700806, 275.381164551, 281.870910645, 152.522491455, 140.046691895, 338.013336182, 351.964935303, 448.263946533, 1815.29919434, 517.852294922, 138.110321045, 212.981933594, 852.387878418, 693.750549316, 496.652252197, 92.7969284058, 456.941253662, 618.605651855, 955.01751709, 812.458496094, 281.523895264, 126.725395203, 55.3032226562, 34.986541748, 23.7939167023, 5.97065019608, 3.72044539452, 19.5865859985, 28.0974445343, 0.837440729141, 0.642494559288, 2.9610452652, 1.51877498627, 0.249952614307, 0.0237855855376, 4.82796203869e-05],
        "dvar2": [0.34346216917, 23.4678878784, 110.09412384, 89.9134368896, 502.694549561, 788.530029297, 652.286743164, 369.824981689, 313.519683838, 827.405578613, 725.600585938, 856.987976074, 4079.28149414, 1128.83203125, 277.992340088, 504.622131348, 2364.93725586, 1872.57519531, 1191.21142578, 213.73550415, 1027.53356934, 1509.4095459, 2396.66918945, 2073.99316406, 702.317199707, 269.573181152, 125.783866882, 86.8810882568, 48.957233429, 13.6815395355, 8.94831848145, 56.5370597839, 79.9663619995, 2.33584570885, 1.72611951828, 8.50822544098, 4.30399179459, 0.693219363689, 0.0665656402707, 0.000136322341859],
        "max": [6.7069644928, 28.4399967194, 69.8091049194, 84.5367126465, 181.887420654, 246.389175415, 394.541168213, 350.080566406, 225.537948608, 483.057647705, 673.509155273, 621.095092773, 1286.79394531, 557.469360352, 554.557495117, 363.854736328, 378.655883789, 382.897949219, 397.080169678, 158.363555908, 395.625, 584.460693359, 480.215545654, 295.0730896, 212.460266113, 490.454833984, 110.103561401, 76.5690765381, 64.9901504517, 33.6583862305, 30.7556247711, 40.3786888123, 41.6726417542, 7.41157341003, 6.9398765564, 13.7635784149, 9.21147251129, 3.91782546043, 1.23372721672, 0.0572181455791],
        "mean": [0.385448515415, 2.70451712608, 7.03065633774, 9.6804599762, 12.7089710236, 16.199382782, 22.1251735687, 12.2844009399, 9.6281414032, 14.5181694031, 17.8556156158, 14.835357666, 32.7911987305, 24.3756217957, 9.618309021, 14.9945983887, 28.6348762512, 28.1123199463, 24.794878006, 12.7970142365, 24.3503379822, 30.2063674927, 30.7561607361, 26.2151985168, 16.5455131531, 11.3003511429, 10.3624124527, 7.70556688309, 7.93025350571, 3.80161213875, 2.61650538445, 2.55022788048, 2.18301677704, 0.493083715439, 0.634121000767, 0.706732273102, 0.449092119932, 0.405157774687, 0.105090245605, 0.00334215443581],
        "median": [0.0753249377012, 1.40651261806, 3.74465560913, 3.97409915924, 6.67309427261, 10.0090761185, 8.91718864441, 4.41724872589, 3.28012180328, 1.63846611977, 2.36717677116, 2.99478554726, 3.49955201149, 4.62416362762, 3.61001372337, 7.04193115234, 13.2489061356, 14.0083703995, 13.1860370636, 7.57297325134, 13.3151435852, 14.5997104645, 14.3076477051, 13.2141799927, 9.02282810211, 6.89070701599, 6.24004364014, 4.37885856628, 3.37603735924, 1.9687628746, 1.73347854614, 1.72634100914, 1.09922671318, 0.2703114748, 0.0819394811988, 0.14100009203, 0.131209492683, 0.0704594478011, 0.0131449857727, 0.000538693042472],
        "min": [2.48571929828e-16, 1.27323546824e-15, 3.6924974085e-15, 7.07546653171e-15, 1.01299516193e-14, 1.11384815623e-14, 1.00423243668e-14, 8.2730343233e-15, 6.46159930846e-15, 4.59786170319e-15, 1.61052828653e-14, 7.46681430336e-14, 1.65739167182e-13, 1.63541299643e-13, 6.60584664768e-14, 7.91940636875e-14, 1.27290837376e-13, 4.07647358794e-13, 4.63220228234e-13, 6.63303233953e-14, 1.93266369163e-13, 7.70178246266e-13, 6.3037861606e-13, 2.34095105496e-13, 9.51938072639e-13, 6.36804031815e-13, 4.83403790087e-13, 1.46081757801e-12, 1.34529507759e-12, 8.84741498813e-13, 9.28076192286e-13, 9.05547067453e-13, 8.85688983092e-13, 5.52211108871e-13, 7.03218407984e-13, 3.33011965442e-13, 1.82310357132e-13, 8.67426180255e-14, 2.28212681906e-14, 2.19113743873e-15],
        "var": [0.812572360039, 13.1368532181, 81.1526641846, 157.827850342, 317.204833984, 424.678985596, 933.038269043, 484.863952637, 408.94152832, 1400.50378418, 1535.48205566, 1744.34191895, 6158.47119141, 2248.35375977, 412.13470459, 468.759521484, 1508.63793945, 1410.78210449, 1067.50537109, 259.151519775, 1020.16418457, 1515.96948242, 1686.57104492, 1313.56567383, 472.378265381, 252.39692688, 148.606445312, 84.8066329956, 106.858070374, 18.8354606628, 8.49767589569, 14.7872209549, 18.5227298737, 0.639475405216, 0.88591837883, 2.07795524597, 0.986653029919, 0.337111711502, 0.0272883325815, 3.8498925278e-05]
    },
    "gfcc": {
        "mean": [-10.0014438629, 53.6298980713, -84.94972229, 21.1792411804, -23.4703769684, -0.686253070831, -24.6008892059, -4.80524921417, -20.3893680573, -2.55217027664, -12.6677799225, 3.69068408012, -13.6442203522],
        "cov": [[24895.9648438, 1320.96081543, 1478.86962891, 2642.93261719, 1239.703125, 354.603302002, 68.4979553223, -481.729370117, -430.324401855, -383.999206543, -660.114135742, -127.330322266, -464.732391357], [1320.96081543, 2868.05859375, -409.3409729, 544.73059082, -29.5641059875, -130.095565796, -34.580696106, -152.500778198, 105.924240112, -57.9817123413, -147.376968384, -64.138343811, -31.6865787506], [1478.86962891, -409.3409729, 2118.04736328, 752.542785645, 820.342895508, 446.569244385, 72.9031448364, -22.5402679443, -132.981735229, 102.837692261, 80.4469299316, 41.2777023315, -10.0981445312], [2642.93261719, 544.73059082, 752.542785645, 1317.13525391, 676.839294434, 308.376495361, 95.573638916, -176.909561157, -68.1200561523, -7.59273386002, -110.687263489, -9.97375774384, -77.5741119385], [1239.703125, -29.5641059875, 820.342895508, 676.839294434, 694.069702148, 296.77545166, 55.7117462158, -57.7710914612, -76.4366912842, 37.7156944275, -24.4554328918, -6.54761219025, -37.595905304], [354.603302002, -130.095565796, 446.569244385, 308.376495361, 296.77545166, 267.868408203, 107.398483276, 9.48942565918, -25.178232193, 21.1555652618, -16.7348880768, -8.90310573578, -22.0474281311], [68.4979553223, -34.580696106, 72.9031448364, 95.573638916, 55.7117462158, 107.398483276, 154.039337158, 72.7503890991, 27.4032478333, 4.45053672791, -17.3202323914, -4.51028966904, -12.2721414566], [-481.729370117, -152.500778198, -22.5402679443, -176.909561157, -57.7710914612, 9.48942565918, 72.7503890991, 156.863418579, 64.2317886353, 24.0515384674, 42.2858543396, 9.28787612915, 21.7510108948], [-430.324401855, 105.924240112, -132.981735229, -68.1200561523, -76.4366912842, -25.178232193, 27.4032478333, 64.2317886353, 111.480903625, 47.5952796936, 21.6789703369, 6.91016674042, 10.5079603195], [-383.999206543, -57.9817123413, 102.837692261, -7.59273386002, 37.7156944275, 21.1555652618, 4.45053672791, 24.0515384674, 47.5952796936, 95.0728988647, 70.0275726318, 22.3827209473, 14.4969978333], [-660.114135742, -147.376968384, 80.4469299316, -110.687263489, -24.4554328918, -16.7348880768, -17.3202323914, 42.2858543396, 21.6789703369, 70.0275726318, 135.894790649, 66.0347671509, 40.3074188232], [-127.330322266, -64.138343811, 41.2777023315, -9.97375774384, -6.54761219025, -8.90310573578, -4.51028966904, 9.28787612915, 6.91016674042, 22.3827209473, 66.0347671509, 95.1277618408, 51.3879814148], [-464.732391357, -31.6865787506, -10.0981445312, -77.5741119385, -37.595905304, -22.0474281311, -12.2721414566, 21.7510108948, 10.5079603195, 14.4969978333, 40.3074188232, 51.3879814148, 88.0901107788]],
        "icov": [[6.62720412947e-05, -1.04810369521e-05, -3.11898111249e-05, -0.00012146566587, 2.19759695028e-05, 0.000117892108392, 8.45204558573e-05, -0.000203870920814, 0.00024085403129, -8.0890749814e-05, 0.000386355444789, -0.000329422735376, 0.000336284574587], [-1.04810369521e-05, 0.00051861529937, 3.49097645085e-05, -0.00031804369064, 1.80176921276e-05, 0.000404369144235, -0.000128733197926, 0.000600819766987, -0.00111214944627, 0.000605734647252, -0.000206128344871, 0.000559646345209, -0.000401387282182], [-3.11898111249e-05, 3.49097645085e-05, 0.00113080337178, -0.000185534416232, -0.00063389306888, -0.000999700743705, 0.000609415932558, -0.000739761686418, 0.00119657826144, -0.000867384020239, -0.00057755614398, 7.01193930581e-05, -0.000215554638999], [-0.00012146566587, -0.00031804369064, -0.000185534416232, 0.00293256668374, -0.00218039611354, -0.00021404074505, -0.00221775239334, 0.00361884804443, -0.00214404473081, 0.00129217933863, -0.00033491695649, -0.000633511401247, 0.000185254481039], [2.19759695028e-05, 1.80176921276e-05, -0.00063389306888, -0.00218039611354, 0.00583508145064, -0.00327797653154, 0.0029230506625, -0.00282248202711, 0.00320495688356, -0.003393471241, 0.00193199317437, -0.000415066315327, 0.000437982263975], [0.000117892108392, 0.000404369144235, -0.000999700743705, -0.00021404074505, -0.00327797653154, 0.0124378642067, -0.00753852399066, 0.00162843894213, 0.000311085314024, -0.000675756135024, 0.000790738500655, 0.000897338381037, -8.51954609971e-05], [8.45204558573e-05, -0.000128733197926, 0.000609415932558, -0.00221775239334, 0.0029230506625, -0.00753852399066, 0.0172505583614, -0.0108623877168, 0.00220829993486, -0.00268129468895, 0.00534102739766, -0.00395676353946, 0.00300471880473], [-0.000203870920814, 0.000600819766987, -0.000739761686418, 0.00361884804443, -0.00282248202711, 0.00162843894213, -0.0108623877168, 0.0209625810385, -0.0131539665163, 0.00947769638151, -0.00954653788358, 0.00591260334477, -0.0043153418228], [0.00024085403129, -0.00111214944627, 0.00119657826144, -0.00214404473081, 0.00320495688356, 0.000311085314024, 0.00220829993486, -0.0131539665163, 0.0266742445529, -0.0190402213484, 0.00981297250837, -0.00522244675085, 0.00262898253277], [-8.0890749814e-05, 0.000605734647252, -0.000867384020239, 0.00129217933863, -0.003393471241, -0.000675756135024, -0.00268129468895, 0.00947769638151, -0.0190402213484, 0.0330232381821, -0.0191481895745, 0.00764400279149, -0.00236248900183], [0.000386355444789, -0.000206128344871, -0.00057755614398, -0.00033491695649, 0.00193199317437, 0.000790738500655, 0.00534102739766, -0.00954653788358, 0.00981297250837, -0.0191481895745, 0.027959568426, -0.0158900618553, 0.00418350892141], [-0.000329422735376, 0.000559646345209, 7.01193930581e-05, -0.000633511401247, -0.000415066315327, 0.000897338381037, -0.00395676353946, 0.00591260334477, -0.00522244675085, 0.00764400279149, -0.0158900618553, 0.0260730665177, -0.0126242628321], [0.000336284574587, -0.000401387282182, -0.000215554638999, 0.000185254481039, 0.000437982263975, -8.51954609971e-05, 0.00300471880473, -0.0043153418228, 0.00262898253277, -0.00236248900183, 0.00418350892141, -0.0126242628321, 0.0202953089029]]
    },
    "melbands": {
        "dmean": [0.00183673005085, 0.00187444908079, 0.000583820219617, 0.00059806543868, 0.00031396994018, 0.000139482726809, 7.66578814364e-05, 7.35297580832e-05, 6.06040703133e-05, 4.94768974022e-05, 7.67169112805e-05, 4.67024074169e-05, 1.87792629731e-05, 1.91654416994e-05, 2.64170630544e-05, 3.96664690925e-05, 2.93532193609e-05, 2.56247822108e-05, 1.02605863503e-05, 9.50857793214e-06, 1.85676944966e-05, 1.85865628737e-05, 1.87119640032e-05, 1.79640483111e-05, 1.3794356164e-05, 7.73516876507e-06, 5.54698817723e-06, 3.94673952542e-06, 3.06939318762e-06, 3.44523914464e-06, 1.76938260665e-06, 2.18300601773e-06, 1.60101728852e-06, 9.65191361502e-07, 7.33296133149e-07, 8.12381699689e-07, 1.22432277294e-06, 1.50221433159e-06, 7.08641266556e-07, 2.10261291045e-07],
        "dmean2": [0.00285643269308, 0.00299846148118, 0.000949121604208, 0.00104079511948, 0.00049293297343, 0.000222185452003, 0.00012304149277, 0.000120613127365, 9.16149147088e-05, 7.58650421631e-05, 0.000118752752314, 7.25568679627e-05, 3.03382803395e-05, 3.10827635985e-05, 4.31259868492e-05, 6.7416287493e-05, 4.91693062941e-05, 4.11850887758e-05, 1.67304369825e-05, 1.4397315681e-05, 2.86888243863e-05, 2.97077403957e-05, 2.99633120449e-05, 3.01920481434e-05, 2.31249432545e-05, 1.23983718368e-05, 9.0942130555e-06, 6.35131891613e-06, 4.90253069074e-06, 5.61565047974e-06, 2.97190103993e-06, 3.2038954032e-06, 2.50939933721e-06, 1.60791159942e-06, 1.18707100683e-06, 1.37843812809e-06, 2.22722997023e-06, 2.71133990282e-06, 1.27697944663e-06, 3.71046695591e-07],
        "dvar": [1.25205833683e-05, 9.33208048082e-06, 8.76915294157e-07, 1.55064822138e-06, 2.66409216465e-07, 7.32693479222e-08, 3.26950697627e-08, 3.20110977725e-08, 1.93669205117e-08, 2.65976094482e-08, 4.6812079546e-08, 1.0797892358e-08, 2.5290571859e-09, 1.25354870928e-09, 1.79842674086e-09, 4.66234206797e-09, 2.41791120459e-09, 1.76524517226e-09, 2.49126275165e-10, 2.29582727829e-10, 8.93490115228e-10, 9.47901757087e-10, 9.57759094256e-10, 9.18497111702e-10, 6.15214545974e-10, 2.31525701389e-10, 8.80842065953e-11, 5.69140984341e-11, 2.64672884304e-11, 2.96979212056e-11, 8.41414958541e-12, 1.17242335632e-11, 6.08412452363e-12, 2.05317056759e-12, 1.31944975779e-12, 2.36983696555e-12, 8.91295370842e-12, 1.67249495503e-11, 3.32452728541e-12, 2.44772762172e-13],
        "dvar2": [2.85989153781e-05, 2.48713586188e-05, 2.37516155721e-06, 4.72186229672e-06, 6.42606948986e-07, 1.75385110879e-07, 7.15804375773e-08, 7.9641203854e-08, 3.90006178463e-08, 5.76321532719e-08, 1.0443170595e-07, 2.38276580689e-08, 4.51007364788e-09, 3.03770986143e-09, 4.80880357756e-09, 1.29351969136e-08, 6.56433973845e-09, 4.28569180144e-09, 6.22339291212e-10, 5.15790854472e-10, 2.03972128077e-09, 2.37933939218e-09, 2.33377406289e-09, 2.37783148727e-09, 1.6178648421e-09, 5.71164227026e-10, 2.21671042633e-10, 1.22701071525e-10, 6.31283567087e-11, 7.25410009839e-11, 2.11990234394e-11, 2.57498623119e-11, 1.49104270597e-11, 5.31713041652e-12, 3.07654943188e-12, 6.48737487341e-12, 2.57638389789e-11, 4.75246023091e-11, 9.36406247681e-12, 6.79985527521e-13],
        "max": [0.0491542816162, 0.0308020561934, 0.0120683033019, 0.0179885029793, 0.0107552437112, 0.00714800972492, 0.00331458006985, 0.00456784246489, 0.00501853087917, 0.00512855639681, 0.00642395019531, 0.00246619875543, 0.00270327040926, 0.000782525341492, 0.000669012428261, 0.000734359375201, 0.000649281195365, 0.000698968244251, 0.000230497229495, 0.000294519937597, 0.000501839676872, 0.000759432441555, 0.000610617746133, 0.000564728514291, 0.000288941228064, 0.000224153889576, 0.000247738644248, 0.000305357534671, 8.23379377834e-05, 8.4300256276e-05, 4.23307501478e-05, 4.92134167871e-05, 3.41740160366e-05, 1.82942621905e-05, 2.29246870731e-05, 2.16972493945e-05, 2.47356765612e-05, 3.26569570461e-05, 1.39863122968e-05, 4.33686818724e-06],
        "mean": [0.00342624890618, 0.00368731631897, 0.00165737699717, 0.00112559215631, 0.000728364102542, 0.000285106652882, 0.000152766457177, 0.000168238344486, 0.00014028447913, 9.42809056141e-05, 0.000168031270732, 0.00010842771735, 3.11160438287e-05, 3.24799475493e-05, 5.0457805628e-05, 6.6083164711e-05, 4.97872024425e-05, 4.36580230598e-05, 1.82990006579e-05, 1.78232712642e-05, 3.11757794407e-05, 3.20750805258e-05, 2.97924070765e-05, 2.6099383831e-05, 2.10837843042e-05, 1.28703377413e-05, 9.85729184322e-06, 6.86319572196e-06, 6.18183821643e-06, 6.84846463628e-06, 3.37771962222e-06, 4.90809998155e-06, 2.96274379252e-06, 1.84665509551e-06, 1.5090878378e-06, 1.397914275e-06, 1.58739374001e-06, 1.72130501142e-06, 8.032839105e-07, 2.72120757927e-07],
        "median": [0.00104010896757, 0.0022951811552, 0.00108702247962, 0.000587624439504, 0.000359106925316, 0.000105075057945, 4.74375483464e-05, 1.62431133504e-05, 2.00166323339e-05, 1.640899427e-05, 1.72582258529e-05, 1.89363854588e-05, 9.05669821805e-06, 1.48960380102e-05, 2.073655196e-05, 2.9565384466e-05, 2.32348247664e-05, 2.1225951059e-05, 1.003181751e-05, 9.31255817704e-06, 1.59164410434e-05, 1.4799339624e-05, 1.24901762319e-05, 1.12933994387e-05, 9.81971697911e-06, 6.33939089312e-06, 5.92596461502e-06, 3.73747479898e-06, 3.51958874489e-06, 3.46057254319e-06, 1.89503612091e-06, 2.03492595574e-06, 1.19984599678e-06, 9.92407080957e-07, 9.75982288764e-07, 9.33349383558e-07, 1.00667807601e-06, 8.20411628411e-07, 4.57205374005e-07, 1.2551069517e-07],
        "min": [2.2447537359e-18, 1.88297119895e-18, 1.32747733481e-18, 7.82937720117e-19, 3.83269819978e-19, 1.8771048082e-19, 9.33969952751e-20, 4.89064979552e-20, 1.60580042402e-19, 5.23695128541e-19, 8.4726223138e-19, 6.94418020841e-19, 2.60779208811e-19, 1.60801713882e-19, 2.4697004887e-19, 3.18810917714e-19, 8.35758992493e-19, 8.82805303422e-19, 1.9134769737e-19, 2.64723693879e-20, 2.785712951e-19, 8.64233961297e-19, 5.9430833211e-19, 5.2366617722e-19, 1.16323863378e-19, 4.03703714348e-19, 9.07733838748e-19, 3.09740003418e-19, 2.8416394077e-19, 1.72073691164e-19, 1.31093020704e-18, 1.03586308166e-18, 3.84032041063e-19, 4.53906158754e-19, 6.69859080153e-19, 3.22556262281e-19, 5.90658604452e-19, 5.39515061154e-19, 4.95813972019e-19, 4.99733257159e-19],
        "var": [4.17160263169e-05, 1.69772320078e-05, 3.39437974617e-06, 2.3541435894e-06, 8.58664805037e-07, 2.28900645993e-07, 1.01963010479e-07, 1.67965453102e-07, 8.71624763477e-08, 7.02252407336e-08, 1.59373172437e-07, 4.79827910738e-08, 8.21125034633e-09, 2.25585661262e-09, 5.18844522901e-09, 8.23892953861e-09, 4.61292160026e-09, 3.58700846803e-09, 5.2304482967e-10, 5.53041223927e-10, 1.79401016265e-09, 1.92546201205e-09, 1.88507742749e-09, 1.39060418736e-09, 9.23533582942e-10, 3.42914807661e-10, 1.54491808235e-10, 1.06235062414e-10, 6.04224517642e-11, 7.09217407024e-11, 1.7848967096e-11, 4.34400466987e-11, 1.5403294959e-11, 4.46627890921e-12, 3.10020368752e-12, 2.89549222272e-12, 6.45865002105e-12, 1.11884529419e-11, 2.26526675022e-12, 1.94644484992e-13]
    },
    "mfcc": {
        "mean": [-667.753356934, 107.95022583, -1.06493008137, 33.768913269, 15.7332744598, 14.4410085678, 4.66109418869, 6.31180477142, -5.25058937073, 0.698801517487, -2.47095131874, 1.41369950771, -8.22986984253],
        "cov": [[15772.5810547, 1007.13122559, 210.456268311, 1518.35522461, 313.560424805, 692.399658203, 142.848052979, 351.519470215, 51.0540504456, -53.8502540588, 169.330718994, -78.5519256592, -555.24017334], [1007.13122559, 1670.28173828, -125.008857727, 186.682754517, -56.9009819031, -14.8220872879, -165.919799805, -40.9036636353, 34.2282409668, -48.354434967, 57.3024368286, -28.777097702, -55.7826080322], [210.456268311, -125.008857727, 1004.25805664, 399.798156738, 477.470001221, 357.961456299, 305.663482666, 91.0637435913, -6.14279747009, 71.8153152466, -50.5505752563, 18.8319320679, 61.4528160095], [1518.35522461, 186.682754517, 399.798156738, 877.020263672, 496.320861816, 521.746826172, 208.004058838, 107.647918701, 29.7712841034, 3.60938358307, 28.5921669006, -44.4825325012, -40.7245330811], [313.560424805, -56.9009819031, 477.470001221, 496.320861816, 600.452148438, 418.529632568, 267.638214111, 71.4908828735, 1.21372973919, 42.9122505188, -24.5973529816, -4.25522708893, 28.8138198853], [692.399658203, -14.8220872879, 357.961456299, 521.746826172, 418.529632568, 497.542297363, 228.921600342, 90.2111434937, 35.7278366089, 28.5575828552, 17.1371440887, -28.5757255554, -16.1777954102], [142.848052979, -165.919799805, 305.663482666, 208.004058838, 267.638214111, 228.921600342, 250.796066284, 95.3349990845, 24.391084671, 54.1021995544, -11.8749494553, 6.94371891022, 24.4387016296], [351.519470215, -40.9036636353, 91.0637435913, 107.647918701, 71.4908828735, 90.2111434937, 95.3349990845, 125.548713684, 59.3712158203, 28.349697113, 18.457901001, 1.77656531334, -5.48519277573], [51.0540504456, 34.2282409668, -6.14279747009, 29.7712841034, 1.21372973919, 35.7278366089, 24.391084671, 59.3712158203, 110.096221924, 53.2869148254, 32.7870979309, 1.74784851074, -13.4427471161], [-53.8502540588, -48.354434967, 71.8153152466, 3.60938358307, 42.9122505188, 28.5575828552, 54.1021995544, 28.349697113, 53.2869148254, 103.064498901, 32.5397224426, 17.4184017181, 10.6432247162], [169.330718994, 57.3024368286, -50.5505752563, 28.5921669006, -24.5973529816, 17.1371440887, -11.8749494553, 18.457901001, 32.7870979309, 32.5397224426, 84.7383728027, 29.2177219391, -8.92733955383], [-78.5519256592, -28.777097702, 18.8319320679, -44.4825325012, -4.25522708893, -28.5757255554, 6.94371891022, 1.77656531334, 1.74784851074, 17.4184017181, 29.2177219391, 69.9014663696, 45.9723243713], [-555.24017334, -55.7826080322, 61.4528160095, -40.7245330811, 28.8138198853, -16.1777954102, 24.4387016296, -5.48519277573, -13.4427471161, 10.6432247162, -8.92733955383, 45.9723243713, 105.653060913]],
