{
"lowlevel": {
    "average_loudness": 0.38479706645,
    "barkbands_crest": {
        "dmean": 1.61059010029,
        "dmean2": 2.53098034859,
        "dvar": 3.76384234428,
        "dvar2": 9.09337234497,
        "max": 26.6722698212,
        "mean": 14.3671808243,
        "median": 13.4173946381,
        "min": 2.59849739075,
        "var": 27.420331955
    },
    "barkbands_flatness_db": {
        "dmean": 0.0199653748423,
        "dmean2": 0.0327015481889,
        "dvar": 0.00047621660633,
        "dvar2": 0.00111749826465,
        "max": 0.559246599674,
        "mean": 0.360816150904,
        "median": 0.361580640078,
        "min": 0.0126763777807,
        "var": 0.00437126168981
    },
    "barkbands_kurtosis": {
        "dmean": 1.9794151783,
        "dmean2": 2.96887230873,
        "dvar": 12.9595909119,
        "dvar2": 28.1146335602,
        "max": 166.661880493,
        "mean": 6.55027580261,
        "median": 3.72907686234,
        "min": -1.52373957634,
        "var": 88.0761642456
    },
    "barkbands_skewness": {
        "dmean": 0.324937999249,
        "dmean2": 0.495588779449,
        "dvar": 0.16474224627,
        "dvar2": 0.38280749321,
        "max": 11.681851387,
        "mean": 1.72989082336,
        "median": 1.48617506027,
        "min": -2.50407457352,
        "var": 1.57900869846
    },
    "barkbands_spread": {
        "dmean": 0.905903875828,
        "dmean2": 1.43163895607,
        "dvar": 2.1646604538,
        "dvar2": 5.1490945816,
        "max": 82.7152252197,
        "mean": 5.22041893005,
        "median": 4.2767791748,
        "min": 0.260767430067,
        "var": 19.9413394928
    },
    "dissonance": {
        "dmean": 0.0348090864718,
        "dmean2": 0.0586445294321,
        "dvar": 0.00114901375491,
        "dvar2": 0.00300117372535,
        "max": 0.500000059605,
        "mean": 0.369181990623,
        "median": 0.371361911297,
        "min": 0.12155444175,
        "var": 0.0039638215676
    },
    "dynamic_complexity": 6.25910902023,
    "erbbands_crest": {
        "dmean": 1.80832076073,
        "dmean2": 2.78844499588,
        "dvar": 4.53813648224,
        "dvar2": 10.6824979782,
        "max": 32.2387886047,
        "mean": 15.1958341599,
        "median": 14.5950374603,
        "min": 2.40745329857,
        "var": 33.6618995667
    },
    "erbbands_flatness_db": {
        "dmean": 0.0133307604119,
        "dmean2": 0.0210720039904,
        "dvar": 0.000299506209558,
        "dvar2": 0.000665677478537,
        "max": 0.53507065773,
        "mean": 0.37060752511,
        "median": 0.372966319323,
        "min": 0.0301878284663,
        "var": 0.00305014871992
    },
    "erbbands_kurtosis": {
        "dmean": 0.784273982048,
        "dmean2": 1.13718390465,
        "dvar": 1.97799551487,
        "dvar2": 3.90006017685,
        "max": 53.4626998901,
        "mean": 1.57458484173,
        "median": 0.575466871262,
        "min": -1.8886436224,
        "var": 13.3715877533
    },
    "erbbands_skewness": {
        "dmean": 0.228931680322,
        "dmean2": 0.342966198921,
        "dvar": 0.0709215700626,
        "dvar2": 0.155166178942,
        "max": 6.15842628479,
        "mean": 0.944788336754,
        "median": 0.832631349564,
        "min": -1.23160493374,
        "var": 0.741299331188
    },
    "erbbands_spread": {
        "dmean": 1.76704418659,
        "dmean2": 2.62737178802,
        "dvar": 6.10792350769,
        "dvar2": 13.9702835083,
        "max": 93.6315307617,
        "mean": 14.2891635895,
        "median": 12.7181568146,
        "min": 1.2077794075,
        "var": 52.3376045227
    },
    "hfc": {
        "dmean": 1.45684802532,
        "dmean2": 1.99299788475,
        "dvar": 10.0601701736,
        "dvar2": 19.5858669281,
        "max": 79.9863586426,
        "mean": 6.29097700119,
        "median": 3.50031852722,
        "min": 1.04425947359e-16,
        "var": 59.1150894165
    },
    "melbands_crest": {
        "dmean": 1.9002392292,
        "dmean2": 3.01122879982,
        "dvar": 4.95679616928,
        "dvar2": 12.4363975525,
        "max": 32.6765518188,
        "mean": 17.357049942,
        "median": 16.5722522736,
        "min": 1.55910742283,
        "var": 35.588596344
    },
    "melbands_flatness_db": {
        "dmean": 0.0218160059303,
        "dmean2": 0.0347002595663,
        "dvar": 0.000724927289411,
        "dvar2": 0.00160390080418,
        "max": 0.728095650673,
        "mean": 0.46829366684,
        "median": 0.471248358488,
        "min": 0.00346250855364,
        "var": 0.00758584262803
    },
    "melbands_kurtosis": {
        "dmean": 2.58320951462,
        "dmean2": 3.88314175606,
        "dvar": 17.0244579315,
        "dvar2": 37.5502853394,
        "max": 123.915733337,
        "mean": 9.60034370422,
        "median": 5.85085868835,
        "min": -1.41602146626,
        "var": 124.777648926
    },
    "melbands_skewness": {
        "dmean": 0.344674825668,
        "dmean2": 0.520031988621,
        "dvar": 0.178760766983,
        "dvar2": 0.398451089859,
        "max": 8.06754684448,
        "mean": 2.10903000832,
        "median": 1.84218394756,
        "min": -2.10377550125,
        "var": 1.67047727108
    },
    "melbands_spread": {
        "dmean": 1.34731459618,
        "dmean2": 2.15656805038,
        "dvar": 11.681854248,
        "dvar2": 30.0585918427,
        "max": 162.039901733,
        "mean": 7.65413284302,
        "median": 5.64749526978,
        "min": 0.473200827837,
        "var": 139.777572632
    },
    "pitch_salience": {
        "dmean": 0.0417936220765,
        "dmean2": 0.0657673403621,
        "dvar": 0.0025303508155,
        "dvar2": 0.00604828353971,
        "max": 0.885982334614,
        "mean": 0.453958451748,
        "median": 0.461576253176,
        "min": 0.0662169829011,
        "var": 0.0149505361915
    },
    "silence_rate_20dB": {
        "dmean": 0,
        "dmean2": 0,
        "dvar": 0,
        "dvar2": 0,
        "max": 1,
        "mean": 1,
        "median": 1,
        "min": 1,
        "var": 0
    },
    "silence_rate_30dB": {
        "dmean": 0.00298062595539,
        "dmean2": 0.00596174551174,
        "dvar": 0.00297181401402,
        "dvar2": 0.00708555849269,
        "max": 1,
        "mean": 0.993045806885,
        "median": 1,
        "min": 0,
        "var": 0.00690589565784
    },
    "silence_rate_60dB": {
        "dmean": 0.0352707393467,
        "dmean2": 0.0705473199487,
        "dvar": 0.034032009542,
        "dvar2": 0.0708803832531,
        "max": 1,
        "mean": 0.265419334173,
        "median": 0,
        "min": 0,
        "var": 0.194967478514
    },
    "spectral_centroid": {
        "dmean": 39.5195770264,
        "dmean2": 61.0284538269,
        "dvar": 22468.1074219,
        "dvar2": 34765.828125,
        "max": 11647.5410156,
        "mean": 518.559631348,
        "median": 407.190826416,
        "min": 157.904129028,
        "var": 792425.9375
    },
    "spectral_complexity": {
        "dmean": 1.03129661083,
        "dmean2": 1.64312326908,
        "dvar": 1.76613473892,
        "dvar2": 3.53679323196,
        "max": 23,
        "mean": 7.60642433167,
        "median": 7,
        "min": 0,
        "var": 16.6305332184
    },
    "spectral_decrease": {
        "dmean": 9.94647475494e-10,
        "dmean2": 1.42839229333e-09,
        "dvar": 3.93679862137e-18,
        "dvar2": 8.18776788402e-18,
        "max": 4.3816222538e-22,
        "mean": -4.21610701906e-09,
        "median": -2.3098964963e-09,
        "min": -4.49845316552e-08,
        "var": 2.77353196168e-17
    },
    "spectral_energy": {
        "dmean": 0.00388195319101,
        "dmean2": 0.00556521536782,
        "dvar": 6.01529645792e-05,
        "dvar2": 0.000124773796415,
        "max": 0.174446567893,
        "mean": 0.0164831578732,
        "median": 0.00905893091112,
        "min": 9.87272292045e-21,
        "var": 0.00042197239236
    },
    "spectral_energyband_high": {
        "dmean": 3.98967085857e-06,
        "dmean2": 5.66246490052e-06,
        "dvar": 6.78022582523e-10,
        "dvar2": 1.56085422365e-09,
        "max": 0.00100179528818,
        "mean": 5.15090277986e-06,
        "median": 1.05013086227e-07,
        "min": 7.06743276924e-21,
        "var": 9.41166145019e-10
    },
    "spectral_energyband_low": {
        "dmean": 0.000599710212555,
        "dmean2": 0.000868986127898,
        "dvar": 3.05256253341e-06,
        "dvar2": 6.17595878794e-06,
        "max": 0.0511586368084,
        "mean": 0.00195844634436,
        "median": 0.000630934198853,
        "min": 1.4386317489e-23,
        "var": 1.42719973155e-05
    },
    "spectral_energyband_middle_high": {
        "dmean": 0.000256685772911,
        "dmean2": 0.000339657824952,
        "dvar": 3.8896746446e-07,
        "dvar2": 7.24560095477e-07,
        "max": 0.0144073367119,
        "mean": 0.000935900316108,
        "median": 0.000492658524308,
        "min": 1.28851525468e-21,
        "var": 1.62406217896e-06
    },
    "spectral_energyband_middle_low": {
        "dmean": 0.00345547613688,
        "dmean2": 0.00507842376828,
        "dvar": 5.12614715262e-05,
        "dvar2": 0.000110620123451,
        "max": 0.165305241942,
        "mean": 0.0139592960477,
        "median": 0.00676606036723,
        "min": 1.72789846004e-22,
        "var": 0.000356692238711
    },
    "spectral_entropy": {
        "dmean": 0.153491303325,
        "dmean2": 0.24129717052,
        "dvar": 0.0537138283253,
        "dvar2": 0.127048403025,
        "max": 9.82155704498,
        "mean": 5.57070589066,
        "median": 5.53379774094,
        "min": 3.47849559784,
        "var": 0.37900647521
    },
    "spectral_flux": {
        "dmean": 0.0138170924038,
        "dmean2": 0.0222427845001,
        "dvar": 0.000586848997045,
        "dvar2": 0.00141091318801,
        "max": 0.284655332565,
        "mean": 0.0279722511768,
        "median": 0.0189527701586,
        "min": 6.4577579395e-11,
        "var": 0.000909734226298
    },
    "spectral_kurtosis": {
        "dmean": 29.2136554718,
        "dmean2": 50.7406425476,
        "dvar": 819.596862793,
        "dvar2": 2239.83496094,
        "max": 368.649719238,
        "mean": 94.141784668,
        "median": 83.488609314,
        "min": -1.26033091545,
        "var": 3992.94677734
    },
    "spectral_rms": {
        "dmean": 0.000410458131228,
        "dmean2": 0.000574639823753,
        "dvar": 4.17033390931e-07,
        "dvar2": 8.02348552043e-07,
        "max": 0.0130457570776,
        "mean": 0.00334734516218,
        "median": 0.00297287432477,
        "min": 3.10353413975e-12,
        "var": 4.87643183078e-06
    },
    "spectral_rolloff": {
        "dmean": 74.0079650879,
        "dmean2": 130.235168457,
        "dvar": 159344.015625,
        "dvar2": 386852,
        "max": 19530.6152344,
        "mean": 692.860839844,
        "median": 538.330078125,
        "min": 107.666015625,
        "var": 2725720.5
    },
    "spectral_skewness": {
        "dmean": 1.62208354473,
        "dmean2": 2.85696458817,
        "dvar": 2.08129048347,
        "dvar2": 5.71864318848,
        "max": 15.2290306091,
        "mean": 6.50825500488,
        "median": 6.24818754196,
        "min": -0.0701240599155,
        "var": 8.36611175537
    },
    "spectral_spread": {
        "dmean": 330619.875,
        "dmean2": 587046.25,
        "dvar": 451676995584,
        "dvar2": 957452910592,
        "max": 43336264,
        "mean": 1368796.875,
        "median": 987653.9375,
        "min": 236372.625,
        "var": 1.11924006093e+13
    },
    "spectral_strongpeak": {
        "dmean": 0.209603279829,
        "dmean2": 0.327293753624,
        "dvar": 0.12529027462,
        "dvar2": 0.283560037613,
        "max": 6.09675312042,
        "mean": 0.944572031498,
        "median": 0.686942458153,
        "min": 0,
        "var": 0.715783417225
    },
    "zerocrossingrate": {
        "dmean": 0.0021823074203,
        "dmean2": 0.00291735609062,
        "dvar": 4.79254304082e-05,
        "dvar2": 9.22593244468e-05,
        "max": 0.53857421875,
        "mean": 0.0251933559775,
        "median": 0.01953125,
        "min": 0.00390625,
        "var": 0.00210811942816
    },
    "barkbands": {
        "dmean": [2.713003596e-06, 0.00011199688015, 0.000449402199592, 0.000189447324374, 0.00138039712328, 0.00152188749053, 0.000419104879256, 0.000542427005712, 0.000185885888641, 3.96347386413e-05, 3.51821581717e-05, 0.000103435319033, 6.28274938208e-05, 3.37112542184e-05, 2.85382484435e-05, 1.74939195858e-05, 6.76745958117e-06, 3.99525924877e-06, 2.92553045256e-06, 1.99867599804e-06, 1.38759480706e-06, 1.02525018519e-06, 2.43064988581e-07, 8.27452097951e-08, 1.24928352108e-08, 2.90048873808e-09, 8.41894942649e-10],
        "dmean2": [4.90200773129e-06, 0.000163478413015, 0.000658944423776, 0.000301346270135, 0.00212948350236, 0.00230071786791, 0.00063676625723, 0.00071799318539, 0.000221693888307, 5.45947586943e-05, 4.83254079882e-05, 0.000142331860843, 8.63935783855e-05, 5.0355141866e-05, 4.1087376303e-05, 2.41614343395e-05, 1.02620469988e-05, 5.65066420677e-06, 3.83894803235e-06, 3.15993429467e-06, 1.83036638646e-06, 1.38918994708e-06, 3.5350547023e-07, 1.29317854203e-07, 1.99306491311e-08, 4.89836882167e-09, 1.56788582117e-09],
        "dvar": [2.87812620958e-11, 1.3269912813e-07, 1.94405606635e-06, 1.96034548594e-07, 1.72173695319e-05, 1.81355862878e-05, 5.7228762671e-06, 5.02056445839e-06, 5.02930504354e-07, 2.08987582795e-08, 5.74873837422e-09, 8.64758717967e-08, 3.60114711384e-08, 1.136947958e-08, 1.0913521642e-08, 3.07542014077e-09, 7.8509354573e-10, 4.19894952142e-10, 2.38635611272e-10, 1.1758213847e-10, 6.62154081565e-11, 1.11840342543e-10, 4.3241330655e-12, 6.69928305538e-13, 1.36613115975e-14, 8.95353741675e-16, 3.85414838893e-18],
        "dvar2": [9.13675801684e-11, 2.32872054085e-07, 4.24648169428e-06, 4.90523632379e-07, 3.89051783714e-05, 3.89361921407e-05, 1.40308075061e-05, 1.02486546893e-05, 8.31195507089e-07, 3.69132315825e-08, 1.18234773083e-08, 1.63217904969e-07, 6.94116693012e-08, 2.51028389187e-08, 2.15360351774e-08, 5.88546722469e-09, 1.88722304451e-09, 8.25868984311e-10, 4.10989159372e-10, 3.04999026035e-10, 1.44117454082e-10, 2.5712459939e-10, 8.60855310647e-12, 1.6129643194e-12, 3.27244335145e-14, 2.23881925267e-15, 1.23046093967e-17],
        "max": [0.000107498650323, 0.0164709165692, 0.0365192294121, 0.0096756387502, 0.149997398257, 0.108183182776, 0.136279016733, 0.0714372321963, 0.0414962284267, 0.00827825628221, 0.00164670892991, 0.00784725509584, 0.00643513631076, 0.00236102496274, 0.00277524976991, 0.00152137014084, 0.000676296011079, 0.00106603838503, 0.000697298964951, 0.000253521546256, 0.000185702097951, 0.000683185178787, 7.89044861449e-05, 2.04856132768e-05, 2.94239930554e-06, 8.89731211373e-07, 4.67871998922e-08],
        "mean": [2.66123038273e-06, 0.000265462615062, 0.00133757514413, 0.000571243348531, 0.00461285561323, 0.0052034901455, 0.000980483484454, 0.00188544963021, 0.00066434481414, 0.000120619006339, 9.94345318759e-05, 0.000312753778417, 0.000194958382053, 8.19204069558e-05, 6.95595153957e-05, 4.54259024991e-05, 1.45494423123e-05, 8.20058630779e-06, 6.04271644988e-06, 2.52201198236e-06, 1.96247287931e-06, 1.31865374442e-06, 2.48774938427e-07, 7.41932453252e-08, 1.17454330706e-08, 2.50845277883e-09, 8.78592198994e-10],
        "median": [1.07513710645e-06, 2.69737556664e-05, 0.000271920289379, 0.000220601694309, 0.000979650183581, 0.000646657601465, 0.00017315428704, 0.000333063217113, 0.000104636928882, 4.86908029416e-05, 4.29745996371e-05, 8.0927828094e-05, 6.55490730423e-05, 1.8290567823e-05, 1.08666390588e-05, 8.90394312592e-06, 2.39630890064e-06, 8.75130581335e-07, 4.69346872478e-07, 1.11121494228e-07, 3.36767449483e-08, 6.77397782312e-09, 1.10261322295e-09, 4.00679378565e-10, 3.29633570439e-10, 3.21944054749e-10, 3.68903158021e-10],
        "min": [2.40807507364e-25, 3.09657803128e-24, 1.06056244896e-24, 2.68205331926e-24, 5.42066204896e-24, 8.3089204534e-24, 4.68485006746e-24, 7.3732769884e-24, 1.26501379774e-23, 2.14230040952e-23, 9.45871993264e-24, 2.46600080451e-23, 1.64603732261e-23, 3.38646753232e-23, 4.56390585778e-23, 6.62990259184e-23, 6.42821231539e-23, 7.52218757936e-23, 1.44794119111e-22, 1.77536011863e-22, 2.03637791008e-22, 2.46747739435e-22, 4.36825932872e-22, 5.86807146911e-22, 8.48342481601e-22, 1.28542554526e-21, 1.95147941204e-21],
        "var": [2.86691139578e-11, 6.23860046289e-07, 7.79391939432e-06, 8.25474955946e-07, 0.000145676764078, 0.00012917642016, 1.12670059025e-05, 2.58172276517e-05, 2.67258110398e-06, 6.68104576107e-08, 2.33679706696e-08, 3.69945524881e-07, 1.35469790052e-07, 3.06132044159e-08, 3.72152832995e-08, 1.18325900189e-08, 1.81274495414e-09, 8.36927527281e-10, 5.80551440255e-10, 1.23230120552e-10, 1.11351879106e-10, 1.50089565776e-10, 5.54445161657e-12, 6.16565067231e-13, 1.30805036467e-14, 7.23560954533e-16, 2.94197186651e-18]
    },
    "erbbands": {
        "dmean": [0.000744255958125, 0.0384635329247, 0.411347031593, 0.596637010574, 1.45751488209, 6.66210842133, 12.8067378998, 9.13369369507, 6.17482280731, 7.14100265503, 11.8685092926, 4.03477621078, 1.21085822582, 1.1451612711, 1.42945313454, 4.92239236832, 2.49691939354, 2.75568771362, 0.715343654156, 1.71805274487, 0.726682960987, 0.347152322531, 0.261625289917, 0.158757835627, 0.11969204247, 0.0875836610794, 0.0582234412432, 0.0613605342805, 0.0383205041289, 0.0168703235686, 0.00572052225471, 0.00296743772924, 0.000831851561088, 0.000208553363336, 8.21455396363e-05, 1.82690382644e-05, 3.79140874429e-06, 7.57283544317e-07, 1.81960399459e-06, 4.31736589235e-06],
        "dmean2": [0.00108985812403, 0.0552432388067, 0.59779882431, 0.913072109222, 2.31844043732, 10.1590099335, 20.3393745422, 12.8448963165, 9.12191295624, 10.2692174911, 15.539355278, 4.97937107086, 1.60002171993, 1.64465808868, 1.93654310703, 6.64179801941, 3.37863898277, 4.04417848587, 1.02662301064, 2.42365789413, 0.988990724087, 0.527155816555, 0.362546980381, 0.216413408518, 0.158290892839, 0.13598869741, 0.0901555344462, 0.0784633010626, 0.0497249737382, 0.0232992172241, 0.00847516488284, 0.00455165468156, 0.00140725134406, 0.00032385927625, 0.000133615874802, 2.9998478567e-05, 6.21751269136e-06, 1.30099328999e-06, 2.58065801972e-06, 6.17359091848e-06],
        "dvar": [4.48220316684e-06, 0.0151986153796, 1.60073530674, 2.62185382843, 15.6294527054, 517.694885254, 1215.26318359, 736.130493164, 596.007629395, 1932.78442383, 2059.23022461, 339.92300415, 21.303237915, 14.6323289871, 11.9365901947, 214.031112671, 38.6462059021, 89.5331802368, 4.37680196762, 41.8979644775, 4.68726682663, 2.41115880013, 1.90239953995, 0.480632156134, 0.619961798191, 0.235932052135, 0.1177649647, 0.140309602022, 0.134357050061, 0.0315716043115, 0.00225165090524, 0.000732002255972, 9.58921664278e-05, 3.74850219487e-06, 8.56418409967e-07, 3.66818930786e-08, 7.35439209532e-10, 1.05342817802e-11, 1.32707404094e-11, 7.47174336291e-11],
        "dvar2": [8.57133818499e-06, 0.024858571589, 3.13561153412, 6.00819826126, 42.7763175964, 1123.88806152, 3064.27416992, 1241.7376709, 1242.35693359, 4526.16796875, 4495.93945312, 623.23425293, 37.905216217, 27.0780563354, 24.8092441559, 394.780853271, 69.0814285278, 196.132324219, 9.45106220245, 77.6439208984, 8.69211578369, 6.2737569809, 3.64793562889, 0.947531104088, 1.09941887856, 0.611391544342, 0.298754453659, 0.278678804636, 0.298726946115, 0.0717932805419, 0.00498351827264, 0.00166867708322, 0.00025883570197, 8.97514837561e-06, 2.08611481867e-06, 9.21130265397e-08, 1.9117303296e-09, 2.81566905208e-11, 2.69069540954e-11, 1.54309828804e-10],
        "max": [0.076592206955, 5.58141994476, 41.4879493713, 55.970249176, 138.714035034, 864.459777832, 916.38848877, 807.948425293, 823.287597656, 2005.79992676, 1434.89440918, 1158.74267578, 281.614440918, 221.733459473, 78.0769348145, 401.115936279, 247.610702515, 280.438598633, 54.114730835, 199.370788574, 62.5713729858, 47.4728813171, 75.7243041992, 28.0506782532, 49.7478485107, 11.7376928329, 7.77487277985, 9.21401405334, 23.8317737579, 11.1658573151, 1.71229970455, 0.697037696838, 0.242114335299, 0.0609118565917, 0.0254988148808, 0.00541752297431, 0.000799783214461, 0.000113535497803, 8.17391482997e-05, 0.000192796665942],
        "mean": [0.0020438360516, 0.0988369062543, 1.17049360275, 2.11959958076, 4.60235786438, 24.0890254974, 36.641872406, 35.1115875244, 16.9347934723, 23.313451767, 39.8319129944, 13.9617404938, 4.10121965408, 3.58591365814, 4.06854104996, 15.2724962234, 8.07647418976, 7.73448896408, 1.93061316013, 4.26435518265, 2.03056645393, 0.762309491634, 0.536575078964, 0.351957798004, 0.21692378819, 0.117689467967, 0.0697022601962, 0.0881599113345, 0.0534483194351, 0.0201754756272, 0.00587038462982, 0.00283012958243, 0.000662675651256, 0.000208160694456, 7.90779740782e-05, 2.27155233006e-05, 7.79349102231e-06, 1.59559283475e-06, 7.85571228334e-06, 1.83784250112e-05],
        "median": [0.000370166177163, 0.0172752737999, 0.266474336386, 0.957679212093, 1.31202244759, 3.61303949356, 6.56638622284, 5.38067960739, 4.24029159546, 3.94178628922, 8.71008396149, 3.59449124336, 1.9332331419, 1.79990339279, 1.8747099638, 4.02343845367, 3.91663575172, 1.76409327984, 0.671893060207, 0.935548424721, 0.448845267296, 0.149672970176, 0.0703847780824, 0.032262545079, 0.0202771499753, 0.0071524232626, 0.00243157963268, 0.000942278886214, 0.000397402094677, 0.000103085563751, 3.54716285074e-05, 1.71859519469e-05, 1.24617790789e-05, 1.02464373413e-05, 8.33560989122e-06, 6.12372195974e-06, 3.5438008581e-06, 8.5461914523e-07, 4.34550429418e-06, 1.01268205981e-05],
        "min": [1.02202439676e-22, 2.32400947033e-22, 2.96147905687e-21, 8.92184568679e-21, 1.09231259761e-20, 1.9704322686e-20, 2.61818157354e-20, 7.77645483182e-20, 8.038671086e-20, 1.21522215314e-19, 2.04245058707e-19, 3.29599731046e-19, 5.64842762824e-19, 8.12633452409e-19, 1.49393244043e-18, 1.01999413859e-18, 8.51231767742e-19, 1.83792893985e-18, 2.70087125862e-18, 4.19335158349e-18, 4.49047775465e-18, 4.37964175642e-18, 4.18853615155e-18, 5.7438214052e-18, 6.05135929873e-18, 8.24323282563e-18, 8.64460898298e-18, 1.07543802846e-17, 9.86479799381e-18, 9.05919686908e-18, 1.23033810335e-17, 1.08033857728e-17, 1.03913050711e-17, 8.41628562722e-18, 6.47244923803e-18, 4.21501503014e-18, 2.33649716481e-18, 9.04706874694e-19, 2.53084800602e-19, 2.65293996137e-20],
        "var": [2.79693231278e-05, 0.0761343091726, 6.7848572731, 13.3588523865, 106.284759521, 4905.92382812, 6141.640625, 6853.87353516, 1812.14404297, 7100.734375, 7042.63183594, 1204.41455078, 74.8415222168, 39.8843841553, 40.4354782104, 919.409362793, 149.996887207, 276.961608887, 13.552230835, 133.717193604, 19.8438529968, 4.19733810425, 3.71581268311, 1.34326159954, 1.27932047844, 0.254168719053, 0.121240317822, 0.270157754421, 0.198095470667, 0.0408326759934, 0.00254514720291, 0.00073387863813, 6.80608354742e-05, 3.78424692826e-06, 7.36024958314e-07, 3.01932558955e-08, 6.5741556643e-10, 1.11902665953e-11, 9.4192903477e-11, 5.21755250116e-10]
    },
    "gfcc": {
        "mean": [-243.944885254, 239.60723877, -125.514343262, -42.1739082336, -22.2715682983, -32.36095047, -29.9036884308, -27.4870414734, -14.5735435486, -12.2315683365, -7.46529340744, -14.1984577179, -8.00214099884],
        "cov": [[19564.5859375, 1327.37963867, -3595.05322266, 1840.69006348, -584.947143555, -1216.37072754, 380.381011963, -983.443115234, 31.2679347992, -45.0084075928, -24.8730354309, -180.515579224, 47.73670578], [1327.37963867, 1445.9173584, 154.269348145, -547.469421387, 458.745239258, -2.0316889286, -94.5235748291, 35.7710838318, -126.490104675, -91.1798171997, -5.27523946762, -105.880020142, -30.0760211945], [-3595.05322266, 154.269348145, 1299.34399414, -400.057495117, 189.343643188, 426.297363281, -83.5721206665, 177.91027832, -50.8204345703, -52.4299507141, -16.4216804504, 1.60374248028, 18.4041442871], [1840.69006348, -547.469421387, -400.057495117, 899.207702637, -159.972610474, -50.4870491028, 281.339324951, -110.154670715, 90.9627304077, 52.8114738464, -60.7847595215, 17.5562820435, 11.9648084641], [-584.947143555, 458.745239258, 189.343643188, -159.972610474, 500.951660156, 86.4116973877, 3.29209804535, 123.791419983, -62.5676383972, -44.3058204651, 6.63793563843, -12.1788568497, -10.566280365], [-1216.37072754, -2.0316889286, 426.297363281, -50.4870491028, 86.4116973877, 310.595306396, 15.3991966248, 86.8871307373, 23.0297832489, -30.2324810028, -21.8997592926, 9.50369358063, -11.9314260483], [380.381011963, -94.5235748291, -83.5721206665, 281.339324951, 3.29209804535, 15.3991966248, 218.259246826, 17.5681018829, 22.057094574, 39.0090751648, -41.0251159668, -32.6858062744, -24.2583580017], [-983.443115234, 35.7710838318, 177.91027832, -110.154670715, 123.791419983, 86.8871307373, 17.5681018829, 187.360214233, 45.9200439453, 24.2262172699, 13.7276659012, -24.0741558075, -34.9393730164], [31.2679347992, -126.490104675, -50.8204345703, 90.9627304077, -62.5676383972, 23.0297832489, 22.057094574, 45.9200439453, 147.899520874, 73.3759765625, 4.8523478508, 7.95530557632, -4.97391033173], [-45.0084075928, -91.1798171997, -52.4299507141, 52.8114738464, -44.3058204651, -30.2324810028, 39.0090751648, 24.2262172699, 73.3759765625, 130.50378418, 22.9758262634, -28.6278095245, -5.16504001617], [-24.8730354309, -5.27523946762, -16.4216804504, -60.7847595215, 6.63793563843, -21.8997592926, -41.0251159668, 13.7276659012, 4.8523478508, 22.9758262634, 76.4724502563, 21.0508956909, -0.952887058258], [-180.515579224, -105.880020142, 1.60374248028, 17.5562820435, -12.1788568497, 9.50369358063, -32.6858062744, -24.0741558075, 7.95530557632, -28.6278095245, 21.0508956909, 124.286422729, 52.7731246948], [47.73670578, -30.0760211945, 18.4041442871, 11.9648084641, -10.566280365, -11.9314260483, -24.2583580017, -34.9393730164, -4.97391033173, -5.16504001617, -0.952887058258, 52.7731246948, 80.9050064087]],
        "icov": [[0.000512633763719, -0.00130201480351, 0.000991451204754, -0.0013736251276, 0.000887607457116, -6.72456371831e-05, 0.000275997561403, 0.000634853437077, -0.000412359280745, 0.000972463632934, -0.0014219537843, 0.00101505848579, -0.000988078652881], [-0.00130201480351, 0.00496645830572, -0.00247786333784, 0.00476524000987, -0.00384230306372, 0.000474535219837, -0.0016793286195, 6.30399154034e-05, -9.20825114008e-05, -0.00126594083849, 0.00339117855765, -0.000896855606697, 0.00210376922041], [0.000991451204754, -0.00247786333784, 0.00386565271765, -0.00218872679397, 0.00187731941696, -0.002705687657, 0.000924653897528, 0.000195110231289, 0.000633981486317, 0.00115706864744, -0.0022809940856, 0.00224506296217, -0.00323256710544], [-0.0013736251276, 0.00476524000987, -0.00218872679397, 0.00755231082439, -0.00341202970594, 9.14634510991e-05, -0.00527096306905, 0.00143993285019, -0.00163728836924, -0.000956628704444, 0.0035714765545, -0.00184689951129, 0.00165726302657], [0.000887607457116, -0.00384230306372, 0.00187731941696, -0.00341202970594, 0.00596105307341, -0.000932333583478, 0.0010385242058, -0.00283974036574, 0.00216682464816, 0.000990052823909, -0.00254649948329, 0.000296518759569, -0.00217546592467], [-6.72456371831e-05, 0.000474535219837, -0.002705687657, 9.14634510991e-05, -0.000932333583478, 0.00764368847013, -0.00124519807287, 9.78109255811e-06, -0.00312200421467, 0.00250495108776, 0.000817874562927, -0.000888742681127, 0.00201172358356], [0.000275997561403, -0.0016793286195, 0.000924653897528, -0.00527096306905, 0.0010385242058, -0.00124519807287, 0.0122185433283, -0.00391364935786, 0.0043724309653, -0.00466262130067, 0.00410599680617, -0.000591237912886, 0.00211263843812], [0.000634853437077, 6.30399154034e-05, 0.000195110231289, 0.00143993285019, -0.00283974036574, 9.78109255811e-06, -0.00391364935786, 0.013988156803, -0.00744231091812, 0.0031722530257, -0.0044216606766, 0.00360417272896, 0.00123146106489], [-0.000412359280745, -9.20825114008e-05, 0.000633981486317, -0.00163728836924, 0.00216682464816, -0.00312200421467, 0.0043724309653, -0.00744231091812, 0.0164528973401, -0.0104514341801, 0.00494487117976, -0.00554715562612, 0.00224740826525], [0.000972463632934, -0.00126594083849, 0.00115706864744, -0.000956628704444, 0.000990052823909, 0.00250495108776, -0.00466262130067, 0.0031722530257, -0.0104514341801, 0.0191906187683, -0.0104573722929, 0.00927841104567, -0.00628820760176], [-0.0014219537843, 0.00339117855765, -0.0022809940856, 0.0035714765545, -0.00254649948329, 0.000817874562927, 0.00410599680617, -0.0044216606766, 0.00494487117976, -0.0104573722929, 0.0242541134357, -0.00975027401, 0.00748201878741], [0.00101505848579, -0.000896855606697, 0.00224506296217, -0.00184689951129, 0.000296518759569, -0.000888742681127, -0.000591237912886, 0.00360417272896, -0.00554715562612, 0.00927841104567, -0.00975027401, 0.0188978724182, -0.012073347345], [-0.000988078652881, 0.00210376922041, -0.00323256710544, 0.00165726302657, -0.00217546592467, 0.00201172358356, 0.00211263843812, 0.00123146106489, 0.00224740826525, -0.00628820760176, 0.00748201878741, -0.012073347345, 0.0230934228748]]
    },
    "melbands": {
        "dmean": [1.75282930286e-05, 0.000157743939781, 0.000104924321931, 0.000285063928459, 0.000405796192354, 0.000227057389566, 8.6987252871e-05, 8.23414011393e-05, 9.64255668805e-05, 2.05127162189e-05, 5.91884054302e-06, 4.85332566313e-06, 4.21839649789e-06, 9.65875642578e-06, 1.00080433185e-05, 6.95523658578e-06, 4.58076647192e-06, 7.87788451362e-07, 2.65595872406e-06, 1.90864625438e-06, 6.41063763851e-07, 4.02764214869e-07, 2.57351132404e-07, 1.81958156986e-07, 1.36552827712e-07, 9.42184144037e-08, 6.21638349685e-08, 6.62992647449e-08, 4.3126142657e-08, 2.41363977693e-08, 4.61427624998e-08, 2.03738768079e-08, 2.16800408737e-08, 5.68559332947e-09, 3.64204777448e-09, 2.7255235846e-09, 1.34393662865e-09, 6.67111255126e-10, 2.58015775412e-10, 1.46497966536e-10],
        "dmean2": [2.57894716924e-05, 0.000228131582844, 0.000159897535923, 0.000436890433775, 0.000638038036413, 0.00032646159525, 0.000130039436044, 0.000115683418699, 0.000124548896565, 2.50948978646e-05, 7.96221320343e-06, 6.96909000908e-06, 5.78270419282e-06, 1.29604022732e-05, 1.39577077789e-05, 9.66064271779e-06, 6.81896563037e-06, 1.16081685064e-06, 3.86555893783e-06, 2.61876584773e-06, 8.94904530924e-07, 6.23612550044e-07, 3.63778354995e-07, 2.55097631907e-07, 1.86578105854e-07, 1.23961370946e-07, 8.70480079129e-08, 1.07044378694e-07, 6.9221243848e-08, 3.85298761785e-08, 5.6468380194e-08, 2.64785455784e-08, 2.97689428663e-08, 8.09559885795e-09, 5.40050226761e-09, 4.17163281696e-09, 2.06643813172e-09, 1.16793374971e-09, 4.32838792586e-10, 2.27618146553e-10],
        "dvar": [2.94813418122e-09, 2.34588981129e-07, 6.63786110522e-08, 9.01267185327e-07, 1.01108275885e-06, 3.89149676039e-07, 1.59191557714e-07, 2.27422603416e-07, 1.26982769189e-07, 1.38041409414e-08, 4.52380272131e-10, 2.81753342879e-10, 9.74457320391e-11, 9.39677335943e-10, 6.12007056144e-10, 5.25112286986e-10, 2.43148862156e-10, 7.93405358773e-12, 1.10164176392e-10, 4.30545946117e-11, 3.72738775609e-12, 3.37889568755e-12, 1.10475116468e-12, 9.21980699252e-13, 4.06250255875e-13, 4.18980713839e-13, 1.15916702777e-13, 1.93881816526e-13, 7.80878657634e-14, 3.87928282704e-14, 9.03082133814e-14, 2.39404460476e-14, 1.1501705892e-13, 2.8636610583e-15, 1.08249148357e-15, 5.45235372845e-16, 1.63499447851e-16, 7.34905505024e-17, 7.77496836241e-18, 1.99599633067e-18],
        "dvar2": [5.52917889252e-09, 4.48789393204e-07, 1.55376000066e-07, 2.05421406463e-06, 2.45120349973e-06, 7.09454809567e-07, 3.6036337292e-07, 4.98170891206e-07, 2.78831407741e-07, 2.45071625216e-08, 8.26949286825e-10, 5.1529652767e-10, 2.01003283462e-10, 1.7491932347e-09, 1.21070475867e-09, 1.00701180727e-09, 5.36919231298e-10, 1.89645400078e-11, 2.26655166857e-10, 7.76606418063e-11, 7.18416645618e-12, 8.58362513012e-12, 2.24025789239e-12, 1.7905107735e-12, 7.88304426076e-13, 7.11308616175e-13, 2.33788303387e-13, 5.18358739179e-13, 2.00432023951e-13, 1.06029673431e-13, 1.64919117317e-13, 5.08889534245e-14, 2.7231737915e-13, 5.55440161096e-15, 2.35628324069e-15, 1.22942470074e-15, 3.81025542284e-16, 2.02571714514e-16, 2.05897198952e-17, 4.6013340188e-18],
        "max": [0.00235520303249, 0.0164263509214, 0.00807764846832, 0.0396916233003, 0.0266255289316, 0.0168245621026, 0.0189874935895, 0.017696371302, 0.0117221930996, 0.00795864406973, 0.00115298072342, 0.00095074006822, 0.000196414475795, 0.000869547598995, 0.000672421359923, 0.000886054942384, 0.00045833378681, 9.61999467108e-05, 0.000307714974042, 0.00022043674835, 5.12770311616e-05, 5.13706763741e-05, 4.17881383328e-05, 5.30016513949e-05, 2.63296824414e-05, 3.49947476934e-05, 1.63497952599e-05, 1.10422215585e-05, 6.99653674019e-06, 6.00249677518e-06, 7.52576670493e-06, 7.28569830244e-06, 2.44941602432e-05, 2.21730192607e-06, 1.26726570215e-06, 6.07842139289e-07, 3.09342567562e-07, 2.20564302822e-07, 1.30683545763e-07, 4.43177547993e-08],
        "mean": [4.18714116677e-05, 0.000459241156932, 0.000365014246199, 0.00103767204564, 0.00121840951033, 0.000839780375827, 0.0002252565464, 0.000280204840237, 0.000323352724081, 6.9537309173e-05, 1.89241236512e-05, 1.46358161146e-05, 1.13265577966e-05, 3.06778019876e-05, 2.95463014481e-05, 2.06807781069e-05, 1.23705276565e-05, 1.93344112631e-06, 6.25171514912e-06, 4.92112121719e-06, 1.74942601916e-06, 8.45535168992e-07, 5.16779834925e-07, 3.63299818673e-07, 2.96183259252e-07, 1.67721822208e-07, 9.89358852621e-08, 8.07794435786e-08, 4.9597211671e-08, 2.56158791956e-08, 6.89532839715e-08, 2.99264719672e-08, 2.6637591688e-08, 6.19111606426e-09, 3.67054453498e-09, 2.53962273433e-09, 1.23533439034e-09, 4.84756734753e-10, 2.14988055136e-10, 1.42925463131e-10],
        "median": [4.6862714953e-06, 0.000102311503724, 0.000169240680407, 0.000153186105308, 0.000273843004834, 0.000131161257741, 4.80329836137e-05, 3.51474518538e-05, 6.52883318253e-05, 1.53107303049e-05, 7.44340195524e-06, 6.70982672091e-06, 4.79685240862e-06, 6.90543492965e-06, 1.06084698928e-05, 5.12151746079e-06, 2.52141808232e-06, 4.53836889847e-07, 8.37006098209e-07, 9.63519141806e-07, 3.30709355012e-07, 1.3060918036e-07, 6.97047823905e-08, 3.59458525168e-08, 1.8329584961e-08, 1.2566102825e-08, 7.4975003983e-09, 2.97299318497e-09, 1.43053313639e-09, 6.23712304026e-10, 3.74264508274e-10, 2.17653867152e-10, 8.53190643135e-11, 3.07766832852e-11, 1.5992415725e-11, 8.08484008907e-12, 5.32748324622e-12, 3.94260058628e-12, 3.31961736745e-12, 2.90206053633e-12],
        "min": [1.10784627858e-24, 1.10448651998e-24, 2.11774384007e-24, 1.25173933946e-24, 8.02169974768e-25, 1.83948617196e-24, 9.64919375086e-25, 1.17720736671e-24, 1.35325745493e-24, 2.28158531971e-24, 2.02401690934e-24, 3.32057035215e-24, 2.67143071552e-24, 2.47270324286e-24, 2.36368799057e-24, 2.71088539648e-24, 3.06836126556e-24, 4.07757981503e-24, 4.78977330102e-24, 4.59904645566e-24, 4.30257832799e-24, 3.34116948254e-24, 4.32227657922e-24, 3.24411316435e-24, 4.27275228602e-24, 3.68856094823e-24, 4.9529547013e-24, 4.98979135013e-24, 4.84710258402e-24, 5.4370963882e-24, 5.76509962499e-24, 3.81771443892e-24, 4.669687372e-24, 5.2429754688e-24, 5.64140465733e-24, 6.42243099047e-24, 6.86194287167e-24, 5.46677688533e-24, 6.54006868967e-24, 6.9295632396e-24],
        "var": [1.33859163753e-08, 1.04058062789e-06, 3.23816635728e-07, 9.49531295191e-06, 5.1234037528e-06, 3.33136313202e-06, 3.96271303771e-07, 1.05119443106e-06, 4.28747199521e-07, 4.70105199213e-08, 1.61725743908e-09, 7.75299713318e-10, 3.33406219299e-10, 4.35034186452e-09, 2.26846230689e-09, 1.83023318723e-09, 7.44054984292e-10, 1.63027334688e-11, 3.69165920056e-10, 1.46172823845e-10, 1.49997618493e-11, 6.67063496454e-12, 2.44053648818e-12, 1.74582245362e-12, 1.19340344898e-12, 8.94713936186e-13, 1.93245430508e-13, 1.85665759568e-13, 7.48559742837e-14, 3.13471206729e-14, 1.95211129705e-13, 4.01055396033e-14, 1.42583712307e-13, 3.82857706313e-15, 1.27785931522e-15, 5.49337923986e-16, 1.56987021801e-16, 4.86652522805e-17, 6.16447996981e-18, 2.17590583915e-18]
    },
    "mfcc": {
        "mean": [-840.631774902, 225.173095703, 1.10617864132, -11.8343276978, 3.36610865593, -2.45519065857, -11.4239282608, -14.5759496689, -13.0410861969, -10.61241436, -5.93333673477, -2.4569683075, -2.22481513023],
        "cov": [[7164.5234375, 2268.10424805, -2046.8425293, 847.448913574, 136.080337524, -108.809043884, -162.678756714, -162.983306885, -135.016586304, -118.515914917, 47.1249809265, -25.6516418457, -19.7767486572], [2268.10424805, 1685.51977539, -329.726715088, -52.299621582, 282.696044922, -5.97824478149, 17.1900787354, -52.3245887756, -73.0375213623, -41.6446876526, -31.169834137, -20.1365299225, -26.8981933594], [-2046.8425293, -329.726715088, 1070.38061523, -246.903106689, -75.8218383789, 178.129745483, 102.040245056, 61.126750946, 62.9712944031, 47.4039535522, -38.8210372925, -5.82050085068, -9.39836025238], [847.448913574, -52.299621582, -246.903106689, 425.198181152, -2.91665959358, 23.7133655548, 45.4412994385, 25.257352829, 54.5541000366, 21.2027282715, 31.4853935242, 2.40913820267, 17.0062007904], [136.080337524, 282.696044922, -75.8218383789, -2.91665959358, 301.78503418, 48.2576179504, 44.4082527161, 87.9645767212, 38.314956665, -6.84648036957, -13.8662014008, 14.7554616928, 15.2560005188], [-108.809043884, -5.97824478149, 178.129745483, 23.7133655548, 48.2576179504, 188.16065979, 69.7279815674, 49.5914611816, 55.3557929993, -3.46765112877, -14.0911636353, 3.12159609795, -3.27829527855], [-162.678756714, 17.1900787354, 102.040245056, 45.4412994385, 44.4082527161, 69.7279815674, 165.378814697, 71.6754455566, 23.4567699432, 33.6400566101, 7.97930574417, 0.505573451519, -19.1234169006], [-162.983306885, -52.3245887756, 61.126750946, 25.257352829, 87.9645767212, 49.5914611816, 71.6754455566, 156.128875732, 65.4558563232, -18.3340053558, 1.99749982357, 13.6854829788, 4.71148586273], [-135.016586304, -73.0375213623, 62.9712944031, 54.5541000366, 38.314956665, 55.3557929993, 23.4567699432, 65.4558563232, 125.389282227, 56.2676506042, 13.3561515808, 30.2180118561, 29.4689674377], [-118.515914917, -41.6446876526, 47.4039535522, 21.2027282715, -6.84648036957, -3.46765112877, 33.6400566101, -18.3340053558, 56.2676506042, 170.898452759, 81.7406463623, 24.5341796875, 23.8392944336], [47.1249809265, -31.169834137, -38.8210372925, 31.4853935242, -13.8662014008, -14.0911636353, 7.97930574417, 1.99749982357, 13.3561515808, 81.7406463623, 111.825447083, 43.3341522217, 1.90462875366], [-25.6516418457, -20.1365299225, -5.82050085068, 2.40913820267, 14.7554616928, 3.12159609795, 0.505573451519, 13.6854829788, 30.2180118561, 24.5341796875, 43.3341522217, 77.7128753662, 27.0378170013], [-19.7767486572, -26.8981933594, -9.39836025238, 17.0062007904, 15.2560005188, -3.27829527855, -19.1234169006, 4.71148586273, 29.4689674377, 23.8392944336, 1.90462875366, 27.0378170013, 84.666229248]],
