{
"lowlevel": {
    "average_loudness": 0.979170501232,
    "barkbands_crest": {
        "dmean": 2.80352401733,
        "dmean2": 4.70069599152,
        "dvar": 7.25998973846,
        "dvar2": 19.7882804871,
        "max": 24.3920440674,
        "mean": 9.9904088974,
        "median": 9.43474769592,
        "min": 2.78959536552,
        "var": 13.4274873734
    },
    "barkbands_flatness_db": {
        "dmean": 0.0178735796362,
        "dmean2": 0.0289564505219,
        "dvar": 0.000284880952677,
        "dvar2": 0.00076111004455,
        "max": 0.334490209818,
        "mean": 0.116438060999,
        "median": 0.110565617681,
        "min": 0.0254340711981,
        "var": 0.00147160619963
    },
    "barkbands_kurtosis": {
        "dmean": 1.52305972576,
        "dmean2": 2.52475404739,
        "dvar": 15.2822246552,
        "dvar2": 36.1260719299,
        "max": 218.826980591,
        "mean": 1.02049291134,
        "median": 0.0477464199066,
        "min": -1.91480731964,
        "var": 22.902141571
    },
    "barkbands_skewness": {
        "dmean": 0.465886950493,
        "dmean2": 0.747953534126,
        "dvar": 0.268822163343,
        "dvar2": 0.670733630657,
        "max": 13.8541707993,
        "mean": 1.1116527319,
        "median": 0.955415725708,
        "min": -3.53468894958,
        "var": 0.685693442822
    },
    "barkbands_spread": {
        "dmean": 5.46180200577,
        "dmean2": 8.68941307068,
        "dvar": 37.5378112793,
        "dvar2": 86.5981674194,
        "max": 117.255874634,
        "mean": 29.4164047241,
        "median": 28.4403095245,
        "min": 1.07766997814,
        "var": 131.388641357
    },
    "dissonance": {
        "dmean": 0.0107388580218,
        "dmean2": 0.0184336267412,
        "dvar": 0.000129718304379,
        "dvar2": 0.000364497478586,
        "max": 0.500000119209,
        "mean": 0.481619715691,
        "median": 0.486147910357,
        "min": 0.358704656363,
        "var": 0.000226087242481
    },
    "dynamic_complexity": 1.45781445503,
    "erbbands_crest": {
        "dmean": 2.32749652863,
        "dmean2": 3.79087948799,
        "dvar": 5.61865472794,
        "dvar2": 14.3031406403,
        "max": 29.8356666565,
        "mean": 8.24844455719,
        "median": 7.02085781097,
        "min": 2.35841751099,
        "var": 17.3483829498
    },
    "erbbands_flatness_db": {
        "dmean": 0.0143463704735,
        "dmean2": 0.0218162685633,
        "dvar": 0.000208850877243,
        "dvar2": 0.000441140728071,
        "max": 0.33501714468,
        "mean": 0.151311427355,
        "median": 0.147552788258,
        "min": 0.0240133274347,
        "var": 0.00130548002198
    },
    "erbbands_kurtosis": {
        "dmean": 0.682682275772,
        "dmean2": 1.09095335007,
        "dvar": 0.770071387291,
        "dvar2": 1.83584618568,
        "max": 19.0413799286,
        "mean": 0.506725072861,
        "median": 0.235479950905,
        "min": -1.77756404877,
        "var": 2.0141556263
    },
    "erbbands_skewness": {
        "dmean": 0.269230216742,
        "dmean2": 0.424637794495,
        "dvar": 0.0631403625011,
        "dvar2": 0.155428990722,
        "max": 3.38291120529,
        "mean": -0.213623315096,
        "median": -0.263814270496,
        "min": -3.53202009201,
        "var": 0.306933581829
    },
    "erbbands_spread": {
        "dmean": 7.04621744156,
        "dmean2": 11.3008909225,
        "dvar": 64.7920761108,
        "dvar2": 159.694671631,
        "max": 163.519424438,
        "mean": 33.8715782166,
        "median": 31.021314621,
        "min": 4.52590560913,
        "var": 179.844696045
    },
    "hfc": {
        "dmean": 6.8729300499,
        "dmean2": 10.8490285873,
        "dvar": 106.496520996,
        "dvar2": 195.2709198,
        "max": 354.545776367,
        "mean": 36.9835205078,
        "median": 34.6512298584,
        "min": 1.19779431997e-16,
        "var": 480.547637939
    },
    "melbands_crest": {
        "dmean": 3.50835752487,
        "dmean2": 5.78374004364,
        "dvar": 10.6056461334,
        "dvar2": 28.8995113373,
        "max": 33.7050170898,
        "mean": 14.5114269257,
        "median": 13.944524765,
        "min": 2.5411772728,
        "var": 21.86120224
    },
    "melbands_flatness_db": {
        "dmean": 0.0235801469535,
        "dmean2": 0.0383568666875,
        "dvar": 0.000520303845406,
        "dvar2": 0.001384771429,
        "max": 0.443728029728,
        "mean": 0.182791620493,
        "median": 0.177893102169,
        "min": 0.00768288131803,
        "var": 0.00205495092086
    },
    "melbands_kurtosis": {
        "dmean": 5.409532547,
        "dmean2": 8.97536373138,
        "dvar": 192.94960022,
        "dvar2": 452.846435547,
        "max": 762.438110352,
        "mean": 8.33950996399,
        "median": 4.43012428284,
        "min": -1.59401321411,
        "var": 289.075561523
    },
    "melbands_skewness": {
        "dmean": 0.728164374828,
        "dmean2": 1.17483460903,
        "dvar": 0.706464231014,
        "dvar2": 1.78581941128,
        "max": 24.2541179657,
        "mean": 2.40652084351,
        "median": 2.12416696548,
        "min": -1.53763949871,
        "var": 1.85824871063
    },
    "melbands_spread": {
        "dmean": 7.67352104187,
        "dmean2": 12.3137969971,
        "dvar": 74.0573501587,
        "dvar2": 173.152450562,
        "max": 258.457427979,
        "mean": 29.2010936737,
        "median": 27.8602409363,
        "min": 0.728748619556,
        "var": 212.130828857
    },
    "pitch_salience": {
        "dmean": 0.0755382999778,
        "dmean2": 0.125962734222,
        "dvar": 0.00483155343682,
        "dvar2": 0.0132200475782,
        "max": 0.829826653004,
        "mean": 0.540133655071,
        "median": 0.542739033699,
        "min": 0.0867782756686,
        "var": 0.0107133658603
    },
    "silence_rate_20dB": {
        "dmean": 0,
        "dmean2": 0,
        "dvar": 0,
        "dvar2": 0,
        "max": 1,
        "mean": 1,
        "median": 1,
        "min": 1,
        "var": 0
    },
    "silence_rate_30dB": {
        "dmean": 0.00046659927466,
        "dmean2": 0.000933271134272,
        "dvar": 0.000466287863674,
        "dvar2": 0.00124355778098,
        "max": 1,
        "mean": 0.999533414841,
        "median": 1,
        "min": 0,
        "var": 0.000466169731226
    },
    "silence_rate_60dB": {
        "dmean": 0.00186639709864,
        "dmean2": 0.00373308453709,
        "dvar": 0.00186314620078,
        "dvar2": 0.00418653246015,
        "max": 1,
        "mean": 0.0177293941379,
        "median": 0,
        "min": 0,
        "var": 0.0174138769507
    },
    "spectral_centroid": {
        "dmean": 218.897354126,
        "dmean2": 346.369567871,
        "dvar": 54915.1171875,
        "dvar2": 121848.09375,
        "max": 11541.3369141,
        "mean": 1664.60400391,
        "median": 1647.67089844,
        "min": 395.621063232,
        "var": 194246.875
    },
    "spectral_complexity": {
        "dmean": 3.95629525185,
        "dmean2": 6.46243572235,
        "dvar": 12.1333827972,
        "dvar2": 30.0522212982,
        "max": 60,
        "mean": 34.0818824768,
        "median": 35,
        "min": 0,
        "var": 68.943977356
    },
    "spectral_decrease": {
        "dmean": 2.8430802157e-09,
        "dmean2": 4.67054617204e-09,
        "dvar": 9.3597976124e-18,
        "dvar2": 2.48252535541e-17,
        "max": 1.01530985614e-17,
        "mean": -1.17312142223e-08,
        "median": -1.15675149459e-08,
        "min": -3.76334092778e-08,
        "var": 1.7695831831e-17
    },
    "spectral_energy": {
        "dmean": 0.0108789065853,
        "dmean2": 0.0178818926215,
        "dvar": 0.000134273112053,
        "dvar2": 0.000355721684173,
        "max": 0.146966338158,
        "mean": 0.047630906105,
        "median": 0.047138273716,
        "min": 1.09218496623e-20,
        "var": 0.000260664353846
    },
    "spectral_energyband_high": {
        "dmean": 0.00054134282982,
        "dmean2": 0.000847440736834,
        "dvar": 1.3996236703e-06,
        "dvar2": 2.48576088779e-06,
        "max": 0.0397454760969,
        "mean": 0.00138693477493,
        "median": 0.000864918809384,
        "min": 8.37622475317e-21,
        "var": 5.14776911587e-06
    },
    "spectral_energyband_low": {
        "dmean": 0.0100549012423,
        "dmean2": 0.0166661608964,
        "dvar": 0.000157257643878,
        "dvar2": 0.000417861883761,
        "max": 0.137998834252,
        "mean": 0.0219408050179,
        "median": 0.0187794677913,
        "min": 6.83675580514e-23,
        "var": 0.000232933656662
    },
    "spectral_energyband_middle_high": {
        "dmean": 0.00278734788299,
        "dmean2": 0.00443862285465,
        "dvar": 9.06619698071e-06,
        "dvar2": 2.25669500651e-05,
        "max": 0.0662599280477,
        "mean": 0.0122199030593,
        "median": 0.0111375469714,
        "min": 1.37683637407e-21,
        "var": 4.03574558732e-05
    },
    "spectral_energyband_middle_low": {
        "dmean": 0.00562203768641,
        "dmean2": 0.00917747616768,
        "dvar": 5.16101026733e-05,
        "dvar2": 0.000133100358653,
        "max": 0.0827171057463,
        "mean": 0.0139991026372,
        "median": 0.0118038561195,
        "min": 3.1648690572e-22,
        "var": 0.000101568104583
    },
    "spectral_entropy": {
        "dmean": 0.100342385471,
        "dmean2": 0.155365243554,
        "dvar": 0.0108106210828,
        "dvar2": 0.0242719762027,
        "max": 9.80886077881,
        "mean": 7.81390619278,
        "median": 7.8038020134,
        "min": 6.86529827118,
        "var": 0.0547502152622
    },
    "spectral_flux": {
        "dmean": 0.0261705778539,
        "dmean2": 0.0421497263014,
        "dvar": 0.000698995660059,
        "dvar2": 0.00166517647449,
        "max": 0.345350503922,
        "mean": 0.112267412245,
        "median": 0.10868395865,
        "min": 1.04507652532e-10,
        "var": 0.00180147541687
    },
    "spectral_kurtosis": {
        "dmean": 1.26121461391,
        "dmean2": 2.16642141342,
        "dvar": 1.52141416073,
        "dvar2": 4.68018007278,
        "max": 13.828496933,
        "mean": 3.87007141113,
        "median": 3.76878285408,
        "min": -1.16575956345,
        "var": 2.70729517937
    },
    "spectral_rms": {
        "dmean": 0.000760782684665,
        "dmean2": 0.00123591441661,
        "dvar": 5.82018969908e-07,
        "dvar2": 1.50874143401e-06,
        "max": 0.0119742136449,
        "mean": 0.00667848112062,
        "median": 0.00678148632869,
        "min": 3.26427058127e-12,
        "var": 1.867351898e-06
    },
    "spectral_rolloff": {
        "dmean": 486.981262207,
        "dmean2": 803.674377441,
        "dvar": 606092.5,
        "dvar2": 1288485.875,
        "max": 19616.7480469,
        "mean": 1646.28442383,
        "median": 1442.72460938,
        "min": 64.599609375,
        "var": 1775233.75
    },
    "spectral_skewness": {
        "dmean": 0.174483790994,
        "dmean2": 0.292129307985,
        "dvar": 0.0263840034604,
        "dvar2": 0.0742206424475,
        "max": 2.60952877998,
        "mean": 1.35000789165,
        "median": 1.36320626736,
        "min": -0.065107382834,
        "var": 0.0957529619336
    },
    "spectral_spread": {
        "dmean": 399501.21875,
        "dmean2": 591936.0625,
        "dvar": 306813992960,
        "dvar2": 506780155904,
        "max": 39480152,
        "mean": 4061883,
        "median": 3863679.5,
        "min": 1842244.25,
        "var": 1.62824349286e+12
    },
    "spectral_strongpeak": {
        "dmean": 0.518372178078,
        "dmean2": 0.914401113987,
        "dvar": 0.982554614544,
        "dvar2": 2.58024573326,
        "max": 10.6414957047,
        "mean": 0.812669336796,
        "median": 0.44082480669,
        "min": 0,
        "var": 1.27196800709
    },
    "zerocrossingrate": {
        "dmean": 0.00866246409714,
        "dmean2": 0.0105482880026,
        "dvar": 0.000126114682644,
        "dvar2": 0.000139574636705,
        "max": 0.5869140625,
        "mean": 0.0590399987996,
        "median": 0.0537109375,
        "min": 0.00732421875,
        "var": 0.00102747627534
    },
    "barkbands": {
        "dmean": [0.000386234140024, 0.00781145039946, 0.00361685920507, 0.0024189229589, 0.00277236383408, 0.000629304850008, 0.00072634278331, 0.000367904955056, 0.0015538505977, 0.000705301295966, 0.000902755244169, 0.000972749956418, 0.000820676330477, 0.000674528302625, 0.000483081239508, 0.000380269804737, 0.000621550600044, 0.000327574962284, 0.000261352455709, 0.000150692998432, 0.000150335239596, 0.000141158277984, 9.17259822018e-05, 0.000104085665953, 7.45933430153e-05, 3.24149077642e-05, 4.3838917918e-06],
        "dmean2": [0.000657397031318, 0.0132306823507, 0.00607169466093, 0.0040715765208, 0.00457575824112, 0.00102741806768, 0.00114919780754, 0.000601250503678, 0.0024759429507, 0.00113461131696, 0.00146599905565, 0.00155035033822, 0.00130441051442, 0.00108466832899, 0.000786930613685, 0.000621196930297, 0.00101414672099, 0.00053580646636, 0.000432465778431, 0.000251954508713, 0.000255530205322, 0.000236976935412, 0.000147197773913, 0.000156110283569, 0.000104923317849, 4.63881478936e-05, 6.13113115833e-06],
        "dvar": [6.4105012143e-07, 0.000115974326036, 2.57903557213e-05, 2.20383681153e-05, 2.02518003789e-05, 1.09248037461e-06, 2.63031779468e-06, 7.76280842274e-07, 1.07611604108e-05, 2.31851277022e-06, 3.01085538013e-06, 2.71485737358e-06, 1.62813194038e-06, 1.60278068506e-06, 7.01168119122e-07, 4.21247875693e-07, 4.85336897782e-07, 1.94182746327e-07, 1.22209286246e-07, 5.68796956202e-08, 5.81880641448e-08, 6.60259757979e-08, 6.77942892935e-08, 1.56132486495e-07, 9.40251823067e-08, 2.41670665702e-08, 3.73945180376e-10],
        "dvar2": [1.65653455042e-06, 0.000315387645969, 6.70727022225e-05, 5.66638118471e-05, 5.0964023103e-05, 2.74373633147e-06, 6.48297555017e-06, 2.13671933125e-06, 2.72422803391e-05, 5.63985531699e-06, 7.3344649536e-06, 6.51414711683e-06, 3.77034848498e-06, 3.80615642825e-06, 1.78306606813e-06, 1.06018239876e-06, 1.22712378925e-06, 4.46374798457e-07, 3.01372978129e-07, 1.40550525884e-07, 1.50698241441e-07, 1.61513597163e-07, 1.33292843429e-07, 2.79825115967e-07, 1.60482656497e-07, 4.35850893155e-08, 7.25801585499e-10],
        "max": [0.0110811749473, 0.123341761529, 0.092017762363, 0.0729823410511, 0.0588622689247, 0.0200640019029, 0.0410181954503, 0.0238574482501, 0.0551569163799, 0.0366459749639, 0.0463756658137, 0.0468479208648, 0.0240153651685, 0.0330219455063, 0.0233666244894, 0.0177837908268, 0.0121287759393, 0.0131992008537, 0.00988580752164, 0.00589302415028, 0.00484413607046, 0.0109566906467, 0.0101600922644, 0.0148557797074, 0.011754674837, 0.00662085181102, 0.000880121137016],
        "mean": [0.000355981028406, 0.0143952211365, 0.00539886252955, 0.00340473535471, 0.0047644302249, 0.00103882024996, 0.00114920479245, 0.000549274438526, 0.00285085733049, 0.00120538065676, 0.00156943057664, 0.00186316447798, 0.00156036997214, 0.00132674281485, 0.000961472571362, 0.000815392588265, 0.00144697574433, 0.000792480423115, 0.000637432851363, 0.000334222364472, 0.000323832384311, 0.000306169502437, 0.000159676725161, 0.000198036213988, 0.000153702349053, 6.13685406279e-05, 7.6493161032e-06],
        "median": [0.000113784204586, 0.011858837679, 0.00320594850928, 0.00176958949305, 0.00300415838137, 0.00061917421408, 0.000366947671864, 0.000206723809242, 0.000740434916224, 0.000542857917026, 0.000751713174395, 0.00114010018297, 0.000878881546669, 0.000743035576306, 0.000621506827883, 0.000577998929657, 0.00122484599706, 0.000629060785286, 0.000525540090166, 0.00024375677458, 0.000228623626754, 0.000231341720792, 6.75975752529e-05, 6.46588014206e-05, 3.80851852242e-05, 1.07587766252e-05, 1.16606111078e-06],
        "min": [7.74260352043e-24, 1.78576778143e-23, 3.84661577813e-23, 1.27831675361e-23, 3.9764812158e-23, 2.56306477464e-23, 2.36242841636e-23, 4.4163945483e-23, 9.02012715329e-23, 1.69713237986e-22, 7.33031956781e-23, 1.71727206188e-22, 1.11388737539e-22, 6.58924722514e-23, 1.03825934352e-22, 7.95221711581e-23, 1.80625405738e-22, 1.1579114937e-22, 2.0139894065e-22, 2.56835288794e-22, 4.03134554512e-22, 6.13246331331e-22, 8.4190179203e-22, 1.10403297545e-21, 1.42115001064e-21, 1.57828958835e-21, 2.46492653373e-21],
        "var": [5.48987372895e-07, 0.000148089311551, 4.6427725465e-05, 2.94022047456e-05, 3.13640812237e-05, 1.8637699668e-06, 5.3214653235e-06, 1.25236203985e-06, 2.88951378025e-05, 4.86439603264e-06, 6.1595715124e-06, 6.01239526077e-06, 4.11518203691e-06, 5.02963212057e-06, 1.47512037074e-06, 9.76158048616e-07, 1.07061782728e-06, 5.46221428976e-07, 2.89428669475e-07, 1.16520595839e-07, 1.20009019611e-07, 1.09611953292e-07, 1.63665518471e-07, 5.10617326199e-07, 3.46046959976e-07, 7.88811291841e-08, 1.19668275289e-09]
    },
    "erbbands": {
        "dmean": [0.218616455793, 1.86168062687, 4.09659910202, 6.0037651062, 8.92987346649, 10.3647956848, 5.48403358459, 5.11192989349, 8.88541507721, 9.18402099609, 13.3268432617, 37.6492271423, 18.9027671814, 25.5410900116, 35.5397911072, 39.9584083557, 37.5752677917, 32.3555297852, 25.3916435242, 21.0754871368, 22.7438488007, 32.6157302856, 17.9493694305, 15.9886713028, 9.4190530777, 7.29435873032, 6.83511829376, 5.24965810776, 5.6536564827, 3.55532836914, 2.51762866974, 2.56537008286, 1.52017462254, 0.898827314377, 0.53784430027, 0.202944666147, 0.0512975305319, 0.00865139253438, 0.000735361827537, 2.80006406683e-05],
        "dmean2": [0.372103542089, 3.17962574959, 6.95959234238, 10.0129413605, 14.8068323135, 17.1645736694, 9.09190940857, 8.29753684998, 14.216843605, 14.5085935593, 21.6586952209, 59.6453018188, 30.2172012329, 41.0463218689, 57.4474372864, 63.6140060425, 59.5253486633, 51.8934631348, 40.8291473389, 33.8245124817, 37.1442985535, 53.5171356201, 29.2183685303, 26.351020813, 15.6913862228, 12.0990419388, 11.5638771057, 8.97147464752, 9.52729129791, 5.93006134033, 4.01686763763, 3.87315917015, 2.29479002953, 1.28656840324, 0.76394623518, 0.294089198112, 0.0728313624859, 0.0119172343984, 0.00101056753192, 4.00041208195e-05],
        "dvar": [0.176022231579, 5.63563203812, 28.4140014648, 116.646850586, 219.519622803, 299.575469971, 79.7946624756, 83.7348861694, 385.152648926, 651.449829102, 908.17590332, 7182.94042969, 1756.53295898, 2879.19238281, 4042.13330078, 5045.73876953, 3341.33862305, 3619.86376953, 1771.11279297, 1491.82580566, 1091.68225098, 1322.27514648, 498.448669434, 449.852935791, 169.785766602, 134.313415527, 124.911491394, 76.7891616821, 93.9642868042, 58.9479980469, 57.7823562622, 109.439849854, 29.6598834991, 13.2861709595, 4.99395513535, 0.847793102264, 0.0800956562161, 0.00148797256406, 9.55828181759e-06, 6.41118358402e-09],
        "dvar2": [0.459100157022, 16.0617084503, 77.5693969727, 301.661895752, 571.231689453, 774.419799805, 210.697021484, 201.315383911, 947.51184082, 1539.38891602, 2509.17333984, 18077.7890625, 4027.68139648, 7184.01220703, 9848.9609375, 12375.6181641, 7853.10351562, 8550.91210938, 4354.01171875, 3700.25537109, 2633.50683594, 3379.99560547, 1183.93041992, 1101.79174805, 423.47265625, 321.416778564, 319.726837158, 199.788208008, 234.67918396, 132.065719604, 110.345687866, 201.624282837, 56.233127594, 23.1822299957, 9.03583049774, 1.62572896481, 0.157810941339, 0.0026536618825, 1.85890548892e-05, 1.10467057723e-08],
        "max": [6.05504274368, 26.2198696136, 83.8932342529, 157.959381104, 243.751464844, 361.617004395, 170.618011475, 211.560470581, 380.53894043, 784.372070312, 712, 1535.86083984, 1386.70593262, 1606.99987793, 1648.38208008, 1804.4609375, 1057.5111084, 1570.04699707, 846.14263916, 1302.48168945, 1056.77966309, 609.638000488, 568.61895752, 617.392578125, 366.966369629, 401.565704346, 319.403198242, 154.707870483, 368.71697998, 279.567810059, 248.907806396, 391.177032471, 213.550552368, 160.105194092, 67.9626159668, 36.7752418518, 14.2813158035, 1.88028895855, 0.125322073698, 0.00403802888468],
        "mean": [0.285078853369, 3.59453392029, 7.14352989197, 9.4133234024, 13.6659679413, 17.4680957794, 9.58529090881, 8.64157962799, 14.0797863007, 15.3829956055, 23.2195739746, 69.0661849976, 36.2824172974, 48.3168258667, 67.910369873, 80.8023300171, 78.0924987793, 69.870765686, 53.7673225403, 46.4977798462, 55.2209777832, 77.9910888672, 47.4831161499, 40.7588272095, 23.3254890442, 16.6858139038, 14.8141222, 11.229932785, 12.1359548569, 6.63087797165, 4.42990350723, 4.56999397278, 2.91781663895, 1.79086875916, 1.06524515152, 0.379718720913, 0.0920749232173, 0.0155034149066, 0.00134850898758, 9.34506388148e-05],
        "median": [0.172687768936, 3.06677436829, 5.2404384613, 5.61076593399, 8.74900627136, 10.2045173645, 6.02169799805, 4.89912891388, 5.15458106995, 5.04283761978, 7.86328220367, 15.7119960785, 18.6422233582, 25.1697807312, 38.60597229, 52.9963264465, 46.920715332, 41.084777832, 36.8210868835, 30.5454368591, 43.3428192139, 66.8415374756, 39.7079162598, 33.4245071411, 18.5574073792, 12.4079151154, 10.0853118896, 8.43339347839, 9.57040405273, 3.85701608658, 1.79504966736, 1.37383460999, 1.00605416298, 0.524952411652, 0.218985676765, 0.0686591714621, 0.0156141426414, 0.00256810290739, 0.000233568309341, 6.69131622999e-05],
        "min": [5.21114546769e-22, 4.32390409077e-21, 3.67639389273e-20, 4.83658966508e-20, 4.81006850981e-20, 1.81099369021e-19, 1.48650870123e-19, 3.29103526076e-19, 3.94299291169e-19, 5.0848911904e-19, 9.46977871947e-19, 1.54104006613e-18, 5.62102520249e-18, 4.88039332461e-18, 4.33033558806e-18, 5.56725846268e-18, 5.72570656337e-18, 3.88821416809e-18, 4.26694501541e-18, 4.75258895689e-18, 6.20797105847e-18, 8.33508957829e-18, 7.82522868361e-18, 6.83064408586e-18, 1.16686497808e-17, 1.23758478455e-17, 1.04653360816e-17, 1.95711280346e-17, 1.5693131615e-17, 3.58691255464e-17, 2.26663766754e-17, 2.52824528222e-17, 1.68342669747e-17, 1.75811233867e-17, 8.22088736856e-18, 6.39728829885e-18, 2.76326032235e-18, 1.17090372878e-18, 3.72592779426e-19, 3.5283566743e-20],
        "var": [0.157125994563, 7.98404979706, 46.2984733582, 163.944793701, 283.850860596, 490.238739014, 132.737991333, 150.835067749, 670.417907715, 1688.55334473, 1702.67785645, 19911.140625, 3751.06201172, 5897.34472656, 8893.72558594, 10942.7841797, 9045.94433594, 14371.6289062, 3593.21875, 3841.98608398, 2638.56103516, 2887.73657227, 1351.27514648, 1140.52416992, 376.867034912, 298.782104492, 326.427185059, 108.274230957, 147.077423096, 113.905952454, 145.654983521, 324.748901367, 94.6494827271, 44.6812782288, 18.1678619385, 2.66094756126, 0.221716910601, 0.00501874228939, 3.30352268065e-05, 2.64110742165e-08]
    },
    "gfcc": {
        "mean": [49.9110717773, 93.0750656128, -131.567153931, 45.6204719543, -37.7049026489, 24.3097362518, -26.1932125092, 7.38389205933, -24.5568389893, -3.21013903618, -17.2948188782, 2.8326818943, -10.1860799789],
        "cov": [[5999.79394531, -773.351806641, 420.713348389, -177.586868286, -323.420349121, 362.330657959, -410.944641113, 350.371795654, -132.968811035, 163.859481812, -16.3821792603, 20.9780788422, -92.3479385376], [-773.351806641, 1130.54443359, -462.236907959, 190.415618896, 143.199691772, -204.18196106, 298.248931885, -199.019943237, 102.087425232, -136.528808594, 6.0431227684, -44.5710601807, 54.4229927063], [420.713348389, -462.236907959, 506.097412109, -45.7169876099, -60.0195045471, 96.9385070801, -182.479492188, 100.422271729, -43.6351203918, 66.1992950439, -22.2348155975, 14.7294855118, -29.3587436676], [-177.586868286, 190.415618896, -45.7169876099, 328.083099365, 106.107788086, 21.9717941284, 74.4371337891, -110.754470825, 13.8489017487, -70.8199005127, 23.5288028717, -30.6074295044, 27.0604534149], [-323.420349121, 143.199691772, -60.0195045471, 106.107788086, 181.531539917, 8.084649086, 72.3288879395, -59.1713180542, 0.874184846878, -18.3594932556, 13.593873024, 6.43482923508, 19.5836849213], [362.330657959, -204.18196106, 96.9385070801, 21.9717941284, 8.084649086, 162.333328247, 1.52652025223, 54.88854599, -30.0300865173, 9.30443477631, 20.8187160492, 2.76880550385, -14.8817234039], [-410.944641113, 298.248931885, -182.479492188, 74.4371337891, 72.3288879395, 1.52652025223, 238.952911377, -26.3561420441, 21.1409683228, -68.2824401855, 17.6352443695, -1.37956511974, 12.514919281], [350.371795654, -199.019943237, 100.422271729, -110.754470825, -59.1713180542, 54.88854599, -26.3561420441, 160.550949097, 25.127866745, 40.3556251526, -13.8338880539, 8.10845470428, -18.6580257416], [-132.968811035, 102.087425232, -43.6351203918, 13.8489017487, 0.874184846878, -30.0300865173, 21.1409683228, 25.127866745, 110.696243286, 28.2035827637, -2.68674087524, -17.8100643158, 4.44923591614], [163.859481812, -136.528808594, 66.1992950439, -70.8199005127, -18.3594932556, 9.30443477631, -68.2824401855, 40.3556251526, 28.2035827637, 118.895431519, 23.1115779877, 7.38131952286, -12.0762023926], [-16.3821792603, 6.0431227684, -22.2348155975, 23.5288028717, 13.593873024, 20.8187160492, 17.6352443695, -13.8338880539, -2.68674087524, 23.1115779877, 70.1591567993, 30.2421741486, 4.60887908936], [20.9780788422, -44.5710601807, 14.7294855118, -30.6074295044, 6.43482923508, 2.76880550385, -1.37956511974, 8.10845470428, -17.8100643158, 7.38131952286, 30.2421741486, 71.4211349487, 21.4866313934], [-92.3479385376, 54.4229927063, -29.3587436676, 27.0604534149, 19.5836849213, -14.8817234039, 12.514919281, -18.6580257416, 4.44923591614, -12.0762023926, 4.60887908936, 21.4866313934, 58.4951248169]],
        "icov": [[0.000307869398966, -0.00035065721022, 0.000224670293392, -0.000400192308007, 0.000501084374264, -0.000845698697958, 0.000754216453061, -0.000789177312981, 0.000691034540068, -0.000550018739887, 0.000528073462192, -0.000519130146131, 0.000297156017041], [-0.00035065721022, 0.00333013944328, 0.000257344247075, 0.000644000421744, -0.00124332658015, 0.00340973585844, -0.0030628698878, 0.00254579051398, -0.00274092424661, 0.00220261211507, -0.00169519602787, 0.00216361321509, -0.00106759683695], [0.000224670293392, 0.000257344247075, 0.00417272886261, -0.00173218769487, 0.000493074709084, -0.00154128915165, 0.00254373555072, -0.00220111547969, 0.00154676893726, -0.00157347612549, 0.00264788093045, -0.00217443681322, 0.00135498284362], [-0.000400192308007, 0.000644000421744, -0.00173218769487, 0.00779781397432, -0.00297091249377, -0.000818765431177, -0.00124720251188, 0.00539372907951, -0.00443521654233, 0.00537345604971, -0.00514796795323, 0.00531238922849, -0.00303316861391], [0.000501084374264, -0.00124332658015, 0.000493074709084, -0.00297091249377, 0.00930053275079, -0.00308984029107, -0.000625933869742, 0.000650293543003, 0.00184801430441, -0.00398738915101, 0.00383344758302, -0.0039066048339, 0.000180406816071], [-0.000845698697958, 0.00340973585844, -0.00154128915165, -0.000818765431177, -0.00308984029107, 0.0151406750083, -0.00485429819673, -0.00237318198197, 0.00101455801632, 0.00250119366683, -0.0068845320493, 0.00533422036096, -0.000712062581442], [0.000754216453061, -0.0030628698878, 0.00254373555072, -0.00124720251188, -0.000625933869742, -0.00485429819673, 0.0116676138714, -0.00496485875919, 0.00147239479702, 0.00203536823392, -0.000375843141228, -0.00245237979107, 0.00202734442428], [-0.000789177312981, 0.00254579051398, -0.00220111547969, 0.00539372907951, 0.000650293543003, -0.00237318198197, -0.00496485875919, 0.0175562892109, -0.00899985432625, 0.0017333367141, 0.00171134667471, -0.000536821200512, -0.000269033946097], [0.000691034540068, -0.00274092424661, 0.00154676893726, -0.00443521654233, 0.00184801430441, 0.00101455801632, 0.00147239479702, -0.00899985432625, 0.0180246066302, -0.00843307375908, 0.00255617010407, 0.00125079823192, -0.00084991089534], [-0.000550018739887, 0.00220261211507, -0.00157347612549, 0.00537345604971, -0.00398738915101, 0.00250119366683, 0.00203536823392, 0.0017333367141, -0.00843307375908, 0.0194510407746, -0.0117246676236, 0.00525637576357, -0.000454397668364], [0.000528073462192, -0.00169519602787, 0.00264788093045, -0.00514796795323, 0.00383344758302, -0.0068845320493, -0.000375843141228, 0.00171134667471, 0.00255617010407, -0.0117246676236, 0.0295035187155, -0.0163237359375, 0.00476924655959], [-0.000519130146131, 0.00216361321509, -0.00217443681322, 0.00531238922849, -0.0039066048339, 0.00533422036096, -0.00245237979107, -0.000536821200512, 0.00125079823192, 0.00525637576357, -0.0163237359375, 0.0285507068038, -0.0115742003545], [0.000297156017041, -0.00106759683695, 0.00135498284362, -0.00303316861391, 0.000180406816071, -0.000712062581442, 0.00202734442428, -0.000269033946097, -0.00084991089534, -0.000454397668364, 0.00476924655959, -0.0115742003545, 0.0237265136093]]
    },
    "melbands": {
        "dmean": [0.00203939969651, 0.00215398403816, 0.00104498059954, 0.000728102924768, 0.000222076036152, 0.000116130337119, 0.000138636591146, 8.96991186892e-05, 0.000150238207425, 0.000225629206398, 9.6158211818e-05, 0.000106000661617, 0.000129688502057, 0.000105297243863, 0.000105181628896, 7.25611971575e-05, 6.5270192863e-05, 4.5308512199e-05, 3.75176969101e-05, 2.56157400145e-05, 3.14474491461e-05, 4.08167761634e-05, 2.36222003878e-05, 1.67969592439e-05, 1.45522963066e-05, 9.52534082899e-06, 5.54308644496e-06, 5.23659537066e-06, 4.91893479193e-06, 3.91552566725e-06, 3.04292575493e-06, 3.60676358468e-06, 2.68696885541e-06, 1.88875117146e-06, 1.46842580762e-06, 1.73756006916e-06, 1.59407773026e-06, 1.14751196634e-06, 9.51859306042e-07, 7.51700099499e-07],
        "dmean2": [0.00345786008984, 0.0036426379811, 0.0017382936785, 0.00119775743224, 0.000368370325305, 0.000187949568499, 0.00022081300267, 0.000142100660014, 0.000242531416006, 0.000358084042091, 0.000153824177687, 0.000170709259692, 0.000210020371014, 0.00016845697246, 0.000167218851857, 0.000115078502859, 0.000105395156424, 7.30440297048e-05, 6.11065988778e-05, 4.14782844018e-05, 5.16931868333e-05, 6.72588503221e-05, 3.86080282624e-05, 2.72702855e-05, 2.41137222474e-05, 1.5939338482e-05, 9.28758709051e-06, 8.70036637934e-06, 8.32927707961e-06, 6.6843285822e-06, 5.19469631399e-06, 6.10334973317e-06, 4.50496781923e-06, 3.1733184187e-06, 2.39077462538e-06, 2.68673170467e-06, 2.46340300691e-06, 1.77966285264e-06, 1.44165574056e-06, 1.07710241082e-06],
        "dvar": [1.05579447336e-05, 6.73385738992e-06, 3.24161101162e-06, 1.36747678425e-06, 1.18056554754e-07, 4.20880539309e-08, 9.02839403238e-08, 5.71079539213e-08, 1.1792845811e-07, 2.47639974305e-07, 4.65737919342e-08, 5.13485964859e-08, 6.18740045866e-08, 3.49706787972e-08, 2.58678731768e-08, 1.28185808634e-08, 1.63482933857e-08, 6.57241816526e-09, 4.97420371559e-09, 2.63928101596e-09, 1.87280080333e-09, 2.22147411577e-09, 7.93650034581e-10, 7.60402685263e-10, 3.98518551492e-10, 1.6135083547e-10, 8.30800914176e-11, 6.8337342729e-11, 7.29412225065e-11, 4.10766455572e-11, 2.48234193617e-11, 3.40314859626e-11, 2.83557309577e-11, 1.92791997644e-11, 1.80980837955e-11, 4.68671490506e-11, 4.37500868866e-11, 1.5711546647e-11, 1.7722986273e-11, 9.1771954619e-12],
        "dvar2": [2.80474414467e-05, 1.88652938959e-05, 8.39272979647e-06, 3.47084096575e-06, 3.06791264393e-07, 1.02485280706e-07, 2.23036153102e-07, 1.35399815804e-07, 3.15439706355e-07, 6.26608084531e-07, 1.0721132071e-07, 1.28372050767e-07, 1.51504053747e-07, 8.65382716597e-08, 6.23323259674e-08, 2.94629458608e-08, 3.83617191346e-08, 1.61976316804e-08, 1.28745751837e-08, 6.672226327e-09, 4.48748682658e-09, 5.65120306106e-09, 2.00660776883e-09, 1.65307079136e-09, 9.71750568901e-10, 4.05573297169e-10, 2.08995168394e-10, 1.66879815522e-10, 1.83195542069e-10, 1.07586495268e-10, 6.47641593132e-11, 8.70614413895e-11, 6.7337087295e-11, 4.558425859e-11, 3.78616478447e-11, 9.26403953549e-11, 8.40619587827e-11, 3.15416061325e-11, 3.82601866855e-11, 1.6515178114e-11],
        "max": [0.0430954694748, 0.0307338815182, 0.0260960571468, 0.0142228780314, 0.00692972261459, 0.00456413766369, 0.00711963325739, 0.0071631250903, 0.00758433667943, 0.00966269522905, 0.0066760503687, 0.00609170552343, 0.00674659153447, 0.00678377132863, 0.00376625289209, 0.00330219441094, 0.0036248206161, 0.00192294246517, 0.00200983113609, 0.00159687025007, 0.00112063298002, 0.000861337059177, 0.000522103102412, 0.000998100498691, 0.000594909593929, 0.000362459511962, 0.000315972516546, 0.000269448355539, 0.00025685961009, 0.000109171742224, 9.07339563128e-05, 0.000181346855243, 0.000260344822891, 0.000203410949325, 0.000185504817637, 0.000227700977121, 0.000256116269156, 0.000156807422172, 0.000212451457628, 0.00013967398263],
        "mean": [0.00337251927704, 0.00434878887609, 0.00173861533403, 0.00121551449411, 0.000408904423239, 0.000195946980966, 0.000220781148528, 0.000148461796925, 0.000261266017333, 0.000411094428273, 0.000172300176928, 0.000190316495718, 0.000230373043451, 0.00020112117636, 0.000209937017644, 0.00014343233488, 0.000129691237817, 8.65205365699e-05, 7.26268990547e-05, 5.23823473486e-05, 6.85363775119e-05, 8.90689916559e-05, 5.25271352672e-05, 3.80767014576e-05, 3.29093054461e-05, 2.12483973883e-05, 1.15847151392e-05, 1.07434443635e-05, 9.82686833595e-06, 7.51951893108e-06, 5.98368751525e-06, 7.34588502382e-06, 5.16646787219e-06, 3.07198297378e-06, 2.34585900216e-06, 2.92016420644e-06, 2.70687382908e-06, 2.07403581953e-06, 1.71730334841e-06, 1.44325542806e-06],
        "median": [0.00259976647794, 0.00359710585326, 0.0010926227551, 0.000770761165768, 0.000266478571575, 0.000111736459075, 7.80144473538e-05, 4.68866419396e-05, 6.50528963888e-05, 0.000102709927887, 7.98610562924e-05, 9.24408086576e-05, 0.00011634886323, 0.000120836004498, 0.000126679457026, 8.51766963024e-05, 7.09950982127e-05, 5.48687967239e-05, 4.61425042886e-05, 3.3731565054e-05, 5.3119041695e-05, 7.38452363294e-05, 4.28170169471e-05, 2.83261197183e-05, 2.66608221864e-05, 1.6915575543e-05, 7.91261390987e-06, 7.75341504777e-06, 6.19708544036e-06, 5.50916865905e-06, 4.34384674008e-06, 5.82805068916e-06, 3.56309010385e-06, 1.54921019657e-06, 9.73549049377e-07, 8.89881221156e-07, 7.62655304243e-07, 7.11952338861e-07, 5.64582535389e-07, 3.82327300485e-07],
        "min": [4.7491793077e-24, 1.50303498429e-23, 8.5534515568e-24, 7.40504678364e-24, 6.80700975367e-24, 7.21873834821e-24, 5.0134638826e-24, 6.94626105838e-24, 7.86955490591e-24, 1.13879676288e-23, 2.7848487583e-23, 1.90642673901e-23, 1.10404254907e-23, 2.24177056319e-23, 8.9639802939e-24, 1.26119649982e-23, 6.24025184745e-24, 6.27988698035e-24, 6.52014364093e-24, 5.73601905658e-24, 7.78943424807e-24, 8.75976550479e-24, 8.85501257048e-24, 6.30741349277e-24, 4.55057331962e-24, 1.00429116649e-23, 7.56805542337e-24, 7.88248275842e-24, 6.92311824601e-24, 5.72805905562e-24, 1.40682913705e-23, 6.20706328588e-24, 1.6708411605e-23, 2.0231729465e-23, 1.26418935921e-23, 1.39926080553e-23, 1.50554135316e-23, 1.16244058082e-23, 1.14087612134e-23, 1.66923425084e-23],
        "var": [1.11225463115e-05, 1.08970316433e-05, 4.65935454486e-06, 2.00431350095e-06, 2.20861608113e-07, 7.6693439155e-08, 1.63962567967e-07, 1.48913656517e-07, 2.57789395164e-07, 6.55497728985e-07, 9.84166916851e-08, 1.05108355797e-07, 1.25552432451e-07, 7.30585512088e-08, 6.848348022e-08, 3.45411947933e-08, 6.10158821246e-08, 1.19203722448e-08, 9.8664303394e-09, 6.04234617896e-09, 4.12701206542e-09, 4.53670168099e-09, 1.74066971947e-09, 2.18304641031e-09, 8.75060135463e-10, 3.49946682743e-10, 1.70220185169e-10, 1.32942296061e-10, 2.15342313425e-10, 5.93375001912e-11, 3.60184868042e-11, 5.13442205419e-11, 4.66004040911e-11, 3.32797088498e-11, 3.59724090793e-11, 1.22229074084e-10, 1.2281302364e-10, 4.54187416843e-11, 4.06402064779e-11, 3.10061837316e-11]
    },
    "mfcc": {
        "mean": [-584.925231934, 116.472625732, -19.9459972382, 29.648103714, 11.5956745148, 19.6591339111, 10.2969446182, 14.2606973648, 5.24800300598, -5.45755624771, 3.38950562477, 0.684110403061, -3.68509602547],
        "cov": [[3500.50683594, -188.274627686, 287.469909668, -181.90802002, 103.643821716, -54.9736747742, -2.37505578995, -4.26000022888, -49.9841842651, 93.6972351074, -25.1439533234, 53.4344329834, 9.54437828064], [-188.274627686, 763.979553223, -322.330963135, 220.032714844, -131.8465271, 68.8289108276, 4.54920768738, 49.6660461426, 62.4785842896, -76.271156311, 73.9262008667, -38.5936737061, -7.34145116806], [287.469909668, -322.330963135, 424.636688232, -120.644866943, 96.2385482788, -71.3210449219, -40.6562385559, -37.6631889343, -32.530002594, 60.6943397522, -53.6487808228, 18.256067276, 8.0457649231], [-181.90802002, 220.032714844, -120.644866943, 306.30581665, 5.51169490814, 129.123016357, 23.1662483215, 28.1746788025, 16.3964271545, -49.7840003967, 5.94403648376, -33.3749313354, -1.07246005535], [103.643821716, -131.8465271, 96.2385482788, 5.51169490814, 166.164703369, 22.9708099365, -15.8117332458, -39.6544914246, -11.0422000885, 17.3826885223, -17.7392520905, -2.83562731743, 4.92972755432], [-54.9736747742, 68.8289108276, -71.3210449219, 129.123016357, 22.9708099365, 161.296524048, 68.3322525024, 28.033164978, -10.4133434296, -26.7903709412, 7.62613010406, -6.5821647644, -4.27355051041], [-2.37505578995, 4.54920768738, -40.6562385559, 23.1662483215, -15.8117332458, 68.3322525024, 141.377426147, 66.7793655396, -8.0615606308, -24.9506721497, 4.96766233444, 5.57781219482, -5.83492088318], [-4.26000022888, 49.6660461426, -37.6631889343, 28.1746788025, -39.6544914246, 28.033164978, 66.7793655396, 129.645309448, 32.452041626, -15.1960201263, 7.48635053635, 2.52847647667, -8.39445495605], [-49.9841842651, 62.4785842896, -32.530002594, 16.3964271545, -11.0422000885, -10.4133434296, -8.0615606308, 32.452041626, 81.7414627075, 28.3114337921, 15.2847919464, -7.56910085678, -8.70995903015], [93.6972351074, -76.271156311, 60.6943397522, -49.7840003967, 17.3826885223, -26.7903709412, -24.9506721497, -15.1960201263, 28.3114337921, 99.5848312378, 23.1794033051, 13.16655159, -7.48404073715], [-25.1439533234, 73.9262008667, -53.6487808228, 5.94403648376, -17.7392520905, 7.62613010406, 4.96766233444, 7.48635053635, 15.2847919464, 23.1794033051, 77.8982086182, 27.3450603485, 3.59488725662], [53.4344329834, -38.5936737061, 18.256067276, -33.3749313354, -2.83562731743, -6.5821647644, 5.57781219482, 2.52847647667, -7.56910085678, 13.16655159, 27.3450603485, 66.7339172363, 25.2947349548], [9.54437828064, -7.34145116806, 8.0457649231, -1.07246005535, 4.92972755432, -4.27355051041, -5.83492088318, -8.39445495605, -8.70995903015, -7.48404073715, 3.59488725662, 25.2947349548, 60.9911651611]],
