{
"lowlevel": {
    "average_loudness": 0.0200295932591,
    "barkbands_crest": {
        "dmean": 1.82627642155,
        "dmean2": 2.72080516815,
        "dvar": 2.82737255096,
        "dvar2": 6.91076183319,
        "max": 24.5150985718,
        "mean": 10.2652750015,
        "median": 9.52700138092,
        "min": 3.26261806488,
        "var": 13.4771814346
    },
    "barkbands_flatness_db": {
        "dmean": 0.0124094393104,
        "dmean2": 0.0182454735041,
        "dvar": 0.000119046519103,
        "dvar2": 0.0002941362618,
        "max": 0.462638527155,
        "mean": 0.193019062281,
        "median": 0.188864126801,
        "min": 0.0425660274923,
        "var": 0.00195600371808
    },
    "barkbands_kurtosis": {
        "dmean": 1.88391900063,
        "dmean2": 2.87261080742,
        "dvar": 12.132226944,
        "dvar2": 33.8191680908,
        "max": 191.918502808,
        "mean": 4.48505830765,
        "median": 3.3654756546,
        "min": -1.75616383553,
        "var": 38.0244140625
    },
    "barkbands_skewness": {
        "dmean": 0.325937777758,
        "dmean2": 0.481397539377,
        "dvar": 0.0959133580327,
        "dvar2": 0.22895078361,
        "max": 11.2643451691,
        "mean": 1.68360114098,
        "median": 1.65182471275,
        "min": -2.27846884727,
        "var": 0.721420288086
    },
    "barkbands_spread": {
        "dmean": 1.88708472252,
        "dmean2": 2.81947565079,
        "dvar": 3.73056793213,
        "dvar2": 8.59198474884,
        "max": 102.120048523,
        "mean": 10.8194847107,
        "median": 9.88148117065,
        "min": 0.387545228004,
        "var": 29.8081626892
    },
    "dissonance": {
        "dmean": 0.0200141109526,
        "dmean2": 0.0328978784382,
        "dvar": 0.000292592856567,
        "dvar2": 0.000778228917625,
        "max": 0.499999910593,
        "mean": 0.443538039923,
        "median": 0.446378022432,
        "min": 0.28976392746,
        "var": 0.000798740598839
    },
    "dynamic_complexity": 4.86543369293,
    "erbbands_crest": {
        "dmean": 2.17909383774,
        "dmean2": 3.21752762794,
        "dvar": 4.06981563568,
        "dvar2": 9.19602775574,
        "max": 29.695268631,
        "mean": 9.54105377197,
        "median": 8.45999717712,
        "min": 2.700340271,
        "var": 18.0807476044
    },
    "erbbands_flatness_db": {
        "dmean": 0.00948326569051,
        "dmean2": 0.0134822688997,
        "dvar": 6.44374304102e-05,
        "dvar2": 0.000142520671943,
        "max": 0.362618803978,
        "mean": 0.220088765025,
        "median": 0.219994544983,
        "min": 0.043547950685,
        "var": 0.000896254554391
    },
    "erbbands_kurtosis": {
        "dmean": 0.711031794548,
        "dmean2": 1.09079790115,
        "dvar": 0.802448272705,
        "dvar2": 1.93114042282,
        "max": 25.4689407349,
        "mean": 0.249012202024,
        "median": -0.268343448639,
        "min": -1.65298902988,
        "var": 2.9178609848
    },
    "erbbands_skewness": {
        "dmean": 0.288626968861,
        "dmean2": 0.425064861774,
        "dvar": 0.0573360770941,
        "dvar2": 0.127790778875,
        "max": 4.12986183167,
        "mean": 0.711972057819,
        "median": 0.674736499786,
        "min": -1.41353619099,
        "var": 0.366348028183
    },
    "erbbands_spread": {
        "dmean": 3.56368708611,
        "dmean2": 5.34314489365,
        "dvar": 8.64429187775,
        "dvar2": 19.7860603333,
        "max": 110.624961853,
        "mean": 26.534034729,
        "median": 26.6257781982,
        "min": 4.06559371948,
        "var": 57.9393005371
    },
    "hfc": {
        "dmean": 1.28173398972,
        "dmean2": 1.74888837337,
        "dvar": 6.3218998909,
        "dvar2": 11.1004610062,
        "max": 162.707977295,
        "mean": 7.94620084763,
        "median": 4.15753602982,
        "min": 1.08696151466e-16,
        "var": 122.673431396
    },
    "melbands_crest": {
        "dmean": 2.23449134827,
        "dmean2": 3.31353259087,
        "dvar": 4.55049324036,
        "dvar2": 11.192735672,
        "max": 34.9437904358,
        "mean": 13.4165811539,
        "median": 12.4486904144,
        "min": 1.51762127876,
        "var": 24.9372119904
    },
    "melbands_flatness_db": {
        "dmean": 0.0131195094436,
        "dmean2": 0.0190989132971,
        "dvar": 0.000143279481563,
        "dvar2": 0.000349783833371,
        "max": 0.61633849144,
        "mean": 0.249680116773,
        "median": 0.245672523975,
        "min": 0.0031215029303,
        "var": 0.00435721129179
    },
    "melbands_kurtosis": {
        "dmean": 2.95562410355,
        "dmean2": 4.44824361801,
        "dvar": 45.5127563477,
        "dvar2": 129.699188232,
        "max": 471.204803467,
        "mean": 8.62809276581,
        "median": 6.95472335815,
        "min": -1.42205762863,
        "var": 108.117645264
    },
    "melbands_skewness": {
        "dmean": 0.372612118721,
        "dmean2": 0.543549716473,
        "dvar": 0.129733592272,
        "dvar2": 0.308563023806,
        "max": 14.6279182434,
        "mean": 2.21519827843,
        "median": 2.13125181198,
        "min": -0.29759812355,
        "var": 0.725623190403
    },
    "melbands_spread": {
        "dmean": 2.61291670799,
        "dmean2": 3.8997232914,
        "dvar": 10.4087362289,
        "dvar2": 22.9093570709,
        "max": 155.78704834,
        "mean": 14.4481735229,
        "median": 11.5226325989,
        "min": 0.476816117764,
        "var": 231.026031494
    },
    "pitch_salience": {
        "dmean": 0.0490095056593,
        "dmean2": 0.0749946162105,
        "dvar": 0.00177314085886,
        "dvar2": 0.00456686550751,
        "max": 0.921588182449,
        "mean": 0.56180280447,
        "median": 0.565335631371,
        "min": 0.161084145308,
        "var": 0.00944671127945
    },
    "silence_rate_20dB": {
        "dmean": 0.000308808783302,
        "dmean2": 0.000617665238678,
        "dvar": 0.000308699702146,
        "dvar2": 0.00077164528193,
        "max": 1,
        "mean": 0.999691188335,
        "median": 1,
        "min": 0,
        "var": 0.000308675866108
    },
    "silence_rate_30dB": {
        "dmean": 0.00524974893779,
        "dmean2": 0.0105003090575,
        "dvar": 0.00522252870724,
        "dvar2": 0.0111617958173,
        "max": 1,
        "mean": 0.980083346367,
        "median": 1,
        "min": 0,
        "var": 0.0195199269801
    },
    "silence_rate_60dB": {
        "dmean": 0.0352041982114,
        "dmean2": 0.0704138353467,
        "dvar": 0.0339688286185,
        "dvar2": 0.0753298178315,
        "max": 1,
        "mean": 0.208043843508,
        "median": 0,
        "min": 0,
        "var": 0.164781600237
    },
    "spectral_centroid": {
        "dmean": 102.247146606,
        "dmean2": 155.432312012,
        "dvar": 19463.6992188,
        "dvar2": 38335.1523438,
        "max": 11728.3632812,
        "mean": 923.988891602,
        "median": 743.476318359,
        "min": 125.25402832,
        "var": 1233290.625
    },
    "spectral_complexity": {
        "dmean": 1.60333514214,
        "dmean2": 2.69163060188,
        "dvar": 1.98263430595,
        "dvar2": 5.23782539368,
        "max": 34,
        "mean": 12.5349702835,
        "median": 12,
        "min": 0,
        "var": 39.5518608093
    },
    "spectral_decrease": {
        "dmean": 7.3008682433e-10,
        "dmean2": 9.52610546001e-10,
        "dvar": 2.30171628801e-18,
        "dvar2": 4.10071107719e-18,
        "max": 6.74111915535e-18,
        "mean": -4.33411440071e-09,
        "median": -1.86493442911e-09,
        "min": -9.11980322371e-08,
        "var": 4.67526055635e-17
    },
    "spectral_energy": {
        "dmean": 0.00285457912832,
        "dmean2": 0.00372804771177,
        "dvar": 3.5052667954e-05,
        "dvar2": 6.20112041361e-05,
        "max": 0.357504695654,
        "mean": 0.017078673467,
        "median": 0.00740756792948,
        "min": 1.0073243941e-20,
        "var": 0.000715922156814
    },
    "spectral_energyband_high": {
        "dmean": 9.62161720963e-06,
        "dmean2": 1.60729923664e-05,
        "dvar": 3.50456746956e-10,
        "dvar2": 9.69582636401e-10,
        "max": 0.00082573259715,
        "mean": 3.7431884266e-05,
        "median": 2.16064545384e-05,
        "min": 7.13341253999e-21,
        "var": 2.56551713207e-09
    },
    "spectral_energyband_low": {
        "dmean": 0.000743647746276,
        "dmean2": 0.00108757684939,
        "dvar": 4.65402081318e-06,
        "dvar2": 1.34144866024e-05,
        "max": 0.124732725322,
        "mean": 0.00355409760959,
        "median": 0.000609613838606,
        "min": 1.57060754725e-23,
        "var": 7.23233242752e-05
    },
    "spectral_energyband_middle_high": {
        "dmean": 0.000496919557918,
        "dmean2": 0.000758379872423,
        "dvar": 8.26331529424e-07,
        "dvar2": 2.04917637348e-06,
        "max": 0.0356202237308,
        "mean": 0.00196168199182,
        "median": 0.00110038334969,
        "min": 1.12411664203e-21,
        "var": 6.35675860394e-06
    },
    "spectral_energyband_middle_low": {
        "dmean": 0.00261885486543,
        "dmean2": 0.00335314893164,
        "dvar": 3.12818337989e-05,
        "dvar2": 5.30868273927e-05,
        "max": 0.337459355593,
        "mean": 0.0124676181003,
        "median": 0.00543283997104,
        "min": 1.64589403391e-22,
        "var": 0.000444887729827
    },
    "spectral_entropy": {
        "dmean": 0.0880052521825,
        "dmean2": 0.129364907742,
        "dvar": 0.00568948732689,
        "dvar2": 0.0132692493498,
        "max": 9.82662296295,
        "mean": 6.95273590088,
        "median": 6.98296499252,
        "min": 5.4313750267,
        "var": 0.186542645097
    },
    "spectral_flux": {
        "dmean": 0.00680931191891,
        "dmean2": 0.0113258417696,
        "dvar": 6.01208521402e-05,
        "dvar2": 0.000161520365509,
        "max": 0.268555909395,
        "mean": 0.0359592065215,
        "median": 0.0292233154178,
        "min": 6.38639974238e-11,
        "var": 0.000568755960558
    },
    "spectral_kurtosis": {
        "dmean": 3.75292801857,
        "dmean2": 6.66028165817,
        "dvar": 13.1236515045,
        "dvar2": 40.8621482849,
        "max": 65.9584884644,
        "mean": 9.91042900085,
        "median": 8.06628417969,
        "min": -1.27566123009,
        "var": 48.73777771
    },
    "spectral_rms": {
        "dmean": 0.000298041966744,
        "dmean2": 0.000396763382014,
        "dvar": 1.20794084069e-07,
        "dvar2": 2.47453215252e-07,
        "max": 0.018675789237,
        "mean": 0.00337582314387,
        "median": 0.00268828845583,
        "min": 3.13489316971e-12,
        "var": 5.26595886186e-06
    },
    "spectral_rolloff": {
        "dmean": 180.977767944,
        "dmean2": 302.386779785,
        "dvar": 95956.171875,
        "dvar2": 196836.171875,
        "max": 19724.4140625,
        "mean": 1108.16369629,
        "median": 753.662109375,
        "min": 43.06640625,
        "var": 4317764
    },
    "spectral_skewness": {
        "dmean": 0.319520533085,
        "dmean2": 0.561385214329,
        "dvar": 0.0748763233423,
        "dvar2": 0.231575056911,
        "max": 6.69508266449,
        "mean": 2.09858083725,
        "median": 1.94546556473,
        "min": -0.105796590447,
        "var": 0.519656658173
    },
    "spectral_spread": {
        "dmean": 179900.171875,
        "dmean2": 307122.375,
        "dvar": 192770932736,
        "dvar2": 332261261312,
        "max": 42603940,
        "mean": 3071709.5,
        "median": 2638549,
        "min": 1212199.25,
        "var": 1.53953773814e+13
    },
    "spectral_strongpeak": {
        "dmean": 0.245624944568,
        "dmean2": 0.380685180426,
        "dvar": 0.131628170609,
        "dvar2": 0.286482930183,
        "max": 8.17272090912,
        "mean": 0.754423081875,
        "median": 0.542982339859,
        "min": 0,
        "var": 0.526720046997
    },
    "zerocrossingrate": {
        "dmean": 0.00380258494988,
        "dmean2": 0.00488341553137,
        "dvar": 3.29307549691e-05,
        "dvar2": 6.01200881647e-05,
        "max": 0.5361328125,
        "mean": 0.0410765744746,
        "median": 0.033203125,
        "min": 0.0029296875,
        "var": 0.00294989719987
    },
    "barkbands": {
        "dmean": [1.30764874484e-06, 0.000169189588632, 0.000361903803423, 0.000637811841443, 0.000687383580953, 0.000967793399468, 0.00132555747405, 0.000322598032653, 0.000269501906587, 0.000252945814282, 0.000119636002637, 0.000149821629748, 9.7380427178e-05, 0.000110561704787, 0.000145146696013, 8.50855431054e-05, 7.83998839324e-05, 5.0594782806e-05, 2.9004215321e-05, 1.67346970557e-05, 5.51494713363e-06, 2.05273249776e-06, 1.11316876428e-06, 5.21248523455e-07, 1.8681745928e-07, 5.33101420785e-08, 4.93927876377e-09],
        "dmean2": [2.1079142698e-06, 0.000203220013645, 0.000496571243275, 0.000979820615612, 0.000935699092224, 0.00113608513493, 0.00162845174782, 0.000387616135413, 0.000352377508534, 0.000366851891158, 0.000171499908902, 0.000236412990489, 0.00015589519171, 0.000182450399734, 0.000237992106122, 0.000144389443449, 0.000130941771204, 8.58965504449e-05, 4.9638463679e-05, 2.84235229628e-05, 9.58309283305e-06, 3.48412254425e-06, 1.90968125935e-06, 8.74742283941e-07, 3.04896104808e-07, 8.33935303035e-08, 8.25112600467e-09],
        "dvar": [6.66754802411e-12, 3.87581934547e-07, 9.27507642245e-07, 5.55643009648e-06, 1.85487169801e-06, 5.84240433454e-06, 1.39806898005e-05, 1.1605105783e-06, 2.73642058346e-07, 3.46340272017e-07, 9.83901102813e-08, 1.08117433228e-07, 4.6027302858e-08, 9.46353466702e-08, 9.38625461799e-08, 4.96850312004e-08, 2.62507331428e-08, 1.01672750219e-08, 4.06021216648e-09, 1.85790927087e-09, 1.17743162442e-10, 2.21060097311e-11, 6.39272922792e-12, 1.29582499245e-12, 1.93685819878e-13, 2.3284754455e-14, 1.56667862434e-16],
        "dvar2": [1.64941671432e-11, 5.28214798123e-07, 2.26314023166e-06, 1.76145167643e-05, 4.13826592194e-06, 6.3117472564e-06, 2.07649845834e-05, 1.40849397212e-06, 4.66683701461e-07, 8.03480190825e-07, 1.83441699164e-07, 2.44687470285e-07, 1.14092337355e-07, 2.59565410943e-07, 2.47516453555e-07, 1.48130752109e-07, 7.14522983003e-08, 2.81722520867e-08, 1.17471818939e-08, 5.69392089034e-09, 3.4197306098e-10, 6.08888148235e-11, 1.83121538766e-11, 3.40822942785e-12, 5.02460865883e-13, 5.66134053699e-14, 4.26466001168e-16],
        "max": [5.7379987993e-05, 0.0754252746701, 0.0549823604524, 0.0954574197531, 0.0626525059342, 0.274417877197, 0.225344657898, 0.0978119969368, 0.021833255887, 0.0204026158899, 0.0155013306066, 0.0167083963752, 0.00683909514919, 0.0173443593085, 0.00970082916319, 0.0128363575786, 0.00381234893575, 0.00344920903444, 0.00257149571553, 0.00264010531828, 0.000537051761057, 0.000240652821958, 0.000111285036837, 7.0060188591e-05, 2.74835492746e-05, 1.0973899407e-05, 7.27188989913e-07],
        "mean": [1.67933797002e-06, 0.00103247119114, 0.00160957605112, 0.00191638432443, 0.00254433555529, 0.00327391410246, 0.00322132906877, 0.000795155763626, 0.000646029249765, 0.000468485697638, 0.000209643272683, 0.000249779375736, 0.000165840843692, 0.000182504154509, 0.000252261001151, 0.000155572910444, 0.00013914873125, 9.61481928243e-05, 5.69731309952e-05, 3.57374010491e-05, 1.34417905429e-05, 5.8267219174e-06, 3.45373405253e-06, 1.93717551156e-06, 8.02094689334e-07, 2.41369122023e-07, 1.69161165076e-08],
        "median": [5.84428562433e-07, 8.81548567122e-06, 0.000237349886447, 0.000258057028987, 0.00107439130079, 0.000894874276128, 0.00092254485935, 0.000263259076746, 0.000272780220257, 0.0001590665197, 7.02613469912e-05, 0.000100016033684, 7.42576885386e-05, 7.46971199987e-05, 9.68506356003e-05, 5.70783668081e-05, 5.47121235286e-05, 4.63086471427e-05, 2.93132943625e-05, 1.93080541067e-05, 7.65225468058e-06, 3.38846530212e-06, 2.0042568849e-06, 1.10920416319e-06, 3.80568309311e-07, 9.04674948288e-08, 6.74114097876e-09],
        "min": [2.73892333729e-25, 3.00221803967e-24, 9.96552697386e-25, 5.16392194255e-25, 4.89069819309e-24, 7.88491797203e-24, 7.72518073848e-24, 5.39324873807e-24, 5.75097349276e-24, 1.61452816701e-23, 1.3787458466e-23, 1.92430153826e-23, 1.65797878345e-23, 3.34731731223e-23, 3.79148418274e-23, 5.12656910258e-23, 5.67769005016e-23, 8.13537673405e-23, 1.51688283795e-22, 1.64679207317e-22, 2.2526658998e-22, 3.03316084046e-22, 3.41586213048e-22, 4.97158267338e-22, 8.7389339602e-22, 1.280014742e-21, 1.95069342889e-21],
        "var": [1.03239881921e-11, 1.33591565827e-05, 1.85423250514e-05, 3.08834314637e-05, 1.82914118341e-05, 9.71900008153e-05, 6.41669830657e-05, 4.69722226626e-06, 1.16657611215e-06, 8.46389696108e-07, 2.52744825957e-07, 2.35778387037e-07, 8.57433448687e-08, 1.6439057049e-07, 1.84245891433e-07, 1.10926869468e-07, 5.49544765249e-08, 2.48316833762e-08, 9.20621268108e-09, 3.67160746251e-09, 3.97320149004e-10, 8.71966387983e-11, 2.73147181956e-11, 9.7033587762e-12, 1.85947416319e-12, 2.39649906907e-13, 1.20540538746e-15]
    },
    "erbbands": {
        "dmean": [0.00147279177327, 0.0509148091078, 0.317353904247, 1.35898149014, 2.04901456833, 2.48258900642, 5.85130262375, 8.40036678314, 19.8407421112, 11.2948446274, 7.10369205475, 5.35334587097, 6.24466991425, 7.78497695923, 4.43469381332, 5.11573410034, 4.38384866714, 4.93485355377, 5.52136468887, 7.17350721359, 5.08605670929, 3.99623823166, 2.61918711662, 1.76440858841, 1.20772922039, 0.853071808815, 0.317155122757, 0.125512257218, 0.080292545259, 0.0470898710191, 0.0290023889393, 0.0135064506903, 0.00840122811496, 0.00300271250308, 0.00125298253261, 0.000381281162845, 7.45780489524e-05, 9.14154952625e-06, 1.70474868355e-06, 3.18418756251e-06],
        "dmean2": [0.00213908404112, 0.0605113990605, 0.410878837109, 2.12856316566, 3.02502512932, 3.33791041374, 6.73345088959, 9.9805688858, 25.2724266052, 13.016992569, 8.56151294708, 6.85591316223, 8.86418151855, 11.3583860397, 6.52564048767, 8.09671020508, 6.949614048, 8.1167383194, 9.13743209839, 11.8322782516, 8.67134189606, 6.62452220917, 4.41693305969, 3.01939964294, 2.0589299202, 1.44683933258, 0.545299530029, 0.214166715741, 0.136736169457, 0.0799029394984, 0.0493455119431, 0.023081863299, 0.013961000368, 0.00494712917134, 0.00202062958851, 0.000599181570578, 0.000119309428555, 1.47072105392e-05, 2.42404689743e-06, 4.16454849983e-06],
        "dvar": [2.2266216547e-05, 0.0324281193316, 0.711451888084, 23.1673240662, 38.931804657, 23.271692276, 232.573913574, 405.569854736, 3432.66479492, 1174.47619629, 519.747436523, 124.555290222, 142.896530151, 402.377441406, 102.946876526, 135.691497803, 98.2450790405, 106.935081482, 205.687774658, 248.650741577, 217.811691284, 70.1071853638, 28.8469486237, 12.4714603424, 6.70909357071, 4.76965618134, 0.377911806107, 0.0751401111484, 0.0363403707743, 0.0135851772502, 0.00381075474434, 0.000843187619466, 0.000359431374818, 5.71221971768e-05, 8.87233090907e-06, 1.0789466387e-06, 4.86803521937e-08, 6.29801988339e-10, 1.19425276959e-11, 4.33621333285e-11],
        "dvar2": [4.56283269159e-05, 0.0426129437983, 1.30837988853, 76.1700668335, 106.904838562, 51.7837219238, 305.212127686, 466.641326904, 5521.02734375, 1351.23034668, 659.960388184, 184.001647949, 296.506103516, 966.822509766, 198.479049683, 319.235839844, 237.185028076, 289.522857666, 538.8203125, 661.864318848, 662.601989746, 182.740036011, 80.8178482056, 35.2676734924, 18.2221221924, 14.5927114487, 1.10361492634, 0.21959887445, 0.100666366518, 0.0399732962251, 0.0107099171728, 0.00240619201213, 0.000905334076378, 0.000158306123922, 2.25094790949e-05, 2.59159037341e-06, 1.18779148295e-07, 1.53202628361e-09, 2.45270765503e-11, 7.61557691908e-11],
        "max": [0.432392984629, 22.1083869934, 71.0176315308, 175.28453064, 284.347106934, 216.422073364, 1331.43640137, 2203.33740234, 3513.015625, 2158.04663086, 1855.21862793, 595.962219238, 286.291595459, 792.866943359, 464.840759277, 454.913330078, 333.190948486, 358.499938965, 571.709838867, 664.559509277, 888.775268555, 251.129898071, 219.284362793, 115.3177948, 90.5157623291, 132.246643066, 29.8858795166, 11.0667057037, 9.94346618652, 6.48518371582, 3.44984126091, 1.63093984127, 1.07918798923, 0.489223301411, 0.180335655808, 0.0736110955477, 0.0145748956129, 0.00191011698917, 0.00020428278367, 0.000402070814744],
        "mean": [0.00821773707867, 0.32036742568, 1.78571951389, 4.23505687714, 6.21199703217, 8.94208812714, 21.0844764709, 27.3047828674, 45.501335144, 31.1199169159, 18.4009552002, 13.8899002075, 13.4492425919, 14.9359226227, 8.98313140869, 9.30449485779, 8.19707965851, 8.83961009979, 10.1376905441, 12.9625835419, 9.46244239807, 7.72874212265, 5.50107717514, 3.81288504601, 2.6511259079, 1.8424372673, 0.767609417439, 0.34234213829, 0.223077431321, 0.140321865678, 0.0902851000428, 0.0463326908648, 0.0282779801637, 0.0114362817258, 0.00508867017925, 0.00166603748221, 0.000346536340658, 4.65027333121e-05, 1.12812158477e-05, 1.93878277059e-05],
        "median": [0.000367961707525, 0.00708251725882, 0.222343593836, 0.829498231411, 1.46059751511, 3.73702001572, 5.77991867065, 8.27473831177, 13.3999891281, 10.427116394, 6.76236152649, 5.68531894684, 5.69717073441, 5.95913314819, 4.1318769455, 3.79505395889, 3.97406578064, 3.52075767517, 4.17488288879, 5.30942678452, 3.69164943695, 3.43404960632, 2.76072835922, 1.96725440025, 1.45982849598, 0.980167686939, 0.431289374828, 0.192134141922, 0.128132253885, 0.0804607346654, 0.05512008816, 0.0280821695924, 0.015683837235, 0.00563509389758, 0.00221401127055, 0.000631711445749, 0.000135974347359, 1.92433890334e-05, 5.02636157762e-06, 8.50914329931e-06],
        "min": [9.21415790589e-23, 3.15681257854e-22, 2.36592921067e-21, 5.86008390535e-21, 6.67160140064e-21, 1.72247664049e-20, 6.90002207613e-20, 9.81806389186e-20, 8.84206120865e-20, 1.72762874786e-19, 2.32825570588e-19, 1.46449613266e-19, 2.84427527042e-19, 5.19562689297e-19, 8.71150638784e-19, 1.17672552932e-18, 1.09391854615e-18, 2.0342960338e-18, 2.93485583849e-18, 2.91911086912e-18, 3.90623512492e-18, 4.10371291564e-18, 4.15711280085e-18, 6.83529614963e-18, 6.27527543619e-18, 6.63666361478e-18, 8.33794335141e-18, 8.30369062942e-18, 9.42175923055e-18, 1.08433700293e-17, 8.89732506783e-18, 1.11440154403e-17, 7.01554542255e-18, 8.60595648732e-18, 6.27307430858e-18, 4.38419124979e-18, 2.35519703013e-18, 9.55434035951e-19, 2.52307871212e-19, 2.76404017272e-20],
        "var": [0.000569645431824, 1.17960894108, 25.5045452118, 114.800743103, 206.178482056, 219.517578125, 3330.23168945, 6327.43505859, 13924.34375, 7414.96630859, 2177.93164062, 619.216247559, 441.544006348, 924.122741699, 295.78338623, 308.178375244, 193.32019043, 213.578643799, 420.845031738, 492.876434326, 450.767822266, 163.397949219, 75.3784561157, 32.984287262, 17.6274929047, 10.1118011475, 1.21429955959, 0.276067435741, 0.126437976956, 0.049532994628, 0.0169931948185, 0.00482169305906, 0.00227852538228, 0.000402792415116, 7.7748503827e-05, 1.08673702925e-05, 4.43264468686e-07, 7.72395036819e-09, 2.92291496562e-10, 9.01967278644e-10]
    },
    "gfcc": {
        "mean": [-108.899917603, 139.634643555, -147.120498657, 9.34911060333, -63.288482666, -17.5787467957, -46.6049613953, -5.47605037689, -20.820520401, -8.11642837524, -10.3961353302, -8.48393154144, -6.63219118118],
        "cov": [[19324.8554688, 2171.56005859, -2298.42407227, 487.864196777, -760.766174316, -263.019897461, -607.359619141, -87.6886520386, -278.063934326, -170.289031982, -152.630554199, -212.813919067, -67.9458999634], [2171.56005859, 1403.77746582, 496.150146484, 215.303909302, 377.171722412, 87.895324707, 111.362281799, -72.720123291, 25.5233631134, -126.451828003, -70.3664550781, -149.159576416, -31.3968048096], [-2298.42407227, 496.150146484, 1160.47644043, 193.726409912, 541.783691406, 229.587234497, 259.046173096, 33.5293922424, 101.467124939, -21.087518692, -33.0046157837, -62.3246078491, -24.5325965881], [487.864196777, 215.303909302, 193.726409912, 233.392074585, 169.367019653, 101.072814941, 64.2466430664, 27.0153656006, 18.5827293396, -16.9224185944, -23.7794036865, -40.762298584, -21.9528903961], [-760.766174316, 377.171722412, 541.783691406, 169.367019653, 392.99899292, 160.31930542, 152.08631897, 19.6064968109, 51.5094413757, -14.2740545273, -25.2914295197, -40.5471611023, -13.232134819], [-263.019897461, 87.895324707, 229.587234497, 101.072814941, 160.31930542, 157.052474976, 99.2262573242, 49.4020996094, 33.2908592224, 14.6421060562, -6.26566553116, -7.33590316772, -10.9275903702], [-607.359619141, 111.362281799, 259.046173096, 64.2466430664, 152.08631897, 99.2262573242, 147.879974365, 52.145149231, 53.0670585632, 15.3305978775, 10.4476366043, -5.54281330109, -0.605717122555], [-87.6886520386, -72.720123291, 33.5293922424, 27.0153656006, 19.6064968109, 49.4020996094, 52.145149231, 98.8717269897, 50.4502716064, 42.8530883789, 12.6452445984, 21.85638237, -1.9028519392], [-278.063934326, 25.5233631134, 101.467124939, 18.5827293396, 51.5094413757, 33.2908592224, 53.0670585632, 50.4502716064, 94.2790756226, 48.8910980225, 32.4871139526, 12.0387735367, 8.02271461487], [-170.289031982, -126.451828003, -21.087518692, -16.9224185944, -14.2740545273, 14.6421060562, 15.3305978775, 42.8530883789, 48.8910980225, 94.0323867798, 52.2566375732, 40.6428565979, 12.5163383484], [-152.630554199, -70.3664550781, -33.0046157837, -23.7794036865, -25.2914295197, -6.26566553116, 10.4476366043, 12.6452445984, 32.4871139526, 52.2566375732, 80.3009414673, 48.5647392273, 22.1950359344], [-212.813919067, -149.159576416, -62.3246078491, -40.762298584, -40.5471611023, -7.33590316772, -5.54281330109, 21.85638237, 12.0387735367, 40.6428565979, 48.5647392273, 81.176651001, 37.8771972656], [-67.9458999634, -31.3968048096, -24.5325965881, -21.9528903961, -13.232134819, -10.9275903702, -0.605717122555, -1.9028519392, 8.02271461487, 12.5163383484, 22.1950359344, 37.8771972656, 61.9173126221]],
        "icov": [[0.000312224205118, -0.00094210752286, 0.000669823668431, -0.00096606236184, 0.000823391950689, -0.000485365046188, 0.000802577182185, -0.000712948211003, 0.000597101752646, -0.000763951276895, 0.000354905903805, -0.00014100993576, -9.98733594315e-05], [-0.00094210752286, 0.00418476480991, -0.00190036022104, 0.00256988662295, -0.00370734557509, 0.0018983943155, -0.00244817603379, 0.00272079999559, -0.00264810887165, 0.00378088164143, -0.00195998582058, 0.00226147496141, -0.000253231613897], [0.000669823668431, -0.00190036022104, 0.00422559026629, -0.001422621659, -0.00157661596313, -0.00112989603076, 3.24654283759e-05, -0.000578623672482, -0.00012894019892, -0.000964240636677, 0.00120032578707, -0.000325406406773, 0.000367871049093], [-0.00096606236184, 0.00256988662295, -0.001422621659, 0.0108985425904, -0.00560083566234, -0.00170242099557, -0.00062222807901, -0.000590885581914, -0.00130109267775, 0.00380836217664, -0.00287930364721, 0.00363773503341, 0.000227321361308], [0.000823391950689, -0.00370734557509, -0.00157661596313, -0.00560083566234, 0.0142133180052, -0.00497697712854, -0.00072602299042, 0.00144144427031, 0.000889830989763, -0.00382278417237, 0.00392304966226, -0.00284258299507, -0.00040039193118], [-0.000485365046188, 0.0018983943155, -0.00112989603076, -0.00170242099557, -0.00497697712854, 0.0173750016838, -0.00707462616265, -0.00212514679879, 0.00157306122128, -0.00148986419663, 0.00164604815654, -0.00161963596474, 0.00174515019171], [0.000802577182185, -0.00244817603379, 3.24654283759e-05, -0.00062222807901, -0.00072602299042, -0.00707462616265, 0.0213672276586, -0.00941074546427, -0.000175290595507, 0.00161266652867, -0.00560863688588, 0.00425984663889, -0.0029510660097], [-0.000712948211003, 0.00272079999559, -0.000578623672482, -0.000590885581914, 0.00144144427031, -0.00212514679879, -0.00941074546427, 0.0257278103381, -0.0111820949242, -0.00338918971829, 0.00880945753306, -0.00903829652816, 0.00529532786459], [0.000597101752646, -0.00264810887165, -0.00012894019892, -0.00130109267775, 0.000889830989763, 0.00157306122128, -0.000175290595507, -0.0111820949242, 0.0250693168491, -0.00954070873559, -0.00587784452364, 0.00593843078241, -0.00392295513302], [-0.000763951276895, 0.00378088164143, -0.000964240636677, 0.00380836217664, -0.00382278417237, -0.00148986419663, 0.00161266652867, -0.00338918971829, -0.00954070873559, 0.0277731288224, -0.0127511946484, -0.000373293907614, 0.00129995960742], [0.000354905903805, -0.00195998582058, 0.00120032578707, -0.00287930364721, 0.00392304966226, 0.00164604815654, -0.00560863688588, 0.00880945753306, -0.00587784452364, -0.0127511946484, 0.0319380573928, -0.0167940352112, 0.00235924101435], [-0.00014100993576, 0.00226147496141, -0.000325406406773, 0.00363773503341, -0.00284258299507, -0.00161963596474, 0.00425984663889, -0.00903829652816, 0.00593843078241, -0.000373293907614, -0.0167940352112, 0.0353087224066, -0.0152502413839], [-9.98733594315e-05, -0.000253231613897, 0.000367871049093, 0.000227321361308, -0.00040039193118, 0.00174515019171, -0.0029510660097, 0.00529532786459, -0.00392295513302, 0.00129995960742, 0.00235924101435, -0.0152502413839, 0.0252241976559]]
    },
    "melbands": {
        "dmean": [2.90475036309e-05, 0.000134542104206, 0.000246589595918, 0.000146880498505, 0.000178744870936, 0.000192345352843, 0.00028839634615, 0.000105258368421, 5.43624737475e-05, 3.48325593222e-05, 3.29323374899e-05, 3.45374573953e-05, 1.72188429133e-05, 1.67838898051e-05, 1.27048924696e-05, 8.87224541657e-06, 9.86448594631e-06, 9.32680086407e-06, 1.048345257e-05, 7.36805941415e-06, 6.20311129751e-06, 4.87845181851e-06, 3.08556855089e-06, 2.92670665658e-06, 1.41915154472e-06, 1.30110493046e-06, 7.18074488759e-07, 5.58365002234e-07, 2.73663317785e-07, 1.16313671583e-07, 7.62096163953e-08, 5.61881350336e-08, 4.16622185639e-08, 2.96361886143e-08, 2.12765947083e-08, 1.33520874357e-08, 8.91585472118e-09, 7.5951041012e-09, 4.54316007037e-09, 2.64356136981e-09],
        "dmean2": [3.71777314285e-05, 0.000171553518157, 0.000379683275241, 0.000207964636502, 0.000208722223761, 0.000230282705161, 0.000363744795322, 0.000121024655527, 6.61094018142e-05, 4.56030393252e-05, 4.68846155854e-05, 5.03672054037e-05, 2.47800653597e-05, 2.6391724532e-05, 2.02133523999e-05, 1.41969603646e-05, 1.62774740602e-05, 1.54820081661e-05, 1.72015024873e-05, 1.22600904433e-05, 1.06279976535e-05, 8.06546267995e-06, 5.25981931787e-06, 4.97023438584e-06, 2.43294675784e-06, 2.22766357183e-06, 1.2189032077e-06, 9.49699028752e-07, 4.7278192028e-07, 2.00749923351e-07, 1.29916557512e-07, 9.59786561339e-08, 7.11349059657e-08, 5.08597111093e-08, 3.64332208846e-08, 2.27318128765e-08, 1.5352933147e-08, 1.27663133398e-08, 7.52588480424e-09, 4.4059005333e-09],
        "dvar": [1.10032125633e-08, 1.32304592171e-07, 7.1104318522e-07, 1.00971114136e-07, 1.92387688003e-07, 2.04388115321e-07, 7.27612700757e-07, 1.00150629123e-07, 2.52526763944e-08, 4.78347184085e-09, 3.8661935875e-09, 7.82753861728e-09, 2.00121363925e-09, 1.80588322074e-09, 5.83319337277e-10, 3.16551340696e-10, 4.87904161517e-10, 7.6910172675e-10, 4.97433427782e-10, 2.45495845874e-10, 3.27613547402e-10, 1.309516523e-10, 4.47491280142e-11, 3.64286274757e-11, 9.39822351886e-12, 8.7508594121e-12, 3.69258920316e-12, 1.6632509172e-12, 3.04531383834e-13, 5.78511170175e-14, 2.36298881937e-14, 2.0282742635e-14, 1.18432951366e-14, 5.72229582308e-15, 1.92212782149e-15, 8.13485889741e-16, 4.39227240733e-16, 2.84710458173e-16, 1.5023933235e-16, 4.31530133227e-17],
        "dvar2": [1.7282989262e-08, 2.17432088334e-07, 2.24888094635e-06, 2.4437031243e-07, 2.63442018422e-07, 2.45830193535e-07, 1.11247743462e-06, 1.14866722356e-07, 3.24347197989e-08, 7.822693604e-09, 8.00441046778e-09, 1.88056148431e-08, 3.71990194203e-09, 4.06236910777e-09, 1.41028144718e-09, 8.1099676974e-10, 1.33468103236e-09, 2.04500349987e-09, 1.34883360037e-09, 6.66155075546e-10, 1.00186192675e-09, 3.38932687471e-10, 1.27157853691e-10, 1.00721930796e-10, 2.67835077034e-11, 2.48853750107e-11, 1.07122921644e-11, 5.01774706854e-12, 8.79301297572e-13, 1.65612030925e-13, 6.85113654719e-14, 5.74436941699e-14, 3.41822551438e-14, 1.67167932193e-14, 5.47893563404e-15, 2.30695691229e-15, 1.25958457938e-15, 7.23995164798e-16, 3.80592973146e-16, 1.21141672734e-16],
        "max": [0.0118835652247, 0.0364917628467, 0.0321207270026, 0.0148483719677, 0.0396370477974, 0.0500198043883, 0.0532646588981, 0.0193938221782, 0.012162046507, 0.00317456480116, 0.0014869295992, 0.0034710871987, 0.00226404960267, 0.00233391113579, 0.000634778931271, 0.000459114671685, 0.00094413961051, 0.00139727105852, 0.000616265460849, 0.000576105259825, 0.00111084163655, 0.000354574527591, 0.00020562618738, 0.000155173096573, 0.000106344465166, 8.52781522553e-05, 0.000125398670207, 6.55517287669e-05, 2.62174362433e-05, 5.56172608412e-06, 5.35889648745e-06, 7.66140692576e-06, 5.00153782923e-06, 3.28388341586e-06, 2.0844656774e-06, 1.08978576918e-06, 1.05272533801e-06, 9.54143047238e-07, 5.98286646891e-07, 3.58432430403e-07],
        "mean": [0.00017576177197, 0.000765874690842, 0.000819938955829, 0.000507218705025, 0.000683267135173, 0.000622249324806, 0.000678436597809, 0.000291641161311, 0.000137313152663, 8.45510076033e-05, 6.82483005221e-05, 6.41458391328e-05, 3.21139596053e-05, 2.76898699667e-05, 2.16741791519e-05, 1.54334175022e-05, 1.66351765074e-05, 1.55662983161e-05, 1.8042175725e-05, 1.34640913529e-05, 1.0254298104e-05, 8.49402385938e-06, 5.42242241863e-06, 5.15281317348e-06, 2.70984992312e-06, 2.39244786826e-06, 1.46560967096e-06, 1.09439758944e-06, 5.40817325145e-07, 2.57648423485e-07, 1.72849183855e-07, 1.33645883693e-07, 9.62215267464e-08, 7.29947373657e-08, 5.57157591174e-08, 3.62318779423e-08, 2.51714933341e-08, 2.18847571176e-08, 1.32755602067e-08, 8.37691516153e-09],
        "median": [2.47580646828e-06, 8.34236707306e-05, 0.000169417529833, 0.000186075209058, 0.000216997985262, 0.000192649662495, 0.000205110234674, 0.000101910016383, 5.10537138325e-05, 3.41978484357e-05, 2.84256129817e-05, 2.48573996942e-05, 1.2700539628e-05, 8.7724538389e-06, 9.71027475316e-06, 6.90081606081e-06, 6.36974755253e-06, 6.01134479439e-06, 6.85700797476e-06, 5.23005837749e-06, 3.27965744873e-06, 3.17013609674e-06, 2.38631264438e-06, 2.29856959777e-06, 1.29406134874e-06, 1.17926788334e-06, 7.75588887336e-07, 5.12527776664e-07, 2.90187927021e-07, 1.27674610439e-07, 9.32829777867e-08, 7.51326751924e-08, 4.97815904055e-08, 3.99551289831e-08, 3.27965850033e-08, 2.12789803555e-08, 1.43613192449e-08, 1.19980470004e-08, 6.53268816819e-09, 3.82932441312e-09],
        "min": [9.97088925586e-25, 1.07593044547e-24, 1.14490518897e-24, 1.03694622143e-24, 2.02031656005e-24, 2.19458816136e-24, 1.39018827403e-24, 1.66486056932e-24, 2.15990391951e-24, 7.78475551404e-25, 1.20029653654e-24, 1.77083279067e-24, 2.312063158e-24, 2.16947004128e-24, 2.9668652382e-24, 2.01880135547e-24, 2.35548502045e-24, 3.9576465306e-24, 2.91580325788e-24, 2.87590642038e-24, 4.33593807238e-24, 3.29157616401e-24, 3.64312965984e-24, 3.32235238893e-24, 4.42064595638e-24, 4.86088398403e-24, 3.85021353607e-24, 3.26606558562e-24, 3.88070379891e-24, 4.98191260183e-24, 3.78647120834e-24, 3.31199740626e-24, 5.03166014267e-24, 5.59612995783e-24, 5.30034774471e-24, 5.13807195676e-24, 6.084191889e-24, 4.21945881542e-24, 6.0947129269e-24, 6.71652346354e-24],
        "var": [3.43180062146e-07, 4.84377369503e-06, 4.07647848988e-06, 7.5028020774e-07, 2.96532221e-06, 3.2153752727e-06, 3.07482173412e-06, 6.19078321051e-07, 1.0906658332e-07, 2.1333098843e-08, 1.16690452856e-08, 1.75631438282e-08, 5.25270626994e-09, 3.85661680369e-09, 1.23632926119e-09, 6.19264695079e-10, 8.95600926754e-10, 1.43736023084e-09, 8.91677010006e-10, 5.54768120331e-10, 6.60484777981e-10, 2.76612205363e-10, 8.76385630733e-11, 8.49910211653e-11, 2.01406235439e-11, 1.74588832974e-11, 7.50479539624e-12, 3.52595643655e-12, 6.99021895055e-13, 1.57637181845e-13, 7.26091075828e-14, 5.13198526373e-14, 2.9772513529e-14, 1.48505373851e-14, 6.57220614126e-15, 2.8824683661e-15, 1.71748984951e-15, 1.4726169655e-15, 6.0854420351e-16, 2.39816706117e-16]
    },
    "mfcc": {
        "mean": [-733.831176758, 166.62322998, -29.2128639221, 16.9690761566, -8.00669956207, -14.5645904541, -17.3873786926, -9.67787742615, -12.9959516525, -4.24014091492, -9.3191986084, -5.80286073685, -3.53949713707],
        "cov": [[7831.17675781, 981.866882324, -649.252624512, 410.174713135, -131.96937561, -15.7125396729, -148.18510437, -24.1710720062, -92.9939575195, 27.4665336609, -127.214736938, -24.6635093689, 4.241938591], [981.866882324, 1465.33935547, 367.379760742, 309.710754395, 328.769073486, 208.10144043, 142.028442383, 92.2170028687, 110.648384094, 43.7548332214, -4.94402980804, -33.5883331299, -51.9058265686], [-649.252624512, 367.379760742, 497.18069458, 158.335083008, 253.975524902, 181.017211914, 149.175048828, 109.102378845, 126.948364258, 64.9347610474, 58.1985359192, 23.1607227325, 2.47011256218], [410.174713135, 309.710754395, 158.335083008, 222.99949646, 162.712112427, 120.705345154, 85.9831771851, 65.0717086792, 65.7963638306, 40.3429260254, 10.959602356, 4.84782123566, -4.81715011597], [-131.96937561, 328.769073486, 253.975524902, 162.712112427, 270.991729736, 170.049453735, 121.211502075, 83.7479171753, 95.5624771118, 45.9288482666, 35.1569900513, 11.4207258224, -4.87579631805], [-15.7125396729, 208.10144043, 181.017211914, 120.705345154, 170.049453735, 179.059509277, 117.787742615, 74.2418518066, 75.2334136963, 43.990940094, 31.4578418732, 16.1831245422, 1.46616053581], [-148.18510437, 142.028442383, 149.175048828, 85.9831771851, 121.211502075, 117.787742615, 136.342453003, 78.7380447388, 67.3056488037, 37.0130081177, 30.2393341064, 19.1549777985, 4.20297765732], [-24.1710720062, 92.2170028687, 109.102378845, 65.0717086792, 83.7479171753, 74.2418518066, 78.7380447388, 103.11227417, 70.7589874268, 36.8024330139, 27.7077846527, 18.8658447266, 13.3384857178], [-92.9939575195, 110.648384094, 126.948364258, 65.7963638306, 95.5624771118, 75.2334136963, 67.3056488037, 70.7589874268, 109.813331604, 57.4127616882, 33.6220397949, 22.3968296051, 11.6689224243], [27.4665336609, 43.7548332214, 64.9347610474, 40.3429260254, 45.9288482666, 43.990940094, 37.0130081177, 36.8024330139, 57.4127616882, 80.6097335815, 46.0492324829, 26.6994876862, 18.6075687408], [-127.214736938, -4.94402980804, 58.1985359192, 10.959602356, 35.1569900513, 31.4578418732, 30.2393341064, 27.7077846527, 33.6220397949, 46.0492324829, 85.1027374268, 48.7353858948, 25.1140766144], [-24.6635093689, -33.5883331299, 23.1607227325, 4.84782123566, 11.4207258224, 16.1831245422, 19.1549777985, 18.8658447266, 22.3968296051, 26.6994876862, 48.7353858948, 81.9730758667, 50.0246620178], [4.241938591, -51.9058265686, 2.47011256218, -4.81715011597, -4.87579631805, 1.46616053581, 4.20297765732, 13.3384857178, 11.6689224243, 18.6075687408, 25.1140766144, 50.0246620178, 83.9922332764]],
