{
"lowlevel": {
    "average_loudness": 0.728856682777,
    "barkbands_crest": {
        "dmean": 1.79084122181,
        "dmean2": 2.71476626396,
        "dvar": 2.31399345398,
        "dvar2": 5.65109586716,
        "max": 25.6871299744,
        "mean": 11.6539707184,
        "median": 11.0977115631,
        "min": 4.75211620331,
        "var": 10.9938097
    },
    "barkbands_flatness_db": {
        "dmean": 0.01859081164,
        "dmean2": 0.0305154006928,
        "dvar": 0.000230981939239,
        "dvar2": 0.000670212495606,
        "max": 0.732218980789,
        "mean": 0.467291921377,
        "median": 0.465412914753,
        "min": 0.0602815374732,
        "var": 0.00558361923322
    },
    "barkbands_kurtosis": {
        "dmean": 1.76752197742,
        "dmean2": 2.62080645561,
        "dvar": 6.33071517944,
        "dvar2": 13.8265829086,
        "max": 126.035140991,
        "mean": 3.87845849991,
        "median": 2.58058929443,
        "min": -1.6450740099,
        "var": 31.6374435425
    },
    "barkbands_skewness": {
        "dmean": 0.362156301737,
        "dmean2": 0.530519545078,
        "dvar": 0.10268573463,
        "dvar2": 0.238762483001,
        "max": 6.87367582321,
        "mean": 0.813944160938,
        "median": 0.756364941597,
        "min": -2.29544687271,
        "var": 0.627198934555
    },
    "barkbands_spread": {
        "dmean": 0.444879949093,
        "dmean2": 0.658017218113,
        "dvar": 0.275460869074,
        "dvar2": 0.640598833561,
        "max": 38.00207901,
        "mean": 2.29867148399,
        "median": 2.07300043106,
        "min": 0.176119089127,
        "var": 3.28287434578
    },
    "dissonance": {
        "dmean": 0.0538997463882,
        "dmean2": 0.0893337875605,
        "dvar": 0.0021098300349,
        "dvar2": 0.00566178141162,
        "max": 0.500000059605,
        "mean": 0.28884986043,
        "median": 0.288732945919,
        "min": 0.0466706939042,
        "var": 0.00537984631956
    },
    "dynamic_complexity": 2.52616906166,
    "erbbands_crest": {
        "dmean": 2.34017157555,
        "dmean2": 3.50194954872,
        "dvar": 3.9073445797,
        "dvar2": 9.22451400757,
        "max": 32.5221214294,
        "mean": 13.2124185562,
        "median": 12.5986919403,
        "min": 2.57066893578,
        "var": 16.3689727783
    },
    "erbbands_flatness_db": {
        "dmean": 0.013429062441,
        "dmean2": 0.0201101955026,
        "dvar": 0.00011782371439,
        "dvar2": 0.000285506743239,
        "max": 0.565151333809,
        "mean": 0.407419681549,
        "median": 0.406291991472,
        "min": 0.0296277292073,
        "var": 0.00298804952763
    },
    "erbbands_kurtosis": {
        "dmean": 1.82336521149,
        "dmean2": 2.69600009918,
        "dvar": 5.74558067322,
        "dvar2": 12.6967964172,
        "max": 56.4393005371,
        "mean": 3.11890721321,
        "median": 1.93420219421,
        "min": -1.72365760803,
        "var": 18.6687793732
    },
    "erbbands_skewness": {
        "dmean": 0.347897976637,
        "dmean2": 0.507907211781,
        "dvar": 0.0877362713218,
        "dvar2": 0.197803094983,
        "max": 6.27624750137,
        "mean": 1.03403460979,
        "median": 0.987826406956,
        "min": -1.78563058376,
        "var": 0.466995388269
    },
    "erbbands_spread": {
        "dmean": 1.52710998058,
        "dmean2": 2.21006155014,
        "dvar": 2.60006380081,
        "dvar2": 5.59887218475,
        "max": 101.640190125,
        "mean": 6.79422998428,
        "median": 6.14955806732,
        "min": 0.701310813427,
        "var": 17.3901195526
    },
    "hfc": {
        "dmean": 1.64213609695,
        "dmean2": 2.27510714531,
        "dvar": 2.64008545876,
        "dvar2": 5.3043847084,
        "max": 39.5631561279,
        "mean": 8.74903488159,
        "median": 7.53037977219,
        "min": 1.10576677105e-16,
        "var": 30.2610588074
    },
    "melbands_crest": {
        "dmean": 2.08745145798,
        "dmean2": 3.21472764015,
        "dvar": 3.28575253487,
        "dvar2": 8.43361854553,
        "max": 30.3070983887,
        "mean": 14.863694191,
        "median": 14.2740497589,
        "min": 1.18029510975,
        "var": 17.6882572174
    },
    "melbands_flatness_db": {
        "dmean": 0.0170958414674,
        "dmean2": 0.0270968489349,
        "dvar": 0.000217937951675,
        "dvar2": 0.000620385282673,
        "max": 0.918501973152,
        "mean": 0.587193846703,
        "median": 0.586280524731,
        "min": 0.000413659756305,
        "var": 0.00864120107144
    },
    "melbands_kurtosis": {
        "dmean": 2.12596082687,
        "dmean2": 3.13684916496,
        "dvar": 7.39365243912,
        "dvar2": 16.300699234,
        "max": 175.693222046,
        "mean": 4.95094394684,
        "median": 3.67959213257,
        "min": -1.5655349493,
        "var": 33.4284706116
    },
    "melbands_skewness": {
        "dmean": 0.378754287958,
        "dmean2": 0.547233521938,
        "dvar": 0.105291031301,
        "dvar2": 0.235582157969,
        "max": 8.84930419922,
        "mean": 1.26328873634,
        "median": 1.19903683662,
        "min": -1.94077050686,
        "var": 0.618233799934
    },
    "melbands_spread": {
        "dmean": 0.596845567226,
        "dmean2": 0.88706433773,
        "dvar": 3.42286038399,
        "dvar2": 7.48848152161,
        "max": 165.837188721,
        "mean": 3.32479023933,
        "median": 2.68981838226,
        "min": 0.335651218891,
        "var": 57.8705253601
    },
    "pitch_salience": {
        "dmean": 0.0545338056982,
        "dmean2": 0.0830566138029,
        "dvar": 0.00219430890866,
        "dvar2": 0.00544675486162,
        "max": 0.984826624393,
        "mean": 0.574031829834,
        "median": 0.582453012466,
        "min": 0.186056777835,
        "var": 0.0103138945997
    },
    "silence_rate_20dB": {
        "dmean": 0,
        "dmean2": 0,
        "dvar": 0,
        "dvar2": 0,
        "max": 1,
        "mean": 1,
        "median": 1,
        "min": 1,
        "var": 0
    },
    "silence_rate_30dB": {
        "dmean": 0.00761421304196,
        "dmean2": 0.0152295632288,
        "dvar": 0.00755693856627,
        "dvar2": 0.0193258672953,
        "max": 1,
        "mean": 0.982234835625,
        "median": 1,
        "min": 0,
        "var": 0.0174502488226
    },
    "silence_rate_60dB": {
        "dmean": 0.00104508805089,
        "dmean2": 0.00209033209831,
        "dvar": 0.00104393973015,
        "dvar2": 0.00253350613639,
        "max": 1,
        "mean": 0.0248563103378,
        "median": 0,
        "min": 0,
        "var": 0.0242311991751
    },
    "spectral_centroid": {
        "dmean": 20.129404068,
        "dmean2": 30.2839488983,
        "dvar": 10010.6679688,
        "dvar2": 17651.2519531,
        "max": 11500.0195312,
        "mean": 313.940979004,
        "median": 273.586212158,
        "min": 132.709121704,
        "var": 350254.09375
    },
    "spectral_complexity": {
        "dmean": 0.952672421932,
        "dmean2": 1.62568128109,
        "dvar": 0.74960398674,
        "dvar2": 1.86202299595,
        "max": 13,
        "mean": 7.39762639999,
        "median": 7,
        "min": 0,
        "var": 3.82518744469
    },
    "spectral_decrease": {
        "dmean": 1.75713033013e-09,
        "dmean2": 2.5729445241e-09,
        "dvar": 2.93236416369e-18,
        "dvar2": 7.05797482489e-18,
        "max": 1.61941169372e-28,
        "mean": -9.61428447965e-09,
        "median": -8.13161271651e-09,
        "min": -4.48909425188e-08,
        "var": 3.80419404184e-17
    },
    "spectral_energy": {
        "dmean": 0.00677260011435,
        "dmean2": 0.00990805774927,
        "dvar": 4.33810346294e-05,
        "dvar2": 0.000104122082121,
        "max": 0.172720074654,
        "mean": 0.0370802395046,
        "median": 0.0314227119088,
        "min": 1.01243691958e-20,
        "var": 0.000561773951631
    },
    "spectral_energyband_high": {
        "dmean": 1.74904741357e-07,
        "dmean2": 2.95855272725e-07,
        "dvar": 2.2063980417e-13,
        "dvar2": 6.31487158571e-13,
        "max": 1.85503431567e-05,
        "mean": 8.28362317407e-07,
        "median": 2.39932290924e-07,
        "min": 7.21478481717e-21,
        "var": 2.79355314922e-12
    },
    "spectral_energyband_low": {
        "dmean": 0.00300885923207,
        "dmean2": 0.00439502811059,
        "dvar": 1.93229861907e-05,
        "dvar2": 4.83372314193e-05,
        "max": 0.130127072334,
        "mean": 0.0122826835141,
        "median": 0.00672270590439,
        "min": 1.92871647721e-23,
        "var": 0.000250868266448
    },
    "spectral_energyband_middle_high": {
        "dmean": 0.00019498092297,
        "dmean2": 0.000289095332846,
        "dvar": 1.03855349209e-07,
        "dvar2": 2.07579162748e-07,
        "max": 0.0151641834527,
        "mean": 0.000381657737307,
        "median": 0.000220288449782,
        "min": 1.30919860701e-21,
        "var": 2.60660726781e-07
    },
    "spectral_energyband_middle_low": {
        "dmean": 0.00582331977785,
        "dmean2": 0.00844771694392,
        "dvar": 3.26554145431e-05,
        "dvar2": 7.94526422396e-05,
        "max": 0.115524530411,
        "mean": 0.0265971571207,
        "median": 0.0235030911863,
        "min": 1.87968968702e-22,
        "var": 0.000264841801254
    },
    "spectral_entropy": {
        "dmean": 0.10408744961,
        "dmean2": 0.15503975749,
        "dvar": 0.0076565220952,
        "dvar2": 0.0190241392702,
        "max": 9.8201007843,
        "mean": 4.95704746246,
        "median": 4.94823932648,
        "min": 3.61571717262,
        "var": 0.218803748488
    },
    "spectral_flux": {
        "dmean": 0.0142383771017,
        "dmean2": 0.0243638940156,
        "dvar": 0.000158718088642,
        "dvar2": 0.000469204678666,
        "max": 0.202061742544,
        "mean": 0.053900949657,
        "median": 0.0513312667608,
        "min": 6.19843343319e-11,
        "var": 0.000488451798446
    },
    "spectral_kurtosis": {
        "dmean": 48.2935142517,
        "dmean2": 83.2258682251,
        "dvar": 3775.70507812,
        "dvar2": 11149.0537109,
        "max": 1264.67004395,
        "mean": 175.6875,
        "median": 144.628707886,
        "min": -1.24933755398,
        "var": 17527.4980469
    },
    "spectral_rms": {
        "dmean": 0.000553485588171,
        "dmean2": 0.00081058946671,
        "dvar": 2.2882395001e-07,
        "dvar2": 5.8177460005e-07,
        "max": 0.0129810394719,
        "mean": 0.00570125877857,
        "median": 0.00553681375459,
        "min": 3.14283842007e-12,
        "var": 3.67135771739e-06
    },
    "spectral_rolloff": {
        "dmean": 32.7839050293,
        "dmean2": 57.3024482727,
        "dvar": 53535.34375,
        "dvar2": 106108.359375,
        "max": 19422.9492188,
        "mean": 392.988342285,
        "median": 322.998046875,
        "min": 86.1328125,
        "var": 1101154.5
    },
    "spectral_skewness": {
        "dmean": 1.54479420185,
        "dmean2": 2.67625904083,
        "dvar": 1.97496211529,
        "dvar2": 5.65012311935,
        "max": 29.0005931854,
        "mean": 10.0867967606,
        "median": 9.65842819214,
        "min": -0.0805329978466,
        "var": 17.3337574005
    },
    "spectral_spread": {
        "dmean": 290130.96875,
        "dmean2": 512713.625,
        "dvar": 207454732288,
        "dvar2": 479744557056,
        "max": 42385228,
        "mean": 993222.0625,
        "median": 792891.9375,
        "min": 88871.0625,
        "var": 4.9980899328e+12
    },
    "spectral_strongpeak": {
        "dmean": 0.299136668444,
        "dmean2": 0.479888558388,
        "dvar": 0.133414104581,
        "dvar2": 0.300814568996,
        "max": 4.88726758957,
        "mean": 0.93287473917,
        "median": 0.767886340618,
        "min": 0,
        "var": 0.460701823235
    },
    "zerocrossingrate": {
        "dmean": 0.00122682668734,
        "dmean2": 0.00163996161427,
        "dvar": 1.22633800856e-05,
        "dvar2": 1.2404417248e-05,
        "max": 0.5205078125,
        "mean": 0.013954740949,
        "median": 0.01171875,
        "min": 0.00390625,
        "var": 0.000793728453573
    },
    "barkbands": {
        "dmean": [2.64138179773e-06, 0.00108541373629, 0.00183136377018, 0.0022076012101, 0.00327415787615, 0.00180876755621, 0.000890992640052, 0.000370348803699, 9.85541119007e-05, 0.000236721054534, 4.85207528982e-05, 2.61117602349e-05, 8.54345307744e-06, 1.1192671991e-05, 1.2702754475e-06, 6.55259327687e-07, 1.91224700075e-07, 4.22598191108e-07, 2.17499135147e-07, 1.09808205195e-07, 1.33320739337e-07, 5.71541249883e-08, 2.13202184796e-08, 3.5869252013e-09, 1.99778438237e-09, 1.41464395753e-09, 1.44483280895e-09],
        "dmean2": [4.55377448816e-06, 0.00137064582668, 0.00259788054973, 0.00358558655716, 0.00447316002101, 0.00210189260542, 0.00106311868876, 0.000523737689946, 0.00013690853666, 0.000342241837643, 7.55057044444e-05, 4.09758176829e-05, 1.39658741318e-05, 1.84189339052e-05, 2.1681578346e-06, 1.13437442906e-06, 3.24698135046e-07, 7.29258999854e-07, 3.73607889514e-07, 1.92843288005e-07, 2.26848143825e-07, 9.82093197877e-08, 3.59207739109e-08, 6.18729467661e-09, 3.54811380276e-09, 2.57872434517e-09, 2.64890087642e-09],
        "dvar": [1.25958158834e-11, 3.14790281664e-06, 8.42147619551e-06, 9.99473286356e-06, 1.31380566017e-05, 5.61466868021e-06, 2.78342849924e-06, 7.77127354468e-07, 3.92559300622e-08, 1.94882048277e-07, 2.34922783449e-08, 5.13454212481e-09, 1.02401265245e-09, 2.35199504317e-09, 2.51596885686e-11, 6.8506979603e-12, 2.40311405757e-13, 3.4513366557e-12, 1.07127653103e-12, 6.20833273028e-14, 1.72885292779e-13, 2.83107057627e-14, 7.56897630238e-15, 6.19244611914e-17, 1.12311820789e-17, 4.46114510295e-18, 4.93615232893e-18],
        "dvar2": [3.45822641357e-11, 4.84117163069e-06, 1.92877250811e-05, 3.1519732147e-05, 3.21486222674e-05, 8.84574728843e-06, 4.83951680508e-06, 1.64718596807e-06, 7.1886958608e-08, 3.62126996833e-07, 5.44010809733e-08, 1.18860796761e-08, 2.59666865787e-09, 6.30961149994e-09, 6.89157481082e-11, 1.93849207519e-11, 6.62052118856e-13, 1.02230966748e-11, 2.91954524792e-12, 1.88445965646e-13, 5.05358341979e-13, 8.40566155634e-14, 2.0926824794e-14, 1.70706043871e-16, 3.35652422519e-17, 1.42523732395e-17, 1.58521322724e-17],
        "max": [6.10384013271e-05, 0.0509371086955, 0.0787601098418, 0.0504302866757, 0.0796023905277, 0.0780088752508, 0.0535995028913, 0.0460512898862, 0.00374770117924, 0.0239044874907, 0.00351394643076, 0.00222104392014, 0.000769670703448, 0.00125481316354, 0.000131825421704, 7.91212150943e-05, 1.75871336978e-05, 7.40483810659e-05, 5.99344966759e-05, 6.56343127048e-06, 1.51313815877e-05, 5.41509507457e-06, 4.50253673989e-06, 3.38450803383e-07, 1.36778780302e-07, 3.3674737665e-08, 2.96836066838e-08],
        "mean": [4.20678406954e-06, 0.00413325522095, 0.00611523492262, 0.00499628856778, 0.0117860622704, 0.00611837115139, 0.00250289938413, 0.00071900873445, 0.000178601476364, 0.000386871601222, 7.06897408236e-05, 3.73468428734e-05, 1.14030190161e-05, 1.42178823808e-05, 1.76825574272e-06, 1.04155628833e-06, 3.88838827803e-07, 9.76290607468e-07, 5.47964134512e-07, 3.02124874452e-07, 4.13748182382e-07, 1.8075081698e-07, 6.58427197209e-08, 1.28237926944e-08, 5.46764367115e-09, 2.09494377401e-09, 1.36053279753e-09],
        "median": [1.93361643142e-06, 0.00128551968373, 0.00293215317652, 0.00345887825824, 0.00917899236083, 0.00356912659481, 0.000898578553461, 0.000322580628563, 6.040824519e-05, 0.000184584365343, 4.80282187709e-06, 4.57215992355e-06, 4.06859015811e-07, 4.9114197509e-07, 2.36647736074e-07, 1.89543897022e-07, 1.0290906971e-07, 1.41324647984e-07, 1.07593940868e-07, 9.00221195366e-08, 8.28116242246e-08, 4.16754772914e-08, 1.3198561355e-08, 4.02587341242e-09, 1.79151116164e-09, 9.7840957558e-10, 5.78753767133e-10],
        "min": [4.95781428169e-25, 1.2289153255e-24, 3.82074006562e-25, 6.62926657273e-25, 8.89075112493e-24, 9.70594262945e-24, 5.12147984534e-24, 8.68195226509e-24, 1.62192326468e-23, 2.23894943882e-23, 2.32950215104e-23, 2.65854013669e-23, 2.60407954637e-23, 4.58634547955e-23, 5.46136671947e-23, 6.61035651187e-23, 5.9578991235e-23, 1.01199008605e-22, 1.63188348558e-22, 1.75811763872e-22, 2.60460464374e-22, 3.75064056227e-22, 4.34001785587e-22, 6.46709482765e-22, 9.21829380895e-22, 1.20066326141e-21, 2.06312274339e-21],
        "var": [3.80903607267e-11, 4.42778255092e-05, 7.69746548031e-05, 2.48335836659e-05, 9.40333266044e-05, 4.94684827572e-05, 1.67090165633e-05, 2.51501910498e-06, 1.17216508499e-07, 4.45226817192e-07, 4.33726121685e-08, 9.10502073737e-09, 1.54487311832e-09, 3.27618154827e-09, 3.29017230127e-11, 9.87053494494e-12, 6.94764829435e-13, 1.11566814814e-11, 4.38573656558e-12, 2.91980225805e-13, 9.65376866988e-13, 1.51498252962e-13, 3.948474238e-14, 7.24763264862e-16, 1.11272878631e-16, 8.76674220043e-18, 4.45934019485e-18]
    },
    "erbbands": {
        "dmean": [0.00960666593164, 0.309866845608, 1.64903950691, 4.62688922882, 10.3889665604, 10.6373310089, 15.0640745163, 15.0464048386, 16.1281032562, 11.7856731415, 4.48358440399, 2.87991786003, 8.20984649658, 2.59842991829, 1.92226564884, 1.30497682095, 0.511641204357, 0.611504971981, 0.102072320879, 0.0667526572943, 0.0256155151874, 0.00916453357786, 0.0201523341238, 0.0173305701464, 0.00700999330729, 0.00485728587955, 0.00634357286617, 0.00358872208744, 0.00273369788192, 0.00108012091368, 0.000346102868207, 0.000109805783723, 4.78332258353e-05, 2.60585129581e-05, 1.34523479574e-05, 7.03620389686e-06, 3.3605022054e-06, 9.48154252001e-07, 3.07681807499e-06, 7.42053634895e-06],
        "dmean2": [0.0118431840092, 0.392115980387, 2.27902746201, 7.59212684631, 15.6785411835, 14.2517986298, 17.7963733673, 19.0439834595, 17.627155304, 16.763010025, 5.86977148056, 3.92018294334, 11.8680524826, 3.78458786011, 2.98890733719, 2.03689694405, 0.82374471426, 1.0036162138, 0.172213569283, 0.114353336394, 0.0440360940993, 0.0155240800232, 0.03428472206, 0.0294667091221, 0.0118315638974, 0.0084172822535, 0.0108460700139, 0.00614866567776, 0.00468075741082, 0.00183692749124, 0.000584801251534, 0.000187201789231, 8.25841634651e-05, 4.54341752629e-05, 2.33522569033e-05, 1.20006334328e-05, 5.60682019568e-06, 1.68756537278e-06, 4.4711132432e-06, 1.08418425953e-05],
        "dvar": [0.00025953334989, 0.249092057347, 6.72801542282, 49.3575897217, 179.873596191, 175.28704834, 424.164306641, 522.503845215, 642.000427246, 1104.73779297, 61.3419303894, 31.3908100128, 270.720153809, 31.8943099976, 31.2583560944, 13.2305698395, 2.96844649315, 6.61950683594, 0.149033114314, 0.114743933082, 0.00612423149869, 0.000736679532565, 0.00830874871463, 0.00476683862507, 0.000691332446877, 0.000138802322908, 0.000421561737312, 0.000188982230611, 6.42960440018e-05, 2.02120627364e-05, 1.15533532608e-06, 7.7115650754e-08, 8.570308907e-09, 2.20044582555e-09, 4.09384415256e-10, 8.45573264185e-11, 1.67147962138e-11, 1.90127839687e-12, 8.84008925089e-12, 5.18383183601e-11],
        "dvar2": [0.000384555110941, 0.384947657585, 14.2607374191, 160.539657593, 506.001403809, 382.865447998, 617.815246582, 958.240905762, 842.146240234, 2089.63842773, 101.835441589, 56.9517059326, 501.378112793, 64.5371246338, 71.8010101318, 30.5110645294, 7.53100442886, 17.6521224976, 0.406958371401, 0.328475356102, 0.0169094000012, 0.00203259289265, 0.0243187900633, 0.0133866565302, 0.00186654028948, 0.000415801041527, 0.0012270740699, 0.000552855257411, 0.000191277053091, 5.72885619476e-05, 3.04499189951e-06, 2.19216801156e-07, 2.34691679424e-08, 6.51614895375e-09, 1.21902776762e-09, 2.55067300614e-10, 5.00988937835e-11, 6.03546119332e-12, 2.09860323563e-11, 1.23999630008e-10],
        "max": [0.483231842518, 15.672170639, 90.0017547607, 125.781974792, 254.501022339, 349.354888916, 549.840759277, 739.957458496, 745.653137207, 1087.81481934, 376.787597656, 109.56186676, 903.564941406, 152.13470459, 119.345687866, 114.28289032, 41.1250762939, 71.9242782593, 13.0877132416, 9.59364509583, 2.42768788338, 1.13657712936, 3.37744927406, 3.11047148705, 1.48601210117, 0.311532497406, 0.828586161137, 0.605655550957, 0.257046669722, 0.22309422493, 0.0432686656713, 0.00998643133789, 0.00428652530536, 0.00186305854004, 0.000903858512174, 0.000291176576866, 8.82016829564e-05, 2.18857385335e-05, 7.84917720011e-05, 0.000188935664482],
        "mean": [0.0418039485812, 1.24606406689, 6.80736064911, 11.7462539673, 31.7389011383, 34.0404243469, 49.4632911682, 45.3413581848, 48.0363464355, 25.7794570923, 9.72573947906, 5.71937513351, 13.4224252701, 4.442466259, 2.97557210922, 1.9191608429, 0.741746008396, 0.808503746986, 0.146805047989, 0.0988150313497, 0.0485419370234, 0.022038705647, 0.046467654407, 0.04452881217, 0.0206041503698, 0.0145323919132, 0.019468832761, 0.0116007290781, 0.00809939298779, 0.00366207258776, 0.00132258015219, 0.000436453352449, 0.00018962615286, 9.79861506494e-05, 4.8343634262e-05, 2.64605841949e-05, 1.35193095048e-05, 2.1784958335e-06, 1.6997453713e-05, 4.0673861804e-05],
        "median": [0.0119689377025, 0.396009773016, 2.75162649155, 8.98763656616, 20.1658096313, 24.8374958038, 28.5685710907, 23.0162754059, 19.331199646, 7.71597146988, 4.92179107666, 2.48989200592, 6.03306770325, 1.88492000103, 0.455741286278, 0.330387383699, 0.0875548869371, 0.0626288950443, 0.0201129391789, 0.0155154997483, 0.0113840559497, 0.00661616679281, 0.00777784315869, 0.0079098874703, 0.00518759340048, 0.00430960254744, 0.00408391887322, 0.00249802018516, 0.00171527708881, 0.000756138935685, 0.000319716345984, 0.000137151379022, 7.43303171475e-05, 4.54428663943e-05, 3.09744063998e-05, 2.05011365324e-05, 1.12425877887e-05, 1.61113132435e-06, 1.44294854181e-05, 3.45371227013e-05],
        "min": [8.05309159966e-23, 1.03591386441e-21, 2.4399297657e-21, 6.69616276794e-21, 1.37629525335e-20, 2.62009782144e-20, 5.41305344956e-20, 9.42162659731e-20, 9.85984685256e-20, 2.1895142527e-19, 2.42660489577e-19, 4.59811504545e-19, 5.53021783184e-19, 7.43458612528e-19, 1.08526789131e-18, 1.44987742139e-18, 1.51757719145e-18, 2.02760124751e-18, 3.09694208632e-18, 3.05655830163e-18, 4.38115797848e-18, 4.00560722704e-18, 6.05564119917e-18, 5.84821904313e-18, 9.97589827624e-18, 1.01436356152e-17, 8.82368448661e-18, 9.43507849277e-18, 1.13066060615e-17, 1.16600156695e-17, 1.16573877167e-17, 1.18010483096e-17, 1.03055992335e-17, 9.84705000659e-18, 6.53168240092e-18, 3.85790916558e-18, 2.44546973192e-18, 1.09029146256e-18, 2.70648559193e-19, 2.96605900405e-20],
        "var": [0.00421442883089, 4.20072412491, 120.971153259, 108.454483032, 1079.79199219, 1010.5880127, 3446.40429688, 3687.54614258, 4844.03955078, 4886.63867188, 237.153488159, 97.5400085449, 614.421508789, 74.5708618164, 60.0187606812, 23.3047885895, 4.54484462738, 9.62588024139, 0.201309263706, 0.148740693927, 0.0130379572511, 0.00220868596807, 0.0239444244653, 0.0173019915819, 0.00330424215645, 0.000666001171339, 0.00223652808927, 0.00106083683204, 0.000316146761179, 0.000106655876152, 9.29411726247e-06, 8.11136374068e-07, 1.18523644232e-07, 2.37728219332e-08, 3.62070262661e-09, 5.02905272981e-10, 8.40112493461e-11, 3.65068782496e-12, 1.16447587684e-10, 6.7088556932e-10]
    },
    "gfcc": {
        "mean": [-222.367980957, 249.331863403, -31.8124389648, -9.81848526001, -58.3842926025, -32.2127799988, -10.2703523636, -24.0591506958, -17.0037956238, -19.845331192, -8.09206581116, -11.5750656128, -0.860704660416],
        "cov": [[8939.66308594, 728.055297852, -2211.7878418, -72.1431427002, -309.891693115, -129.13369751, 119.113983154, -411.777709961, -105.838569641, 95.2340698242, 152.776763916, 13.983376503, -65.1204147339], [728.055297852, 656.880065918, 302.100219727, -230.277786255, 102.103401184, -26.9631404877, 76.805015564, 44.401550293, -34.307636261, -34.8578186035, 3.79781150818, -21.4718837738, 40.391002655], [-2211.7878418, 302.100219727, 1764.7487793, 80.3353805542, 26.1902503967, 88.9744644165, 27.5871696472, 275.981445312, 104.013694763, -167.47102356, -106.806617737, -12.6096258163, 90.5059051514], [-72.1431427002, -230.277786255, 80.3353805542, 431.773742676, 49.030620575, -12.9471521378, 18.4625701904, 76.0063858032, 81.7882614136, -5.16437149048, -35.950553894, 21.1569900513, 20.7224807739], [-309.891693115, 102.103401184, 26.1902503967, 49.030620575, 431.605316162, 17.1138114929, -11.274887085, 86.9164962769, 9.08370018005, 45.1385612488, -3.57367897034, -30.2636375427, 16.5490455627], [-129.13369751, -26.9631404877, 88.9744644165, -12.9471521378, 17.1138114929, 223.228271484, 37.1302337646, -11.1754951477, 57.9488945007, 19.9855442047, 21.8796653748, 14.5384187698, -12.679725647], [119.113983154, 76.805015564, 27.5871696472, 18.4625701904, -11.274887085, 37.1302337646, 162.278213501, 38.301864624, -20.9894332886, -2.6889770031, 11.301361084, 40.8380775452, 28.3735160828], [-411.777709961, 44.401550293, 275.981445312, 76.0063858032, 86.9164962769, -11.1754951477, 38.301864624, 180.876434326, 52.470500946, -49.4967002869, -36.0929069519, -0.111941099167, 39.4816513062], [-105.838569641, -34.307636261, 104.013694763, 81.7882614136, 9.08370018005, 57.9488945007, -20.9894332886, 52.470500946, 128.821990967, 23.890455246, -21.2008647919, -10.3101186752, -1.40924680233], [95.2340698242, -34.8578186035, -167.47102356, -5.16437149048, 45.1385612488, 19.9855442047, -2.6889770031, -49.4967002869, 23.890455246, 122.299835205, 57.4436264038, -2.03966760635, -20.6242923737], [152.776763916, 3.79781150818, -106.806617737, -35.950553894, -3.57367897034, 21.8796653748, 11.301361084, -36.0929069519, -21.2008647919, 57.4436264038, 89.5215606689, 33.2867279053, -16.0923995972], [13.983376503, -21.4718837738, -12.6096258163, 21.1569900513, -30.2636375427, 14.5384187698, 40.8380775452, -0.111941099167, -10.3101186752, -2.03966760635, 33.2867279053, 77.3903427124, 23.4641551971], [-65.1204147339, 40.391002655, 90.5059051514, 20.7224807739, 16.5490455627, -12.679725647, 28.3735160828, 39.4816513062, -1.40924680233, -20.6242923737, -16.0923995972, 23.4641551971, 65.3977203369]],
        "icov": [[0.000434665824287, -0.00133454229217, 0.000836384657305, -0.00094602239551, 0.000684776925482, -0.000447996426374, 0.000399993325118, 5.43178248336e-05, 2.62875182671e-05, 0.0003600421187, -0.000306700443616, 0.000269961747108, -0.000125366117572], [-0.00133454229217, 0.00774790626019, -0.00333647942171, 0.0053717023693, -0.00412953924388, 0.00405032979324, -0.00517378374934, 0.00298281712458, -0.00424123741686, 0.00291230739094, -0.00310562318191, 0.00207146722823, -0.0016049714759], [0.000836384657305, -0.00333647942171, 0.00265136663802, -0.00232086027972, 0.0019626414869, -0.00203262642026, 0.00193324510474, -0.00179110653698, 0.000927296758164, 0.000462566211354, 0.000257210718701, 0.000314893375617, -0.000572400167584], [-0.00094602239551, 0.0053717023693, -0.00232086027972, 0.00678096199408, -0.0033606805373, 0.00373852811754, -0.00414669746533, 0.00196994654834, -0.00526474276558, 0.00204002973624, -0.000835775805172, -0.000534016522579, -0.000495521002449], [0.000684776925482, -0.00412953924388, 0.0019626414869, -0.0033606805373, 0.0060149691999, -0.00406560860574, 0.00478145247325, -0.00589317083359, 0.00628912542015, -0.00597959663719, 0.00373688433319, -0.000393228663597, 6.44227475277e-05], [-0.000447996426374, 0.00405032979324, -0.00203262642026, 0.00373852811754, -0.00406560860574, 0.0103690316901, -0.00732311466709, 0.00727606657892, -0.0107719767839, 0.00677152909338, -0.00670642824844, 0.00178047490772, 0.000118812582514], [0.000399993325118, -0.00517378374934, 0.00193324510474, -0.00414669746533, 0.00478145247325, -0.00732311466709, 0.0152698792517, -0.0096154846251, 0.011936981231, -0.00961779430509, 0.00815546605736, -0.00724170403555, 0.000611591909546], [5.43178248336e-05, 0.00298281712458, -0.00179110653698, 0.00196994654834, -0.00589317083359, 0.00727606657892, -0.0096154846251, 0.0194884724915, -0.0152156669647, 0.0140912765637, -0.010165325366, 0.00566365057603, -0.00504272338003], [2.62875182671e-05, -0.00424123741686, 0.000927296758164, -0.00526474276558, 0.00628912542015, -0.0107719767839, 0.011936981231, -0.0152156669647, 0.0275502689183, -0.0190993063152, 0.0163952019066, -0.00663023907691, 0.00434112595394], [0.0003600421187, 0.00291230739094, 0.000462566211354, 0.00204002973624, -0.00597959663719, 0.00677152909338, -0.00961779430509, 0.0140912765637, -0.0190993063152, 0.0301203150302, -0.0234538204968, 0.0116263851523, -0.00509038940072], [-0.000306700443616, -0.00310562318191, 0.000257210718701, -0.000835775805172, 0.00373688433319, -0.00670642824844, 0.00815546605736, -0.010165325366, 0.0163952019066, -0.0234538204968, 0.0366475246847, -0.0196320805699, 0.0108926929533], [0.000269961747108, 0.00207146722823, 0.000314893375617, -0.000534016522579, -0.000393228663597, 0.00178047490772, -0.00724170403555, 0.00566365057603, -0.00663023907691, 0.0116263851523, -0.0196320805699, 0.0287090893835, -0.012717505917], [-0.000125366117572, -0.0016049714759, -0.000572400167584, -0.000495521002449, 6.44227475277e-05, 0.000118812582514, 0.000611591909546, -0.00504272338003, 0.00434112595394, -0.00509038940072, 0.0108926929533, -0.012717505917, 0.0256239213049]]
    },
    "melbands": {
        "dmean": [0.000197608125745, 0.000676310737617, 0.000947477645241, 0.000665795814712, 0.000545451068319, 0.00035022731754, 0.000230771969655, 0.000120657598018, 2.99855437333e-05, 1.73977005034e-05, 4.08385531045e-05, 1.00510642369e-05, 7.41417898098e-06, 3.20114145325e-06, 2.07949619835e-06, 9.76186129265e-07, 1.15053182981e-06, 1.78408711804e-07, 7.90205305634e-08, 7.39562366903e-08, 2.46213343047e-08, 1.18632339507e-08, 7.92406140704e-09, 2.86758901069e-08, 1.43990277479e-08, 6.89760693007e-09, 4.42889236396e-09, 3.31739213877e-09, 4.18071266495e-09, 4.09231315501e-09, 1.91335303157e-09, 1.63616131754e-09, 1.05402608863e-09, 7.01682822957e-10, 2.1361316882e-10, 1.54367088556e-10, 6.22088769386e-11, 3.90407012274e-11, 3.17847484443e-11, 2.21655055421e-11],
        "dmean2": [0.000249540520599, 0.000913900323212, 0.00153135694563, 0.000957209907938, 0.000661113474052, 0.000424640806159, 0.000259044958511, 0.000173749329406, 3.82138750865e-05, 2.41094840021e-05, 5.90753625147e-05, 1.46662623592e-05, 1.15298207675e-05, 4.98008421346e-06, 3.28004853145e-06, 1.58347188517e-06, 1.89637944459e-06, 3.03837339288e-07, 1.35475858087e-07, 1.26906712694e-07, 4.23768504731e-08, 2.0139596657e-08, 1.36163116338e-08, 4.95560961156e-08, 2.44780853365e-08, 1.1708966241e-08, 7.71196795313e-09, 5.75480196829e-09, 7.16533898881e-09, 7.09174141633e-09, 3.3405973543e-09, 2.80449663492e-09, 1.7878282188e-09, 1.18695131501e-09, 3.63938490455e-10, 2.6043264767e-10, 1.06900960306e-10, 6.70591707164e-11, 5.52811303678e-11, 3.91618612539e-11],
        "dvar": [1.07247053904e-07, 1.0553218317e-06, 1.55732516305e-06, 5.99547377078e-07, 5.06380445131e-07, 2.46355483569e-07, 1.39837140978e-07, 1.11876616415e-07, 2.52963250347e-09, 1.16225762348e-09, 6.77094336154e-09, 5.87430382115e-10, 5.41876876703e-10, 6.59740387321e-11, 2.7308204309e-11, 1.18038755853e-11, 2.38971654964e-11, 7.07268282569e-13, 1.00756358009e-13, 1.27233916762e-13, 5.49055014981e-15, 1.33645387813e-15, 4.58790790139e-16, 1.85956766207e-14, 3.64032949632e-15, 1.26889050685e-15, 1.2155899528e-16, 6.03738548849e-17, 1.52809084729e-16, 1.51321761048e-16, 1.0445435605e-16, 2.22439256104e-17, 8.26580244864e-18, 1.13262061061e-17, 3.65366400348e-19, 2.23519090763e-19, 2.8251691431e-20, 6.99991819071e-21, 3.88578836401e-21, 1.85305037175e-21],
        "dvar2": [1.65358912341e-07, 2.11120914173e-06, 4.76122249893e-06, 1.69368263414e-06, 8.31372062748e-07, 4.15927246422e-07, 2.06840056194e-07, 2.19827285264e-07, 3.82525566778e-09, 2.15057038844e-09, 1.25421166786e-08, 1.18997522947e-09, 1.25590826627e-09, 1.51647500113e-10, 6.41462993833e-11, 3.05734847161e-11, 6.39041874972e-11, 1.97227542457e-12, 2.830024084e-13, 3.63639917874e-13, 1.51562095529e-14, 3.72052149356e-15, 1.33486135031e-15, 5.52378916262e-14, 1.03205374205e-14, 3.51530806858e-15, 3.62306246499e-16, 1.80848111979e-16, 4.4281736341e-16, 4.42784223246e-16, 3.0975044616e-16, 6.57465186949e-17, 2.46544738448e-17, 3.2033333536e-17, 9.89218780505e-19, 6.1138532076e-19, 7.9618169598e-20, 1.87047282301e-20, 1.15410581665e-20, 5.48542642172e-21],
        "max": [0.00763222388923, 0.0369456186891, 0.0191221944988, 0.0150343421847, 0.0180625598878, 0.0149167394266, 0.0119063192979, 0.0105536626652, 0.0022829847876, 0.000680800527334, 0.00453321728855, 0.000667341577355, 0.00054697773885, 0.000233018465224, 0.000139146461152, 8.56305268826e-05, 0.000124090365716, 3.34288197337e-05, 8.68851839186e-06, 9.24635332922e-06, 1.64638697697e-06, 1.44399211877e-06, 6.59708916828e-07, 5.33253614776e-06, 2.99453722619e-06, 2.04535081139e-06, 3.16196349104e-07, 1.81120611842e-07, 4.19230332227e-07, 4.77540822885e-07, 4.43325632205e-07, 1.33966182148e-07, 9.77820988624e-08, 1.68208231344e-07, 2.16674376219e-08, 1.50675987243e-08, 6.60715970824e-09, 3.93141696975e-09, 2.33426211693e-09, 1.65537317187e-09],
        "mean": [0.000732651329599, 0.00295168510638, 0.00273429346271, 0.00235063582659, 0.00176916900091, 0.00110128521919, 0.000669142638799, 0.000249034696026, 6.32932133158e-05, 3.27646848746e-05, 6.57103882986e-05, 1.65568908415e-05, 1.08559088403e-05, 4.80599919683e-06, 2.87997863779e-06, 1.33171977268e-06, 1.49275217609e-06, 2.31963923625e-07, 1.15415986102e-07, 1.08529086162e-07, 4.72020502684e-08, 2.34374724073e-08, 1.8242150901e-08, 6.0352711273e-08, 3.32700551553e-08, 1.78181629451e-08, 1.11808775571e-08, 8.6863094495e-09, 1.15099414444e-08, 1.11010995951e-08, 5.4061533028e-09, 4.52756410141e-09, 3.09082781591e-09, 1.83873027915e-09, 7.10152825434e-10, 4.62441085425e-10, 1.90006663181e-10, 1.23194746071e-10, 9.18041961895e-11, 5.90121562727e-11],
        "median": [0.000231175799854, 0.00124361889903, 0.00217796978541, 0.00177705637179, 0.00108822400216, 0.000590301584452, 0.000264668022282, 6.98896037648e-05, 3.16459409078e-05, 1.29848485813e-05, 2.87826260319e-05, 5.63918820262e-06, 9.34883473747e-07, 7.8056524444e-07, 3.73692387257e-07, 4.77051713688e-08, 6.14414688016e-08, 2.15631867917e-08, 1.7194350832e-08, 1.71301408614e-08, 8.4327993477e-09, 5.85236170636e-09, 5.23651788598e-09, 7.34701144367e-09, 5.68994629191e-09, 2.74956968305e-09, 3.0130908879e-09, 2.69003153086e-09, 2.46695219808e-09, 1.85639537076e-09, 1.0876525236e-09, 9.69780922233e-10, 5.65640645434e-10, 3.10974385132e-10, 1.74453659851e-10, 1.00630143107e-10, 5.62726046316e-11, 3.73908508322e-11, 2.63535825107e-11, 1.79246097132e-11],
        "min": [6.52371994184e-25, 1.50247818654e-24, 8.96212154039e-25, 2.06299847097e-24, 2.05570584634e-24, 2.64803329829e-24, 1.49566873921e-24, 2.40616282551e-24, 1.99497282575e-24, 2.97002324562e-24, 2.56384270982e-24, 3.06775818139e-24, 3.65434883963e-24, 2.60317847e-24, 3.80508595912e-24, 3.76290635538e-24, 3.45539496389e-24, 4.7457106863e-24, 5.00649153549e-24, 4.21976726003e-24, 4.44173536382e-24, 3.1956088683e-24, 3.19203749777e-24, 3.85685613932e-24, 3.94930077665e-24, 5.99425188505e-24, 6.127682974e-24, 6.10185172366e-24, 4.71336305045e-24, 5.62244556877e-24, 5.05850862915e-24, 5.08726142585e-24, 7.06092277982e-24, 6.38845790673e-24, 5.60318474091e-24, 6.35163703512e-24, 6.8370464215e-24, 6.35702534953e-24, 6.44687029575e-24, 6.99958016697e-24],
        "var": [1.193929279e-06, 2.2161331799e-05, 4.9431264415e-06, 4.11237851949e-06, 3.8054192828e-06, 1.91081016965e-06, 9.70179030446e-07, 4.66633480301e-07, 9.76084102433e-09, 3.47852990856e-09, 1.52620316385e-08, 1.36140732021e-09, 9.88727988371e-10, 1.30824906464e-10, 4.60120344603e-11, 1.83746316773e-11, 3.42710651524e-11, 8.63577709776e-13, 1.41936321637e-13, 1.7085324041e-13, 1.3670838177e-14, 3.18466198135e-15, 1.44087737042e-15, 4.99838411221e-14, 1.11094910127e-14, 5.43378157817e-15, 5.29576645326e-16, 2.3803891631e-16, 7.62104077067e-16, 7.20159270217e-16, 4.61574299222e-16, 1.00220375836e-16, 4.31162798861e-17, 4.775135667e-17, 2.41882293566e-18, 1.26013738832e-18, 1.84810579462e-19, 6.88543526302e-20, 3.12103419987e-20, 1.39228455766e-20]
    },
    "mfcc": {
        "mean": [-867.89831543, 253.020980835, 88.5562057495, 25.8195114136, -12.2467718124, -10.3974637985, -2.61237764359, -4.51907777786, -5.72867059708, -9.27734661102, -8.46700668335, -8.78682899475, -7.06020307541],
        "cov": [[3332.06689453, 1060.19787598, -1479.34118652, -291.900115967, -231.716644287, 89.4755172729, 45.9423484802, -244.340927124, -214.598999023, -132.156738281, 74.4248580933, 58.8951263428, 22.6951637268], [1060.19787598, 991.505981445, 47.7367935181, -217.161407471, -70.7253036499, -16.6869544983, 94.2128829956, 6.91545820236, -42.0825538635, -4.75359249115, -17.5934848785, 19.7606163025, 19.2421455383], [-1479.34118652, 47.7367935181, 1384.55603027, 285.233154297, 15.0342712402, -106.711357117, -12.9579687119, 223.401016235, 192.720748901, 71.993270874, -57.738899231, -53.8683891296, -23.0676555634], [-291.900115967, -217.161407471, 285.233154297, 444.072967529, 137.967132568, -29.8977661133, -47.9958152771, 69.3883514404, 122.340957642, 37.3910064697, 27.202829361, -17.9789333344, -42.6101570129], [-231.716644287, -70.7253036499, 15.0342712402, 137.967132568, 333.329650879, 82.8041381836, 4.81180286407, 34.8814659119, 62.2433242798, 93.86378479, 38.9397964478, 22.3197021484, -1.81316399574], [89.4755172729, -16.6869544983, -106.711357117, -29.8977661133, 82.8041381836, 148.422622681, 39.5862388611, -20.2954864502, 3.30815172195, 12.4633617401, 38.2326583862, 37.7206192017, 21.6719608307], [45.9423484802, 94.2128829956, -12.9579687119, -47.9958152771, 4.81180286407, 39.5862388611, 131.089996338, 44.0477752686, -18.0237789154, -9.8379278183, -5.85620832443, 32.2823219299, 23.0762023926], [-244.340927124, 6.91545820236, 223.401016235, 69.3883514404, 34.8814659119, -20.2954864502, 44.0477752686, 152.246658325, 95.3719024658, 14.1918020248, -11.5846395493, -14.2668924332, -3.04076957703], [-214.598999023, -42.0825538635, 192.720748901, 122.340957642, 62.2433242798, 3.30815172195, -18.0237789154, 95.3719024658, 155.598709106, 65.6907958984, 5.14665937424, -17.0887546539, -24.1468334198], [-132.156738281, -4.75359249115, 71.993270874, 37.3910064697, 93.86378479, 12.4633617401, -9.8379278183, 14.1918020248, 65.6907958984, 114.039672852, 36.6755409241, -6.19375658035, -4.48906326294], [74.4248580933, -17.5934848785, -57.738899231, 27.202829361, 38.9397964478, 38.2326583862, -5.85620832443, -11.5846395493, 5.14665937424, 36.6755409241, 80.6823654175, 38.5469551086, -0.745509505272], [58.8951263428, 19.7606163025, -53.8683891296, -17.9789333344, 22.3197021484, 37.7206192017, 32.2823219299, -14.2668924332, -17.0887546539, -6.19375658035, 38.5469551086, 83.8087387085, 40.4760627747], [22.6951637268, 19.2421455383, -23.0676555634, -42.6101570129, -1.81316399574, 21.6719608307, 23.0762023926, -3.04076957703, -24.1468334198, -4.48906326294, -0.745509505272, 40.4760627747, 74.4641571045]],
