{
"lowlevel": {
    "average_loudness": 0.953403234482,
    "barkbands_crest": {
        "dmean": 1.87377715111,
        "dmean2": 2.95861315727,
        "dvar": 2.77733826637,
        "dvar2": 8.05370044708,
        "max": 23.3494625092,
        "mean": 10.8800077438,
        "median": 10.3367519379,
        "min": 4.17661571503,
        "var": 9.58744907379
    },
    "barkbands_flatness_db": {
        "dmean": 0.016979066655,
        "dmean2": 0.0286090765148,
        "dvar": 0.000185265380424,
        "dvar2": 0.000563955574762,
        "max": 0.556165039539,
        "mean": 0.451905488968,
        "median": 0.451960355043,
        "min": 0.0348474830389,
        "var": 0.0010591915343
    },
    "barkbands_kurtosis": {
        "dmean": 0.930094778538,
        "dmean2": 1.38607788086,
        "dvar": 4.65384626389,
        "dvar2": 14.2817277908,
        "max": 193.146286011,
        "mean": 1.2157702446,
        "median": 0.62361240387,
        "min": -1.76726329327,
        "var": 13.1564226151
    },
    "barkbands_skewness": {
        "dmean": 0.265219986439,
        "dmean2": 0.3942450881,
        "dvar": 0.0582084618509,
        "dvar2": 0.150089949369,
        "max": 8.91200733185,
        "mean": 0.209237635136,
        "median": 0.178340926766,
        "min": -2.14883208275,
        "var": 0.323555111885
    },
    "barkbands_spread": {
        "dmean": 0.442188024521,
        "dmean2": 0.636211156845,
        "dvar": 1.08832716942,
        "dvar2": 3.07720661163,
        "max": 106.132102966,
        "mean": 2.46148085594,
        "median": 2.19851946831,
        "min": 0.368096798658,
        "var": 3.10058689117
    },
    "dissonance": {
        "dmean": 0.0541371777654,
        "dmean2": 0.0901478528976,
        "dvar": 0.00254382495768,
        "dvar2": 0.00640040729195,
        "max": 0.500000178814,
        "mean": 0.324272483587,
        "median": 0.324933618307,
        "min": 0.0625258088112,
        "var": 0.00712165376171
    },
    "dynamic_complexity": 1.91557586193,
    "erbbands_crest": {
        "dmean": 2.36864829063,
        "dmean2": 3.52489161491,
        "dvar": 4.11497974396,
        "dvar2": 10.0067338943,
        "max": 30.8257827759,
        "mean": 13.4865512848,
        "median": 12.8415126801,
        "min": 2.47836685181,
        "var": 14.6071834564
    },
    "erbbands_flatness_db": {
        "dmean": 0.0120448125526,
        "dmean2": 0.0180176813155,
        "dvar": 9.75336733973e-05,
        "dvar2": 0.000255300546996,
        "max": 0.51015406847,
        "mean": 0.428792119026,
        "median": 0.43064981699,
        "min": 0.0447602421045,
        "var": 0.000880778941792
    },
    "erbbands_kurtosis": {
        "dmean": 1.20882689953,
        "dmean2": 1.82415699959,
        "dvar": 3.48962163925,
        "dvar2": 9.91987609863,
        "max": 96.1154251099,
        "mean": 1.89169025421,
        "median": 1.04250812531,
        "min": -1.66860222816,
        "var": 9.70189380646
    },
    "erbbands_skewness": {
        "dmean": 0.319947630167,
        "dmean2": 0.433842390776,
        "dvar": 0.0776003524661,
        "dvar2": 0.169690519571,
        "max": 8.41448116302,
        "mean": 0.182741910219,
        "median": 0.15587900579,
        "min": -2.91723155975,
        "var": 0.457281351089
    },
    "erbbands_spread": {
        "dmean": 0.767151713371,
        "dmean2": 1.10426366329,
        "dvar": 0.954152047634,
        "dvar2": 2.31017708778,
        "max": 79.7492828369,
        "mean": 4.74966239929,
        "median": 4.44254684448,
        "min": 0.916025698185,
        "var": 7.8252120018
    },
    "hfc": {
        "dmean": 2.04701304436,
        "dmean2": 2.93377590179,
        "dvar": 3.69031476974,
        "dvar2": 9.0725107193,
        "max": 46.8226890564,
        "mean": 12.0233354568,
        "median": 11.4450750351,
        "min": 1.10252031876e-16,
        "var": 33.6382255554
    },
    "melbands_crest": {
        "dmean": 2.19583034515,
        "dmean2": 3.48325490952,
        "dvar": 3.8114027977,
        "dvar2": 11.1261415482,
        "max": 30.0403690338,
        "mean": 12.6108579636,
        "median": 12.1084518433,
        "min": 1.74543976784,
        "var": 11.178185463
    },
    "melbands_flatness_db": {
        "dmean": 0.0150538478047,
        "dmean2": 0.0245840214193,
        "dvar": 0.000160750991199,
        "dvar2": 0.000482196657686,
        "max": 0.666341006756,
        "mean": 0.55781441927,
        "median": 0.557490408421,
        "min": 0.0025456440635,
        "var": 0.00137499067932
    },
    "melbands_kurtosis": {
        "dmean": 0.866370260715,
        "dmean2": 1.29818546772,
        "dvar": 10.2501859665,
        "dvar2": 33.8184928894,
        "max": 299.552276611,
        "mean": 0.849078953266,
        "median": 0.334381103516,
        "min": -1.73117673397,
        "var": 20.3320293427
    },
    "melbands_skewness": {
        "dmean": 0.271221786737,
        "dmean2": 0.407263427973,
        "dvar": 0.0609381869435,
        "dvar2": 0.16662542522,
        "max": 9.68458557129,
        "mean": 0.522541761398,
        "median": 0.500825822353,
        "min": -1.53165328503,
        "var": 0.297166198492
    },
    "melbands_spread": {
        "dmean": 0.719091713428,
        "dmean2": 1.00540614128,
        "dvar": 2.37650847435,
        "dvar2": 4.75307750702,
        "max": 159.226043701,
        "mean": 4.20933580399,
        "median": 3.69060897827,
        "min": 0.482311725616,
        "var": 26.3762817383
    },
    "pitch_salience": {
        "dmean": 0.0516546666622,
        "dmean2": 0.0792615190148,
        "dvar": 0.00183483981527,
        "dvar2": 0.00470459181815,
        "max": 0.944325387478,
        "mean": 0.61153870821,
        "median": 0.617299973965,
        "min": 0.274749755859,
        "var": 0.00769990449771
    },
    "silence_rate_20dB": {
        "dmean": 0,
        "dmean2": 0,
        "dvar": 0,
        "dvar2": 0,
        "max": 1,
        "mean": 1,
        "median": 1,
        "min": 1,
        "var": 0
    },
    "silence_rate_30dB": {
        "dmean": 0,
        "dmean2": 0,
        "dvar": 0,
        "dvar2": 0,
        "max": 1,
        "mean": 1,
        "median": 1,
        "min": 1,
        "var": 0
    },
    "silence_rate_60dB": {
        "dmean": 0.000279720290564,
        "dmean2": 0.000559479696676,
        "dvar": 0.000279564759694,
        "dvar2": 0.000559328414965,
        "max": 1,
        "mean": 0.0195091255009,
        "median": 0,
        "min": 0,
        "var": 0.0191293973476
    },
    "spectral_centroid": {
        "dmean": 23.858165741,
        "dmean2": 34.3486022949,
        "dvar": 9210.87304688,
        "dvar2": 15033.8564453,
        "max": 11824.0722656,
        "mean": 363.15322876,
        "median": 343.336273193,
        "min": 172.367889404,
        "var": 150862.015625
    },
    "spectral_complexity": {
        "dmean": 0.892587423325,
        "dmean2": 1.5230435133,
        "dvar": 0.712620854378,
        "dvar2": 1.68475699425,
        "max": 13,
        "mean": 7.23907423019,
        "median": 7,
        "min": 0,
        "var": 2.90151143074
    },
    "spectral_decrease": {
        "dmean": 1.67590086253e-09,
        "dmean2": 2.58868171343e-09,
        "dvar": 2.33186329902e-18,
        "dvar2": 6.86989546029e-18,
        "max": 1.1843149896e-28,
        "mean": -9.40917921355e-09,
        "median": -9.31257293502e-09,
        "min": -2.84125345473e-08,
        "var": 1.43454343671e-17
    },
    "spectral_energy": {
        "dmean": 0.00649970443919,
        "dmean2": 0.010024103336,
        "dvar": 3.4993110603e-05,
        "dvar2": 0.000102740632428,
        "max": 0.110620841384,
        "mean": 0.0366030521691,
        "median": 0.0362256839871,
        "min": 1.02652298146e-20,
        "var": 0.000217936583795
    },
    "spectral_energyband_high": {
        "dmean": 3.58477656448e-08,
        "dmean2": 6.26839735673e-08,
        "dvar": 1.11487217671e-15,
        "dvar2": 3.42840608808e-15,
        "max": 5.57969997317e-07,
        "mean": 1.83382454111e-07,
        "median": 1.81091451168e-07,
        "min": 7.32525543421e-21,
        "var": 6.32385438706e-15
    },
    "spectral_energyband_low": {
        "dmean": 0.00123631372117,
        "dmean2": 0.00182800041512,
        "dvar": 4.6724017011e-06,
        "dvar2": 1.40088404805e-05,
        "max": 0.0521754585207,
        "mean": 0.00491618271917,
        "median": 0.0035928406287,
        "min": 1.72701389453e-23,
        "var": 2.19545763684e-05
    },
    "spectral_energyband_middle_high": {
        "dmean": 0.000271914061159,
        "dmean2": 0.000324122142047,
        "dvar": 5.52564813461e-07,
        "dvar2": 7.31017792077e-07,
        "max": 0.0252267699689,
        "mean": 0.000630064168945,
        "median": 9.29053931031e-05,
        "min": 1.29082948228e-21,
        "var": 2.51316305366e-06
    },
    "spectral_energyband_middle_low": {
        "dmean": 0.00629002787173,
        "dmean2": 0.00965204834938,
        "dvar": 3.31447554345e-05,
        "dvar2": 9.68740569078e-05,
        "max": 0.110368788242,
        "mean": 0.0328690186143,
        "median": 0.0322517193854,
        "min": 1.57057043924e-22,
        "var": 0.000209862162592
    },
    "spectral_entropy": {
        "dmean": 0.0902417823672,
        "dmean2": 0.142178416252,
        "dvar": 0.00633595325053,
        "dvar2": 0.017924034968,
        "max": 9.81615257263,
        "mean": 4.99398708344,
        "median": 4.98867321014,
        "min": 4.20340490341,
        "var": 0.0732123926282
    },
    "spectral_flux": {
        "dmean": 0.014286021702,
        "dmean2": 0.0234714020044,
        "dvar": 0.00015041482402,
        "dvar2": 0.000414420617744,
        "max": 0.188670948148,
        "mean": 0.0567350685596,
        "median": 0.05391061306,
        "min": 6.42540048945e-11,
        "var": 0.000479088485008
    },
    "spectral_kurtosis": {
        "dmean": 41.3932304382,
        "dmean2": 71.4392089844,
        "dvar": 1243.80871582,
        "dvar2": 3628.62744141,
        "max": 374.865570068,
        "mean": 178.310211182,
        "median": 179.210220337,
        "min": -1.26199996471,
        "var": 2635.46166992
    },
    "spectral_rms": {
        "dmean": 0.000532322213985,
        "dmean2": 0.000821652298328,
        "dvar": 2.09279519936e-07,
        "dvar2": 6.24638687441e-07,
        "max": 0.0103885885328,
        "mean": 0.00581526989117,
        "median": 0.00594492489472,
        "min": 3.16462611324e-12,
        "var": 1.89274601325e-06
    },
    "spectral_rolloff": {
        "dmean": 44.3584938049,
        "dmean2": 73.8279953003,
        "dvar": 43580.9492188,
        "dvar2": 77713.0234375,
        "max": 19379.8828125,
        "mean": 502.644775391,
        "median": 452.197265625,
        "min": 150.732421875,
        "var": 498164.28125
    },
    "spectral_skewness": {
        "dmean": 1.52263343334,
        "dmean2": 2.66678333282,
        "dvar": 1.84318745136,
        "dvar2": 5.21912956238,
        "max": 15.6189060211,
        "mean": 10.6664199829,
        "median": 10.9595956802,
        "min": -0.0822560414672,
        "var": 3.60281443596
    },
    "spectral_spread": {
        "dmean": 317311.75,
        "dmean2": 572628.25,
        "dvar": 202904862720,
        "dvar2": 478598463488,
        "max": 41884152,
        "mean": 795817.75,
        "median": 677452,
        "min": 208510,
        "var": 2.17908523827e+12
    },
    "spectral_strongpeak": {
        "dmean": 0.414636850357,
        "dmean2": 0.690309882164,
        "dvar": 0.218009397388,
        "dvar2": 0.524882316589,
        "max": 4.97948741913,
        "mean": 1.15160024166,
        "median": 0.982862710953,
        "min": 0,
        "var": 0.554341256618
    },
    "zerocrossingrate": {
        "dmean": 0.0013525049435,
        "dmean2": 0.00170077173971,
        "dvar": 9.96533435682e-06,
        "dvar2": 7.63198477216e-06,
        "max": 0.5166015625,
        "mean": 0.0169504377991,
        "median": 0.015625,
        "min": 0.005859375,
        "var": 0.000384145008866
    },
    "barkbands": {
        "dmean": [3.46533113316e-07, 0.000218897970626, 0.000683251360897, 0.00136197020765, 0.00372239807621, 0.00278914556839, 0.00129604595713, 0.00122460001148, 0.000396598567022, 0.000305926281726, 6.81573001202e-05, 1.82661151484e-05, 4.32049364463e-06, 1.91148205886e-06, 7.97339339442e-07, 4.18466527208e-07, 1.56067244461e-07, 8.31192537021e-08, 5.2342375767e-08, 3.6875988485e-08, 1.91735640698e-08, 8.693400666e-09, 5.2514197435e-09, 2.63708210824e-09, 1.85276871623e-09, 1.58231894254e-09, 1.66483182795e-09],
        "dmean2": [5.02775890254e-07, 0.000289689429337, 0.00094814930344, 0.00206384016201, 0.00594494817778, 0.00375675479881, 0.00130045530386, 0.00138125056401, 0.000446570164058, 0.000363859755453, 9.39340461628e-05, 2.6413004889e-05, 6.93052379575e-06, 3.19650848724e-06, 1.36046969601e-06, 7.19147351447e-07, 2.64206022393e-07, 1.42099011669e-07, 9.1305686567e-08, 6.4661016097e-08, 3.34912257927e-08, 1.48783243503e-08, 8.93829632531e-09, 4.56693483031e-09, 3.32421512539e-09, 2.90251533919e-09, 3.06327896382e-09],
        "dvar": [1.34198153891e-12, 1.61776895879e-07, 1.62654521318e-06, 3.54740018338e-06, 1.74280321517e-05, 1.40880320032e-05, 2.44153375206e-06, 2.8434694741e-06, 7.51978689095e-07, 6.48427942451e-07, 1.26405709011e-07, 4.81744244496e-09, 5.37535155276e-11, 1.0568902524e-11, 2.22301278947e-12, 8.75569365275e-13, 2.91644285761e-14, 8.35350922956e-15, 2.97311020882e-15, 1.47951541358e-15, 3.59033787647e-16, 6.65471236487e-17, 2.93685612665e-17, 7.97345944938e-18, 4.65405561591e-18, 3.90154583803e-18, 4.39775494388e-18],
        "dvar2": [1.91331976304e-12, 4.15960187183e-07, 4.30792260886e-06, 1.07156774902e-05, 5.50799486518e-05, 4.16134498664e-05, 2.69877159553e-06, 4.80377684653e-06, 8.36355752654e-07, 8.08395896001e-07, 2.08208206232e-07, 6.68344890542e-09, 1.41611167237e-10, 2.91712487499e-11, 6.611195532e-12, 2.55670658256e-12, 7.91836756754e-14, 2.35430435997e-14, 8.78779233898e-15, 4.50885675164e-15, 1.08781137987e-15, 1.93643219627e-16, 8.32201003301e-17, 2.3695639166e-17, 1.45753922318e-17, 1.25083125488e-17, 1.40983555182e-17],
        "max": [0.000173243359313, 0.00800905469805, 0.0379784591496, 0.031982626766, 0.0591264329851, 0.0681642815471, 0.0462528541684, 0.0443391352892, 0.02769773826, 0.0162020474672, 0.0108025912195, 0.00255756475963, 0.000186111108633, 4.21144868596e-05, 2.68862258963e-05, 2.37209842453e-05, 2.31560852626e-06, 1.40848715091e-06, 8.79084836924e-07, 6.67466281357e-07, 3.26257406869e-07, 1.35966644166e-07, 8.21736563239e-08, 6.08638472954e-08, 3.66461492263e-08, 2.68280686555e-08, 2.52110421428e-08],
        "mean": [1.74995591351e-06, 0.000933269038796, 0.00243792682886, 0.00347711704671, 0.0103691387922, 0.00933840405196, 0.00465203030035, 0.0036432123743, 0.000950676214416, 0.000647281238344, 0.000113775211503, 2.62667035713e-05, 6.38569417788e-06, 2.81191501017e-06, 1.249740194e-06, 7.52820653815e-07, 3.46633584059e-07, 2.06334149766e-07, 1.42346948451e-07, 1.07516733294e-07, 6.50477574027e-08, 3.27610507611e-08, 1.99994225625e-08, 9.38596933509e-09, 4.30287183661e-09, 1.96262517349e-09, 1.45328049594e-09],
        "median": [9.54913446094e-08, 0.00059971853625, 0.00145517324563, 0.00246090488508, 0.00847911182791, 0.00721766613424, 0.00316809955984, 0.00217861193232, 0.000206246797461, 5.15695537615e-05, 1.3137932001e-05, 8.99825317902e-06, 2.90443927042e-06, 1.52790016728e-06, 7.8817515714e-07, 5.37570940651e-07, 2.92366109989e-07, 1.77543753921e-07, 1.17984981785e-07, 9.29702324015e-08, 6.0553524861e-08, 3.0856501354e-08, 1.94331288839e-08, 8.35442115488e-09, 2.96749536055e-09, 1.13069031915e-09, 7.16905590448e-10],
        "min": [1.95043073151e-25, 2.65415978929e-24, 1.42296929034e-24, 2.58597183594e-24, 2.5272099421e-23, 1.06212579378e-23, 1.60135450544e-23, 8.0410390672e-24, 2.82541766584e-23, 2.27694523986e-23, 1.84383330831e-23, 4.12262116948e-23, 5.45700652747e-23, 5.6625148907e-23, 7.77703509013e-23, 7.12121904756e-23, 9.62399449644e-23, 1.2649475492e-22, 1.74305102652e-22, 1.72396059262e-22, 1.58895165564e-22, 3.42698771982e-22, 5.32235844702e-22, 6.7817369853e-22, 9.40585539726e-22, 1.56696735176e-21, 2.16919613615e-21],
        "var": [9.70935623568e-11, 1.05179640286e-06, 9.66955758486e-06, 1.10782002594e-05, 5.86038731853e-05, 6.51799200568e-05, 2.18271215999e-05, 1.73450280272e-05, 3.4817787764e-06, 2.58775844486e-06, 3.39847844089e-07, 1.14091509573e-08, 8.68841873447e-11, 1.50270716009e-11, 2.91389720512e-12, 1.20383943699e-12, 6.07487760725e-14, 2.00660123147e-14, 8.72939534649e-15, 4.71238733392e-15, 1.41416968044e-15, 2.85927697458e-16, 1.36655835552e-16, 4.31494233589e-17, 1.65556626182e-17, 5.09050753996e-18, 3.81066226335e-18]
    },
    "erbbands": {
        "dmean": [0.00211188709363, 0.0652713775635, 0.544423341751, 2.66465187073, 8.39805221558, 13.4324645996, 19.9021110535, 25.7982234955, 21.0616340637, 23.1052627563, 21.444026947, 11.7445297241, 10.4021472931, 4.46637201309, 3.06970095634, 0.769508361816, 0.227554127574, 0.109286032617, 0.0481825768948, 0.0279859248549, 0.0160933639854, 0.00746585335582, 0.00473953410983, 0.00342982797883, 0.00193773664068, 0.00163405807689, 0.000942675571423, 0.000714140478522, 0.000356098084012, 0.000246411509579, 0.000118428128189, 6.96935821907e-05, 3.77741234843e-05, 2.27762448048e-05, 1.28324363686e-05, 7.15861870049e-06, 3.50043433173e-06, 1.07495429802e-06, 2.97680890071e-06, 7.16796057532e-06],
        "dmean2": [0.00273928185925, 0.0872185304761, 0.760535597801, 4.08609724045, 13.8939533234, 20.8261432648, 26.0342655182, 36.9623222351, 20.9944534302, 27.0713176727, 22.9122123718, 12.9145765305, 12.2539348602, 5.39189291, 4.16949224472, 1.17331111431, 0.36272996664, 0.18133404851, 0.0816667303443, 0.0482694767416, 0.0276807770133, 0.0127011584118, 0.00808298122138, 0.00592566188425, 0.00339782563969, 0.00284769921564, 0.00165476137772, 0.0012512775138, 0.000613530282862, 0.000424797151936, 0.000201686329092, 0.000119773314509, 6.62613310851e-05, 4.02498226322e-05, 2.28222506848e-05, 1.25853439386e-05, 6.05863078817e-06, 1.92656693798e-06, 4.55821464129e-06, 1.10324735942e-05],
        "dvar": [2.07639477594e-05, 0.0130843669176, 0.950340926647, 18.0301094055, 133.364929199, 301.333679199, 539.850585938, 1600.2833252, 624.164794922, 1594.2220459, 942.149780273, 562.266174316, 673.405334473, 376.430023193, 265.083526611, 4.16176462173, 0.127038359642, 0.0306774377823, 0.00801711250097, 0.00222393660806, 0.000991899403743, 6.5013031417e-05, 2.75220099866e-05, 1.33009070851e-05, 3.92067977373e-06, 3.30829607265e-06, 1.06265804334e-06, 5.84984718444e-07, 1.18092906121e-07, 7.5254057208e-08, 1.44188891937e-08, 6.26739682374e-09, 1.61357716078e-09, 6.82170431254e-10, 2.11415621121e-10, 6.21093038111e-11, 1.36456670616e-11, 1.65171793343e-12, 7.25670261728e-12, 4.24404157651e-11],
        "dvar2": [5.58974061278e-05, 0.0336471423507, 2.33538818359, 55.9680480957, 469.251831055, 934.37878418, 1032.52099609, 5137.3515625, 799.008483887, 3295.22412109, 988.541564941, 609.893615723, 828.579467773, 487.467132568, 423.062561035, 6.77553129196, 0.33050557971, 0.0844691544771, 0.023833014071, 0.00645218044519, 0.00290071289055, 0.000178112619324, 7.75537555455e-05, 3.85013518098e-05, 1.19735541375e-05, 1.00520674096e-05, 3.19986997965e-06, 1.75326886165e-06, 3.4492873624e-07, 2.19771607135e-07, 4.14517664638e-08, 1.7871178315e-08, 4.92154850207e-09, 2.07198480595e-09, 6.63053667527e-10, 1.92642235497e-10, 4.16675340065e-11, 5.21707850532e-12, 2.09117428235e-11, 1.24077206842e-10],
        "max": [0.145316049457, 2.13601899147, 27.1199169159, 74.0358505249, 188.530212402, 341.327087402, 651.829040527, 683.895935059, 711.745178223, 1205.79064941, 581.216552734, 826.912658691, 584.620910645, 655.963562012, 513.569824219, 71.5726623535, 8.66865634918, 2.24265360832, 1.65635275841, 1.05001330376, 0.85893625021, 0.0985607877374, 0.0788488164544, 0.0460919514298, 0.0267418455333, 0.0301196016371, 0.0151538457721, 0.0165650472045, 0.00633454928175, 0.00549540575594, 0.00230605062097, 0.00196987274103, 0.000753982574679, 0.000561052758712, 0.00026247126516, 0.000142574092024, 6.07193796895e-05, 1.8053162421e-05, 5.11230864504e-05, 0.000122499841382],
        "mean": [0.0122699700296, 0.287412285805, 2.11888170242, 8.07297420502, 20.461687088, 36.1834640503, 61.3364677429, 76.3283920288, 76.2670593262, 69.5090179443, 66.5475921631, 31.0947418213, 23.7929077148, 9.19527339935, 5.35832595825, 1.16482174397, 0.377352058887, 0.181365281343, 0.0823169052601, 0.052995312959, 0.0332802422345, 0.0184995029122, 0.0125410817564, 0.00944506470114, 0.00597289204597, 0.00506757711992, 0.00315017742105, 0.00228559668176, 0.00132277607918, 0.000915214943234, 0.000507118820678, 0.000279703934211, 0.000141346157761, 7.71416234784e-05, 4.37732960563e-05, 2.60371125478e-05, 1.36709886647e-05, 2.55107556768e-06, 1.71026586031e-05, 4.05292885262e-05],
        "median": [0.00471311900765, 0.20576582849, 1.42624926567, 5.82781267166, 14.7101325989, 27.3495140076, 45.9585418701, 52.0249099731, 51.884437561, 41.7991828918, 33.3838157654, 11.425365448, 2.51782512665, 1.2717808485, 0.731823682785, 0.468826174736, 0.216187044978, 0.108205370605, 0.0515012219548, 0.0364218689501, 0.0265338551253, 0.0159697812051, 0.0112961567938, 0.00831935275346, 0.00525465421379, 0.00431794207543, 0.0027558687143, 0.00203526252881, 0.0012448130874, 0.000830580596812, 0.000489503960125, 0.000245590490522, 0.000127434177557, 6.04785273026e-05, 3.56185228156e-05, 2.32344627875e-05, 1.28686988319e-05, 2.14864985537e-06, 1.6949557903e-05, 4.01041943405e-05],
        "min": [1.17766457077e-22, 2.41569328287e-22, 2.42176773903e-21, 1.17011386176e-20, 1.99219406573e-20, 5.57778226802e-20, 1.05726626368e-19, 1.15488488508e-19, 2.01635058305e-19, 1.98136691775e-19, 2.76974681422e-19, 5.69958202828e-19, 6.85123043996e-19, 1.01601033336e-18, 1.165432963e-18, 1.69017897281e-18, 2.73513742229e-18, 3.16565990891e-18, 3.34236243816e-18, 4.19283418201e-18, 5.55180590166e-18, 6.61891645473e-18, 6.47854969505e-18, 8.14339957032e-18, 8.40716099788e-18, 8.00704877251e-18, 9.10403171264e-18, 9.80482491786e-18, 1.28204681781e-17, 1.32350006431e-17, 1.5275402097e-17, 1.36076240023e-17, 1.23450229599e-17, 9.34746021357e-18, 6.86437361611e-18, 4.96706696356e-18, 2.7968488183e-18, 9.74333975575e-19, 2.53199856256e-19, 3.04607709609e-20],
        "var": [0.000317742524203, 0.0809172093868, 5.29514503479, 58.5199241638, 369.588989258, 963.070556641, 3025.41015625, 5723.24414062, 5375.99560547, 7742.73291016, 7353.82080078, 2771.11328125, 2934.74487305, 1391.9699707, 734.074890137, 9.88845062256, 0.223651766777, 0.048201687634, 0.0108787938952, 0.00385681306943, 0.0013479689369, 0.000143138284329, 5.71457821934e-05, 3.15549405059e-05, 1.16990213428e-05, 1.10353266791e-05, 4.0857357817e-06, 1.99524652089e-06, 4.48025900823e-07, 3.20589862213e-07, 8.58123954117e-08, 3.81985252318e-08, 8.38476132969e-09, 3.21432747086e-09, 8.27813706472e-10, 2.13055781351e-10, 4.28729170221e-11, 2.95755824345e-12, 4.80170625483e-11, 2.68440963902e-10]
    },
    "gfcc": {
        "mean": [-203.865005493, 251.924606323, -48.5608901978, -27.5488529205, -64.5375823975, -40.8991203308, -22.5035076141, -22.6035327911, -9.53907108307, -16.2241153717, -6.0897026062, -15.0870275497, -5.54239749908],
        "cov": [[4590.79150391, 786.054138184, -311.266693115, -456.77822876, -226.49319458, 36.8506393433, 2.44707012177, 27.6749210358, 115.412712097, -51.830532074, 33.5157051086, -71.1800994873, 27.1805591583], [786.054138184, 263.15335083, -13.9241628647, -40.2298164368, 26.2098369598, 31.344291687, 37.6774787903, 32.7373962402, 41.7070159912, 4.63709068298, 9.83345031738, -9.5862493515, 18.0486850739], [-311.266693115, -13.9241628647, 175.359527588, 185.441055298, 78.0171737671, -32.7202415466, -0.52684867382, -23.8492183685, 6.40156126022, 34.5461082458, 9.93612194061, 10.4889812469, -13.3687553406], [-456.77822876, -40.2298164368, 185.441055298, 472.46496582, 205.266952515, -93.1463165283, 10.3778772354, -90.6679992676, 1.96326756477, 65.5626449585, 18.3922100067, 31.6129226685, -19.9632110596], [-226.49319458, 26.2098369598, 78.0171737671, 205.266952515, 220.928527832, 27.3807144165, 25.354642868, 2.89504909515, 5.93571233749, 43.9597244263, 9.44791412354, 24.9013004303, 33.4449081421], [36.8506393433, 31.344291687, -32.7202415466, -93.1463165283, 27.3807144165, 138.518981934, 40.3510704041, 63.2258644104, 31.8733215332, 0.294436484575, 7.67337560654, -6.68747711182, 16.275384903], [2.44707012177, 37.6774787903, -0.52684867382, 10.3778772354, 25.354642868, 40.3510704041, 71.0868682861, 35.7100334167, 8.44927215576, 7.45498657227, 3.03270530701, 8.49012565613, 7.55712080002], [27.6749210358, 32.7373962402, -23.8492183685, -90.6679992676, 2.89504909515, 63.2258644104, 35.7100334167, 105.046737671, 46.0201644897, -2.23396873474, -8.39795875549, -10.1454153061, 20.8141689301], [115.412712097, 41.7070159912, 6.40156126022, 1.96326756477, 5.93571233749, 31.8733215332, 8.44927215576, 46.0201644897, 88.0200271606, 31.9947052002, 9.53248786926, -14.7454614639, -8.83957672119], [-51.830532074, 4.63709068298, 34.5461082458, 65.5626449585, 43.9597244263, 0.294436484575, 7.45498657227, -2.23396873474, 31.9947052002, 66.4816894531, 31.5348434448, 6.59126615524, 0.923327863216], [33.5157051086, 9.83345031738, 9.93612194061, 18.3922100067, 9.44791412354, 7.67337560654, 3.03270530701, -8.39795875549, 9.53248786926, 31.5348434448, 51.4439201355, 27.9678039551, -4.95985412598], [-71.1800994873, -9.5862493515, 10.4889812469, 31.6129226685, 24.9013004303, -6.68747711182, 8.49012565613, -10.1454153061, -14.7454614639, 6.59126615524, 27.9678039551, 62.1647949219, 22.4098834991], [27.1805591583, 18.0486850739, -13.3687553406, -19.9632110596, 33.4449081421, 16.275384903, 7.55712080002, 20.8141689301, -8.83957672119, 0.923327863216, -4.95985412598, 22.4098834991, 72.2243347168]],
        "icov": [[0.000685845559929, -0.00212317029946, 0.000894682714716, -6.32453011349e-05, 0.000599100254476, 8.36479666759e-05, 0.000589004775975, 0.000597634585574, -0.000402139790822, 0.000273087032838, -0.000579039391596, 0.00037629599683, -0.000318775040796], [-0.00212317029946, 0.0129439458251, -0.00412251846865, 0.00411940645427, -0.00646181590855, 0.00394845334813, -0.00885035190731, 0.00319936336018, -0.00611551199108, 0.00577050028369, -0.00485172867775, 0.0038618221879, -0.00230723805726], [0.000894682714716, -0.00412251846865, 0.0121254827827, -0.00640468206257, 0.0034382652957, -0.00230027223006, 0.00546632241458, -0.00450554862618, 0.00387831358239, -0.00479433033615, 0.00221933610737, -0.00182500795927, 0.00207496248186], [-6.32453011349e-05, 0.00411940645427, -0.00640468206257, 0.0145658422261, -0.0130501762033, 0.0103324241936, -0.0115094119683, 0.0129360640422, -0.0115888081491, 0.00615799240768, -0.00400124629959, 0.00248227454722, 0.000483919837279], [0.000599100254476, -0.00646181590855, 0.0034382652957, -0.0130501762033, 0.0198911651969, -0.0122175402939, 0.0108008692041, -0.0104781938717, 0.0120913013816, -0.0120035624132, 0.00868586916476, -0.00571452872828, -0.00214676302858], [8.36479666759e-05, 0.00394845334813, -0.00230027223006, 0.0103324241936, -0.0122175402939, 0.0208867490292, -0.0138472681865, 0.00551101379097, -0.0120200915262, 0.0117484293878, -0.0132072558627, 0.00869771279395, -0.00300355069339], [0.000589004775975, -0.00885035190731, 0.00546632241458, -0.0115094119683, 0.0108008692041, -0.0138472681865, 0.0334529317915, -0.018465006724, 0.0167489405721, -0.0146452505141, 0.0121424412355, -0.0113902036101, 0.00636566709727], [0.000597634585574, 0.00319936336018, -0.00450554862618, 0.0129360640422, -0.0104781938717, 0.00551101379097, -0.018465006724, 0.0341792479157, -0.023629013449, 0.0130899623036, -0.00480817072093, 0.00627796119079, -0.00792795885354], [-0.000402139790822, -0.00611551199108, 0.00387831358239, -0.0115888081491, 0.0120913013816, -0.0120200915262, 0.0167489405721, -0.023629013449, 0.0363047681749, -0.0232607740909, 0.0107631888241, -0.00526426499709, 0.00847416464239], [0.000273087032838, 0.00577050028369, -0.00479433033615, 0.00615799240768, -0.0120035624132, 0.0117484293878, -0.0146452505141, 0.0130899623036, -0.0232607740909, 0.0473680272698, -0.03501399979, 0.0185038261116, -0.0116574419662], [-0.000579039391596, -0.00485172867775, 0.00221933610737, -0.00400124629959, 0.00868586916476, -0.0132072558627, 0.0121424412355, -0.00480817072093, 0.0107631888241, -0.03501399979, 0.0598970018327, -0.0335806757212, 0.016102053225], [0.00037629599683, 0.0038618221879, -0.00182500795927, 0.00248227454722, -0.00571452872828, 0.00869771279395, -0.0113902036101, 0.00627796119079, -0.00526426499709, 0.0185038261116, -0.0335806757212, 0.0396982952952, -0.0161941424012], [-0.000318775040796, -0.00230723805726, 0.00207496248186, 0.000483919837279, -0.00214676302858, -0.00300355069339, 0.00636566709727, -0.00792795885354, 0.00847416464239, -0.0116574419662, 0.016102053225, -0.0161941424012, 0.0256664417684]]
    },
    "melbands": {
        "dmean": [3.9635826397e-05, 0.000213680366869, 0.00059083889937, 0.000767991703469, 0.000683035177644, 0.000559479289223, 0.000308183429297, 0.000252763362369, 0.000161774252774, 6.63805258228e-05, 5.10759855388e-05, 1.81527593668e-05, 1.01868736238e-05, 3.71371993424e-06, 7.79322476774e-07, 3.87654495171e-07, 2.17176321371e-07, 8.1409822883e-08, 4.50053967427e-08, 3.91106489417e-08, 1.61973403578e-08, 8.69480309973e-09, 6.11369177506e-09, 4.39397895846e-09, 3.07542236122e-09, 1.94259985875e-09, 1.53754797783e-09, 1.10676767751e-09, 8.20646661737e-10, 4.81000850261e-10, 4.7271436765e-10, 2.20430687592e-10, 1.86965054549e-10, 1.55058077489e-10, 7.73532904397e-11, 6.87984114123e-11, 3.79390303895e-11, 3.19118759196e-11, 2.29656710315e-11, 1.8462108578e-11],
        "dmean2": [5.22787522641e-05, 0.000297635095194, 0.000933537434321, 0.00125779991504, 0.000932564667892, 0.000778514426202, 0.000307171372697, 0.000297226390103, 0.000168286904227, 7.43885248085e-05, 6.0079521063e-05, 2.18298373511e-05, 1.3904991647e-05, 5.19074365002e-06, 1.27092084767e-06, 6.2588947003e-07, 3.6150743199e-07, 1.37657039545e-07, 7.71811059508e-08, 6.71682656161e-08, 2.78802332332e-08, 1.47882595058e-08, 1.04386455035e-08, 7.51165973867e-09, 5.3159414648e-09, 3.43055517327e-09, 2.68739341891e-09, 1.92886995265e-09, 1.44361311794e-09, 8.41916092398e-10, 8.29083912635e-10, 3.78567427406e-10, 3.21353610389e-10, 2.67077360228e-10, 1.3208580063e-10, 1.177306308e-10, 6.57062737552e-11, 5.55253065748e-11, 4.06439396028e-11, 3.28036105224e-11],
        "dvar": [5.94804294707e-09, 1.3753026451e-07, 6.2563958636e-07, 9.82630808721e-07, 5.90355170971e-07, 6.69922940233e-07, 1.32321119395e-07, 1.85790469232e-07, 5.71239127112e-08, 2.17708411299e-08, 1.70088370055e-08, 7.01745772602e-09, 2.87086598938e-09, 4.08578226807e-10, 9.60103524461e-13, 5.30145317836e-13, 1.36974849865e-13, 1.91660127032e-14, 5.64193780738e-15, 7.77004413637e-15, 6.02982214601e-16, 9.70964521524e-17, 4.75105379239e-17, 3.07046862576e-17, 1.18419813422e-17, 5.70273699853e-18, 2.93027884137e-18, 1.48203944438e-18, 9.31140982131e-19, 3.21049113356e-19, 3.21927191425e-19, 4.52609643617e-20, 3.56847396466e-20, 3.46776020144e-20, 6.70295227287e-21, 5.86404451721e-21, 1.80752837697e-21, 1.14484432204e-21, 7.40973488934e-22, 4.75629962934e-22],
        "dvar2": [1.57112651777e-08, 3.45969510818e-07, 1.99247847377e-06, 3.3810235891e-06, 1.28680221678e-06, 2.09946756513e-06, 1.71006689698e-07, 3.90185590504e-07, 5.52382672936e-08, 2.44302977848e-08, 2.07779571326e-08, 9.11536357506e-09, 4.62715643579e-09, 6.26027563122e-10, 2.50385432873e-12, 1.41661324598e-12, 3.75673613311e-13, 5.64287996213e-14, 1.65287840923e-14, 2.27237509815e-14, 1.73927818389e-15, 2.67333153744e-16, 1.32159930252e-16, 8.65525661726e-17, 3.42104332036e-17, 1.75153112428e-17, 8.96015853434e-18, 4.51210563253e-18, 2.81348507478e-18, 9.65540632073e-19, 9.69185189852e-19, 1.32456043747e-19, 1.04189782951e-19, 1.00341014959e-19, 1.88914206325e-20, 1.65864107698e-20, 5.36069420925e-21, 3.41970520837e-21, 2.22162375618e-21, 1.45462810625e-21],
        "max": [0.00178382452577, 0.0103893205523, 0.0118979830295, 0.0164184328169, 0.0188326947391, 0.0148165104911, 0.0109897339717, 0.0121546573937, 0.00443079322577, 0.00454237265512, 0.00294544873759, 0.00281233270653, 0.00163149868604, 0.000750972016249, 1.09874345071e-05, 1.93148716789e-05, 4.9203049457e-06, 2.45582714342e-06, 1.44356135934e-06, 2.03003719434e-06, 6.26821361038e-07, 1.35007383051e-07, 8.66723794957e-08, 9.12017554811e-08, 4.38768061883e-08, 2.67067257198e-08, 2.43710474024e-08, 1.92512370489e-08, 1.29880728394e-08, 1.23420500486e-08, 1.27507755465e-08, 3.11629144711e-09, 3.19703685747e-09, 2.99514058e-09, 1.19000032051e-09, 1.76448333722e-09, 1.00843478013e-09, 5.34655819617e-10, 4.74297712216e-10, 4.68391714303e-10],
        "mean": [0.000185748605873, 0.000881666317582, 0.00173957354855, 0.00202269316651, 0.00210822513327, 0.00174840213731, 0.0011081387056, 0.000744405726437, 0.000500568770804, 0.000160494819283, 0.000112735884613, 3.5661032598e-05, 1.7506765289e-05, 5.63614139537e-06, 1.18089837997e-06, 5.72384578845e-07, 3.2107797665e-07, 1.30567983092e-07, 7.48264170625e-08, 6.87280561351e-08, 3.17450101761e-08, 1.91903470892e-08, 1.39794664733e-08, 1.01324104662e-08, 7.34490956944e-09, 4.93817697844e-09, 3.84254450481e-09, 3.15040460386e-09, 2.20859552869e-09, 1.37934008659e-09, 1.30224253603e-09, 7.09799385934e-10, 5.99447658178e-10, 4.72452299505e-10, 2.82158435505e-10, 2.30294852632e-10, 1.26107818632e-10, 9.51399861671e-11, 5.95864677044e-11, 4.16164255834e-11],
        "median": [0.000103210782981, 0.000633687479421, 0.00133840215858, 0.00156231573783, 0.00168405973818, 0.00123784563038, 0.000770165293943, 0.000441003037849, 0.000234491788433, 4.08807645726e-05, 7.78312096372e-06, 4.38680581283e-06, 1.96401742869e-06, 1.51465985709e-06, 7.26547114027e-07, 2.57337887888e-07, 1.696172518e-07, 7.96632377842e-08, 5.16953804208e-08, 4.27935518132e-08, 2.42064377431e-08, 1.60029163254e-08, 1.14503899695e-08, 8.05971023254e-09, 6.23441920311e-09, 3.56394380674e-09, 3.21903081968e-09, 2.61081600783e-09, 1.81456483173e-09, 1.16707776776e-09, 1.07505593316e-09, 6.57631782364e-10, 5.38984357146e-10, 4.0864997497e-10, 2.59589155727e-10, 2.0199492079e-10, 1.08127513887e-10, 8.22873783002e-11, 3.76831205129e-11, 2.79089928251e-11],
        "min": [1.86987979935e-24, 8.24662962974e-25, 2.23244737114e-24, 3.18323479614e-24, 3.7841263193e-24, 2.38678327408e-24, 3.75442018419e-24, 1.73616866478e-24, 2.35773011858e-24, 3.86972956043e-24, 3.03637966117e-24, 3.62754097949e-24, 2.6015814211e-24, 5.2559964069e-24, 3.9494904977e-24, 5.37717964143e-24, 5.31035917846e-24, 4.86065048121e-24, 5.21668746799e-24, 5.00075296683e-24, 5.56611380039e-24, 5.80946161243e-24, 5.83468307329e-24, 4.29775799342e-24, 5.25453583093e-24, 5.98669459758e-24, 4.61439611116e-24, 5.00757109164e-24, 7.23768599829e-24, 3.31866919737e-24, 6.10151093575e-24, 6.40820151747e-24, 5.30420645783e-24, 7.97925074794e-24, 7.31163303069e-24, 8.11390062699e-24, 7.58538433088e-24, 7.859601059e-24, 6.45936585249e-24, 6.70688673872e-24],
        "var": [5.091512989e-08, 8.28167060263e-07, 2.10726625482e-06, 2.80625795313e-06, 2.864687076e-06, 2.73288469543e-06, 1.11703923267e-06, 8.65087258717e-07, 4.57228594541e-07, 9.71704778863e-08, 7.29835605284e-08, 2.5114026414e-08, 7.99907429183e-09, 9.42105171653e-10, 1.58969170293e-12, 7.79705889697e-13, 1.99198242536e-13, 2.62486209932e-14, 7.91789881951e-15, 1.15599329696e-14, 8.94678974054e-16, 1.9869185363e-16, 1.012717621e-16, 6.94957843044e-17, 2.47763109316e-17, 1.60776349422e-17, 6.72902949711e-18, 4.90358250591e-18, 2.77778313236e-18, 9.67185894311e-19, 9.60767903336e-19, 1.4445055037e-19, 1.36704714792e-19, 1.15330199742e-19, 3.5661830621e-20, 2.94857415074e-20, 9.24197912413e-21, 5.05536278123e-21, 3.3047874858e-21, 1.75659618478e-21]
    },
    "mfcc": {
        "mean": [-854.68359375, 268.789581299, 72.9966430664, 6.16429185867, -9.45858001709, -20.5230331421, -16.0954818726, -13.4078979492, -10.8445968628, -6.99162149429, -5.11364412308, -2.59911465645, -3.10393452644],
        "cov": [[1118.81115723, 898.714538574, -67.6170120239, -252.979690552, -129.015930176, -82.128074646, -24.6954364777, 28.9544410706, 59.1737098694, 61.3430862427, 28.7537155151, 8.11991596222, 5.75480890274], [898.714538574, 783.987060547, 9.15510559082, -224.104568481, -116.550971985, -64.4480667114, -27.8005027771, 32.9166488647, 56.3389930725, 56.5484619141, 38.3861923218, 10.8427495956, -0.465337514877], [-67.6170120239, 9.15510559082, 157.007064819, 142.540512085, 53.3640632629, 24.4396629333, 7.83637285233, -18.9293041229, -21.6776695251, -10.2631292343, 14.3818082809, 30.2255020142, 16.0783367157], [-252.979690552, -224.104568481, 142.540512085, 353.092834473, 199.229370117, 71.934387207, 33.7583770752, -41.555103302, -47.5194358826, -27.1430206299, -5.21290636063, 42.7578544617, 42.0187110901], [-129.015930176, -116.550971985, 53.3640632629, 199.229370117, 191.807373047, 97.0156021118, 27.7914142609, -2.96262383461, 3.05389523506, 11.2709350586, 10.2772016525, 25.1429405212, 30.3051071167], [-82.128074646, -64.4480667114, 24.4396629333, 71.934387207, 97.0156021118, 101.529678345, 51.2384757996, 1.85211753845, 5.61991214752, 16.2317409515, 11.1912345886, 13.5204277039, 21.3446044922], [-24.6954364777, -27.8005027771, 7.83637285233, 33.7583770752, 27.7914142609, 51.2384757996, 68.8871841431, 31.6921958923, 1.49957811832, -1.55201876163, -3.17675757408, 2.23626923561, 14.3792304993], [28.9544410706, 32.9166488647, -18.9293041229, -41.555103302, -2.96262383461, 1.85211753845, 31.6921958923, 84.5270767212, 56.9956932068, 9.75245857239, -1.55484294891, -5.92296648026, 0.379595786333], [59.1737098694, 56.3389930725, -21.6776695251, -47.5194358826, 3.05389523506, 5.61991214752, 1.49957811832, 56.9956932068, 91.7257766724, 60.5953636169, 8.76472377777, -10.8371953964, -2.23702192307], [61.3430862427, 56.5484619141, -10.2631292343, -27.1430206299, 11.2709350586, 16.2317409515, -1.55201876163, 9.75245857239, 60.5953636169, 92.5899810791, 46.1672515869, -5.78360271454, -10.3018989563], [28.7537155151, 38.3861923218, 14.3818082809, -5.21290636063, 10.2772016525, 11.1912345886, -3.17675757408, -1.55484294891, 8.76472377777, 46.1672515869, 77.8171768188, 47.5664215088, 0.285831987858], [8.11991596222, 10.8427495956, 30.2255020142, 42.7578544617, 25.1429405212, 13.5204277039, 2.23626923561, -5.92296648026, -10.8371953964, -5.78360271454, 47.5664215088, 88.3600692749, 51.0133476257], [5.75480890274, -0.465337514877, 16.0783367157, 42.0187110901, 30.3051071167, 21.3446044922, 14.3792304993, 0.379595786333, -2.23702192307, -10.3018989563, 0.285831987858, 51.0133476257, 76.6377182007]],
