{
"lowlevel": {
    "average_loudness": 0.691435694695,
    "barkbands_crest": {
        "dmean": 1.83050084114,
        "dmean2": 2.98084378242,
        "dvar": 4.46597671509,
        "dvar2": 12.2161741257,
        "max": 25.6086406708,
        "mean": 11.1469964981,
        "median": 10.2581110001,
        "min": 3.06286025047,
        "var": 18.1221370697
    },
    "barkbands_flatness_db": {
        "dmean": 0.0175919476897,
        "dmean2": 0.0275640133768,
        "dvar": 0.000469777849503,
        "dvar2": 0.00121364882216,
        "max": 0.61107814312,
        "mean": 0.196694388986,
        "median": 0.180218428373,
        "min": 0.0449133776128,
        "var": 0.00589857622981
    },
    "barkbands_kurtosis": {
        "dmean": 3.69804000854,
        "dmean2": 5.94531869888,
        "dvar": 46.1387367249,
        "dvar2": 121.68585968,
        "max": 144.209442139,
        "mean": 10.8915548325,
        "median": 6.62050914764,
        "min": -1.92934679985,
        "var": 165.520385742
    },
    "barkbands_skewness": {
        "dmean": 0.44248971343,
        "dmean2": 0.697583973408,
        "dvar": 0.355063259602,
        "dvar2": 0.904414415359,
        "max": 10.0124444962,
        "mean": 2.42998957634,
        "median": 2.25319814682,
        "min": -4.72174358368,
        "var": 1.67077684402
    },
    "barkbands_spread": {
        "dmean": 2.87084746361,
        "dmean2": 4.51883983612,
        "dvar": 25.3359851837,
        "dvar2": 59.6499099731,
        "max": 100.582717896,
        "mean": 11.9386072159,
        "median": 10.3846874237,
        "min": 0.434761762619,
        "var": 80.1706390381
    },
    "dissonance": {
        "dmean": 0.0210534427315,
        "dmean2": 0.0349616035819,
        "dvar": 0.000402585283155,
        "dvar2": 0.00105182535481,
        "max": 0.499999910593,
        "mean": 0.428594946861,
        "median": 0.437798202038,
        "min": 0.193227723241,
        "var": 0.0019134139875
    },
    "dynamic_complexity": 3.78774929047,
    "erbbands_crest": {
        "dmean": 1.84403634071,
        "dmean2": 2.85659217834,
        "dvar": 4.26838207245,
        "dvar2": 10.861330986,
        "max": 31.3113536835,
        "mean": 11.586725235,
        "median": 10.5682506561,
        "min": 2.39624118805,
        "var": 25.4209766388
    },
    "erbbands_flatness_db": {
        "dmean": 0.012941875495,
        "dmean2": 0.0187419019639,
        "dvar": 0.000278762920061,
        "dvar2": 0.000584098510444,
        "max": 0.469671398401,
        "mean": 0.191407755017,
        "median": 0.179415926337,
        "min": 0.0471522584558,
        "var": 0.00394446821883
    },
    "erbbands_kurtosis": {
        "dmean": 0.980870008469,
        "dmean2": 1.4890743494,
        "dvar": 2.86011815071,
        "dvar2": 6.5122294426,
        "max": 43.7620620728,
        "mean": 1.66965651512,
        "median": 0.240081787109,
        "min": -1.84052705765,
        "var": 18.4427032471
    },
    "erbbands_skewness": {
        "dmean": 0.290749579668,
        "dmean2": 0.441641777754,
        "dvar": 0.112922564149,
        "dvar2": 0.262942641973,
        "max": 5.42480516434,
        "mean": 1.04138684273,
        "median": 0.93870216608,
        "min": -4.17542123795,
        "var": 0.840769171715
    },
    "erbbands_spread": {
        "dmean": 5.76222896576,
        "dmean2": 8.59005641937,
        "dvar": 71.6013946533,
        "dvar2": 159.760986328,
        "max": 162.602981567,
        "mean": 36.8967552185,
        "median": 34.3548278809,
        "min": 1.77952873707,
        "var": 353.681213379
    },
    "hfc": {
        "dmean": 2.31309628487,
        "dmean2": 3.30319356918,
        "dvar": 16.253320694,
        "dvar2": 33.3808097839,
        "max": 93.0400924683,
        "mean": 12.4918279648,
        "median": 8.33710384369,
        "min": 1.1013596851e-16,
        "var": 128.012298584
    },
    "melbands_crest": {
        "dmean": 2.44712972641,
        "dmean2": 4.01964855194,
        "dvar": 8.90669822693,
        "dvar2": 24.371471405,
        "max": 33.7977828979,
        "mean": 14.1406755447,
        "median": 13.2367563248,
        "min": 1.00244522095,
        "var": 24.8376674652
    },
    "melbands_flatness_db": {
        "dmean": 0.0203805454075,
        "dmean2": 0.031636621803,
        "dvar": 0.000691108172759,
        "dvar2": 0.00173716875724,
        "max": 0.774783194065,
        "mean": 0.275936305523,
        "median": 0.258027017117,
        "min": -3.71031262603e-07,
        "var": 0.00776246981695
    },
    "melbands_kurtosis": {
        "dmean": 7.13276052475,
        "dmean2": 11.514292717,
        "dvar": 247.385269165,
        "dvar2": 648.00012207,
        "max": 365.590087891,
        "mean": 21.4703540802,
        "median": 14.7599983215,
        "min": -1.87906432152,
        "var": 528.746032715
    },
    "melbands_skewness": {
        "dmean": 0.57093089819,
        "dmean2": 0.886937081814,
        "dvar": 0.668341398239,
        "dvar2": 1.61756920815,
        "max": 15.7750825882,
        "mean": 3.16936635971,
        "median": 2.95114040375,
        "min": -1.00217533112,
        "var": 2.83964562416
    },
    "melbands_spread": {
        "dmean": 2.74669289589,
        "dmean2": 4.320748806,
        "dvar": 35.6567153931,
        "dvar2": 76.9355926514,
        "max": 281.761627197,
        "mean": 11.9016141891,
        "median": 9.69612979889,
        "min": 0.673455834389,
        "var": 151.712478638
    },
    "pitch_salience": {
        "dmean": 0.0515916533768,
        "dmean2": 0.084997870028,
        "dvar": 0.00348623166792,
        "dvar2": 0.00935799907893,
        "max": 0.996044278145,
        "mean": 0.535937845707,
        "median": 0.544653713703,
        "min": 0.0961884334683,
        "var": 0.0107265925035
    },
    "silence_rate_20dB": {
        "dmean": 0,
        "dmean2": 0,
        "dvar": 0,
        "dvar2": 0,
        "max": 1,
        "mean": 1,
        "median": 1,
        "min": 1,
        "var": 0
    },
    "silence_rate_30dB": {
        "dmean": 0.0036348386202,
        "dmean2": 0.00727018527687,
        "dvar": 0.0036212571431,
        "dvar2": 0.0104317935184,
        "max": 1,
        "mean": 0.997973024845,
        "median": 1,
        "min": 0,
        "var": 0.00202276650816
    },
    "silence_rate_60dB": {
        "dmean": 0.0110443169251,
        "dmean2": 0.022090177983,
        "dvar": 0.0109224300832,
        "dvar2": 0.0248181503266,
        "max": 1,
        "mean": 0.0780037716031,
        "median": 0,
        "min": 0,
        "var": 0.0719286724925
    },
    "spectral_centroid": {
        "dmean": 127.323127747,
        "dmean2": 197.259887695,
        "dvar": 44852.5976562,
        "dvar2": 97935.15625,
        "max": 11753.7050781,
        "mean": 796.943664551,
        "median": 699.936401367,
        "min": 156.979522705,
        "var": 481159.71875
    },
    "spectral_complexity": {
        "dmean": 1.84342229366,
        "dmean2": 2.9455435276,
        "dvar": 5.74751853943,
        "dvar2": 12.6466150284,
        "max": 48,
        "mean": 13.0615777969,
        "median": 11,
        "min": 0,
        "var": 58.2626686096
    },
    "spectral_decrease": {
        "dmean": 1.80385095749e-09,
        "dmean2": 2.83001377888e-09,
        "dvar": 1.34074545659e-17,
        "dvar2": 3.25438528665e-17,
        "max": 1.17438398781e-19,
        "mean": -6.67300881219e-09,
        "median": -4.93498131249e-09,
        "min": -5.05617130386e-08,
        "var": 3.37115109453e-17
    },
    "spectral_energy": {
        "dmean": 0.00695345457643,
        "dmean2": 0.0108576538041,
        "dvar": 0.000195559958229,
        "dvar2": 0.000471437524538,
        "max": 0.192361310124,
        "mean": 0.0263186357915,
        "median": 0.0194595009089,
        "min": 1.00387002647e-20,
        "var": 0.000517904991284
    },
    "spectral_energyband_high": {
        "dmean": 0.000102999692899,
        "dmean2": 0.00015301645908,
        "dvar": 8.16418719296e-08,
        "dvar2": 1.78260464168e-07,
        "max": 0.0131862647831,
        "mean": 0.000267896859441,
        "median": 0.000121377808682,
        "min": 7.26421451332e-21,
        "var": 1.96001707309e-07
    },
    "spectral_energyband_low": {
        "dmean": 0.00336753483862,
        "dmean2": 0.00558398663998,
        "dvar": 0.00011594575335,
        "dvar2": 0.0002978387638,
        "max": 0.184223696589,
        "mean": 0.00726922368631,
        "median": 0.00328506482765,
        "min": 8.8885825463e-24,
        "var": 0.000137009148602
    },
    "spectral_energyband_middle_high": {
        "dmean": 0.000520862580743,
        "dmean2": 0.000761263945606,
        "dvar": 8.00875170626e-07,
        "dvar2": 1.76789205852e-06,
        "max": 0.0212712381035,
        "mean": 0.00246128556319,
        "median": 0.00130821764469,
        "min": 1.25875432214e-21,
        "var": 7.64725245972e-06
    },
    "spectral_energyband_middle_low": {
        "dmean": 0.00485600205138,
        "dmean2": 0.00765111343935,
        "dvar": 0.000101765559521,
        "dvar2": 0.000252823287155,
        "max": 0.14161786437,
        "mean": 0.0178536660969,
        "median": 0.0139222042635,
        "min": 1.63264773403e-22,
        "var": 0.000241396555793
    },
    "spectral_entropy": {
        "dmean": 0.162984266877,
        "dmean2": 0.245146557689,
        "dvar": 0.0480162464082,
        "dvar2": 0.10949947685,
        "max": 9.82059574127,
        "mean": 6.85660982132,
        "median": 6.99779939651,
        "min": 4.0538277626,
        "var": 0.485926300287
    },
    "spectral_flux": {
        "dmean": 0.0200941972435,
        "dmean2": 0.0316059887409,
        "dvar": 0.0010113833705,
        "dvar2": 0.00217835046351,
        "max": 0.365531206131,
        "mean": 0.0544566065073,
        "median": 0.0428614616394,
        "min": 6.43413725077e-11,
        "var": 0.00235511199571
    },
    "spectral_kurtosis": {
        "dmean": 3.53574037552,
        "dmean2": 6.1334400177,
        "dvar": 48.4245452881,
        "dvar2": 142.852554321,
        "max": 305.303070068,
        "mean": 9.24161434174,
        "median": 5.3490228653,
        "min": -1.27159237862,
        "var": 210.770599365
    },
    "spectral_rms": {
        "dmean": 0.000578609586228,
        "dmean2": 0.000876968901139,
        "dvar": 8.59721353663e-07,
        "dvar2": 1.92682546185e-06,
        "max": 0.0136992549524,
        "mean": 0.0045936377719,
        "median": 0.00435716426,
        "min": 3.12951335853e-12,
        "var": 4.57512032881e-06
    },
    "spectral_rolloff": {
        "dmean": 174.78604126,
        "dmean2": 302.378479004,
        "dvar": 326575.875,
        "dvar2": 705414.0625,
        "max": 19573.6816406,
        "mean": 738.689758301,
        "median": 495.263671875,
        "min": 64.599609375,
        "var": 1763304.625
    },
    "spectral_skewness": {
        "dmean": 0.328891903162,
        "dmean2": 0.550869703293,
        "dvar": 0.18603515625,
        "dvar2": 0.498822689056,
        "max": 14.6226072311,
        "mean": 2.04268813133,
        "median": 1.77108764648,
        "min": -0.25437900424,
        "var": 1.11751317978
    },
    "spectral_spread": {
        "dmean": 427543.625,
        "dmean2": 644560.4375,
        "dvar": 568491638784,
        "dvar2": 1.06109357261e+12,
        "max": 42340968,
        "mean": 4101563.5,
        "median": 3758452.25,
        "min": 308369.46875,
        "var": 6.74152579072e+12
    },
    "spectral_strongpeak": {
        "dmean": 0.328043729067,
        "dmean2": 0.561042368412,
        "dvar": 0.267485588789,
        "dvar2": 0.675875484943,
        "max": 6.239985466,
        "mean": 0.967653989792,
        "median": 0.63479501009,
        "min": 0,
        "var": 0.923273324966
    },
    "zerocrossingrate": {
        "dmean": 0.00577141903341,
        "dmean2": 0.00717853661627,
        "dvar": 8.24365270091e-05,
        "dvar2": 9.36641954468e-05,
        "max": 0.52880859375,
        "mean": 0.0376518182456,
        "median": 0.033203125,
        "min": 0.00537109375,
        "var": 0.00126678321976
    },
    "barkbands": {
        "dmean": [0.000421877979534, 0.00228780182078, 0.000735076318961, 0.00199776445515, 0.0027112653479, 0.000570725940634, 0.000688094412908, 0.000397138937842, 0.000390735745896, 9.12913819775e-05, 0.000159486880875, 0.000133660942083, 6.72406604281e-05, 6.10616480117e-05, 7.74162763264e-05, 7.91792699602e-05, 0.000152042877744, 9.40508762142e-05, 7.2987168096e-05, 3.92542133341e-05, 2.73571276921e-05, 2.67633495241e-05, 1.84779146366e-05, 1.66907229868e-05, 1.40345709951e-05, 6.16278566667e-06, 2.50308175964e-06],
        "dmean2": [0.000728368700948, 0.00394450454041, 0.00121986970771, 0.00324417487718, 0.00441372720525, 0.000874806893989, 0.00101132981945, 0.000564775604289, 0.000522815273143, 0.000130694854306, 0.000221216920181, 0.000190484250197, 0.000100739416666, 9.36036085477e-05, 0.000120576674817, 0.000128829793539, 0.000239565299125, 0.000149000508827, 0.000117686446174, 6.39901627437e-05, 4.27695013059e-05, 4.11089749832e-05, 2.95481149806e-05, 2.61922323261e-05, 2.08893088711e-05, 9.48236174736e-06, 4.16820876126e-06],
        "dvar": [4.37922608398e-06, 8.70516596478e-05, 3.28693613483e-06, 2.5707140594e-05, 3.59682708222e-05, 1.05197466382e-06, 2.59900525634e-06, 1.09456300379e-06, 1.71590886566e-06, 6.95462816225e-08, 1.48744916828e-07, 1.22181305073e-07, 3.78353099961e-08, 2.55372967217e-08, 3.55717055811e-08, 4.27454764917e-08, 9.52894865236e-08, 3.83195093434e-08, 3.01654807799e-08, 1.09660263092e-08, 6.10767303399e-09, 6.55506271485e-09, 4.17761514271e-09, 3.93748633698e-09, 2.80355982873e-09, 6.26412977045e-10, 2.22940887973e-10],
        "dvar2": [1.15604652819e-05, 0.000235574087128, 8.70899293659e-06, 6.51300142636e-05, 9.36186261242e-05, 2.52238760368e-06, 5.95357323618e-06, 2.28387921197e-06, 3.00999022329e-06, 1.47857349475e-07, 2.85244567522e-07, 2.59068031028e-07, 8.01881299139e-08, 5.62592674669e-08, 8.06986193425e-08, 1.19815211974e-07, 2.37680737314e-07, 9.49914067405e-08, 7.71460690885e-08, 2.90145312221e-08, 1.39295632806e-08, 1.41101015316e-08, 9.75584946161e-09, 8.37200797577e-09, 5.64707436368e-09, 1.5555100541e-09, 5.85936910102e-10],
        "max": [0.0300713144243, 0.151289656758, 0.0419627502561, 0.0773347169161, 0.10425144434, 0.0287766288966, 0.0328414440155, 0.0270316936076, 0.0495977774262, 0.00836044829339, 0.016073262319, 0.0115297762677, 0.00649949535728, 0.00568994879723, 0.00593772158027, 0.0062070065178, 0.00701208598912, 0.0042253206484, 0.00353021523915, 0.00271367444657, 0.00509950052947, 0.00392061145976, 0.00295092933811, 0.00330425077118, 0.00263035087846, 0.000486549368361, 0.000505792966578],
        "mean": [0.000312307121931, 0.00361158396117, 0.00182924175169, 0.00401676911861, 0.00633776281029, 0.00199843244627, 0.00189045118168, 0.00159868120681, 0.00197640946135, 0.000274118006928, 0.000499662011862, 0.000357696961146, 0.000143780998769, 0.000107015679532, 0.000159707939019, 0.000164203112945, 0.000351840018993, 0.000201988354092, 0.000171061954461, 8.18850239739e-05, 5.97460275458e-05, 6.86704152031e-05, 3.62294304068e-05, 3.1562638469e-05, 2.56466228166e-05, 9.389384104e-06, 2.77194772025e-06],
        "median": [5.26054282091e-06, 0.00135301786941, 0.00063066201983, 0.00174818048254, 0.00444462895393, 0.00122807233129, 0.000702840159647, 0.000274491700111, 0.000133398061735, 5.0911843573e-05, 0.000118567426398, 0.000106077175587, 3.85972161894e-05, 2.50262382906e-05, 4.48570644949e-05, 5.65733244002e-05, 0.000122076788102, 6.58954450046e-05, 6.80794473737e-05, 2.41776833718e-05, 2.17790875467e-05, 2.30990808632e-05, 1.05791050373e-05, 7.53423228161e-06, 5.02804050484e-06, 1.23092581816e-06, 2.03872218663e-07],
        "min": [8.95507504036e-25, 3.42539971126e-24, 2.01147954298e-24, 7.6927822211e-25, 6.7420636242e-24, 1.0138729077e-23, 6.75082234684e-24, 8.9032742918e-24, 2.31057548466e-23, 2.5062819356e-23, 2.05155584633e-23, 2.43149807955e-23, 3.17878727725e-23, 4.13511577958e-23, 4.23806433652e-23, 5.76033553622e-23, 1.0364816928e-22, 9.94373559854e-23, 1.27114244233e-22, 2.16563523064e-22, 2.169208455e-22, 2.47239483769e-22, 4.77174817644e-22, 5.8671844108e-22, 9.06637005333e-22, 1.41515375899e-21, 1.98032955733e-21],
        "var": [3.08308040076e-06, 6.88632135279e-05, 8.16945703264e-06, 3.87013424188e-05, 5.02001712448e-05, 5.79738070883e-06, 7.86124019214e-06, 9.7609936347e-06, 2.70050077233e-05, 3.92231413571e-07, 1.0948660929e-06, 5.92334515659e-07, 1.27245371573e-07, 5.53313341811e-08, 1.10770351114e-07, 8.80309940499e-08, 2.81434779481e-07, 1.02931565493e-07, 6.84099106252e-08, 1.97327310048e-08, 1.27025314711e-08, 1.58594914978e-08, 6.732858715e-09, 8.25933277326e-09, 6.31702468112e-09, 7.27703119985e-10, 1.99225455577e-10]
    },
    "erbbands": {
        "dmean": [0.0989583656192, 0.401830017567, 0.713503599167, 3.4495382309, 10.6882743835, 8.82742404938, 5.79637241364, 3.86627244949, 4.73765039444, 14.4283943176, 9.87505531311, 8.85062408447, 2.77244830132, 4.89400529861, 4.90016365051, 4.97139310837, 3.02441573143, 3.09846329689, 3.10822534561, 3.89876127243, 5.23239040375, 8.46472835541, 5.18241214752, 4.2190527916, 2.80143117905, 1.66322445869, 1.26128053665, 1.00143039227, 1.04162144661, 0.699973583221, 0.486044198275, 0.354998767376, 0.271921008825, 0.182696953416, 0.0880040824413, 0.0376514047384, 0.0087359873578, 0.00230054697022, 0.000407908781199, 3.20276631101e-05],
        "dmean2": [0.175199538469, 0.691773712635, 1.19013607502, 5.64197301865, 17.4364204407, 14.3350572586, 8.91262817383, 5.90053844452, 7.15597581863, 21.2105712891, 13.2897348404, 11.694483757, 3.73814845085, 6.82856941223, 6.79414749146, 6.98500776291, 4.37146520615, 4.77536058426, 4.68867921829, 6.08429670334, 8.53781223297, 13.2580089569, 8.13916301727, 6.82061672211, 4.45625591278, 2.6926445961, 1.99417364597, 1.54411244392, 1.58690106869, 1.10607624054, 0.771169304848, 0.56866556406, 0.423098415136, 0.275082439184, 0.132357865572, 0.0573803149164, 0.0137476101518, 0.00373492110521, 0.00067502935417, 5.21371803188e-05],
        "dvar": [0.214452072978, 2.17124629021, 3.22200536728, 64.2963027954, 1008.47363281, 225.25440979, 124.900466919, 57.1819000244, 183.623062134, 1142.30212402, 756.71105957, 911.944458008, 96.3552932739, 123.11315918, 154.550811768, 181.370803833, 63.1781234741, 68.7741928101, 83.1674194336, 72.8546447754, 186.390625, 330.583526611, 114.014533997, 98.4082107544, 49.3100090027, 16.9294872284, 11.1187810898, 9.51976108551, 8.9875535965, 5.92630815506, 2.83456206322, 1.4116281271, 1.33648526669, 0.601900756359, 0.103946685791, 0.0228188503534, 0.00133692496456, 0.000151514061145, 5.98633005211e-06, 2.76371920904e-08],
        "dvar2": [0.586137771606, 5.99670219421, 8.7173910141, 162.389007568, 2565.12231445, 623.128112793, 306.621704102, 136.880493164, 432.211578369, 2598.94262695, 1443.55114746, 1651.75183105, 162.948760986, 250.009262085, 280.731628418, 362.553100586, 122.35244751, 161.235824585, 174.510070801, 167.065414429, 534.916687012, 801.499084473, 279.552368164, 254.834197998, 126.07106781, 44.7535896301, 27.0062179565, 21.0198879242, 18.9101371765, 12.6147947311, 6.56827735901, 3.16195392609, 2.81961774826, 1.17045962811, 0.222606852651, 0.0562536530197, 0.00341289793141, 0.000389074353734, 1.56532842084e-05, 7.34164018468e-08],
        "max": [7.49774169922, 21.7467155457, 39.6626091003, 144.816375732, 457.483123779, 328.646942139, 330.973907471, 273.936096191, 342.236022949, 908.087402344, 853.175842285, 1282.18591309, 650.603820801, 326.015411377, 475.213623047, 553.670776367, 334.554504395, 222.386322021, 313.353485107, 236.678588867, 429.088928223, 429.785980225, 278.704925537, 207.091186523, 143.393463135, 84.9877471924, 189.45199585, 178.791275024, 153.479309082, 124.107421875, 89.1325759888, 44.7722206116, 77.333152771, 50.7071723938, 11.2551927567, 3.38089561462, 0.809885084629, 0.42842400074, 0.0825065895915, 0.00389578030445],
        "mean": [0.122244872153, 0.75221914053, 1.87059354782, 7.97273445129, 19.2787799835, 21.7553272247, 19.634973526, 13.8536224365, 12.9045858383, 42.8812217712, 48.94871521, 46.1864356995, 9.25026798248, 17.6529903412, 15.3147649765, 14.2177791595, 7.81220293045, 6.07830476761, 6.83004665375, 8.3808221817, 11.9868421555, 20.0358867645, 12.4087018967, 10.1587791443, 6.70012807846, 3.73236751556, 2.64381790161, 2.34470844269, 2.68125200272, 1.5422475338, 0.957772374153, 0.668524682522, 0.504210412502, 0.339893966913, 0.151892110705, 0.0582158714533, 0.0130515107885, 0.00295827467926, 0.000471193547128, 5.64749861951e-05],
        "median": [0.027305284515, 0.332333624363, 0.833784341812, 3.67738509178, 11.5815248489, 14.2559480667, 9.69772911072, 9.09387493134, 6.61930418015, 15.9186239243, 6.55345439911, 3.44031763077, 2.05251765251, 4.96649932861, 5.20365381241, 4.33877468109, 2.45123672485, 1.57885706425, 1.31284093857, 2.95291352272, 4.80711174011, 7.14227151871, 4.50958967209, 4.03162193298, 2.43147444725, 1.18234610558, 0.840353131294, 0.919653296471, 0.854632079601, 0.507019579411, 0.266153246164, 0.17660240829, 0.109118118882, 0.0690353140235, 0.026282498613, 0.00890889391303, 0.00152201310266, 0.000299421400996, 4.64575459773e-05, 2.69210904662e-05],
        "min": [1.11533837458e-22, 7.14059574331e-22, 1.57160459171e-21, 8.85092948955e-21, 7.32612058112e-21, 2.41261879026e-20, 3.45661071151e-20, 9.93838571301e-20, 8.35616626955e-20, 2.83087571998e-19, 3.91893177863e-19, 2.97665389523e-19, 9.3935333465e-19, 7.61493217833e-19, 1.08980683812e-18, 1.29572290507e-18, 2.19152838579e-18, 2.15353349871e-18, 2.60955486169e-18, 2.52915042461e-18, 4.7367083299e-18, 5.11317931978e-18, 5.69648392669e-18, 7.49305114758e-18, 5.41610774935e-18, 9.01290949636e-18, 7.80829546929e-18, 9.69530620476e-18, 7.52161948439e-18, 1.38796142226e-17, 1.32092596096e-17, 1.06083283126e-17, 1.06816322313e-17, 8.34546242318e-18, 6.65856653022e-18, 4.97638970265e-18, 2.51081058966e-18, 9.99088182586e-19, 2.67660627724e-19, 2.95789318044e-20],
        "var": [0.149265751243, 1.94965696335, 7.2743768692, 127.853515625, 1041.13964844, 554.513061523, 869.699768066, 228.560592651, 421.076812744, 3982.57739258, 8850.046875, 16344.6259766, 572.762084961, 941.859741211, 943.757629395, 991.263671875, 268.028991699, 158.118179321, 306.112335205, 217.963485718, 380.924926758, 938.771850586, 358.304595947, 237.986068726, 108.767776489, 36.0155181885, 22.7798748016, 21.829416275, 23.8650684357, 11.3353748322, 4.64496850967, 2.74427890778, 2.72451448441, 1.39276564121, 0.195825457573, 0.026770465076, 0.00149578705896, 0.000150692503667, 5.53493555344e-06, 2.34085693052e-08]
    },
    "gfcc": {
        "mean": [-57.3454475403, 126.499313354, -103.176139832, 33.8854179382, -53.2401313782, -9.93905925751, -42.0758895874, 1.49662292004, -23.5498943329, -11.1715154648, -13.8747034073, 0.723215222359, -9.4628534317],
        "cov": [[15978.5546875, -2026.85095215, -842.861450195, 531.65625, -897.638000488, 1562.56811523, 217.779785156, 963.74609375, 52.747631073, 344.578369141, -334.608123779, 150.758346558, -520.635742188], [-2026.85095215, 1857.71325684, -329.504272461, -69.1802978516, 435.479522705, -615.116088867, 220.691482544, -206.913604736, 84.777053833, -198.005340576, 212.86126709, -101.467796326, 146.208465576], [-842.861450195, -329.504272461, 808.574401855, 69.0500946045, 57.4512825012, 202.23387146, -106.624832153, 70.5983657837, -31.2740726471, 58.6277008057, 13.4543275833, 40.8392562866, 35.2401580811], [531.65625, -69.1802978516, 69.0500946045, 384.130645752, 95.9242858887, 35.4465789795, -18.5361785889, 39.220035553, 25.2329025269, 46.4495697021, 32.0766372681, -12.1468496323, 45.2375488281], [-897.638000488, 435.479522705, 57.4512825012, 95.9242858887, 417.404785156, -166.935241699, 15.7678031921, -19.121465683, 8.3110332489, -4.12866401672, 109.352783203, -25.2254695892, 101.356773376], [1562.56811523, -615.116088867, 202.23387146, 35.4465789795, -166.935241699, 583.856933594, 9.64939498901, 147.026489258, -1.0464861393, 60.7406578064, -70.8432006836, 66.2037887573, -65.136100769], [217.779785156, 220.691482544, -106.624832153, -18.5361785889, 15.7678031921, 9.64939498901, 305.525817871, 82.2644195557, 39.9990653992, -16.0982666016, 24.6015052795, -1.69332122803, -44.2984924316], [963.74609375, -206.913604736, 70.5983657837, 39.220035553, -19.121465683, 147.026489258, 82.2644195557, 243.834320068, 36.9574203491, 68.9925842285, 11.2284269333, 9.1975812912, -41.7178649902], [52.747631073, 84.777053833, -31.2740726471, 25.2329025269, 8.3110332489, -1.0464861393, 39.9990653992, 36.9574203491, 130.531982422, 39.0776405334, 2.44559454918, -13.7783079147, -22.2722454071], [344.578369141, -198.005340576, 58.6277008057, 46.4495697021, -4.12866401672, 60.7406578064, -16.0982666016, 68.9925842285, 39.0776405334, 142.840820312, 17.0914268494, -3.32712888718, -22.4427375793], [-334.608123779, 212.86126709, 13.4543275833, 32.0766372681, 109.352783203, -70.8432006836, 24.6015052795, 11.2284269333, 2.44559454918, 17.0914268494, 123.629692078, 9.52850532532, 34.9498939514], [150.758346558, -101.467796326, 40.8392562866, -12.1468496323, -25.2254695892, 66.2037887573, -1.69332122803, 9.1975812912, -13.7783079147, -3.32712888718, 9.52850532532, 88.1309661865, 20.422908783], [-520.635742188, 146.208465576, 35.2401580811, 45.2375488281, 101.356773376, -65.136100769, -44.2984924316, -41.7178649902, -22.2722454071, -22.4427375793, 34.9498939514, 20.422908783, 130.511520386]],
        "icov": [[0.000199608388357, -0.000203704548767, 0.000387165113352, -0.000409858301282, 0.000164293349371, -0.000421026546974, 0.000271106284345, -0.000717004353646, 0.000464540236862, -0.00034065649379, 0.000499795365613, -0.000490437611006, 0.00055071542738], [-0.000203704548767, 0.00240082596429, -0.000205754753551, 0.00101892568637, -0.0010180574609, 0.00120245560538, -0.00158512487542, 0.0017901037354, -0.00251459749416, 0.00282518286258, -0.00319118564948, 0.00242197490297, -0.00184261077084], [0.000387165113352, -0.000205754753551, 0.00234475592151, -0.000770384736825, -0.000188608362805, -0.00130854581948, 0.00100644154008, -0.0016322840238, 0.00107363867573, -0.000755711458623, 0.000661494093947, -0.0010833471315, 0.00076779036317], [-0.000409858301282, 0.00101892568637, -0.000770384736825, 0.00412046164274, -0.00106464198325, 0.000628841749858, -0.000745521683712, 0.00147672987077, -0.0019688794855, 0.000695001566783, -0.0020148511976, 0.00241359090433, -0.00269165029749], [0.000164293349371, -0.0010180574609, -0.000188608362805, -0.00106464198325, 0.00466787302867, -4.5426269935e-05, 0.000243578193476, -0.00103734619915, 0.000799282046501, -0.00101167918183, -0.00110597058665, 0.000525621930137, -0.00150450633373], [-0.000421026546974, 0.00120245560538, -0.00130854581948, 0.000628841749858, -4.5426269935e-05, 0.00413076207042, -0.00112881383393, 0.000631963135675, -0.00134230637923, 0.00111865671352, -0.000527304247953, -0.000326590030454, -0.000819931272417], [0.000271106284345, -0.00158512487542, 0.00100644154008, -0.000745521683712, 0.000243578193476, -0.00112881383393, 0.00566438492388, -0.00329934014007, 0.000821205205284, -0.000233135564486, 0.00116925337352, -0.00221044872887, 0.00309220631607], [-0.000717004353646, 0.0017901037354, -0.0016322840238, 0.00147672987077, -0.00103734619915, 0.000631963135675, -0.00329934014007, 0.00951707456261, -0.00317837623879, 0.000242864523898, -0.00383100612089, 0.00276289810427, -0.00180059473496], [0.000464540236862, -0.00251459749416, 0.00107363867573, -0.0019688794855, 0.000799282046501, -0.00134230637923, 0.000821205205284, -0.00317837623879, 0.0122391982004, -0.00558725744486, 0.00439592311159, -0.00242665340193, 0.00336525798775], [-0.00034065649379, 0.00282518286258, -0.000755711458623, 0.000695001566783, -0.00101167918183, 0.00111865671352, -0.000233135564486, 0.000242864523898, -0.00558725744486, 0.0133943390101, -0.00611854204908, 0.00359919364564, -0.000793197366875], [0.000499795365613, -0.00319118564948, 0.000661494093947, -0.0020148511976, -0.00110597058665, -0.000527304247953, 0.00116925337352, -0.00383100612089, 0.00439592311159, -0.00611854204908, 0.0168544594198, -0.00645272200927, 0.00205087894574], [-0.000490437611006, 0.00242197490297, -0.0010833471315, 0.00241359090433, 0.000525621930137, -0.000326590030454, -0.00221044872887, 0.00276289810427, -0.00242665340193, 0.00359919364564, -0.00645272200927, 0.0178366769105, -0.00651047378778], [0.00055071542738, -0.00184261077084, 0.00076779036317, -0.00269165029749, -0.00150450633373, -0.000819931272417, 0.00309220631607, -0.00180059473496, 0.00336525798775, -0.000793197366875, 0.00205087894574, -0.00651047378778, 0.0147896297276]]
    },
    "melbands": {
        "dmean": [0.000750426901504, 0.00039763120003, 0.000850464450195, 0.000692278961651, 0.000225719515583, 8.97462305147e-05, 9.18083169381e-05, 0.000138821123983, 8.69619034347e-05, 4.98000445077e-05, 1.37839297167e-05, 1.9508159312e-05, 2.08670517168e-05, 1.42346616485e-05, 1.09546408567e-05, 6.82031532051e-06, 5.68513996768e-06, 5.05379921378e-06, 5.47020545127e-06, 4.79430764244e-06, 6.70370400258e-06, 1.02685080492e-05, 6.69389146424e-06, 4.78405536342e-06, 3.68279688701e-06, 2.75350589618e-06, 1.82398684956e-06, 1.07008031591e-06, 9.063111861e-07, 6.16072043158e-07, 6.51498851312e-07, 6.97496773228e-07, 4.56880258071e-07, 4.16068900222e-07, 3.26345030999e-07, 2.26365884259e-07, 2.24459199671e-07, 2.03810373023e-07, 1.8739739005e-07, 1.53846329454e-07],
        "dmean2": [0.00130578281824, 0.000670251087286, 0.00137406820431, 0.00113361759577, 0.000349265144905, 0.000137312308652, 0.000137185546919, 0.000204920666874, 0.000115201124572, 6.65888073854e-05, 1.87371442735e-05, 2.71559274552e-05, 2.89294221147e-05, 2.01133861992e-05, 1.54252938955e-05, 1.02521034933e-05, 8.80623247212e-06, 7.58639907872e-06, 8.59093233885e-06, 7.60744569561e-06, 1.10036035039e-05, 1.60881936608e-05, 1.06325960587e-05, 7.63291427575e-06, 6.0187926465e-06, 4.42310511062e-06, 2.99715588881e-06, 1.75859361207e-06, 1.45363469528e-06, 9.67004098129e-07, 1.01622742932e-06, 1.07133382699e-06, 7.24139283648e-07, 6.75204546496e-07, 5.23299490851e-07, 3.70228718793e-07, 3.59711094688e-07, 3.21670711401e-07, 2.94670400081e-07, 2.35993212527e-07],
        "dvar": [1.08161320895e-05, 1.1657102732e-06, 4.88062278237e-06, 2.47267598752e-06, 1.43328691138e-07, 2.80234910832e-08, 5.68732190231e-08, 1.02641692479e-07, 6.40621422576e-08, 2.86689871842e-08, 2.49658271834e-09, 2.00198924105e-09, 2.58363241912e-09, 1.55385515566e-09, 8.40495839594e-10, 4.20214002483e-10, 2.42912162607e-10, 2.58896265537e-10, 1.96417659915e-10, 1.05788156013e-10, 2.90235863121e-10, 5.12186126844e-10, 2.30754831909e-10, 1.0819600077e-10, 7.73786174024e-11, 4.34202292177e-11, 2.58558278954e-11, 6.81004905245e-12, 4.97023993143e-12, 4.00570809161e-12, 3.677855763e-12, 3.57623891438e-12, 2.54475954198e-12, 2.17015121151e-12, 1.23180697413e-12, 6.29313441636e-13, 6.28415776447e-13, 7.31940712467e-13, 6.98308598446e-13, 4.47051195975e-13],
        "dvar2": [2.91772903438e-05, 3.17757348967e-06, 1.22805731735e-05, 6.45988620818e-06, 3.54321855411e-07, 6.71131914487e-08, 1.33662922508e-07, 2.3406825278e-07, 1.19352165484e-07, 5.23717247347e-08, 4.20304679949e-09, 4.0430490067e-09, 5.02892527621e-09, 3.15143933172e-09, 1.71614189526e-09, 8.76021533092e-10, 5.62705271268e-10, 5.42008271598e-10, 4.50530668328e-10, 2.54033738489e-10, 8.33820568147e-10, 1.23174082045e-09, 5.84752302135e-10, 2.6977173273e-10, 2.03419725509e-10, 1.11307560391e-10, 6.86356665947e-11, 1.83365683748e-11, 1.22894012675e-11, 9.36711385541e-12, 8.46243734809e-12, 7.66777873834e-12, 5.91392906868e-12, 4.84360858713e-12, 2.85520934153e-12, 1.56246489271e-12, 1.38784632658e-12, 1.59591513182e-12, 1.48550323518e-12, 8.69181191864e-13],
        "max": [0.0538761243224, 0.0161247905344, 0.0331297628582, 0.0271441843361, 0.00967417750508, 0.00542016280815, 0.00619616033509, 0.00906792469323, 0.00844691507518, 0.00690947333351, 0.00331688090228, 0.00134679104667, 0.00225271424279, 0.00162907724734, 0.000857898732647, 0.000769145495724, 0.000483772921143, 0.000591296236962, 0.000651481095701, 0.000338183861459, 0.000504772877321, 0.000546679133549, 0.000458692607936, 0.000219654437387, 0.000186406381545, 0.000137657960295, 0.000148254825035, 5.95269375481e-05, 9.92864224827e-05, 0.000137371345772, 9.25653439481e-05, 9.47461376199e-05, 9.63807615335e-05, 7.19953895896e-05, 5.17729786225e-05, 4.86142271257e-05, 3.03379256366e-05, 5.08376178914e-05, 5.50936638319e-05, 4.3174262828e-05],
        "mean": [0.00106892071199, 0.000977087998763, 0.00180066679604, 0.0014762992505, 0.000753695610911, 0.00031692587072, 0.000252081430517, 0.000424899626523, 0.000441485783085, 0.000248096534051, 3.73491493519e-05, 6.85995182721e-05, 6.37381526758e-05, 3.65303312719e-05, 2.91885316983e-05, 1.42326771311e-05, 1.00737579487e-05, 1.0380115782e-05, 1.10249966383e-05, 1.00428032965e-05, 1.40207557706e-05, 2.28373974096e-05, 1.40526071846e-05, 9.45095962379e-06, 8.16807460069e-06, 6.15933095105e-06, 3.54033977601e-06, 2.19454091166e-06, 1.74013564447e-06, 1.23445681766e-06, 1.41075963711e-06, 1.70358748619e-06, 1.04315938643e-06, 7.96781250756e-07, 6.00275200213e-07, 4.05063644848e-07, 4.00877155471e-07, 3.61479209232e-07, 3.21510782442e-07, 2.77504142332e-07],
        "median": [0.000336063676514, 0.000452386884717, 0.000979459146038, 0.00102316809352, 0.000445264682639, 0.000204932308407, 0.000125599777675, 0.000164088312886, 3.57079261448e-05, 1.71278552443e-05, 8.49945445225e-06, 1.84162890946e-05, 1.79466442205e-05, 1.17504432637e-05, 7.20905472917e-06, 3.38978884429e-06, 2.40294002651e-06, 1.50248354203e-06, 3.62812852472e-06, 3.39363691637e-06, 4.92890831083e-06, 7.26443659005e-06, 4.45562773166e-06, 2.92049935524e-06, 3.07155073642e-06, 2.43869772021e-06, 9.75798343461e-07, 6.12828273461e-07, 4.92779122396e-07, 3.60998257065e-07, 5.09496203449e-07, 5.26572080162e-07, 3.12815842562e-07, 2.34713667169e-07, 1.55137954039e-07, 1.00282449012e-07, 9.85059784853e-08, 7.44256922758e-08, 6.38856363366e-08, 5.38829674213e-08],
        "min": [1.14877287538e-24, 9.41320108069e-25, 1.40370205298e-24, 1.01687266962e-24, 1.14268198172e-24, 2.02802294223e-24, 1.15116568772e-24, 2.3693251906e-24, 2.19613551202e-24, 2.27260098286e-24, 4.55109515111e-24, 2.86220942849e-24, 3.03308360309e-24, 1.79870581025e-24, 3.59921140666e-24, 3.58723807584e-24, 3.84977926814e-24, 4.30719119213e-24, 3.51638022275e-24, 2.42067944388e-24, 4.48387473565e-24, 4.28845614006e-24, 4.34277473541e-24, 3.68310321406e-24, 5.79552362353e-24, 3.04263651144e-24, 4.69119132585e-24, 4.78404538199e-24, 4.58720486462e-24, 4.65493764523e-24, 5.3933086915e-24, 3.94146265469e-24, 4.89569957122e-24, 7.03123084421e-24, 5.9251768576e-24, 6.42721503743e-24, 6.33183702083e-24, 6.83349418084e-24, 6.57346590496e-24, 5.72070371654e-24],
        "var": [8.09592802398e-06, 1.90418461443e-06, 6.72475698593e-06, 3.10632321998e-06, 8.69647749369e-07, 1.21066833003e-07, 1.4257472003e-07, 3.60725579185e-07, 7.46705211441e-07, 4.88338912419e-07, 1.35535414003e-08, 1.47453329546e-08, 1.79077801477e-08, 8.24625079332e-09, 3.27875993023e-09, 1.45485667957e-09, 5.00254115909e-10, 9.55030055039e-10, 4.87445639408e-10, 3.20176524182e-10, 5.8275628767e-10, 1.39745259808e-09, 6.02562055807e-10, 2.5039201268e-10, 1.67842045817e-10, 9.29199633903e-11, 4.16590269225e-11, 1.36479534271e-11, 1.04629638287e-11, 7.10129784837e-12, 8.41068187318e-12, 9.76857570528e-12, 4.86941259883e-12, 3.62407760052e-12, 1.98774829062e-12, 9.15874906297e-13, 1.22732564129e-12, 1.45549674743e-12, 1.29202388805e-12, 1.03814493894e-12]
    },
    "mfcc": {
        "mean": [-700.460266113, 149.291015625, 10.9569606781, 37.1499862671, 8.27902603149, -7.58966875076, -8.82254981995, 3.70620441437, -7.85942077637, -13.207277298, -5.2419667244, -2.3922495842, 1.07580149174],
        "cov": [[10897.2294922, -1098.81335449, -518.07434082, -227.423553467, -576.796264648, 389.805480957, 316.7293396, 713.51739502, 526.799377441, 509.451904297, 664.003295898, 271.765228271, -7.83556175232], [-1098.81335449, 1400.90771484, -272.794250488, 155.227340698, 40.973739624, -112.325752258, 50.3277893066, 77.0864562988, -80.1797027588, -26.3038883209, -16.6411418915, -42.0291252136, 63.1878089905], [-518.07434082, -272.794250488, 672.244750977, -19.7352027893, 136.113143921, 74.9810409546, 21.1762523651, -9.60050773621, 26.8661422729, 2.64876031876, -2.76080155373, 19.1973056793, 6.45164728165], [-227.423553467, 155.227340698, -19.7352027893, 403.4659729, 148.684509277, -64.0169448853, 47.4837608337, -39.3876266479, -20.2040615082, 54.3309631348, -28.8972587585, 15.9976110458, 27.9343318939], [-576.796264648, 40.973739624, 136.113143921, 148.684509277, 404.89465332, 13.4646015167, 36.5083465576, -91.8154296875, -17.4871997833, 38.1161079407, -129.610412598, 40.0198249817, 40.8744010925], [389.805480957, -112.325752258, 74.9810409546, -64.0169448853, 13.4646015167, 243.942901611, 22.6209564209, 61.7917442322, 64.620223999, -3.25877285004, 45.8384628296, 6.34700965881, -2.07564949989], [316.7293396, 50.3277893066, 21.1762523651, 47.4837608337, 36.5083465576, 22.6209564209, 224.133712769, 93.6454696655, 21.555141449, 91.830078125, 7.52113962173, 30.6213417053, 29.0052280426], [713.51739502, 77.0864562988, -9.60050773621, -39.3876266479, -91.8154296875, 61.7917442322, 93.6454696655, 229.404586792, 70.6587753296, 48.3451881409, 89.3026275635, 5.32543373108, 21.2726325989], [526.799377441, -80.1797027588, 26.8661422729, -20.2040615082, -17.4871997833, 64.620223999, 21.555141449, 70.6587753296, 141.739974976, 45.6970863342, 41.5161170959, 21.7003002167, 8.48941802979], [509.451904297, -26.3038883209, 2.64876031876, 54.3309631348, 38.1161079407, -3.25877285004, 91.830078125, 48.3451881409, 45.6970863342, 211.183380127, 89.0892868042, 38.676940918, 0.995741486549], [664.003295898, -16.6411418915, -2.76080155373, -28.8972587585, -129.610412598, 45.8384628296, 7.52113962173, 89.3026275635, 41.5161170959, 89.0892868042, 241.459823608, 34.2280883789, -33.2864456177], [271.765228271, -42.0291252136, 19.1973056793, 15.9976110458, 40.0198249817, 6.34700965881, 30.6213417053, 5.32543373108, 21.7003002167, 38.676940918, 34.2280883789, 103.569061279, 31.5092144012], [-7.83556175232, 63.1878089905, 6.45164728165, 27.9343318939, 40.8744010925, -2.07564949989, 29.0052280426, 21.2726325989, 8.48941802979, 0.995741486549, -33.2864456177, 31.5092144012, 98.0117797852]],
