{
"lowlevel": {
    "average_loudness": 0.743185341358,
    "barkbands_crest": {
        "dmean": 3.21159887314,
        "dmean2": 5.21691465378,
        "dvar": 7.31892156601,
        "dvar2": 18.4742679596,
        "max": 26.6150150299,
        "mean": 12.7415790558,
        "median": 12.0374002457,
        "min": 2.98453092575,
        "var": 22.8869686127
    },
    "barkbands_flatness_db": {
        "dmean": 0.0334379971027,
        "dmean2": 0.0500599294901,
        "dvar": 0.000968852604274,
        "dvar2": 0.00205690250732,
        "max": 0.566608965397,
        "mean": 0.242431223392,
        "median": 0.233090341091,
        "min": 0.0311434976757,
        "var": 0.00654326379299
    },
    "barkbands_kurtosis": {
        "dmean": 7.29888486862,
        "dmean2": 11.6806993484,
        "dvar": 175.555145264,
        "dvar2": 437.024780273,
        "max": 532.11895752,
        "mean": 12.3451633453,
        "median": 6.48196983337,
        "min": -1.88775515556,
        "var": 365.194366455
    },
    "barkbands_skewness": {
        "dmean": 0.812141776085,
        "dmean2": 1.27249920368,
        "dvar": 0.647223770618,
        "dvar2": 1.58187186718,
        "max": 14.914056778,
        "mean": 2.28690743446,
        "median": 2.03904747963,
        "min": -3.00644373894,
        "var": 2.53616309166
    },
    "barkbands_spread": {
        "dmean": 3.12224388123,
        "dmean2": 5.04591321945,
        "dvar": 21.1393032074,
        "dvar2": 56.3030738831,
        "max": 89.0315628052,
        "mean": 8.17898464203,
        "median": 6.47059583664,
        "min": 0.0911277830601,
        "var": 46.964263916
    },
    "dissonance": {
        "dmean": 0.0318279080093,
        "dmean2": 0.0527689233422,
        "dvar": 0.000771553022787,
        "dvar2": 0.00205794489011,
        "max": 0.500000178814,
        "mean": 0.43333786726,
        "median": 0.442996144295,
        "min": 0.200562655926,
        "var": 0.00205226964317
    },
    "dynamic_complexity": 3.28716087341,
    "erbbands_crest": {
        "dmean": 3.39547920227,
        "dmean2": 5.44034576416,
        "dvar": 8.55908870697,
        "dvar2": 20.2908420563,
        "max": 31.3397407532,
        "mean": 11.335688591,
        "median": 10.2530841827,
        "min": 2.42758631706,
        "var": 24.00532341
    },
    "erbbands_flatness_db": {
        "dmean": 0.024703329429,
        "dmean2": 0.0358792468905,
        "dvar": 0.000530543504283,
        "dvar2": 0.00103752478026,
        "max": 0.488188922405,
        "mean": 0.224422171712,
        "median": 0.218380242586,
        "min": 0.0543998479843,
        "var": 0.00370744988322
    },
    "erbbands_kurtosis": {
        "dmean": 1.83658373356,
        "dmean2": 2.86287093163,
        "dvar": 14.5775461197,
        "dvar2": 33.0557823181,
        "max": 109.382820129,
        "mean": 1.82954871655,
        "median": 0.344761133194,
        "min": -1.84407246113,
        "var": 33.1598815918
    },
    "erbbands_skewness": {
        "dmean": 0.500458776951,
        "dmean2": 0.77126532793,
        "dvar": 0.229116082191,
        "dvar2": 0.505247712135,
        "max": 8.49788379669,
        "mean": 0.854758322239,
        "median": 0.745307505131,
        "min": -3.7720117569,
        "var": 0.988641858101
    },
    "erbbands_spread": {
        "dmean": 7.09448814392,
        "dmean2": 10.9125843048,
        "dvar": 60.6749992371,
        "dvar2": 134.854949951,
        "max": 101.434013367,
        "mean": 25.5026760101,
        "median": 23.8097629547,
        "min": 0.536340892315,
        "var": 176.196212769
    },
    "hfc": {
        "dmean": 4.29530096054,
        "dmean2": 6.34196329117,
        "dvar": 37.513671875,
        "dvar2": 91.5440216064,
        "max": 86.0556335449,
        "mean": 11.9985246658,
        "median": 9.11773681641,
        "min": 1.10333929374e-16,
        "var": 118.516189575
    },
    "melbands_crest": {
        "dmean": 3.80049586296,
        "dmean2": 6.16584539413,
        "dvar": 9.74057865143,
        "dvar2": 24.8888072968,
        "max": 34.350643158,
        "mean": 16.6292171478,
        "median": 16.2733001709,
        "min": 2.50508308411,
        "var": 31.4047203064
    },
    "melbands_flatness_db": {
        "dmean": 0.0384362563491,
        "dmean2": 0.0570282898843,
        "dvar": 0.00136163330171,
        "dvar2": 0.00282193068415,
        "max": 0.712072432041,
        "mean": 0.338225662708,
        "median": 0.32851138711,
        "min": 0.0083717238158,
        "var": 0.010004799813
    },
    "melbands_kurtosis": {
        "dmean": 10.9683437347,
        "dmean2": 17.5137348175,
        "dvar": 236.95753479,
        "dvar2": 581.304260254,
        "max": 272.817718506,
        "mean": 20.3140830994,
        "median": 12.237402916,
        "min": -1.83809173107,
        "var": 587.407226562
    },
    "melbands_skewness": {
        "dmean": 0.924517810345,
        "dmean2": 1.43874776363,
        "dvar": 0.741083800793,
        "dvar2": 1.79383325577,
        "max": 12.7532539368,
        "mean": 2.95299077034,
        "median": 2.68151855469,
        "min": -2.10994553566,
        "var": 3.00524950027
    },
    "melbands_spread": {
        "dmean": 3.60452222824,
        "dmean2": 5.74922275543,
        "dvar": 25.3742961884,
        "dvar2": 61.6907310486,
        "max": 134.896530151,
        "mean": 9.04426860809,
        "median": 6.56729793549,
        "min": 0.301835298538,
        "var": 64.0640716553
    },
    "pitch_salience": {
        "dmean": 0.089651376009,
        "dmean2": 0.145155787468,
        "dvar": 0.00575171085075,
        "dvar2": 0.0148522248492,
        "max": 0.878384172916,
        "mean": 0.489139169455,
        "median": 0.50411760807,
        "min": 0.0796791240573,
        "var": 0.0159983504564
    },
    "silence_rate_20dB": {
        "dmean": 0.000165645193192,
        "dmean2": 0.000331317802193,
        "dvar": 0.000165617384482,
        "dvar2": 0.000496865483001,
        "max": 1,
        "mean": 0.999917209148,
        "median": 1,
        "min": 0,
        "var": 8.28087868285e-05
    },
    "silence_rate_30dB": {
        "dmean": 0.0452211350203,
        "dmean2": 0.0904497653246,
        "dvar": 0.0431763529778,
        "dvar2": 0.102145276964,
        "max": 1,
        "mean": 0.925962746143,
        "median": 1,
        "min": 0,
        "var": 0.0685621649027
    },
    "silence_rate_60dB": {
        "dmean": 0.0278283916414,
        "dmean2": 0.0556613914669,
        "dvar": 0.0270517151803,
        "dvar2": 0.0613495111465,
        "max": 1,
        "mean": 0.0707246363163,
        "median": 0,
        "min": 0,
        "var": 0.0657243877649
    },
    "spectral_centroid": {
        "dmean": 149.811035156,
        "dmean2": 236.527542114,
        "dvar": 57801.3671875,
        "dvar2": 130289.664062,
        "max": 11227.4453125,
        "mean": 583.41027832,
        "median": 481.80090332,
        "min": 110.669281006,
        "var": 133554.265625
    },
    "spectral_complexity": {
        "dmean": 2.56534695625,
        "dmean2": 4.0218667984,
        "dvar": 11.3205118179,
        "dvar2": 26.5020923615,
        "max": 52,
        "mean": 11.8356103897,
        "median": 11,
        "min": 0,
        "var": 42.2856559753
    },
    "spectral_decrease": {
        "dmean": 4.09846379057e-09,
        "dmean2": 6.37463681841e-09,
        "dvar": 2.62534470561e-17,
        "dvar2": 6.78130937977e-17,
        "max": -2.66419937831e-29,
        "mean": -1.10304396728e-08,
        "median": -8.37937808029e-09,
        "min": -9.0585530188e-08,
        "var": 1.01568402302e-16
    },
    "spectral_energy": {
        "dmean": 0.0157333929092,
        "dmean2": 0.0244054533541,
        "dvar": 0.000380027515348,
        "dvar2": 0.000979045988061,
        "max": 0.345567673445,
        "mean": 0.0427197515965,
        "median": 0.0326654165983,
        "min": 1.01081535477e-20,
        "var": 0.00149291753769
    },
    "spectral_energyband_high": {
        "dmean": 0.000116911447549,
        "dmean2": 0.000199703907128,
        "dvar": 2.93279441621e-07,
        "dvar2": 8.08240883998e-07,
        "max": 0.00834799557924,
        "mean": 0.000113850983325,
        "median": 1.43912420754e-05,
        "min": 7.03593447468e-21,
        "var": 2.12133372202e-07
    },
    "spectral_energyband_low": {
        "dmean": 0.0118165789172,
        "dmean2": 0.0192558784038,
        "dvar": 0.000379208970116,
        "dvar2": 0.00101408432238,
        "max": 0.333511978388,
        "mean": 0.0238502640277,
        "median": 0.00862809922546,
        "min": 1.18625318343e-22,
        "var": 0.00118793104775
    },
    "spectral_energyband_middle_high": {
        "dmean": 0.00164497189689,
        "dmean2": 0.00242420681752,
        "dvar": 1.0391109754e-05,
        "dvar2": 2.3023232643e-05,
        "max": 0.0621407851577,
        "mean": 0.0027917069383,
        "median": 0.00104888738133,
        "min": 1.68784770158e-21,
        "var": 2.14044084714e-05
    },
    "spectral_energyband_middle_low": {
        "dmean": 0.00760863954201,
        "dmean2": 0.011309703812,
        "dvar": 9.47569278651e-05,
        "dvar2": 0.000217488122871,
        "max": 0.15741674602,
        "mean": 0.0181308947504,
        "median": 0.0133094070479,
        "min": 3.08976066378e-22,
        "var": 0.000280225183815
    },
    "spectral_entropy": {
        "dmean": 0.259038507938,
        "dmean2": 0.378902822733,
        "dvar": 0.0666655376554,
        "dvar2": 0.134518712759,
        "max": 9.79155540466,
        "mean": 6.65214586258,
        "median": 6.74215459824,
        "min": 3.37077713013,
        "var": 0.473647773266
    },
    "spectral_flux": {
        "dmean": 0.0301071256399,
        "dmean2": 0.0493040457368,
        "dvar": 0.000965047336649,
        "dvar2": 0.00244817929342,
        "max": 0.429043918848,
        "mean": 0.094737008214,
        "median": 0.0890746638179,
        "min": 1.00539312986e-10,
        "var": 0.00307414820418
    },
    "spectral_kurtosis": {
        "dmean": 7.83458900452,
        "dmean2": 12.7141103745,
        "dvar": 127.55770874,
        "dvar2": 298.174041748,
        "max": 207.456161499,
        "mean": 19.1122207642,
        "median": 11.3712234497,
        "min": -1.19657194614,
        "var": 545.135803223
    },
    "spectral_rms": {
        "dmean": 0.00113137462176,
        "dmean2": 0.00169968733098,
        "dvar": 1.17779666198e-06,
        "dvar2": 2.81269626612e-06,
        "max": 0.0183613505214,
        "mean": 0.00575938727707,
        "median": 0.00564523693174,
        "min": 3.14032046894e-12,
        "var": 8.50713331602e-06
    },
    "spectral_rolloff": {
        "dmean": 205.44102478,
        "dmean2": 356.847229004,
        "dvar": 188830.28125,
        "dvar2": 465793.875,
        "max": 19078.4179688,
        "mean": 567.292663574,
        "median": 409.130859375,
        "min": 86.1328125,
        "var": 317246.84375
    },
    "spectral_skewness": {
        "dmean": 0.589609324932,
        "dmean2": 0.937593281269,
        "dvar": 0.446556955576,
        "dvar2": 1.02558612823,
        "max": 11.9970960617,
        "mean": 2.8848361969,
        "median": 2.46258687973,
        "min": -0.00306304986589,
        "var": 2.41700696945
    },
    "spectral_spread": {
        "dmean": 432771.0625,
        "dmean2": 652029.5,
        "dvar": 354634596352,
        "dvar2": 623766077440,
        "max": 40839076,
        "mean": 2606432.75,
        "median": 2500828.5,
        "min": 466708.1875,
        "var": 1.18889958605e+12
    },
    "spectral_strongpeak": {
        "dmean": 0.469726830721,
        "dmean2": 0.775297820568,
        "dvar": 0.466320961714,
        "dvar2": 1.17441082001,
        "max": 10.7785139084,
        "mean": 0.822931230068,
        "median": 0.623688459396,
        "min": 0,
        "var": 0.611076056957
    },
    "zerocrossingrate": {
        "dmean": 0.00486331991851,
        "dmean2": 0.00611364701763,
        "dvar": 4.20493524871e-05,
        "dvar2": 5.3834522987e-05,
        "max": 0.5087890625,
        "mean": 0.0238366164267,
        "median": 0.02001953125,
        "min": 0.0029296875,
        "var": 0.000312553107506
    },
    "barkbands": {
        "dmean": [0.000282794062514, 0.00840043555945, 0.00495708128437, 0.00261462875642, 0.00431675417349, 0.0020213581156, 0.00122261128854, 0.00056932552252, 0.000642400293145, 0.000462654628791, 0.000530790712219, 0.000282194872852, 0.000336144847097, 0.000248706055572, 0.000157213449711, 8.95742850844e-05, 6.95897542755e-05, 5.78866092837e-05, 4.90390739287e-05, 4.3567528337e-05, 3.55910924554e-05, 2.386729102e-05, 1.64897883224e-05, 1.23008921946e-05, 7.80897880759e-06, 2.50209495789e-06, 3.4001496374e-07],
        "dmean2": [0.000483426905703, 0.0140225607902, 0.00825474411249, 0.00419836258516, 0.00666298111901, 0.00317823048681, 0.00189802376553, 0.000882869702764, 0.000976762385108, 0.000712117995135, 0.000829983328003, 0.000434482353739, 0.00048986094771, 0.000404506688938, 0.000256964209257, 0.000144465666381, 0.000113139685709, 9.28220106289e-05, 7.97153043095e-05, 7.34952191124e-05, 6.05077984801e-05, 4.12391127611e-05, 2.90099360427e-05, 2.18787336053e-05, 1.36140197355e-05, 4.14045962316e-06, 5.34136120223e-07],
        "dvar": [4.0854723693e-07, 0.000253132137004, 9.26864377107e-05, 2.44842794928e-05, 5.9446781961e-05, 1.11750059659e-05, 4.72751889902e-06, 1.24306995986e-06, 2.32711749959e-06, 2.12821328205e-06, 3.12834208671e-06, 1.27984685605e-06, 1.02120213796e-06, 7.63302637097e-07, 1.20341653087e-07, 1.11054994534e-07, 2.32424621771e-08, 2.05845172019e-08, 2.06701020744e-08, 2.58742769432e-08, 2.53421550411e-08, 1.37947830936e-08, 7.73340147475e-09, 5.37571898107e-09, 1.88018312031e-09, 3.09011566335e-10, 3.05804838917e-12],
        "dvar2": [1.134458671e-06, 0.000701796612702, 0.000244133436354, 5.73266734136e-05, 0.000145489437273, 2.67047107627e-05, 1.11089775601e-05, 2.93088237413e-06, 4.7069916036e-06, 4.69832957606e-06, 7.06575110598e-06, 3.0908656754e-06, 2.14845022128e-06, 1.97347753783e-06, 2.88265425752e-07, 2.39981915229e-07, 6.0975054339e-08, 5.09040880559e-08, 5.44840403904e-08, 6.95369024584e-08, 6.90405030923e-08, 3.81858455967e-08, 2.20989413435e-08, 1.54422341581e-08, 5.13887998821e-09, 6.1538746321e-10, 7.29106011677e-12],
        "max": [0.0098733836785, 0.269580572844, 0.234750017524, 0.101802490652, 0.144150391221, 0.0571717098355, 0.0402511246502, 0.0326427333057, 0.0536296367645, 0.0297892056406, 0.054264459759, 0.0429960638285, 0.0204877275974, 0.0200671516359, 0.0057328119874, 0.012630097568, 0.00296114501543, 0.00491414731368, 0.00358571205288, 0.00289472634904, 0.00245893537067, 0.00274763256311, 0.00150991312694, 0.00191509537399, 0.00145767908543, 0.00141815014649, 0.000103190977825],
        "mean": [0.000323021173244, 0.0139080695808, 0.00753570254892, 0.00369698088616, 0.00727331684902, 0.00317165721208, 0.00191995722707, 0.000899129838217, 0.000991801731288, 0.00057015568018, 0.000581456173677, 0.000355136900907, 0.000441411015345, 0.000295632926282, 0.000224458955927, 0.000136410701089, 0.000107112966361, 8.2911014033e-05, 6.59747529426e-05, 4.92849248985e-05, 3.53289178747e-05, 2.20859183173e-05, 1.36810876938e-05, 9.61960813584e-06, 6.66062896926e-06, 2.37980157181e-06, 3.27287551727e-07],
        "median": [3.91565190512e-05, 0.00318057858385, 0.00198182836175, 0.00126937939785, 0.00284131220542, 0.00157374108676, 0.000847590272315, 0.000355665339157, 0.000336082390277, 8.0587764387e-05, 7.54913708079e-05, 5.13827690156e-05, 7.44033313822e-05, 7.68440731918e-05, 9.39968740568e-05, 4.37178605353e-05, 4.26772348874e-05, 2.71856642939e-05, 1.78536083695e-05, 9.34061972657e-06, 4.3789477786e-06, 2.08062556339e-06, 1.06677521217e-06, 6.52053017802e-07, 5.284581448e-07, 1.70566877955e-07, 1.48819800927e-08],
        "min": [6.6683003964e-24, 3.50986525719e-23, 2.47946776457e-23, 7.31440540345e-23, 5.48226964019e-23, 7.79197296023e-23, 1.15648247217e-23, 1.50130595896e-23, 6.73469550558e-23, 7.68789443893e-23, 1.84723292016e-22, 3.8293652834e-23, 6.51430670132e-23, 1.45984743719e-22, 1.3085021375e-22, 8.98911860883e-23, 2.674098367e-22, 3.25285544712e-22, 1.75815575648e-22, 3.45939942695e-22, 4.30197885681e-22, 5.26583511166e-22, 6.13665727654e-22, 8.15013474386e-22, 8.61928357706e-22, 1.58472568359e-21, 2.27225888228e-21],
        "var": [5.32229876171e-07, 0.000580879335757, 0.000198177076527, 4.45136538474e-05, 0.00012738732039, 2.21493064601e-05, 9.00559825823e-06, 2.33258833759e-06, 4.91473520015e-06, 3.00357191918e-06, 4.22701350544e-06, 1.56401756612e-06, 1.65602307334e-06, 7.8524806213e-07, 1.73496502498e-07, 1.88575057791e-07, 3.74310857865e-08, 3.2616298995e-08, 2.69293867206e-08, 2.27564758148e-08, 1.90857978311e-08, 9.70249125487e-09, 4.82491335774e-09, 3.2329923183e-09, 1.48541068334e-09, 4.77746231464e-10, 3.45724707543e-12]
    },
    "erbbands": {
        "dmean": [0.182071805, 2.15450978279, 5.53230285645, 7.06735610962, 11.4290447235, 15.4542350769, 14.8417787552, 16.8441829681, 17.3627128601, 17.7592926025, 11.9482450485, 12.5393838882, 14.1870574951, 17.9022636414, 17.9463653564, 11.5337486267, 16.1464557648, 14.7072257996, 6.99120807648, 7.54133415222, 4.34791612625, 3.6877310276, 3.10527300835, 2.71829032898, 2.31707119942, 2.03665137291, 1.71736907959, 1.19915544987, 0.928767204285, 0.631505787373, 0.44014826417, 0.300282329321, 0.183455973864, 0.0979182869196, 0.0498540252447, 0.0162861403078, 0.00369405699894, 0.000542966765352, 6.8099318014e-05, 1.85456792678e-05],
        "dmean2": [0.301650315523, 3.60107421875, 9.13844585419, 11.2310256958, 17.8298816681, 24.1220035553, 23.1030597687, 26.7672958374, 26.8461418152, 27.7837409973, 18.1195907593, 19.266866684, 21.2690448761, 27.0862426758, 28.3304576874, 17.5299911499, 23.1443386078, 23.6962547302, 11.2684259415, 12.2438831329, 7.05222272873, 6.00143957138, 4.94371271133, 4.31930828094, 3.80761528015, 3.44167542458, 2.90744709969, 2.05686545372, 1.60763978958, 1.09981966019, 0.773064136505, 0.533144295216, 0.327273070812, 0.172321781516, 0.0862284973264, 0.0273435749114, 0.00609306851402, 0.000889004906639, 0.00010719322745, 2.8583650419e-05],
        "dvar": [0.15319417417, 16.0872440338, 115.33164978, 162.371948242, 497.154327393, 994.511657715, 860.013671875, 905.026245117, 1002.0144043, 1080.61645508, 548.322937012, 673.81463623, 1790.96374512, 3496.37304688, 3348.43652344, 1515.15515137, 2446.92626953, 2770.33349609, 316.628814697, 421.43081665, 181.02041626, 74.5117950439, 56.5552024841, 54.8154182434, 51.987613678, 60.399723053, 55.4303894043, 29.7067775726, 23.1475486755, 10.2562980652, 5.22288513184, 3.38120913506, 1.0947868824, 0.308027803898, 0.0812408402562, 0.0109155885875, 0.000674523063935, 1.24177468024e-05, 9.85106751727e-08, 5.87583148803e-10],
        "dvar2": [0.447089076042, 43.6674499512, 302.497528076, 379.255645752, 1170.32092285, 2441.55151367, 2084.81518555, 2181.11279297, 2342.39819336, 2573.71728516, 1258.34313965, 1450.88269043, 3645.30908203, 7381.19921875, 7939.98193359, 3609.54370117, 5065.87841797, 7118.84716797, 727.076477051, 1006.64074707, 418.862091064, 197.215744019, 140.096710205, 140.425033569, 140.082672119, 161.965881348, 151.028869629, 81.5143432617, 64.025352478, 29.0046672821, 14.8961486816, 9.74135684967, 3.13110518456, 0.866974949837, 0.208228170872, 0.0230874624103, 0.00139147194568, 2.98949980788e-05, 2.40370269466e-07, 1.46692880065e-09],
        "max": [6.47699594498, 63.8656234741, 272.701751709, 211.048858643, 384.941436768, 510.65423584, 549.352294922, 670.726623535, 687.035644531, 745.259399414, 533.364746094, 743.549743652, 1401.98962402, 1888.65014648, 1757.87329102, 1073.49938965, 1061.99377441, 1262.25805664, 371.187530518, 488.35357666, 449.194030762, 203.552703857, 244.449890137, 239.798492432, 150.060028076, 135.592041016, 129.072189331, 81.2868728638, 124.308853149, 60.1333007812, 39.1737632751, 49.4203529358, 22.9636287689, 10.3718700409, 16.8265762329, 7.79387140274, 2.13459467888, 0.223522558808, 0.0155275920406, 0.00107864663005],
        "mean": [0.291458725929, 3.49371695518, 9.00616550446, 11.3779687881, 18.3041439056, 25.1726760864, 23.7650260925, 25.4081668854, 27.0416622162, 27.6123542786, 19.898771286, 20.2436580658, 20.995639801, 21.8522338867, 20.1522750854, 15.5839986801, 22.0514030457, 18.0008068085, 10.1022834778, 11.2390575409, 7.01253318787, 5.82582616806, 4.71350908279, 3.91991782188, 3.06382274628, 2.33177280426, 1.72603666782, 1.15123200417, 0.853977799416, 0.546334147453, 0.367090046406, 0.236223995686, 0.142903909087, 0.0806040838361, 0.0442053750157, 0.015338357538, 0.00347354426049, 0.000496265070979, 8.0998725025e-05, 5.02495349792e-05],
        "median": [0.0555436462164, 0.806834042072, 2.59598445892, 4.68319892883, 6.74404382706, 8.02606391907, 9.43694210052, 12.698972702, 12.278840065, 11.9996461868, 8.73685073853, 7.76478385925, 4.83702850342, 3.21810412407, 3.58759522438, 3.10716605186, 3.80635046959, 4.57906293869, 3.79520082474, 4.535779953, 2.67877554893, 2.3174123764, 1.68541800976, 1.17495131493, 0.815358221531, 0.48178589344, 0.242123246193, 0.133734047413, 0.0798348635435, 0.0452021025121, 0.0289633292705, 0.0161252152175, 0.00964419916272, 0.00610877247527, 0.00363847613335, 0.0011853040196, 0.000252588972216, 3.54546718881e-05, 2.08089713851e-05, 3.7667221477e-05],
        "min": [2.04483268144e-21, 4.11295607091e-21, 2.00582881335e-20, 1.7923105236e-19, 9.89872498758e-20, 3.31399520963e-19, 5.19624159157e-19, 4.77208922284e-19, 1.76397545172e-19, 2.20537854287e-19, 5.04565594599e-19, 1.56907187292e-18, 1.56830114738e-18, 4.48706067154e-18, 7.27296237482e-18, 1.81417851651e-18, 3.58414919236e-18, 8.27573523344e-18, 5.42535769655e-18, 5.53414642276e-18, 8.3012851882e-18, 1.50051224862e-17, 1.73648934115e-17, 1.02882929607e-17, 1.23912979249e-17, 1.3852888017e-17, 1.75881196803e-17, 1.79755363376e-17, 1.80842295245e-17, 1.51846785817e-17, 1.7629048577e-17, 1.59213573635e-17, 1.49534054999e-17, 9.33330053584e-18, 5.96769163413e-18, 5.03394575685e-18, 2.7758061707e-18, 1.4087901196e-18, 2.74991128162e-19, 3.57678551423e-20],
        "var": [0.287543118, 37.6024932861, 263.01449585, 341.337341309, 1016.85168457, 2114.07861328, 1669.53063965, 1609.15380859, 1908.1270752, 1915.45788574, 1064.79785156, 1494.79504395, 3477.59863281, 5429.89892578, 3964.97363281, 2019.56921387, 4057.45825195, 2900.2175293, 449.983642578, 614.252807617, 303.681610107, 115.20123291, 91.6659011841, 79.1690292358, 55.6294364929, 52.2711639404, 42.8473472595, 21.611240387, 16.0669937134, 6.74628925323, 3.29251194, 2.01354312897, 0.669859945774, 0.205409020185, 0.0853183418512, 0.0163525044918, 0.000932553433813, 1.31781325763e-05, 1.07774724256e-07, 2.19997220441e-09]
    },
    "gfcc": {
        "mean": [-78.0499267578, 164.521820068, -106.560951233, 19.5797958374, -38.2215156555, -4.81301641464, -34.7133903503, -0.5709182024, -15.4270792007, -0.275319933891, -9.00880527496, -8.17568492889, -6.50222110748],
        "cov": [[11090.3955078, -1021.82952881, -821.898132324, 1031.74401855, -565.903991699, 733.264953613, 355.273071289, 548.250244141, -76.2354507446, 66.6144866943, -55.33959198, 238.072311401, -36.7586402893], [-1021.82952881, 1314.2487793, 423.638763428, -267.078552246, 404.864990234, -168.180526733, 112.956092834, -206.173706055, 109.279502869, -98.049949646, 87.8387374878, -138.563674927, 33.0137214661], [-821.898132324, 423.638763428, 968.046936035, 150.205444336, 290.943206787, 42.984828949, 94.2316360474, -44.8920211792, 60.1207466125, -79.1145095825, -31.7794895172, -77.1697540283, -12.5344429016], [1031.74401855, -267.078552246, 150.205444336, 445.872741699, 23.4657421112, 162.503250122, 84.5568084717, 133.295288086, 54.0879058838, 8.24181365967, -28.02693367, 9.78392410278, -9.50580692291], [-565.903991699, 404.864990234, 290.943206787, 23.4657421112, 315.149169922, 25.4793891907, 74.3020935059, -44.9476470947, 59.8897209167, -16.7851486206, 26.7570419312, -60.5297088623, -2.70159387589], [733.264953613, -168.180526733, 42.984828949, 162.503250122, 25.4793891907, 246.669082642, 131.714920044, 114.711082458, 21.0007190704, 29.3775520325, 5.19178009033, 30.210773468, -14.010966301], [355.273071289, 112.956092834, 94.2316360474, 84.5568084717, 74.3020935059, 131.714920044, 197.59147644, 101.719306946, 75.1914138794, 8.6297416687, 24.7290534973, 11.3739118576, 10.4752435684], [548.250244141, -206.173706055, -44.8920211792, 133.295288086, -44.9476470947, 114.711082458, 101.719306946, 214.532714844, 70.6341705322, 39.5793190002, -9.11775112152, 46.0738525391, 6.68782234192], [-76.2354507446, 109.279502869, 60.1207466125, 54.0879058838, 59.8897209167, 21.0007190704, 75.1914138794, 70.6341705322, 139.881118774, 48.6540336609, 26.5668582916, -8.43127346039, 12.802646637], [66.6144866943, -98.049949646, -79.1145095825, 8.24181365967, -16.7851486206, 29.3775520325, 8.6297416687, 39.5793190002, 48.6540336609, 103.028282166, 37.6305160522, 19.7072868347, -12.4254541397], [-55.33959198, 87.8387374878, -31.7794895172, -28.02693367, 26.7570419312, 5.19178009033, 24.7290534973, -9.11775112152, 26.5668582916, 37.6305160522, 87.0818634033, 26.0476226807, 5.42656755447], [238.072311401, -138.563674927, -77.1697540283, 9.78392410278, -60.5297088623, 30.210773468, 11.3739118576, 46.0738525391, -8.43127346039, 19.7072868347, 26.0476226807, 88.4833297729, 33.9720535278], [-36.7586402893, 33.0137214661, -12.5344429016, -9.50580692291, -2.70159387589, -14.010966301, 10.4752435684, 6.68782234192, 12.802646637, -12.4254541397, 5.42656755447, 33.9720535278, 79.7396087646]],
        "icov": [[0.000222256945563, -0.000498292734846, 0.000265378679615, -0.000719495932572, 0.000611617055256, -0.000527067051735, 3.57273493137e-05, -0.000142720906297, 0.00052608869737, -0.000342378742062, 0.000448984850664, -0.000498796696775, 0.000244224560447], [-0.000498292734846, 0.00482485024258, -0.00099370337557, 0.00336511712521, -0.00368823413737, 0.00311870174482, -0.00303282774985, 0.001950643491, -0.00336716021411, 0.0040854816325, -0.00431429361925, 0.00409712549299, -0.00159917597193], [0.000265378679615, -0.00099370337557, 0.00207499740645, -0.00156870472711, -0.000340575759765, -0.000778056506533, -3.81415375159e-05, 0.000425705191446, 5.99279374001e-05, 0.00030934647657, 0.00185544311535, -0.00147828704212, 0.00103608879726], [-0.000719495932572, 0.00336511712521, -0.00156870472711, 0.00677793426439, -0.00292282947339, 0.000263547437498, -0.000187861354789, -0.000206308657653, -0.00401118537411, 0.00353319407441, -0.00249832263216, 0.00313639640808, -0.00114584341645], [0.000611617055256, -0.00368823413737, -0.000340575759765, -0.00292282947339, 0.0093357488513, -0.00369204161689, 0.000806897762232, 0.000125939404825, 0.00127871171571, -0.00240535312332, 0.000673187663779, 0.000495452084579, 0.000120972072182], [-0.000527067051735, 0.00311870174482, -0.000778056506533, 0.000263547437498, -0.00369204161689, 0.0125708710402, -0.00813478790224, -0.000459862494608, 0.00254212156869, -0.00135037326254, -0.00150003936142, 0.000769134960137, 0.000721719407011], [3.57273493137e-05, -0.00303282774985, -3.81415375159e-05, -0.000187861354789, 0.000806897762232, -0.00813478790224, 0.016006950289, -0.00514728296548, -0.00325666507706, 0.0024507897906, -0.00152949255425, -0.0011917228112, -0.000312809366733], [-0.000142720906297, 0.001950643491, 0.000425705191446, -0.000206308657653, 0.000125939404825, -0.000459862494608, -0.00514728296548, 0.0131393484771, -0.00703878188506, 0.000816423853394, 0.00397439999506, -0.00477461563423, 0.00168760272209], [0.00052608869737, -0.00336716021411, 5.99279374001e-05, -0.00401118537411, 0.00127871171571, 0.00254212156869, -0.00325666507706, -0.00703878188506, 0.020721539855, -0.0117708640173, -0.000108979322249, 0.00415748683736, -0.00424899021164], [-0.000342378742062, 0.0040854816325, 0.00030934647657, 0.00353319407441, -0.00240535312332, -0.00135037326254, 0.0024507897906, 0.000816423853394, -0.0117708640173, 0.0226196181029, -0.00942967459559, 0.000438327842858, 0.00378089514561], [0.000448984850664, -0.00431429361925, 0.00185544311535, -0.00249832263216, 0.000673187663779, -0.00150003936142, -0.00152949255425, 0.00397439999506, -0.000108979322249, -0.00942967459559, 0.024699004367, -0.013829998672, 0.00437319185585], [-0.000498796696775, 0.00409712549299, -0.00147828704212, 0.00313639640808, 0.000495452084579, 0.000769134960137, -0.0011917228112, -0.00477461563423, 0.00415748683736, 0.000438327842858, -0.013829998672, 0.0296388734132, -0.0133610656485], [0.000244224560447, -0.00159917597193, 0.00103608879726, -0.00114584341645, 0.000120972072182, 0.000721719407011, -0.000312809366733, 0.00168760272209, -0.00424899021164, 0.00378089514561, 0.00437319185585, -0.0133610656485, 0.0200382843614]]
    },
    "melbands": {
        "dmean": [0.0019957611803, 0.00278481841087, 0.0012551251566, 0.00100837100763, 0.000529753859155, 0.000374950323021, 0.000264654110651, 0.000173764157807, 9.88591345958e-05, 8.23686714284e-05, 7.23838893464e-05, 7.25458958186e-05, 7.35087087378e-05, 3.08376984322e-05, 3.99466262024e-05, 3.15553188557e-05, 2.65303879132e-05, 1.08334079414e-05, 1.01407877082e-05, 8.6556565293e-06, 4.85498139824e-06, 4.16176817453e-06, 3.35289382747e-06, 3.16963974001e-06, 2.19770913645e-06, 1.99837427317e-06, 1.50145478983e-06, 1.36342248425e-06, 1.17954073175e-06, 8.93553590231e-07, 6.24412564321e-07, 5.43615101378e-07, 4.3435110797e-07, 3.30799366566e-07, 2.51784769034e-07, 2.30678438129e-07, 1.64743923392e-07, 1.33204224539e-07, 1.04461847172e-07, 7.81703164421e-08],
        "dmean2": [0.00331046734937, 0.00458621000871, 0.00198009074666, 0.00156483636238, 0.00082304305397, 0.000592861906625, 0.000407661369536, 0.000271715107374, 0.000150974170538, 0.000125899648992, 0.000108762833406, 0.000110356588266, 0.000116597519082, 4.81123788632e-05, 5.72899916733e-05, 4.75979140901e-05, 4.30257496191e-05, 1.75363838935e-05, 1.65929468494e-05, 1.40500696943e-05, 7.90946160123e-06, 6.821990155e-06, 5.51216589884e-06, 5.0987537179e-06, 3.53784616891e-06, 3.29953832079e-06, 2.51444998867e-06, 2.31179001275e-06, 2.00987074095e-06, 1.54127303631e-06, 1.07055382159e-06, 9.41392158893e-07, 7.59144938911e-07, 5.84626207001e-07, 4.42139651113e-07, 4.12169896435e-07, 2.93969577569e-07, 2.3829868212e-07, 1.86590185081e-07, 1.3698358714e-07],
        "dvar": [1.53907731146e-05, 2.50056709774e-05, 4.37470453107e-06, 3.75784475182e-06, 9.9956480426e-07, 4.13111337139e-07, 2.2271622413e-07, 1.03914672422e-07, 3.49684796674e-08, 3.53930005303e-08, 4.73150123526e-08, 5.96272258235e-08, 5.4342159217e-08, 2.09187707156e-08, 1.57281228041e-08, 8.17258616337e-09, 9.38782118709e-09, 7.44696526667e-10, 5.03160679788e-10, 1.00239128109e-09, 1.82065112986e-10, 9.73292210715e-11, 7.41413389016e-11, 6.80714443146e-11, 4.12967264551e-11, 4.18634502064e-11, 2.48317286872e-11, 2.92555840664e-11, 2.48212249365e-11, 1.93510155816e-11, 7.94265868354e-12, 8.26487142613e-12, 4.55357713341e-12, 3.21505344049e-12, 1.57899030222e-12, 1.88808755956e-12, 1.09199064721e-12, 5.80420639936e-13, 3.65108740767e-13, 2.05817025749e-13],
        "dvar2": [4.37678281742e-05, 6.54826726532e-05, 1.01990353869e-05, 9.19380090636e-06, 2.39497444454e-06, 9.86725581242e-07, 5.16810473528e-07, 2.48008291237e-07, 8.02907891284e-08, 7.37384411309e-08, 9.6611941558e-08, 1.27504662828e-07, 1.28954440015e-07, 5.20046086194e-08, 3.26052713717e-08, 1.90255953214e-08, 2.42886084578e-08, 1.72848579894e-09, 1.27231292169e-09, 2.20528262318e-09, 4.48224429794e-10, 2.57639132251e-10, 1.98498814608e-10, 1.62801661041e-10, 1.07009727468e-10, 1.13260643919e-10, 6.74892641772e-11, 7.84215400951e-11, 6.77289058171e-11, 5.39852537673e-11, 2.16990071744e-11, 2.29494114684e-11, 1.26680783918e-11, 9.19476474126e-12, 4.48559592248e-12, 5.45102201224e-12, 3.14362012983e-12, 1.6641679354e-12, 1.03726890358e-12, 5.8116635419e-13],
        "max": [0.0713424086571, 0.1077009812, 0.0340693108737, 0.0398075431585, 0.0161027144641, 0.0133257964626, 0.00980667863041, 0.00881704315543, 0.0041435607709, 0.00604839250445, 0.00697908224538, 0.00696892198175, 0.00542472861707, 0.00617393059656, 0.00383623922244, 0.00180328264832, 0.00239327712916, 0.000528341974132, 0.000553943042178, 0.00114041613415, 0.000544561538845, 0.000259642954916, 0.000155385889229, 0.000381724647013, 0.00022314619855, 0.000146078207763, 8.7817228632e-05, 9.26660068217e-05, 9.65224535321e-05, 8.09257762739e-05, 4.91686878377e-05, 7.83620780567e-05, 4.1588624299e-05, 4.08353771491e-05, 1.99732148758e-05, 2.70946420642e-05, 3.01802447211e-05, 1.83190459211e-05, 1.13616242743e-05, 9.12059203984e-06],
        "mean": [0.00332327792421, 0.00486740749329, 0.00213130447082, 0.00166631757747, 0.000880696461536, 0.000574189878535, 0.000418523704866, 0.000272968783975, 0.00015943897597, 0.000129056541482, 0.000103752659925, 8.61731314217e-05, 7.87270473666e-05, 3.77150063287e-05, 5.36297811777e-05, 4.06460567319e-05, 3.14743629133e-05, 1.47006330735e-05, 1.47890577864e-05, 1.28169422169e-05, 7.28913710191e-06, 6.20022683506e-06, 4.56584575659e-06, 4.41124666395e-06, 2.97653923553e-06, 2.52696304415e-06, 1.82707208296e-06, 1.45767535287e-06, 1.15750685836e-06, 8.36169192553e-07, 5.96778875206e-07, 4.98932308801e-07, 3.81707820907e-07, 2.76767906371e-07, 2.12839182723e-07, 1.81022443257e-07, 1.28554120238e-07, 1.03132663298e-07, 8.10292490883e-08, 6.42473736434e-08],
        "median": [0.000725784921087, 0.00142498512287, 0.000960363191552, 0.000576665450353, 0.000344249419868, 0.000290155556286, 0.000192154620891, 0.000118513380585, 6.8563480454e-05, 4.42172495241e-05, 2.13152270589e-05, 1.10016535473e-05, 1.17332974696e-05, 6.27361896477e-06, 7.44452199797e-06, 7.56320832807e-06, 7.28758323021e-06, 4.91655555379e-06, 6.51313348499e-06, 4.00717181037e-06, 2.6722682378e-06, 2.30627802011e-06, 1.53505038725e-06, 1.39554731504e-06, 8.15581302049e-07, 6.50917570511e-07, 4.07333374142e-07, 2.70859658258e-07, 1.57640656084e-07, 9.51156380324e-08, 6.83750513986e-08, 4.74836880926e-08, 3.06621821267e-08, 2.15842366202e-08, 1.70413017031e-08, 1.21297683009e-08, 8.67038529861e-09, 6.72233735344e-09, 5.41101163876e-09, 4.84253970257e-09],
        "min": [1.33138610883e-23, 7.89298407479e-24, 2.70555719327e-23, 1.3082521317e-23, 1.76510972313e-23, 1.1770671664e-23, 2.78649298108e-24, 2.38405144876e-24, 4.74794789583e-24, 1.02930594579e-23, 7.39498012963e-24, 1.63497386395e-23, 2.65494640195e-23, 6.95312020395e-24, 3.51162851909e-24, 1.08666457441e-23, 1.50683066742e-23, 7.40531026318e-24, 9.05602458432e-24, 5.3500286268e-24, 1.15615738259e-23, 1.54508458375e-23, 2.06118357813e-23, 1.03263533324e-23, 7.89294463175e-24, 8.61723017213e-24, 1.18887712413e-23, 8.42381015564e-24, 9.83405916248e-24, 1.23995334339e-23, 1.03207145547e-23, 1.07615529055e-23, 8.39567858689e-24, 8.3742452361e-24, 1.07420167651e-23, 9.18865734604e-24, 1.02132125348e-23, 1.01800070127e-23, 1.02208952512e-23, 7.12331299995e-24],
        "var": [3.3693631849e-05, 6.43976163701e-05, 9.45327883528e-06, 7.90674585005e-06, 2.09020754482e-06, 7.73621252392e-07, 4.37066006498e-07, 1.87313688116e-07, 6.84551366703e-08, 7.65561480875e-08, 9.03852708234e-08, 8.8768345563e-08, 6.24695459805e-08, 2.31386394489e-08, 2.63082071683e-08, 1.15982556892e-08, 9.64647028923e-09, 1.03407715724e-09, 7.12997050289e-10, 1.62829894013e-09, 2.90107438072e-10, 1.48574999526e-10, 9.08970260172e-11, 1.13740322716e-10, 5.58145613061e-11, 4.51138640334e-11, 2.51760522152e-11, 2.43848101433e-11, 1.948367509e-11, 1.32184697216e-11, 5.88393353138e-12, 5.68964667047e-12, 3.12815962369e-12, 2.01285581085e-12, 1.01486397411e-12, 1.12281451498e-12, 6.46606195236e-13, 3.5128624727e-13, 2.29376847377e-13, 1.36124672732e-13]
    },
    "mfcc": {
        "mean": [-723.148132324, 192.553665161, -1.64595174789, 30.6669998169, 11.481426239, 2.11412620544, -4.4656791687, -3.40350317955, -2.80922651291, 2.52169084549, 1.43007969856, -0.622598290443, -1.01143372059],
        "cov": [[8201.03613281, -1022.1105957, -460.845214844, 360.711700439, -471.46685791, 167.262268066, 185.792907715, 381.779388428, 207.844238281, 121.75705719, 45.1664047241, 106.1144104, 72.7123413086], [-1022.1105957, 1434.91381836, 166.100662231, -9.32485580444, 196.324890137, 40.9315490723, 7.71840715408, -84.2706222534, -40.8497848511, -10.9782772064, 20.3348197937, -23.5170669556, -21.0995044708], [-460.845214844, 166.100662231, 664.448486328, 153.948471069, 166.881790161, 128.994873047, 67.1140213013, 82.0726699829, 58.4135437012, 19.4430885315, 3.40503907204, -8.37894535065, -32.0547180176], [360.711700439, -9.32485580444, 153.948471069, 282.796173096, 102.407394409, 63.8192863464, 30.1349430084, 68.8005142212, 72.3601608276, 50.3805847168, 12.1478347778, 1.73482358456, 0.221601843834], [-471.46685791, 196.324890137, 166.881790161, 102.407394409, 213.535369873, 76.6792984009, 32.0237770081, 2.82428193092, 10.8142147064, 26.3907051086, 16.5929546356, -2.31927776337, -11.7173061371], [167.262268066, 40.9315490723, 128.994873047, 63.8192863464, 76.6792984009, 163.529449463, 84.7495269775, 46.774066925, 23.806854248, 25.3868236542, 33.5531158447, 21.2409381866, -0.325428664684], [185.792907715, 7.71840715408, 67.1140213013, 30.1349430084, 32.0237770081, 84.7495269775, 133.691177368, 91.7441177368, 38.7801818848, 18.7604217529, 22.9580039978, 24.758441925, 12.5911188126], [381.779388428, -84.2706222534, 82.0726699829, 68.8005142212, 2.82428193092, 46.774066925, 91.7441177368, 171.580734253, 105.579605103, 41.7998733521, 12.1521759033, 26.103307724, 33.4107780457], [207.844238281, -40.8497848511, 58.4135437012, 72.3601608276, 10.8142147064, 23.806854248, 38.7801818848, 105.579605103, 145.171600342, 75.9436187744, 12.3219976425, 10.2548856735, 35.3484687805], [121.75705719, -10.9782772064, 19.4430885315, 50.3805847168, 26.3907051086, 25.3868236542, 18.7604217529, 41.7998733521, 75.9436187744, 105.812217712, 50.7202987671, 17.2859687805, 13.634431839], [45.1664047241, 20.3348197937, 3.40503907204, 12.1478347778, 16.5929546356, 33.5531158447, 22.9580039978, 12.1521759033, 12.3219976425, 50.7202987671, 101.14289093, 59.7852325439, 6.79958105087], [106.1144104, -23.5170669556, -8.37894535065, 1.73482358456, -2.31927776337, 21.2409381866, 24.758441925, 26.103307724, 10.2548856735, 17.2859687805, 59.7852325439, 96.3425750732, 46.3886032104], [72.7123413086, -21.0995044708, -32.0547180176, 0.221601843834, -11.7173061371, -0.325428664684, 12.5911188126, 33.4107780457, 35.3484687805, 13.634431839, 6.79958105087, 46.3886032104, 97.6003112793]],
